0.01956253
0.03471444
0.05650104
0.05668213
0.13694402
0.17762614
0.22719454
0.23727709
0.24083647
0.30396980
0.40220148
0.40937244
0.43217618
0.52602563
0.62479100
0.64429557
0.72002922
0.76781372
0.78896153
0.83189781
0.88651277
0.89286058
0.89934612
0.95689010
0.97559156
0.97779587
1.04173524
1.06903418
1.07871545
1.08863278
1.09916628
1.10431737
1.18030289
1.33376386
1.36969127
1.37740455
1.40756528
1.46252270
1.48061847
1.51814832
1.52398152
1.53075332
1.53576237
1.55318478
1.56430916
1.58850802
1.59862135
1.61630347
1.61911598
1.63720070
1.66008430
1.66491496
1.69396045
1.70623543
1.71130111
1.77016835
1.77290970
1.78715867
1.81157378
1.86648383
1.89464628
1.92222552
1.93586552
2.04137379
2.05717060
2.07960845
2.14844889
2.15944173
2.16558027
2.25658084
2.27640727
2.30693670
2.32119470
2.41040140
2.42124440
2.43066934
2.46512303
2.49376334
2.51156311
2.56068476
2.57482693
2.59794352
2.60840437
2.61075448
2.66786562
2.67449691
2.68829799
2.69273379
2.73691587
2.74105398
2.77078734
2.77890672
2.82741588
2.83935148
2.87819820
2.94711961
2.96873568
2.98637509
3.02100690
3.02163116
3.10031643
3.11613555
3.12187089
3.17597395
3.19277280
3.21245582
3.22780467
3.22803937
3.26063368
3.27548641
3.28091424
3.29529181
3.29542376
3.31218803
3.31536169
3.31736831
3.32536095
3.33874132
3.34031357
3.34440259
3.37533778
3.40818806
3.47806006
3.52253615
3.57283831
3.58466500
3.60081272
3.71743528
3.75102393
3.76253190
3.78495948
3.81146684
3.87884902
3.88864709
3.99481737
3.99916447
4.03276189
4.03754238
4.04186240
4.07341799
4.08707343
4.09847084
4.11076742
4.15250832
4.18218615
4.23324667
4.24285065
4.27420949
4.28791432
4.30101247
4.31075136
4.34178880
4.34372695
4.37513873
4.41772139
4.46444187
4.48426214
4.52549657
4.53730297
4.54237984
4.54737729
4.54835947
4.54846664
4.55672473
4.59783193
4.75163984
4.78070778
4.78131117
4.79851427
4.83367206
4.84997390
4.84999650
4.85818452
4.86991886
4.87091796
4.87814375
4.93220185
5.08889061
5.20316365
5.25543818
5.27123228
5.29554286
5.29659935
5.29746265
5.29901578
5.32680963
5.37976100
5.39352159
5.41084439
5.42531395
5.42830436
5.43988915
5.47902223
5.50139711
5.50257494
5.57777062
5.58615803
5.60624698
5.65078625
5.73327943
5.74746571
5.75248145
5.76492866
5.81014958
5.87261016
5.87662837
5.87852964
5.89000022
5.89451900
5.91130796
6.01931224
6.03064512
6.03565877
6.11127579
6.14855558
6.18586882
6.21133246
6.31186691
6.32714445
6.36373153
6.40227180
6.47294304
6.48665373
6.56965856
6.61402830
6.62981525
6.63569475
6.64868907
6.68121194
6.70223885
6.75728163
6.79179549
6.79293870
6.83041139
6.85454460
6.94505775
6.96020463
6.97856860
6.97882778
6.98533587
7.01210059
7.01376536
7.03626542
7.10312452
7.12704674
7.13136937
7.21603354
7.26239994
7.28067756
7.29050889
7.32035289
7.34439080
7.34899923
7.38869373
7.39232271
7.39804700
7.51848486
7.57047531
7.63212871
7.63780376
7.72220214
7.75281983
7.77046711
7.80999067
7.82941800
7.85756874
7.89849244
7.91016747
7.96801893
7.97892187
8.02805599
8.03825791
8.04506037
8.05043719
8.06129733
8.07419441
8.07573957
8.07592635
8.08134627
8.11448424
8.15547621
8.16477412
8.16681417
8.19279349
8.21939044
8.23145133
8.31607854
8.31851296
8.33716858
8.34493288
8.34583319
8.35561061
8.36314414
8.37413995
8.46764341
8.48855566
8.53609923
8.54938817
8.55637306
8.55773908
8.56981967
8.61540508
8.66914572
8.70366466
8.73098410
8.74716089
8.79412343
8.81671992
8.82478200
8.83286475
8.84098583
8.91325718
9.01210901
9.06484206
9.12673428
9.20536522
9.21054588
9.23109652
9.24774914
9.26091226
9.27663933
9.31599917
9.37983206
9.38190814
9.42005192
9.42285397
9.42326409
9.43307256
9.49644350
9.53018926
9.53893468
9.56498163
9.58859047
9.62981469
9.65220655
9.69607700
9.71148855
9.73856002
9.74921839
9.75121471
9.81653877
9.82652585
9.83155587
9.84134656
9.84550088
9.85002264
9.85144665
9.86987224
9.88378122
9.92404020
10.00792711
10.01939345
10.02152663
10.06339256
10.07868099
10.10202383
10.13006601
10.14490531
10.20391259
10.21941599
10.22563627
10.24379851
10.25064808
10.27234042
10.28792067
10.30925337
10.31384818
10.33884267
10.36646258
10.36672066
10.38190967
10.39142041
10.47699531
10.50624460
10.50763013
10.52531612
10.53563781
10.54778363
10.56902785
10.56969224
10.64545581
10.75201863
10.75600065
10.75673204
10.75790463
10.87420906
10.93782161
10.97087266
11.02553755
11.06418023
11.08639249
11.12766033
11.16916146
11.19368013
11.19647324
11.19844245
11.20315259
11.20402149
11.21580183
11.32135402
11.36258557
11.42314729
11.43454455
11.45274409
11.46444494
11.48382556
11.48825080
11.54347477
11.56502095
11.57398805
11.58167898
11.65100937
11.65698371
11.66352698
11.69346760
11.71975370
11.74457948
11.77755025
11.81573240
11.83512229
11.83964556
11.86587500
11.88888984
11.89465470
11.93225396
11.94693590
11.99283874
12.01887888
12.03925768
12.05412158
12.11663333
12.12664205
12.21576574
12.23940483
12.27697969
12.35541270
12.38436257
12.40115480
12.40697771
12.42551418
12.43672580
12.44009091
12.48574105
12.49346301
12.49378937
12.51735836
12.52198555
12.57775807
12.60216387
12.62878881
12.64942529
12.66407757
12.73398764
12.75179116
12.75222562
12.77350471
12.84176459
12.85372905
12.88282817
12.88756796
12.92852879
12.93415656
12.94890321
12.96403382
12.97716171
13.00334206
13.01113512
13.02812771
13.07033055
13.09682317
13.11132478
13.11679805
13.11818477
13.14937983
13.19393127
13.22084304
13.25514934
13.26666946
13.26760970
13.28454514
13.32217775
13.35686666
13.40770450
13.41147667
13.41279530
13.43455011
13.44870459
13.46174357
13.47311507
13.50349513
13.68755211
13.71811260
13.74831744
13.77844058
13.78627302
13.79639838
13.87016077
13.87548951
13.88709000
13.90622427
13.97983990
13.99339273
13.99485320
14.02788275
14.02816238
14.03930398
14.06000034
14.06833875
14.07018175
14.10605415
14.10776087
14.14578507
14.15996832
14.21378638
14.23589097
14.26926757
14.28932497
14.29386549
14.29695090
14.31117300
14.31513420
14.34604663
14.39919252
14.41383504
14.49727494
14.51356967
14.55224811
14.56559709
14.57122817
14.57390677
14.63634680
14.63937198
14.67376054
14.71145196
14.72927447
14.75872049
14.80962347
14.82207637
14.84968702
14.84984923
14.90635295
15.08230772
15.10515750
15.17869368
15.18063177
15.25575773
15.27064574
15.28608093
15.29858706
15.37063987
15.39879165
15.42957397
15.43318001
15.47751818
15.52098982
15.59850616
15.60988521
15.67059137
15.67918645
15.69086113
15.70132087
15.71034667
15.71099175
15.71169441
15.72868986
15.74285578
15.77497314
15.83366934
15.84197469
15.89526574
15.89618356
15.95284803
15.96804763
15.97351904
15.98341792
15.99932705
16.00306214
16.00631386
16.01645866
16.02751389
16.02959654
16.03215613
16.04704571
16.05204715
16.05787334
16.09514116
16.10251281
16.10449734
16.12795565
16.13594589
16.14579379
16.15991586
16.20912198
16.21002514
16.27696177
16.30182918
16.39225962
16.41606161
16.41635861
16.43185251
16.44752972
16.45758353
16.48213830
16.48820814
16.54460404
16.56326953
16.57792068
16.60478531
16.63599634
16.71754325
16.79185764
16.84772071
16.87214452
16.91126277
16.91831544
16.92546984
16.96085581
17.06336005
17.10184358
17.13321923
17.13715874
17.16183226
17.17427764
17.18018979
17.20464240
17.23720366
17.24612258
17.29557367
17.29603655
17.33622845
17.38733053
17.44281026
17.46070618
17.49879457
17.52482862
17.53633174
17.53883967
17.54927472
17.56143971
17.58296956
17.67135828
17.68798612
17.72706200
17.74832658
17.75207754
17.77264993
17.81625966
17.89714909
17.96419541
17.98965750
18.01129876
18.06236405
18.09844654
18.10903002
18.12353217
18.18351174
18.19284118
18.19990622
18.23369033
18.24118190
18.25402293
18.30313554
18.31859824
18.32084882
18.32359099
18.38491644
18.38678983
18.46791766
18.46903004
18.49446441
18.50540675
18.53868482
18.56859773
18.59467623
18.60274225
18.62002590
18.64762231
18.68558910
18.69407170
18.69614347
18.71344527
18.72116061
18.78377442
18.84002029
18.85254072
18.88041014
18.88164118
18.89577081
18.92288793
18.96496802
18.99050133
19.08407823
19.09111397
19.11659441
19.14756597
19.25048148
19.28357935
19.30025053
19.34038222
19.38109552
19.39644336
19.40531580
19.42444958
19.50020456
19.55867713
19.56360639
19.56643094
19.59628644
19.60279977
19.60793451
19.60904355
19.65625662
19.67004908
19.68188856
19.69385302
19.77550057
19.78088537
19.81469128
19.82730666
19.86920881
19.88120480
19.88414451
19.91701677
19.92197468
20.00987644
20.02808055
20.03772430
20.18171260
20.20151871
20.25061013
20.26941573
20.27033170
20.27268922
20.28189976
20.34768280
20.38880789
20.40942652
20.42317931
20.42729929
20.48667309
20.53862939
20.54077359
20.54448891
20.59816286
20.76047616
20.78542263
20.78595726
20.78969129
20.87038897
20.89356243
20.89626892
20.89994800
20.93705842
20.96346950
20.96397047
20.99903915
21.02818831
21.05866371
21.07344548
21.07617227
21.18505011
21.18590659
21.20925827
21.22078270
21.22551171
21.26297527
21.26765689
21.28097062
21.29712277
21.34022316
21.34571818
21.40596642
21.41951690
21.42559153
21.43452532
21.51279790
21.54920131
21.55543371
21.56320596
21.56883551
21.58739871
21.58790698
21.61514974
21.63594543
21.69807730
21.74039535
21.78187654
21.80891703
21.86394615
21.93227192
21.94993305
21.95070037
21.96739684
21.97719793
22.01302012
22.02862184
22.04557418
22.05095843
22.11464261
22.11597800
22.13779749
22.14428305
22.16052097
22.16791428
22.18438960
22.20915650
22.24425062
22.26620295
22.31743079
22.34148412
22.38808633
22.40270754
22.45774623
22.61984989
22.66984916
22.70812906
22.74386851
22.77572159
22.77710762
22.79085845
22.80710749
22.89569159
22.90895277
22.99668677
23.01654483
23.09791259
23.10503257
23.10678652
23.11123165
23.13581610
23.14230521
23.16936731
23.17195080
23.17463196
23.33343149
23.45105001
23.52837241
23.55319493
23.56965335
23.57517841
23.59063605
23.59216704
23.60127820
23.61231668
23.61874922
23.64841956
23.65574331
23.66089635
23.68930843
23.71938134
23.75915794
23.78522269
23.79076817
23.90838840
23.91478733
23.91968749
23.98761792
24.04412782
24.04964357
24.06028119
24.07385230
24.13575688
24.14051793
24.14362975
24.19946930
24.20115184
24.24861214
24.29253272
24.29585271
24.40118526
24.41317532
24.42796634
24.43210103
24.43678822
24.51774472
24.72042266
24.78444380
24.83030303
24.84556993
24.87634154
24.90103031
24.92940825
24.94346257
24.94433960
24.99532729
25.02005338
25.05001416
25.14328491
25.17391798
25.21509521
25.30961555
25.31168030
25.40404403
25.41072520
25.41628997
25.53144153
25.56230134
25.57849906
25.64120660
25.66996134
25.76949824
25.77016886
25.79922708
25.81832051
25.82119926
25.83057001
25.94313721
26.00349444
26.00495294
26.02008942
26.11831869
26.14233700
26.14587408
26.18816207
26.20316865
26.24149598
26.25912659
26.27165302
26.29601319
26.31097926
26.31181330
26.32143756
26.34623651
26.37392852
26.39056587
26.47512196
26.48411618
26.55580184
26.60261197
26.66169715
26.69293247
26.73785522
26.83249027
26.87502803
26.89873889
26.92438632
26.94994488
27.07368377
27.12204695
27.12448779
27.13502323
27.20378939
27.20501488
27.21344931
27.29138798
27.29914854
27.30466151
27.31216482
27.32876214
27.34833560
27.35850155
27.38389380
27.40521142
27.44365162
27.45829605
27.48332959
27.49576386
27.57321420
27.57383471
27.57864282
27.60556081
27.60893880
27.62995974
27.65272954
27.65411453
27.66679393
27.67979877
27.68814863
27.69728533
27.69781875
27.73196555
27.77938918
27.80441050
27.80611677
27.81270345
27.86206017
27.86859254
27.87134129
27.87197197
27.94582493
27.96481466
28.01505903
28.02108736
28.04221264
28.05158757
28.09790178
28.09990645
28.12392651
28.12715858
28.13929202
28.19390966
28.19549234
28.19776443
28.19845445
28.20296943
28.22254912
28.25019693
28.27999054
28.36507397
28.36948447
28.45119612
28.48708801
28.50192410
28.53942345
28.56775199
28.63386766
28.64341923
28.65706482
28.70409300
28.72028501
28.76524206
28.77834803
28.82942187
28.84034331
28.87169315
28.90118298
28.93780982
28.94964935
28.95419600
28.96316137
29.03325240
29.03922183
29.04587349
29.11884846
29.12655313
29.12728498
29.15132782
29.17319810
29.20649832
29.23136141
29.25517127
29.28488358
29.29471027
29.30207210
29.31094809
29.33653048
29.34235822
29.36416614
29.38740098
29.47557100
29.48222711
29.48269647
29.49004057
29.53499443
29.57931901
29.59978938
29.60806189
29.62604584
29.65937249
29.66193466
29.71146532
29.72040294
29.74868127
29.76829051
29.77199531
29.79140024
29.84855711
29.89624541
29.96257085
29.97986354
29.99560940
30.03517045
30.04273341
30.04459212
30.08823044
30.09314499
30.12729384
30.14737360
30.18366252
30.19095647
30.19317723
30.20561718
30.21158252
30.22646442
30.25849993
30.26143620
30.27026201
30.31278965
30.32542544
30.32706866
30.35339747
30.38264083
30.38324442
30.39781183
30.41270303
30.43270827
30.47058221
30.47533796
30.48312258
30.50736265
30.59959447
30.62135358
30.62254849
30.62537075
30.65399470
30.69318087
30.71526118
30.72679525
30.74223016
30.75255139
30.76517727
30.85321127
30.85935158
30.94420205
30.98312979
31.00398547
31.02074219
31.02226744
31.02339451
31.08495598
31.12165043
31.13559408
31.13785302
31.18764037
31.19353753
31.19756761
31.27312280
31.28160935
31.29001656
31.29327756
31.31647126
31.32647162
31.38166740
31.40057728
31.41352725
31.42038627
31.42196864
31.42283634
31.42501651
31.42903472
31.46118821
31.55045035
31.56707784
31.60238301
31.65285780
31.67832138
31.68737752
31.71324067
31.71730708
31.76059681
31.78527395
31.80470914
31.87429258
31.95099615
31.96203268
31.99615734
32.02662336
32.02918132
32.08492679
32.08705274
32.11639260
32.16884351
32.18884955
32.21165116
32.24725109
32.25168481
32.28793813
32.33321249
32.36171396
32.36202834
32.36599695
32.47393223
32.47395022
32.52558417
32.57567093
32.61794472
32.62663484
32.62717326
32.63406197
32.64233583
32.66811782
32.67229360
32.72707982
32.77435654
32.78753786
32.82695799
32.83661024
32.84087455
32.84362807
32.86518887
32.88875638
32.92259557
32.94743137
32.96319311
32.96788122
32.97220459
32.97909983
33.00050493
33.01301160
33.04540601
33.04872623
33.06901995
33.07808070
33.07923853
33.11032806
33.11206989
33.17622660
33.18895169
33.19290170
33.20723076
33.20726357
33.22034167
33.23571015
33.24405900
33.32136457
33.40572219
33.40615765
33.41690953
33.46404678
33.48639507
33.49797474
33.64544197
33.67437437
33.69417137
33.70260667
33.72158834
33.72880385
33.73598993
33.73943048
33.76059424
33.79202565
33.86309409
33.87254907
33.91704736
33.98050280
34.04262777
34.10682662
34.20827658
34.20969287
34.25140317
34.27310598
34.31115532
34.34764974
34.38446389
34.39210158
34.39881538
34.44847349
34.46770433
34.49167155
34.50268867
34.54442878
34.54626417
34.56470136
34.58830461
34.59431584
34.62720541
34.62990922
34.67218705
34.68206934
34.71019176
34.74824473
34.76927692
34.86663480
34.86754483
34.86823032
34.88018413
34.91526655
34.95463619
35.01029663
35.01428244
35.04919346
35.05191464
35.06873514
35.08095708
35.11572883
35.20548200
35.23426164
35.28057318
35.29621373
35.32281997
35.35196032
35.37545325
35.37881346
35.41923944
35.45582736
35.47128287
35.47278408
35.47289625
35.50325633
35.53747479
35.54024145
35.56223609
35.57368582
35.58057348
35.61388599
35.62188365
35.67976124
35.69255576
35.70116158
35.71267769
35.71735906
35.76781491
35.76902727
35.77796043
35.77924265
35.80703374
35.80997931
35.83726906
35.92590809
35.93560058
35.95642664
35.99122553
36.00171894
36.02244607
36.05221028
36.07701516
36.09303787
36.09345867
36.09900971
36.11879922
36.14360336
36.14396506
36.15434813
36.18546601
36.18844346
36.18876791
36.20226795
36.29304981
36.29435771
36.32040936
36.38810825
36.40435051
36.48203488
36.53957993
36.54281498
36.54305030
36.54810070
36.56433359
36.57449808
36.59757142
36.61041475
36.62843169
36.63085070
36.63769296
36.67151675
36.70476829
36.73734258
36.74993298
36.77038148
36.77368704
36.81166206
36.86649381
36.88783181
36.94132116
37.06515395
37.10254237
37.12434983
37.15006426
37.16047157
37.23586202
37.24410801
37.31536518
37.39889502
37.41788340
37.41981868
37.43987415
37.51552510
37.52741763
37.53046323
37.53278811
37.53488667
37.53704740
37.58091657
37.59096546
37.64483055
37.66340047
37.67102062
37.68055226
37.71728429
37.71757328
37.78134514
37.78532143
37.78563167
37.80323993
37.82779490
37.83823499
37.85057897
37.90512579
38.00197930
38.03865026
38.06368237
38.07533333
38.08084738
38.08280531
38.08538136
38.13508751
38.14794148
38.22223391
38.23267049
38.25037163
38.25601434
38.25808000
38.26237330
38.27157941
38.28687711
38.30089504
38.34681902
38.41458391
38.50435164
38.51015794
38.53255069
38.56082030
38.58767838
38.61841608
38.63358509
38.64259508
38.66324743
38.68110401
38.80027538
38.81709623
38.81892298
38.83997472
38.86430347
38.86761409
38.94212539
38.94740827
38.95251645
38.96094243
38.98489405
38.98644414
39.05683760
39.11773387
39.17297205
39.18329309
39.18602757
39.19634155
39.26079770
39.29049884
39.30100461
39.31939350
39.33603971
39.35103000
39.36039584
39.38378775
39.38944030
39.39320768
39.40405242
39.45138093
39.52692204
39.62616718
39.64126936
39.64472349
39.64881641
39.66306319
39.71832550
39.75325637
39.75710410
39.79508547
39.84800064
39.85587535
39.88373905
39.90822783
39.91512451
39.91843285
39.94275362
39.94635235
39.94688096
39.95321163
39.97155009
39.97790317
40.00433979
40.01708852
40.02323861
40.03182329
40.04474941
40.05419906
40.09428452
40.12361032
40.16080214
40.20675909
40.21011103
40.24136431
40.27534769
40.33223968
40.34145003
40.34260140
40.42932617
40.43957159
40.46997291
40.50809470
40.51399425
40.53274105
40.58353616
40.59998273
40.61817218
40.62586935
40.63303350
40.63754922
40.67017630
40.71926448
40.73765590
40.75431617
40.76732950
40.79028133
40.79075970
40.79111532
40.82630675
40.83347780
40.83388307
40.84347506
40.90344138
40.93495613
40.96692982
41.01242111
41.03686130
41.04394043
41.04421377
41.05192205
41.07110542
41.09496531
41.12548532
41.13764619
41.14397033
41.18179805
41.21505897
41.25966348
41.26510587
41.30297766
41.30976386
41.36344410
41.37160238
41.41680496
41.41690001
41.49680842
41.49821139
41.54667914
41.57370504
41.57975202
41.60292868
41.65106083
41.66730596
41.70779366
41.74881321
41.81752362
41.85366092
41.85904519
41.92123494
41.95282609
41.96220933
41.97504306
42.03348586
42.05597338
42.18363997
42.21355655
42.22661780
42.23968965
42.40573813
42.40923481
42.46801519
42.50898568
42.51499204
42.58553260
42.73706793
42.79174016
42.80259347
42.85242945
42.86029259
42.87951258
42.88855932
42.88919073
42.93736993
42.95877397
42.98261288
42.98393583
43.10781001
43.12721453
43.13144002
43.16158100
43.19505934
43.20066263
43.22461157
43.22922891
43.22967939
43.24196079
43.25788156
43.31342075
43.32323640
43.37708954
43.38712155
43.39118356
43.39372433
43.42667177
43.48645332
43.51351972
43.62269983
43.62754697
43.63501897
43.65613363
43.70691280
43.75931873
43.76820960
43.78907985
43.80252723
43.81833388
43.84167355
43.85010189
43.85537196
43.90907251
43.91136447
44.01166050
44.01464049
44.04342762
44.04879974
44.08080742
44.12052060
44.15299018
44.17702211
44.29812960
44.31633910
44.32831740
44.33322974
44.33817149
44.33993112
44.36915982
44.40927392
44.42436897
44.45484134
44.48534749
44.48765044
44.49041380
44.51728735
44.51889603
44.55561851
44.55798216
44.58300271
44.60669493
44.62255250
44.62830063
44.65762373
44.69205334
44.78103387
44.78302123
44.80454281
44.83735946
44.89155421
44.90972630
44.91390434
44.92360557
44.99522102
45.02195989
45.02728536
45.03170464
45.06466343
45.10923758
45.12181927
45.16055870
45.19766708
45.21952994
45.23580569
45.24033235
45.24546892
45.30727226
45.32284646
45.37111690
45.38810659
45.41633372
45.45878404
45.46228307
45.51761125
45.54077510
45.61973531
45.62466110
45.63272184
45.66140614
45.71809846
45.72720707
45.74143737
45.77441132
45.80679878
45.81732924
45.88852493
45.91931753
45.95684236
45.96341633
46.00946240
46.01764066
46.03881439
46.08737638
46.10004299
46.13733621
46.18225276
46.19096922
46.22340621
46.27635028
46.29115948
46.34506585
46.36630533
46.37639230
46.38611364
46.40697412
46.41084180
46.45019033
46.46478875
46.46770625
46.47603330
46.47867708
46.49642495
46.51507677
46.52189982
46.58376279
46.61852154
46.63462981
46.63656208
46.66515251
46.67034242
46.73141740
46.80289972
46.80298584
46.89274644
46.91187874
46.93593710
46.97498419
46.98474409
46.99167753
47.02307267
47.05902820
47.08372069
47.10285991
47.11370474
47.16378413
47.16635420
47.17376700
47.20917186
47.25335955
47.27696279
47.30229662
47.34194401
47.35624924
47.37094515
47.37116151
47.38355439
47.41645353
47.42938272
47.44695700
47.49380283
47.51061534
47.53765031
47.53908509
47.56496681
47.59298209
47.62174727
47.65933743
47.67751427
47.68693402
47.68749124
47.69661466
47.71850483
47.72046460
47.75003647
47.76742109
47.79275988
47.83171382
47.86912354
47.88493137
47.89744466
47.94136101
47.97163651
48.01486176
48.04356010
48.04431441
48.13173320
48.13996951
48.16769905
48.18398200
48.21395835
48.23194711
48.24688873
48.30209737
48.35170576
48.40264095
48.44616853
48.47423431
48.48110626
48.52653512
48.52940230
48.54169443
48.55951926
48.56471323
48.57271154
48.59777505
48.69433546
48.70422926
48.71895327
48.76134176
48.77010713
48.77649302
48.79160664
48.79746597
48.82270205
48.82898065
48.83524037
48.84887449
48.88661998
48.88823005
48.89049595
48.89772734
48.96714374
48.97431765
48.97783914
49.00041298
49.04141375
49.06313104
49.15951763
49.18170848
49.20151530
49.22394323
49.25495172
49.29298436
49.36033121
49.41910559
49.47247490
49.50384136
49.51042142
49.51607505
49.52371372
49.55985558
49.60083375
49.62428810
49.65456144
49.66774333
49.69430810
49.69515496
49.70483153
49.78195609
49.82239417
49.82315805
49.84024324
49.84258807
49.85727712
49.88431478
49.99192536
50.02460653
50.11819209
50.12553338
50.14208307
50.15245916
50.20463588
50.21008894
50.23046559
50.23531044
50.26177964
50.30049685
50.32059170
50.37539498
50.39722640
50.40868067
50.41046051
50.45915058
50.48134258
50.48397217
50.48706223
50.50955756
50.54535835
50.64666030
50.65345138
50.68694055
50.72409429
50.72819201
50.73421696
50.74784758
50.76828286
50.80933640
50.88006154
50.92484160
51.06423309
51.09797424
51.10151752
51.14652714
51.21325715
51.24785377
51.31427183
51.32625547
51.32777296
51.33498321
51.35714040
51.46642605
51.47541493
51.47969643
51.49305375
51.52464050
51.54175548
51.55012563
51.57279062
51.67227144
51.69699133
51.70639370
51.72198818
51.73828904
51.75880190
51.78579998
51.80794200
51.81073454
51.81585728
51.83369488
51.87082480
51.93551591
51.93940584
51.94903746
51.96328212
51.98598021
51.99002502
52.00867143
52.01180968
52.04038979
52.07028016
52.08903582
52.10128466
52.11114361
52.11117038
52.12024568
52.14750557
52.17536194
52.33191279
52.33760725
52.36294628
52.36612719
52.38049009
52.39847133
52.46597801
52.50400990
52.50490799
52.51767059
52.55267257
52.59067964
52.65688785
52.70680131
52.70978488
52.72515236
52.73537671
52.76454470
52.76601236
52.76900066
52.77935424
52.81713853
52.82161814
52.84135334
52.85763402
52.87131859
52.89977218
52.93005239
52.94366872
52.95345312
53.01852520
53.05112392
53.11365450
53.17978449
53.19628547
53.23522894
53.27475797
53.28251434
53.29357457
53.34510242
53.35024705
53.35181310
53.43164914
53.44254208
53.46743231
53.47303222
53.49807445
53.50365551
53.51482920
53.59357521
53.63053708
53.67454806
53.75596574
53.79947918
53.81981326
53.85546446
53.87314872
53.88182039
53.88534678
53.90626641
53.92923556
53.95982077
53.96603213
54.01376520
54.01530560
54.04386031
54.07170516
54.07750516
54.12543066
54.13722559
54.22727846
54.26299834
54.38426164
54.38707080
54.47828597
54.49394097
54.54478585
54.54566494
54.57631188
54.64406548
54.69566638
54.70585553
54.71182421
54.75387833
54.75718637
54.83036579
54.83242211
54.86145454
54.87347325
54.88651746
54.89566342
54.93128503
55.00750609
55.00836122
55.15044949
55.15704728
55.20834091
55.22099850
55.28854232
55.32373967
55.34847395
55.37033182
55.38042556
55.40292055
55.44236735
55.50052227
55.53082015
55.56837445
55.58326400
55.60345536
55.63959639
55.65888212
55.67235133
55.70621702
55.75783106
55.76246739
55.77294712
55.79209423
55.81974645
55.82291180
55.83272352
55.84410111
55.89540948
55.92117552
55.93402998
55.97229337
55.98200922
56.01002967
56.06588220
56.10530594
56.12537238
56.16983683
56.17739751
56.23583784
56.25067996
56.27682371
56.29231331
56.33091981
56.34328050
56.34759424
56.35022499
56.40758987
56.45976685
56.50995857
56.55218126
56.55529468
56.56005310
56.58392867
56.59016138
56.60506277
56.62081622
56.64584904
56.65396356
56.66627626
56.67897544
56.68360695
56.68611763
56.70493164
56.72637965
56.76830545
56.77357135
56.78109340
56.79252429
56.81779554
56.84423908
56.87137199
56.88153011
56.90201452
56.91727562
56.96433094
56.96484005
56.97879293
57.12194895
57.17157288
57.17406062
57.19834509
57.20445174
57.22538488
57.22753443
57.25554556
57.25914630
57.26244847
57.31466189
57.36663486
57.43434461
57.44866172
57.48172770
57.49668078
57.50977310
57.51122141
57.52618704
57.53775489
57.54354785
57.55216791
57.58011440
57.61474042
57.63333925
57.66170015
57.66702270
57.67267996
57.71375536
57.75551581
57.77760630
57.78340366
57.79594543
57.86115165
57.89130007
57.90120483
57.94767886
57.95800420
58.14265676
58.16470876
58.17163331
58.18169689
58.18552844
58.19117937
58.21079553
58.24473227
58.25610681
58.29243793
58.30846024
58.34321538
58.35811071
58.36433341
58.37253990
58.40079969
58.40804845
58.45760033
58.47020712
58.48874744
58.51268645
58.52577098
58.52694074
58.53069536
58.58132018
58.59260399
58.63933297
58.66033720
58.72032435
58.72581834
58.82354076
58.83752696
58.85281413
58.89924301
58.91084117
58.96823118
59.00347785
59.00359207
59.03005368
59.03862569
59.06518276
59.16738156
59.21446287
59.22527365
59.23614365
59.25858440
59.33950344
59.35369869
59.36993537
59.37110853
59.43847460
59.49813388
59.55514258
59.57001434
59.58090029
59.59682717
59.59749681
59.60627427
59.68425410
59.68892683
59.72363521
59.75029147
59.78599758
59.80256510
59.81670212
59.82603011
59.85636702
59.89262321
59.89551851
59.94687659
60.00463782
60.03370864
60.04620556
60.18362995
60.25030633
60.36118915
60.36446514
60.37125659
60.37387473
60.41811959
60.43494385
60.52364832
60.52930089
60.55917865
60.58949464
60.59085347
60.59333773
60.59715093
60.60214361
60.66908898
60.76028157
60.76189778
60.76678702
60.78156594
60.78221822
60.81706447
60.82830671
60.86822317
60.90176397
60.91302585
60.92868291
60.97777709
61.00346682
61.03170518
61.04056465
61.06121688
61.09516837
61.14185820
61.16208841
61.27413843
61.27541305
61.27977487
61.28734434
61.30901559
61.30951041
61.31061677
61.34277015
61.34473136
61.44924839
61.45363344
61.50507108
61.50777342
61.51459153
61.60768150
61.62086847
61.62205066
61.64364647
61.64666845
61.66962068
61.68261205
61.72023407
61.74119168
61.74605727
61.76408194
61.80209027
61.84548350
61.88277076
61.88912707
61.90715515
61.92185504
61.92339745
61.94898623
61.97898965
61.98192082
62.05705671
124.00000000
