0.05979321
0.06189395
0.07762745
0.08411013
0.08451859
0.12739518
0.13148533
0.14773195
0.15316506
0.15480312
0.18452194
0.18485532
0.18640287
0.32209754
0.33724592
0.34765042
0.35348666
0.35518532
0.38146171
0.39173486
0.42580135
0.43937328
0.44955730
0.46272706
0.48173015
0.48844672
0.55259997
0.56070950
0.63331738
0.65629099
0.69843479
0.73629106
0.75027336
0.75192228
0.77382929
0.79809405
0.83187329
0.83287911
0.83291559
0.88058004
0.88545991
0.92526507
0.93343629
0.94266428
0.94458681
0.96733772
0.98976184
1.01728301
1.10230737
1.11774821
1.11946243
1.12780450
1.16256425
1.17986613
1.33637036
1.34573250
1.36969127
1.41818028
1.43975082
1.44757674
1.51356260
1.51639143
1.56040785
1.56978504
1.62712808
1.63212015
1.63577978
1.67749905
1.67879586
1.75565403
1.79134555
1.81383722
1.82736891
1.82810552
1.84468524
1.89313422
1.90591354
1.96150917
1.97012330
1.99176533
2.03560730
2.05423522
2.07074884
2.11261574
2.18313508
2.21218025
2.23762161
2.28564181
2.28679383
2.36198454
2.38749708
2.40683719
2.50806946
2.52174506
2.55421293
2.55884116
2.62390864
2.64103974
2.66790557
2.68829799
2.69775853
2.71409961
2.77610941
2.80742447
2.83039500
2.85959301
2.86259955
2.88251638
2.90149061
2.93851499
2.94113185
2.94244942
2.96371211
2.97304756
3.02163116
3.03140527
3.06360985
3.08315509
3.09292832
3.09798017
3.09979519
3.14869442
3.15823569
3.17818456
3.19420913
3.25861878
3.38600047
3.41589929
3.44436766
3.47818457
3.56388162
3.57545032
3.58570943
3.67479807
3.67977495
3.68490386
3.74126232
3.75953405
3.76506158
3.80442126
3.83856302
3.84851642
3.85320689
3.93616843
3.95100551
3.95762638
3.99067411
3.99481737
4.02011397
4.03905367
4.06170865
4.06513509
4.12136760
4.16178333
4.20531837
4.21316658
4.23005054
4.26496295
4.27283035
4.27420949
4.31922183
4.32565546
4.36643541
4.37353513
4.37789858
4.39180136
4.43593217
4.44351495
4.52810128
4.54110036
4.54883229
4.56432182
4.56557247
4.58259681
4.59783193
4.60414765
4.63940717
4.64270619
4.64286748
4.66162661
4.66655553
4.67183606
4.67724740
4.70395642
4.73149319
4.73420176
4.73866006
4.75193427
4.75208191
4.77660031
4.80489599
4.85818452
4.86991886
4.87801544
4.96042874
4.96832865
4.99093591
5.00751090
5.00788275
5.01984123
5.03375784
5.04322798
5.07118049
5.29303649
5.33377194
5.36699155
5.36802459
5.38259144
5.38548428
5.41290513
5.41781297
5.43439528
5.46135984
5.48550066
5.49780647
5.52165127
5.52315672
5.54595039
5.56946715
5.74746571
5.76010515
5.76873460
5.78646537
5.78943986
5.86153760
5.90231881
5.92263777
5.99808549
6.03211342
6.08072571
6.08127670
6.08502263
6.09582870
6.09703295
6.09841838
6.11045917
6.14994840
6.15251605
6.16015115
6.16373009
6.17388242
6.17609934
6.17830123
6.27390341
6.39034186
6.42227244
6.43652039
6.45424337
6.53172726
6.54096489
6.57320652
6.59618379
6.60833981
6.62634239
6.63542664
6.66481078
6.66869918
6.69707696
6.71531893
6.71668873
6.79387469
6.79735543
6.88289949
6.94396171
6.95614869
6.99701631
7.11501371
7.15472380
7.28995618
7.32358806
7.37275579
7.40717051
7.41566209
7.42206943
7.44318844
7.44447301
7.50542539
7.59078011
7.62551860
7.62605978
7.62741530
7.64073968
7.65147555
7.65957179
7.67489775
7.69466823
7.72677234
7.73519787
7.80176167
7.83586710
7.86744576
7.89561644
7.92894362
7.93341574
7.95094967
7.96967934
7.97320381
7.97325098
7.98131236
7.99577240
8.03845085
8.07306756
8.08809519
8.25353744
8.25907012
8.27890052
8.28289069
8.30841533
8.31767205
8.32442598
8.33239777
8.40952155
8.42645206
8.42657751
8.44023727
8.46211182
8.50152732
8.55322433
8.55773908
8.60845731
8.64575879
8.64925412
8.68456054
8.71108841
8.75118719
8.79955063
8.84098583
8.85450667
8.88689866
8.90664893
8.96204376
8.99229111
9.04712699
9.06107725
9.19657346
9.23547964
9.24039654
9.24799195
9.28958629
9.31924372
9.37036822
9.40666625
9.41474734
9.45560063
9.46278275
9.46431310
9.51629273
9.51959735
9.53894591
9.54911176
9.55407077
9.55516178
9.62623082
9.64685744
9.65010095
9.66845882
9.68684654
9.69339216
9.74159310
9.74800140
9.82186655
9.84349731
9.84931250
9.85811560
9.99086621
10.01169383
10.01878948
10.02016282
10.04803871
10.05426496
10.07140779
10.08846887
10.13707435
10.15474513
10.17652653
10.17945946
10.21371545
10.22842794
10.31932499
10.33625412
10.33884267
10.38194366
10.39990401
10.40073789
10.46850225
10.50644779
10.51674490
10.56066384
10.56289478
10.60068079
10.61590241
10.63505194
10.64397626
10.68430152
10.68949183
10.74940171
10.78089978
10.78532200
10.80138596
10.81985915
10.82556963
10.85927275
10.92064781
10.96424881
10.97087266
10.99090781
10.99287548
11.04116151
11.06604770
11.11625517
11.14687461
11.17963091
11.21430726
11.22897297
11.26524529
11.29544105
11.31416056
11.31420014
11.34694429
11.36771472
11.47188441
11.49566974
11.51368008
11.58600625
11.58798742
11.60739320
11.76028353
11.77755025
11.77757992
11.80917473
11.89807155
11.91442215
11.95897274
11.96003916
11.96871782
11.97410911
11.97980571
12.00677728
12.03098041
12.06937544
12.09392817
12.18408933
12.18426570
12.19037320
12.20475010
12.26899010
12.28934223
12.30127668
12.30560239
12.30838901
12.38436257
12.40942192
12.42168498
12.43164534
12.48420193
12.48574105
12.50602057
12.51511819
12.52014240
12.53476967
12.57569842
12.61316993
12.65498471
12.69848335
12.69969595
12.70054884
12.72147060
12.72797830
12.74456876
12.85361676
12.87700844
12.89518627
12.92508307
12.92852879
13.04261415
13.06448131
13.12190537
13.13769629
13.14937983
13.16879611
13.16962421
13.20797297
13.27505075
13.28281496
13.30137328
13.32044983
13.33827533
13.37526560
13.38861189
13.44964804
13.47311507
13.47745687
13.50385784
13.52986649
13.66223523
13.66509736
13.70373001
13.70654102
13.72893449
13.74663973
13.78200990
13.83436723
13.88253133
13.88706797
13.88864150
13.90932078
13.91820085
13.92180236
13.95929169
13.96105777
13.97952728
13.99035080
14.00336103
14.01595196
14.02384166
14.02684223
14.03799554
14.03930398
14.06391635
14.08495333
14.10623294
14.13176642
14.15021349
14.15190605
14.16965086
14.17482511
14.20455196
14.23301911
14.24016857
14.25651477
14.29387458
14.30378106
14.35136968
14.40336557
14.43604967
14.45429510
14.45592484
14.53662992
14.55125659
14.55458014
14.59845183
14.61040763
14.63216037
14.65504903
14.66108379
14.69788529
14.76541063
14.76570656
14.84968702
14.85469857
14.86720029
14.97260667
14.97620478
15.06080620
15.06714541
15.09387464
15.11866180
15.15764622
15.18707934
15.25170191
15.27631675
15.28858949
15.29033066
15.38770160
15.40548322
15.46160664
15.47295765
15.51105471
15.55011431
15.62428334
15.62757620
15.62818082
15.63741525
15.66577132
15.69758472
15.72179449
15.72624369
15.75919819
15.88285174
15.89618356
15.93168794
15.93424016
15.94060535
15.95335277
15.95811017
15.96088849
15.96978536
15.97809128
15.98434339
16.01327268
16.05568732
16.06617736
16.08153806
16.09552655
16.09888069
16.12315994
16.13834747
16.16805300
16.19518039
16.22850342
16.23294223
16.24078711
16.26598063
16.33966259
16.39386091
16.41326939
16.41442155
16.46110125
16.48405633
16.54789196
16.54834850
16.59099031
16.63271461
16.63317005
16.64990209
16.67358414
16.68662225
16.76075870
16.76972745
16.80802898
16.83168746
16.86717036
16.90560271
16.96184248
17.00268322
17.00768618
17.06257888
17.09057024
17.12802927
17.16183226
17.17707298
17.25481235
17.38075749
17.40423366
17.50206307
17.51362926
17.53715116
17.54862315
17.57380353
17.57402583
17.63933268
17.69491272
17.71220089
17.73540142
17.73704410
17.74481679
17.74832658
17.75306482
17.75924721
17.77314412
17.88419068
17.94286011
17.96416037
18.02487784
18.03951282
18.05125239
18.06546782
18.08561534
18.10845714
18.13333127
18.13831641
18.14618326
18.19840648
18.24401557
18.25402293
18.26051169
18.30808715
18.31183509
18.33633334
18.35092907
18.43686923
18.48716338
18.50416455
18.51837066
18.55772360
18.57059304
18.60504518
18.60940360
18.61755764
18.62604688
18.67577166
18.70647844
18.72957050
18.73959458
18.74627968
18.76121591
18.79011139
18.79361702
18.80747804
18.81225176
18.81716914
18.82614440
18.83340105
18.84867045
18.91485703
18.97126097
19.01154728
19.01253845
19.03633170
19.04246180
19.04815686
19.05688430
19.07427749
19.10167931
19.16859148
19.17331204
19.18489867
19.19783219
19.23648216
19.25545581
19.27194688
19.33193916
19.37974329
19.43551031
19.49581809
19.50020456
19.54710606
19.56571415
19.59167786
19.59505756
19.61006042
19.63419737
19.66975305
19.76025205
19.90730850
19.92561571
19.95053466
19.96555465
19.96883319
19.98092140
19.98698513
20.00045104
20.04375764
20.07470394
20.16066728
20.19263291
20.19833384
20.24135548
20.25904468
20.27268922
20.29599918
20.31087428
20.34368888
20.38953598
20.43278788
20.48667309
20.50181430
20.54433813
20.59507160
20.60672668
20.61002057
20.61187792
20.61546569
20.62291476
20.66385048
20.66822218
20.67451370
20.67666977
20.69662928
20.75148469
20.76047616
20.76252937
20.76472623
20.79630100
20.81668269
20.82610409
20.85479087
20.90958915
20.93248942
20.93638392
20.95716144
21.02530192
21.06321092
21.11180852
21.14587294
21.15466727
21.15787516
21.15886886
21.19011385
21.19047882
21.25623607
21.25902861
21.29928891
21.32496257
21.33308081
21.34045657
21.34055812
21.37413057
21.45863544
21.52802941
21.60560006
21.61695523
21.62775917
21.66381143
21.66882511
21.68147095
21.70124635
21.70324882
21.72452062
21.77308988
21.77431479
21.79921958
21.83477509
21.89438688
21.95924014
21.98956975
22.03947721
22.05690420
22.14077523
22.15467331
22.17378194
22.20497276
22.24397086
22.24883948
22.25025487
22.25415569
22.25433847
22.25612618
22.28323197
22.32638729
22.33203557
22.37416780
22.41358335
22.43909702
22.45515658
22.54045369
22.56393276
22.60756029
22.61099425
22.62225270
22.64233469
22.66653817
22.71749818
22.77769393
22.78275457
22.81031229
22.83655263
22.85348360
22.85868141
22.87913277
23.03175741
23.13328055
23.14428691
23.19381040
23.24486707
23.29381329
23.32302910
23.32565004
23.36522345
23.44804813
23.46696262
23.53959556
23.57929822
23.62300082
23.63695146
23.65854434
23.71552840
23.77899927
23.85941875
23.88788925
23.89534096
23.89544323
24.06018844
24.08857978
24.13785062
24.16502618
24.19717247
24.20774502
24.21331076
24.23765140
24.24804868
24.25157007
24.28925620
24.31070249
24.32119248
24.32336045
24.32902277
24.37887468
24.38000898
24.38649101
24.39659780
24.40571990
24.40734850
24.44346674
24.57906338
24.58333495
24.59369740
24.60786978
24.67885202
24.72024783
24.76791968
24.77291369
24.77929324
24.78444380
24.80324724
24.81598104
24.90702943
24.90856716
24.94683260
24.95452267
24.99730080
25.00416275
25.07514167
25.10298922
25.11801491
25.12202320
25.17391798
25.17540225
25.18046058
25.19900850
25.21765771
25.26170149
25.26280616
25.28084288
25.32299293
25.35777379
25.40404403
25.44934640
25.44958318
25.45900599
25.46465541
25.46578089
25.49160369
25.49549565
25.51771921
25.54187164
25.54940428
25.62050986
25.67108499
25.68024045
25.73260567
25.75966149
25.76508904
25.78034234
25.84338685
25.85656290
25.86192513
25.87875477
25.92116772
25.92635789
25.94413775
25.97045826
25.98735227
25.98787491
26.01885814
26.03330869
26.06046691
26.06805540
26.12823376
26.13149976
26.20023211
26.23462490
26.23649797
26.24072430
26.24526011
26.25014262
26.26154504
26.37014588
26.39512702
26.41761821
26.48911858
26.49872169
26.50173130
26.52621559
26.53176460
26.54307740
26.58490400
26.60612935
26.65548538
26.68015419
26.69964979
26.76445729
26.80005586
26.88999605
26.94464848
27.00456762
27.02446006
27.03384769
27.04273509
27.10037936
27.10274838
27.14077141
27.20883302
27.23589780
27.25269885
27.26477060
27.29203925
27.35668046
27.37710517
27.38389380
27.48898585
27.52074792
27.52696322
27.54384308
27.56005919
27.58790047
27.64645849
27.64816206
27.66918175
27.68292909
27.69728533
27.72571677
27.74328965
27.80503998
27.95424605
28.04221264
28.04599066
28.19197503
28.24366283
28.24929697
28.33097785
28.36697499
28.36904565
28.38448792
28.39560981
28.41180165
28.41854119
28.43732055
28.44792966
28.45976523
28.50394215
28.50810498
28.52103807
28.54344057
28.59906483
28.62727656
28.68773233
28.69311780
28.72760347
28.75201909
28.78457399
28.82198270
28.84947200
28.85220186
28.94536926
28.95492076
28.95658546
28.95749680
28.96999367
29.01351453
29.03325240
29.04090606
29.18650948
29.19500587
29.20502707
29.23688564
29.30023461
29.32161874
29.33468315
29.34150329
29.38287880
29.39567034
29.41191760
29.43738531
29.43988848
29.45192055
29.47945895
29.50982371
29.51797650
29.55155997
29.55905925
29.56931792
29.57099811
29.59978938
29.62335156
29.64317490
29.69239156
29.69526541
29.75728302
29.83017560
29.84836793
29.88418513
29.89624541
29.91726198
29.95435662
29.96371096
30.01610602
30.06519531
30.06702583
30.07552094
30.09433907
30.12263558
30.18366252
30.22369912
30.26249778
30.29884292
30.30760477
30.32094326
30.32209164
30.32706866
30.36049561
30.39540304
30.44713774
30.47058221
30.50183489
30.50267153
30.50442108
30.60695881
30.62811217
30.66669231
30.67703743
30.76841906
30.78275179
30.79820142
30.79970213
30.81385529
30.83021394
30.83914550
30.86705802
30.88796446
30.92409919
30.93007415
30.93331507
30.96578869
31.01139979
31.04517183
31.09562982
31.11727839
31.16521240
31.21159533
31.22017360
31.22221315
31.23899412
31.25154781
31.27312280
31.28714116
31.28796025
31.29021244
31.30471661
31.40553460
31.41187569
31.42222430
31.46589624
31.49021654
31.53621705
31.61904869
31.67366687
31.68737752
31.68857038
31.72469314
31.73040651
31.74248342
31.74715869
31.93198898
31.96111230
31.97885416
32.01279751
32.02509998
32.04488670
32.08705274
32.10399935
32.16701457
32.23550472
32.31119374
32.31613920
32.37536381
32.39385589
32.44524693
32.45051741
32.47951576
32.49085286
32.50273793
32.50860227
32.50993414
32.51388310
32.52352399
32.53739631
32.55854728
32.62641370
32.63799642
32.66635656
32.67585566
32.67994351
32.69707372
32.75467861
32.79636191
32.79683956
32.79846647
32.80057940
32.82503754
32.83657545
32.86887527
32.88974156
32.89035883
32.90193146
33.03366033
33.10002070
33.10596965
33.16934606
33.22454636
33.26017191
33.28197647
33.31196251
33.31251823
33.36058016
33.37556272
33.40732936
33.42245359
33.42493488
33.44455847
33.47775201
33.54458568
33.58280230
33.60881995
33.62996738
33.66406916
33.67793135
33.68065673
33.73341605
33.78892364
33.81456276
33.81588183
33.85178423
33.87621502
33.88617689
33.94196134
33.98678877
34.04072862
34.14296558
34.14374101
34.17163216
34.18793877
34.20024847
34.21271526
34.23425162
34.27006470
34.27136972
34.27337407
34.31204318
34.34049563
34.34154514
34.34506836
34.35918954
34.36203032
34.36770165
34.41420677
34.44199167
34.45188091
34.49062616
34.60545911
34.67422932
34.70420100
34.70736406
34.77439184
34.78701441
34.82981743
34.84013846
34.91200038
34.97289028
35.00965598
35.01464417
35.01954281
35.03035856
35.04908582
35.07313511
35.13020720
35.13541857
35.14523096
35.23326491
35.23843461
35.24749323
35.29338663
35.34095062
35.37545325
35.40272840
35.40340949
35.41717856
35.42585091
35.43112812
35.49821553
35.58335644
35.59625886
35.62126017
35.64228684
35.64714472
35.65421389
35.68838440
35.74552330
35.78789901
35.79906946
35.81877990
35.81980208
35.84573437
35.85784386
35.88302159
35.89871180
35.90617310
35.91303720
35.95152088
35.98088426
36.02393619
36.03870174
36.10553507
36.12098264
36.13541315
36.13628628
36.16733157
36.20257147
36.25331504
36.25465144
36.25708591
36.27022934
36.37594469
36.38099797
36.38507810
36.42459062
36.43114759
36.44239589
36.44563396
36.45835943
36.46161720
36.53733172
36.55335823
36.63514317
36.66226632
36.66493168
36.67640190
36.67702890
36.70546854
36.75769398
36.87367446
36.88937157
36.90687838
36.92157722
36.92160816
36.95869718
36.97440354
36.98193483
37.02292477
37.04624264
37.06220765
37.09234807
37.15991220
37.21056321
37.28275361
37.34680790
37.36414694
37.38141553
37.41553457
37.45220882
37.46137986
37.47008515
37.47856196
37.48121261
37.50389942
37.55542047
37.56708369
37.58857875
37.63301487
37.71564938
37.88419181
37.88721526
37.89372617
37.95569560
37.95685520
37.98145466
38.04147912
38.04842067
38.08538136
38.09472385
38.10681429
38.11905619
38.13523208
38.17505838
38.22016055
38.27084775
38.28644475
38.30144784
38.31241928
38.31544588
38.36183476
38.38109071
38.43477393
38.45537572
38.45950029
38.46237973
38.49684690
38.51015794
38.52884979
38.56165421
38.58162455
38.65585879
38.66922531
38.73411368
38.75117277
38.76516502
38.77062383
38.77297888
38.81324400
38.81807678
38.82212032
38.82716676
38.84021973
38.92377252
38.92791696
38.96923849
38.99107704
39.00321539
39.00957947
39.03165456
39.03793126
39.04765765
39.08493760
39.11943299
39.12406123
39.12503915
39.17998585
39.18329309
39.18455689
39.18635886
39.19327680
39.19955190
39.22265518
39.30905927
39.32792631
39.37059021
39.40405242
39.41544892
39.44195296
39.45608797
39.48699142
39.49816286
39.52481489
39.58316032
39.62611148
39.68295053
39.74272789
39.75107091
39.77251137
39.77659690
39.81775223
39.88373905
39.89020318
39.89944375
39.92439535
40.00707791
40.00969464
40.03861657
40.08619602
40.10025518
40.10841515
40.12360719
40.14186935
40.21041849
40.22053642
40.27699394
40.31311299
40.34357874
40.34403816
40.38473574
40.49393044
40.49458677
40.53090876
40.55683738
40.56673156
40.57451844
40.60870922
40.62824854
40.64849009
40.64995575
40.65725692
40.68469024
40.72359940
40.73697189
40.77115861
40.80441256
40.87464062
40.91500736
40.92388716
40.95790302
40.97836441
40.98549507
40.99649049
40.99885071
41.01342422
41.03037349
41.03844586
41.05101245
41.06698814
41.08568412
41.18179805
41.21395311
41.33977025
41.43115202
41.43999024
41.45325667
41.46832215
41.49204992
41.53388929
41.56011213
41.56189426
41.58058482
41.59617212
41.60030228
41.60946161
41.61819633
41.62240789
41.63556238
41.63572178
41.63683830
41.64369343
41.65033285
41.65447934
41.65816586
41.70822375
41.72295243
41.72765240
41.76913190
41.92523137
41.94292808
41.95530562
41.96811710
41.98535972
41.99087122
42.08630941
42.08677411
42.12744543
42.14306938
42.16868445
42.17386379
42.17715773
42.32809125
42.34553889
42.36866043
42.38547298
42.40184881
42.54411670
42.56406396
42.57877568
42.59577017
42.67852424
42.70938341
42.72144979
42.73834040
42.74291003
42.77930183
42.78718298
42.91183285
42.92127588
42.93885337
42.95877397
43.02553864
43.02838650
43.09331961
43.13286747
43.13645175
43.15149334
43.15855895
43.19413065
43.19505934
43.36646589
43.38609777
43.39996271
43.41829199
43.43560075
43.44526581
43.47592417
43.48645332
43.51886348
43.52185293
43.56511470
43.59140608
43.65410391
43.71128381
43.74459591
43.75571560
43.75931873
43.76990707
43.77303916
43.78354770
43.81500004
43.81602261
43.82015672
43.83749691
43.90540339
43.91662184
43.98007847
44.00325114
44.03802694
44.12373117
44.12575473
44.15978767
44.16163848
44.16585642
44.21253916
44.31461972
44.31809091
44.36772171
44.37748498
44.40310028
44.46222764
44.54469555
44.61461665
44.61509587
44.71495214
44.73687819
44.73927573
44.74999533
44.83887924
44.89188229
44.94422344
44.99748189
44.99819226
45.06747088
45.10351332
45.11117605
45.12309108
45.12927758
45.17407821
45.19590586
45.21943380
45.24201881
45.32145318
45.34396822
45.34725374
45.37552570
45.41353031
45.42632274
45.44742222
45.47818022
45.53179714
45.55341171
45.61385051
45.62936754
45.66299442
45.71420102
45.80790567
45.85987655
45.86390619
45.92393998
45.99492627
46.03457545
46.03811203
46.04528901
46.08344644
46.10739124
46.16247706
46.18225276
46.23217383
46.23542785
46.23680933
46.23852577
46.25918484
46.30996926
46.33720740
46.33986012
46.34512062
46.35672478
46.40531091
46.41345298
46.44786950
46.54679579
46.54862589
46.56424894
46.58801667
46.60640384
46.61595202
46.67290876
46.71690454
46.75394064
46.78501501
46.83885947
46.86940289
46.96470649
46.96512855
47.00104599
47.00353501
47.02927831
47.06197574
47.08291373
47.12144282
47.16635420
47.17009451
47.20018339
47.20618161
47.20914230
47.22077619
47.25524425
47.26903237
47.29070520
47.30603286
47.36740879
47.40666664
47.41229540
47.45497785
47.48682367
47.49703243
47.52150633
47.54614181
47.57981070
47.62724946
47.65358173
47.65572274
47.65933743
47.68693402
47.71821990
47.81559562
47.82986127
47.86315626
47.87500381
47.87788742
47.94654426
48.08033794
48.10224684
48.12586227
48.12671739
48.14349675
48.14406557
48.14739957
48.16732674
48.17766101
48.18152258
48.19729355
48.20133864
48.21445496
48.24034120
48.24145170
48.27815128
48.36827291
48.36950501
48.38809820
48.40363857
48.47492552
48.53319174
48.55289312
48.61373601
48.62859211
48.66172469
48.68354248
48.70123699
48.71571313
48.72567386
48.75182899
48.79500642
48.79907799
48.84467171
48.85937026
48.87605486
48.93909874
48.94059127
48.96205971
48.96684921
49.08619163
49.08883530
49.12159279
49.12245317
49.14641379
49.17952914
49.18040781
49.18147457
49.24268389
49.25967534
49.31899007
49.32427384
49.38662294
49.38771693
49.39654707
49.39782817
49.40384908
49.43567801
49.44288564
49.46359864
49.46416769
49.46598877
49.47771068
49.48896753
49.49071837
49.53912458
49.55263861
49.55437592
49.58806307
49.63772207
49.66132794
49.67400412
49.69081687
49.79480721
49.84821071
49.86032172
49.94196137
49.95495989
49.97377515
49.97520741
49.97656916
49.98753041
49.99472181
50.02094876
50.02802791
50.04941823
50.06036011
50.06902610
50.08092022
50.08574903
50.12349668
50.17946860
50.18199471
50.20392509
50.22647938
50.23873222
50.24315078
50.30459308
50.30902908
50.38496083
50.40944919
50.43370814
50.44697489
50.52883126
50.53119861
50.53562596
50.53579219
50.53730600
50.58120889
50.58519286
50.58575585
50.63619252
50.65601651
50.71850254
50.72315191
50.73717201
50.75316090
50.78851452
50.81465958
50.82220697
50.92070468
50.97507786
50.98023637
51.00944191
51.01277981
51.02090885
51.03248881
51.08380384
51.10037538
51.10311970
51.13339262
51.20874035
51.28858710
51.31755206
51.34266570
51.36144475
51.37746594
51.40082434
51.48400457
51.48401748
51.50327116
51.50810204
51.51679303
51.61856784
51.63678251
51.70006300
51.72543450
51.78579998
51.87641207
51.91035192
51.91386594
52.01180968
52.01919750
52.03294132
52.03583461
52.04184667
52.04976499
52.06345956
52.11806080
52.12562958
52.17277688
52.17376699
52.20361492
52.20664145
52.24090720
52.25154104
52.27945864
52.28364802
52.29413314
52.31249205
52.35428118
52.36398871
52.37505465
52.39847133
52.41792234
52.46597801
52.47880289
52.48670591
52.55875088
52.56721323
52.60392734
52.69485482
52.70650867
52.75585491
52.75889847
52.77514746
52.78197472
52.78477787
52.85696477
52.88132086
52.97140620
52.97690591
53.01492483
53.02533554
53.13977604
53.14866216
53.17328514
53.21446703
53.26136789
53.30591085
53.30614586
53.36432444
53.37443992
53.46148945
53.47152216
53.48851431
53.54964663
53.56915593
53.59005370
53.62172145
53.64510921
53.64648220
53.64711052
53.65115189
53.66034683
53.70189946
53.70924337
53.73934825
53.87691974
53.88016397
53.88445670
53.92394079
53.92627660
53.93516168
53.96603213
53.97114272
53.97170771
53.98741147
54.04458945
54.05851826
54.05926468
54.06593593
54.07960814
54.08504698
54.08989071
54.09160739
54.11871587
54.14476887
54.14913008
54.17922191
54.24205752
54.24964156
54.29037562
54.29137002
54.33452232
54.37626933
54.38335069
54.44799079
54.47895305
54.51596822
54.52533583
54.54969639
54.58786311
54.59628112
54.69213392
54.74601132
54.76870207
54.77604829
54.84465978
54.87316610
54.93261366
54.94653763
54.97701308
54.97971989
55.01640939
55.05125639
55.05531368
55.06750562
55.07434875
55.08873047
55.10764666
55.11121311
55.11857456
55.12668636
55.14752276
55.15288506
55.22398959
55.23077825
55.25626080
55.26856505
55.30095794
55.31137668
55.32029181
55.32216723
55.32243366
55.38751831
55.39616292
55.43364614
55.43409472
55.47034890
55.47354041
55.48252549
55.54196236
55.56073246
55.57486859
55.58925182
55.59445792
55.60197025
55.60345536
55.60708473
55.63130146
55.63554686
55.64685264
55.66350622
55.68539175
55.68950907
55.82417409
55.84327471
55.86491708
55.88336646
55.89675201
55.90837539
55.91633121
55.92687190
55.93665714
55.94244370
55.98200922
56.01834087
56.01928848
56.02799751
56.04944385
56.05726234
56.09248806
56.09631925
56.17222771
56.17777429
56.18534152
56.20542378
56.23751225
56.30805551
56.32370418
56.33844129
56.34654010
56.42282478
56.51573846
56.55529468
56.69577278
56.74811490
56.77934936
56.78403275
56.83774993
56.90540902
56.92888854
56.95224355
56.98503457
57.04806486
57.09913898
57.12698197
57.13065985
57.21286640
57.21369816
57.22755900
57.25914630
57.29970497
57.38890620
57.42578501
57.47187887
57.48151346
57.48769428
57.55983034
57.56304943
57.59899899
57.62150958
57.65156749
57.67267996
57.67818100
57.72721021
57.78499818
57.79618751
57.81035926
57.95098231
58.00972933
58.18108075
58.19718949
58.25472818
58.29061574
58.30688783
58.37361724
58.41582772
58.45760033
58.46452468
58.48829180
58.51740360
58.59189549
58.60788981
58.65273857
58.66033720
58.66698355
58.66949811
58.69491395
58.74780725
58.79306520
58.79762274
58.80554259
58.84148695
58.92878746
58.93606403
58.98805091
59.09510539
59.09726649
59.10038013
59.10218786
59.12232205
59.13225838
59.13247790
59.21446287
59.23002718
59.23841090
59.39003360
59.39485523
59.39611198
59.40300817
59.40610548
59.42698486
59.43200199
59.43847460
59.44269285
59.47879272
59.49566085
59.53018592
59.63606274
59.71311427
59.72717656
59.73647958
59.78070475
59.87818811
59.91168093
60.02035031
60.02223261
60.03948625
60.05107509
60.05167214
60.06549816
60.13535152
60.14519497
60.14591381
60.14928543
60.25176035
60.25589950
60.29177187
60.37832355
60.39095158
60.46077931
60.47928626
60.51848164
60.55129187
60.55510884
60.59487580
60.69671266
60.72821150
60.78005586
60.81798883
60.85176869
60.87309713
60.89467554
60.89792037
60.92319355
60.94484566
60.96568523
60.99594510
61.00421673
61.01618058
61.01704904
61.05536112
61.06160299
61.06279811
61.08680406
61.12580782
61.13662854
61.19628998
61.21011553
61.34277015
61.37532216
61.41619367
61.46448223
61.48841993
61.51281661
61.55541050
61.73632105
61.80825502
61.84934286
61.86869474
61.87760242
61.88010539
61.89055033
61.90361368
61.94612620
61.95718894
61.95915966
62.01268828
124.00000000
