0.00990012
0.01226011
0.01397593
0.01564348
0.02500005
0.02604894
0.03064067
0.03479585
0.06574697
0.08798437
0.10128962
0.12739518
0.12982522
0.15347713
0.16204931
0.18707713
0.20671415
0.23718615
0.25977983
0.28458589
0.28611895
0.33966950
0.38066694
0.43699937
0.49383455
0.52512058
0.57163499
0.66766274
0.66896204
0.67845306
0.69843479
0.71743507
0.73568559
0.76054363
0.76638794
0.77094570
0.77304081
0.77908422
0.77914882
0.80771550
0.81069222
0.84387234
0.87933329
0.93343629
0.97967288
1.00046754
1.05441965
1.07430325
1.09045087
1.11496294
1.12306571
1.13202174
1.14147966
1.14948038
1.18021876
1.19257418
1.21851865
1.21893944
1.22031148
1.25468235
1.28834476
1.31590124
1.38401606
1.41310736
1.41920340
1.43027436
1.47468832
1.48579838
1.49334259
1.49351164
1.50728607
1.51780299
1.53288723
1.58556226
1.59500638
1.59862135
1.59869754
1.60100070
1.63769626
1.65197546
1.67879586
1.70677631
1.71989203
1.73519649
1.73521164
1.74739576
1.75565403
1.84468524
1.88354831
1.88397006
1.91135823
1.98456617
2.04502965
2.11710873
2.12312657
2.12321870
2.13145137
2.15603078
2.20388133
2.25020718
2.25935407
2.30693670
2.31701394
2.40683719
2.42104342
2.43079483
2.47144299
2.47404535
2.50806946
2.51926174
2.52394661
2.52960195
2.53653528
2.54789576
2.55233477
2.62646295
2.64301679
2.64486206
2.68709040
2.69273379
2.70656748
2.73718112
2.77456054
2.79975840
2.80001936
2.88706883
2.94232014
2.96393098
2.97084269
2.99831592
3.03174384
3.03945813
3.04962220
3.07763083
3.08452293
3.10608627
3.16133279
3.20575969
3.21082130
3.21509439
3.22912021
3.29575799
3.35822509
3.36673496
3.45234228
3.49948842
3.50637248
3.52692047
3.54322199
3.56521663
3.58362168
3.59748948
3.61520506
3.64613038
3.67855163
3.69005784
3.71478021
3.73226064
3.73358638
3.77837973
3.79086340
3.80739970
3.83856302
3.85644642
3.86108597
3.86337257
3.86607873
3.88729237
3.92416295
3.93172913
3.95311135
3.95595058
3.97225751
3.97703754
4.00438893
4.02011397
4.06203719
4.14137305
4.22221889
4.22400543
4.23076452
4.25721064
4.26210749
4.29888188
4.30064303
4.35699366
4.37001243
4.39076169
4.40980546
4.49252647
4.52808736
4.54283347
4.54737729
4.54883229
4.63570532
4.66623389
4.67264086
4.68608831
4.78538498
4.78784853
4.83174686
4.84239738
4.84960912
4.86822356
4.86987062
4.90569522
4.98116385
4.98239219
4.99999702
5.03593163
5.08214550
5.08249339
5.17572790
5.18649537
5.19770057
5.20569769
5.25508055
5.30823613
5.34089925
5.34108477
5.36007004
5.40019375
5.44362097
5.56795629
5.57337967
5.60558979
5.64981398
5.65429828
5.71697661
5.79531272
5.80173896
5.81512154
5.82644349
5.89254203
5.92835017
5.94562074
5.95007379
6.03525316
6.07215201
6.07498226
6.10427732
6.11958389
6.12462770
6.20225041
6.23530537
6.25168973
6.25818352
6.29064489
6.32803495
6.41806739
6.48639648
6.51386781
6.53325783
6.54638790
6.55059013
6.55988439
6.56138578
6.56190870
6.58383477
6.59253806
6.59290434
6.60817300
6.71668873
6.72642146
6.73735929
6.74620411
6.78775227
6.79825202
6.81290415
6.81343577
6.81836625
6.82731991
6.83676845
6.86026396
6.86045482
6.87152457
6.87528046
6.88412204
6.91979763
6.94439722
6.99116092
7.00134568
7.01150893
7.09658269
7.09850574
7.22007275
7.22847601
7.23813559
7.24765902
7.24781968
7.26239994
7.26999419
7.27550382
7.28116622
7.29733527
7.30387353
7.32712901
7.42709727
7.50226544
7.53952463
7.55420368
7.56855060
7.59341125
7.60480675
7.65925609
7.66743313
7.69415121
7.73205252
7.74877034
7.81157160
7.86863814
7.91535554
8.01913181
8.06118043
8.07726484
8.10596551
8.11131274
8.13247391
8.16874456
8.25735485
8.25912863
8.27741616
8.29767464
8.30262024
8.33455051
8.33915444
8.33927975
8.36004822
8.37251876
8.37363082
8.38285224
8.40746029
8.41682007
8.41816108
8.42966795
8.45580723
8.46537634
8.46638393
8.57754432
8.57919631
8.61540508
8.62377121
8.64137593
8.70263060
8.72002520
8.79144001
8.88833314
8.88878113
8.93490671
8.94383962
8.98179429
9.02787977
9.08134564
9.12339847
9.13586677
9.17882284
9.19231853
9.20566462
9.23147472
9.23394375
9.25014279
9.28814698
9.30588309
9.34054536
9.34879327
9.40944283
9.41050706
9.42536823
9.46984427
9.48742330
9.49437675
9.50100043
9.50325485
9.52528277
9.57858708
9.58859047
9.59727551
9.65263124
9.68512320
9.74159310
9.80443110
9.81653877
9.86210114
9.89418375
9.92253482
9.97158377
10.00372620
10.01954220
10.03099772
10.04625301
10.09201217
10.11205064
10.11602466
10.13006601
10.13371166
10.13465450
10.14769335
10.15634072
10.15645158
10.16693986
10.19938590
10.20667551
10.21319049
10.23260263
10.23799376
10.27021334
10.29664634
10.30225610
10.31595941
10.33155180
10.34026570
10.34306944
10.43349740
10.44934349
10.45694376
10.48430938
10.52515549
10.55144166
10.57603680
10.57860271
10.62949600
10.63365018
10.63600513
10.67496172
10.68792894
10.70031200
10.70780487
10.73209272
10.73748271
10.77049257
10.82624739
10.84503611
10.86601540
10.87035061
10.87699999
10.87932831
10.90949236
10.95830565
10.95880039
10.97857860
11.02669806
11.05323613
11.05937776
11.06604770
11.07425562
11.10159352
11.11081448
11.15352368
11.15844742
11.16201506
11.24134762
11.24195303
11.28492967
11.31416056
11.36099742
11.40059499
11.40645249
11.42038046
11.43454455
11.46342153
11.47365917
11.48397441
11.55226180
11.57196042
11.58536722
11.61343704
11.67719126
11.68196548
11.70915734
11.76975886
11.77771339
11.78475655
11.78768189
11.79995056
11.80418485
11.89807155
11.92537219
11.93714204
11.93820770
11.97980571
11.98882559
12.05035757
12.07413003
12.14088374
12.15019409
12.23344404
12.37003654
12.40061880
12.42344448
12.42861723
12.48238850
12.48768587
12.60087157
12.63184829
12.64848661
12.66019476
12.66034751
12.68039168
12.76776827
12.82406092
12.85156106
12.95369451
12.96864633
13.01384129
13.01624088
13.04028789
13.05310260
13.14592667
13.18150410
13.18151701
13.29889051
13.34692741
13.39168621
13.41041892
13.42330066
13.47868288
13.48098740
13.48243338
13.50448827
13.50710500
13.51982953
13.52654588
13.58669758
13.62232100
13.66726999
13.69172347
13.78708986
13.88107129
13.89193880
13.95615256
13.99847672
14.00719311
14.01631865
14.02788275
14.06381925
14.11664574
14.12454058
14.12860859
14.15511159
14.15980410
14.21378638
14.23589097
14.24375677
14.28170986
14.34480007
14.37347096
14.38306654
14.43274516
14.47856268
14.50613291
14.55160104
14.56503006
14.59020084
14.59524999
14.60444658
14.61040763
14.61668639
14.66820108
14.67690885
14.70220953
14.72900150
14.74306703
14.77252260
14.81317873
14.81972987
14.82213551
14.82659600
14.85843094
14.90635295
14.96895119
14.96999586
14.98176133
15.01656353
15.06783322
15.08992207
15.10532460
15.11992363
15.12452764
15.12699798
15.15992325
15.23802666
15.25560349
15.25821835
15.25908671
15.26400114
15.27436545
15.30131335
15.35225664
15.35708698
15.41955204
15.48536210
15.51122045
15.51695943
15.51938872
15.53548738
15.53655782
15.53663349
15.62534973
15.64505335
15.66896517
15.71144307
15.72688164
15.80964522
15.81250684
15.81609760
15.85213425
15.85628272
15.90179824
15.90954290
16.06081853
16.06617736
16.08721562
16.09829817
16.10496196
16.22910712
16.27068672
16.27412610
16.31443947
16.38395847
16.39975107
16.43496751
16.45799368
16.49363997
16.49466870
16.49766093
16.53952262
16.54744744
16.55604295
16.55857336
16.61906843
16.67062703
16.77583465
16.79528549
16.80221489
16.91104454
16.92309363
16.92721922
16.98048429
16.98705964
17.00031700
17.00768618
17.01946738
17.02769804
17.06102441
17.06398777
17.08790248
17.09140826
17.13131860
17.14199505
17.23788642
17.26045401
17.28773680
17.29531719
17.41861411
17.41971120
17.42160010
17.42403318
17.42781032
17.45066574
17.46494435
17.47953175
17.51485072
17.54927472
17.58560730
17.60839554
17.62458682
17.66694450
17.69209051
17.72293078
17.72575723
17.73018849
17.74533064
17.77072516
17.77320715
17.78458672
17.79494498
17.81875356
17.87276008
17.89384948
17.89648980
17.92065667
17.92506111
17.93918372
17.98190651
17.98657595
17.99328987
18.03951282
18.05725618
18.08781993
18.13160776
18.21101104
18.22538421
18.24534286
18.24972084
18.27193198
18.29711589
18.31650424
18.34551330
18.39566801
18.43755096
18.46595097
18.49201072
18.51162497
18.51797220
18.52177617
18.53939221
18.55416150
18.58612622
18.62771694
18.65086668
18.68558910
18.75357927
18.76085400
18.77797355
18.78107760
18.79500024
18.80379496
18.81225176
18.82054350
18.82061536
18.82614440
18.85004557
18.88550935
18.88996281
18.90279082
18.95280118
18.96614554
19.01090893
19.08813224
19.10103586
19.13388921
19.20976831
19.24322241
19.25048148
19.27921556
19.29704498
19.31552761
19.32096847
19.34781475
19.36288006
19.39687213
19.42453935
19.45576873
19.50652159
19.51520367
19.52468574
19.58029769
19.59167786
19.59584335
19.66922215
19.69760765
19.72093480
19.73279051
19.73609779
19.74842804
19.75587296
19.80921951
19.81348432
19.83559031
19.83859073
19.84186291
19.91642314
19.92561571
19.95731984
20.01286825
20.05166856
20.08200289
20.10246979
20.17902609
20.18218546
20.21038276
20.21141015
20.22789866
20.31968654
20.37004679
20.40037654
20.42395098
20.43736393
20.44113800
20.45054993
20.47480631
20.47713820
20.49353150
20.49562002
20.50871499
20.55145405
20.60097989
20.60672668
20.63751790
20.66042176
20.68335294
20.69293606
20.70930728
20.73576841
20.75312867
20.84704819
20.85147590
20.87921627
20.89356243
20.91836703
20.93463623
20.97193311
21.02501275
21.02767881
21.06406709
21.09499423
21.09578153
21.16567321
21.17574104
21.18198290
21.20468516
21.24344246
21.25479094
21.26827187
21.27284770
21.33996070
21.41716165
21.55106989
21.56320596
21.56387445
21.57413025
21.58790698
21.60560006
21.60866721
21.65745750
21.70559585
21.75785547
21.77041337
21.77765708
21.80738093
21.81798502
21.85831972
21.87399806
21.87410893
21.89991117
21.91697564
21.93594372
21.94870960
21.95075695
22.05701933
22.06036228
22.08089838
22.08893139
22.09250966
22.10900997
22.16867794
22.21100970
22.22319885
22.24022330
22.33030710
22.35393395
22.36694455
22.39822401
22.42661069
22.44056598
22.49465205
22.52959444
22.56835042
22.65259469
22.66263452
22.66536215
22.68882487
22.70743141
22.73057782
22.73248633
22.78574234
22.78983850
22.83492611
22.86153283
22.91671474
22.92107204
22.95015160
23.11478298
23.12580697
23.15757192
23.22233524
23.25825506
23.31115705
23.32591345
23.34517543
23.35103022
23.35547192
23.36053318
23.50589234
23.50918242
23.52158540
23.54792421
23.56104200
23.56952483
23.60851064
23.68132549
23.68415511
23.73102956
23.73502653
23.74487477
23.74620748
23.77791133
23.79508150
23.82205504
23.83601529
23.83863843
23.91925937
23.93042590
23.94136498
24.16506224
24.18691524
24.19770264
24.20487553
24.22753727
24.25373159
24.28022767
24.32336045
24.38942494
24.44741777
24.47492791
24.51268247
24.51614219
24.53299706
24.54599750
24.54798905
24.54848253
24.60794058
24.62972609
24.64910161
24.66366970
24.70780410
24.71516625
24.76926908
24.77241869
24.88499447
24.96188501
25.00190813
25.13309091
25.14420901
25.20337736
25.21509521
25.26283144
25.26326398
25.27320698
25.27600390
25.30010861
25.30338683
25.32074033
25.32689341
25.38881060
25.40472712
25.44958318
25.45772172
25.46510843
25.46812746
25.48418207
25.49743220
25.51874027
25.54921942
25.56868653
25.58359312
25.61146731
25.62752061
25.63907878
25.64809583
25.67389611
25.67435964
25.70460233
25.70832133
25.71478245
25.71646125
25.72576437
25.83090203
25.85666952
25.86680174
25.91326498
25.93968509
25.96656738
25.97664530
26.12075354
26.12823376
26.15116315
26.27165302
26.34152192
26.36589621
26.37014588
26.37649486
26.37885955
26.41642980
26.45122003
26.48413087
26.50253691
26.53281211
26.57637940
26.58289447
26.58930407
26.64784170
26.67114959
26.70343114
26.70459452
26.70742905
26.71079131
26.71457240
26.72575898
26.75372965
26.79499394
26.82709573
26.86929102
26.87715044
26.89809612
26.92240115
26.92973281
26.93112525
26.93277949
26.95745061
26.97303242
27.00228035
27.00842982
27.02987951
27.08597981
27.09629678
27.09975423
27.25346144
27.25744198
27.26076182
27.29052204
27.33921529
27.34505929
27.39720943
27.46211977
27.48790748
27.49670713
27.49985849
27.54191257
27.55943643
27.57321420
27.58063827
27.60311375
27.61264975
27.61990245
27.66679393
27.69389396
27.70947729
27.71267464
27.71639460
27.73569623
27.77677090
27.82667526
27.86469652
27.88182700
28.04050699
28.07216271
28.10891605
28.14807131
28.15509214
28.17956600
28.19197503
28.19770264
28.20294106
28.21875705
28.25019693
28.38886063
28.39130453
28.44191455
28.45914760
28.47577586
28.47819741
28.49138635
28.52045919
28.52666286
28.52962659
28.53602944
28.55460888
28.60204597
28.61769416
28.64864158
28.75242066
28.77293641
28.78247392
28.81559723
28.82548635
28.84467417
28.87040706
28.90082761
28.91151243
28.96319175
28.96850090
28.98718678
29.03322196
29.06735389
29.11670883
29.22981330
29.23407871
29.24208684
29.30301009
29.32608342
29.34093756
29.34934923
29.39025487
29.39336993
29.39483819
29.49868037
29.54732654
29.55224781
29.56492602
29.57999000
29.58605202
29.62913255
29.64897909
29.66557359
29.69231891
29.72909576
29.73047323
29.74240311
29.75255706
29.78313233
29.81904056
29.83039977
29.89912287
29.92238120
29.92368029
29.96330238
29.97715969
30.01873916
30.05994189
30.07266103
30.10086257
30.14006269
30.22884319
30.27801496
30.28475456
30.29237286
30.31063192
30.32542544
30.33962756
30.34314965
30.39274851
30.41918041
30.43270827
30.46263229
30.47533796
30.49125493
30.53481990
30.56850092
30.57640658
30.61605948
30.62254849
30.62486268
30.62868255
30.66374291
30.67020946
30.74467978
30.78015421
30.79970213
30.86403616
30.96249997
31.05547850
31.07027445
31.08495598
31.13467036
31.16754215
31.17849138
31.18287268
31.24866859
31.30824534
31.36009589
31.37291751
31.41025328
31.45694898
31.50020031
31.52832742
31.55733798
31.70122974
31.76218932
31.76748234
31.79149389
31.79180472
31.79596324
31.82412042
31.85324235
31.85553326
31.90578451
31.90786479
31.91756929
32.01085818
32.02700521
32.08650877
32.09453029
32.13017156
32.17425906
32.20877739
32.26970484
32.27179328
32.30059936
32.32174256
32.36348016
32.39956992
32.40335214
32.41534814
32.43973442
32.45048759
32.45051741
32.45809003
32.47613971
32.48824107
32.48952121
32.51394328
32.58590098
32.66823591
32.67247706
32.69286758
32.69472801
32.71720815
32.77282857
32.77408963
32.78664477
32.86768589
32.87799943
32.93275297
32.97220459
32.97614871
32.97909983
33.03366033
33.04234888
33.09873203
33.11204535
33.21768920
33.23220236
33.23598026
33.24528787
33.25105316
33.27982018
33.32459918
33.34689329
33.34823187
33.35506904
33.35633078
33.36368768
33.37408842
33.37513121
33.38895552
33.39187859
33.41900603
33.43071899
33.51562233
33.54301453
33.55416874
33.56029983
33.60885846
33.63673858
33.64544197
33.68680787
33.70464897
33.73042377
33.73253425
33.74394417
33.75946093
33.79817861
33.80176360
33.81691704
33.83522289
33.85705216
33.86112961
33.86964912
33.87549882
33.87644692
33.92396024
33.92747341
33.97076927
33.98798398
34.00119854
34.03895513
34.07933504
34.07984943
34.13680123
34.14996053
34.28980466
34.31811243
34.34026663
34.34603288
34.37716405
34.39041029
34.43096533
34.46217994
34.55039613
34.56631371
34.60281550
34.61751466
34.62392526
34.64072575
34.65739606
34.80989787
34.87781279
34.98170413
35.08312378
35.09694700
35.13530584
35.15662147
35.16687267
35.16832032
35.24432851
35.26987317
35.28886975
35.32990641
35.33516301
35.39448441
35.44141203
35.52936073
35.53730542
35.56431120
35.71513772
35.72884199
35.75528959
35.80246888
35.86564897
35.88416284
35.89245419
35.93395087
35.96699779
35.97851587
36.01403930
36.04969162
36.05222425
36.06682376
36.14222091
36.14499134
36.27336919
36.28980899
36.32378860
36.34984493
36.37344932
36.40090816
36.44101623
36.45115251
36.48000074
36.50575611
36.51729176
36.52997712
36.54021824
36.54709457
36.55441304
36.57540304
36.60664738
36.65804778
36.66689382
36.76083535
36.80218691
36.85370434
36.87869788
36.91712949
36.93977182
37.10468515
37.15907899
37.17298850
37.23456675
37.27046382
37.27835541
37.34853358
37.35118813
37.38023662
37.41553457
37.44563879
37.45153186
37.46094983
37.47580923
37.48386640
37.54967673
37.57990284
37.64345301
37.66289676
37.66502543
37.66608351
37.71840648
37.72376687
37.84967296
37.86412867
37.92933232
37.93947164
38.02812016
38.03329641
38.11909894
38.14963091
38.17203090
38.19573154
38.24998261
38.25846000
38.27309300
38.29219318
38.29423780
38.32355450
38.44349643
38.47197077
38.47294654
38.48169889
38.55778602
38.55784731
38.56082030
38.56082225
38.58788841
38.63279857
38.69416406
38.70625522
38.79144909
38.81076234
38.81838182
38.81900789
38.81918616
38.83173146
38.83611662
38.83972896
38.83997472
38.90437062
38.98489405
38.98572162
39.01455878
39.01783846
39.05898089
39.11328712
39.13691559
39.19634155
39.20017085
39.23761984
39.30056167
39.30451668
39.31458923
39.32337544
39.37345468
39.44284390
39.48048093
39.49771356
39.51145723
39.52320246
39.53454500
39.53886687
39.54805721
39.55719588
39.59622493
39.62601031
39.65986062
39.68564670
39.68779622
39.70426192
39.71594293
39.72735423
39.76496404
39.76753538
39.78115099
39.82384545
39.90012963
39.95012309
39.95753691
39.97193925
40.00445388
40.00707791
40.09077978
40.09154615
40.09798870
40.10841515
40.12250426
40.13801806
40.17774412
40.21575850
40.25148520
40.27838536
40.31236650
40.32348170
40.33716157
40.34357874
40.35236211
40.37560511
40.43650930
40.45313713
40.46100139
40.48079134
40.48722793
40.49794123
40.49889543
40.49892708
40.54114914
40.54170803
40.55683738
40.56782892
40.59446074
40.60451249
40.62357094
40.65725692
40.71202419
40.72359940
40.75744625
40.79759886
40.81377839
40.82972088
40.84044500
40.87451787
41.00371953
41.08204262
41.08350352
41.08622171
41.10770208
41.13764619
41.15401247
41.16136234
41.16230952
41.16532126
41.16725446
41.19169730
41.28915133
41.30065244
41.30889447
41.31131658
41.39364843
41.42021895
41.43557033
41.43741856
41.44088485
41.44186822
41.46327170
41.54549804
41.55396871
41.56107578
41.61953174
41.65557349
41.69971218
41.71786188
41.74984718
41.76668756
41.76896228
41.79381304
41.86941037
41.87326839
41.91600662
41.93252534
41.95381698
42.02581073
42.02899894
42.03679051
42.06022476
42.08465734
42.08936048
42.10311258
42.11756300
42.12015227
42.12954585
42.14306938
42.16958892
42.17982108
42.18075953
42.28412811
42.29138947
42.32807073
42.33167606
42.33655796
42.37016732
42.37827982
42.41465304
42.43401120
42.48936434
42.51729299
42.51735339
42.52620265
42.53249848
42.60329032
42.60383761
42.62402733
42.65313516
42.70240782
42.75574536
42.76030139
42.78718298
42.81495061
42.81529259
42.82092385
42.84805800
42.85815828
42.88264703
42.89407559
42.91254720
43.01204509
43.03330296
43.06326869
43.06359897
43.10781001
43.12075703
43.12932223
43.13759178
43.16807725
43.18588714
43.22053561
43.22922891
43.24792871
43.25904340
43.26930554
43.30564939
43.34314392
43.34409085
43.39169482
43.41070830
43.42931508
43.43916967
43.45390763
43.46638478
43.51351972
43.58085640
43.65613363
43.72238334
43.76990707
43.79352357
43.82113073
43.82668130
43.84274856
43.87079509
43.89194211
43.91783852
43.92375533
43.93795069
43.94049815
43.94578226
43.96005149
43.98007847
43.98062952
44.05818993
44.06840608
44.08907454
44.19922394
44.20208510
44.24436134
44.26209254
44.27733715
44.28913213
44.35103922
44.36915982
44.37391398
44.43783102
44.47951147
44.49002931
44.49374782
44.58231075
44.61140551
44.64463674
44.67895590
44.70728059
44.71243382
44.75328442
44.81749057
44.86360821
44.94359989
45.03535495
45.05444492
45.09462405
45.10351332
45.12619157
45.13936602
45.23537914
45.30104272
45.38673571
45.39996378
45.45151556
45.51968210
45.55869305
45.58948962
45.60900042
45.65758868
45.66117536
45.66945219
45.72483950
45.72549370
45.76989482
45.79967340
45.81335887
45.81602089
45.89446685
45.94459700
45.95239690
45.95871326
45.99260360
46.07143134
46.08671977
46.08883679
46.08903244
46.11835325
46.13268575
46.18154472
46.19318264
46.21657949
46.23440412
46.24462402
46.24592151
46.25243887
46.26496104
46.27635028
46.41711515
46.43333770
46.50185775
46.50891667
46.53020169
46.55646206
46.60123029
46.61852154
46.63895947
46.72649349
46.76050344
46.78501501
46.80665831
46.83964361
46.85433819
46.86759583
46.87701554
46.89621557
46.91056375
46.91480939
46.94023788
46.97122318
47.01612039
47.03989550
47.09594330
47.14605544
47.16635420
47.17773743
47.18101565
47.20419446
47.22465071
47.31827301
47.36740879
47.40742623
47.55103996
47.55206944
47.56786966
47.62903789
47.67990052
47.72436133
47.74024810
47.74075299
47.80971760
47.81001985
47.83938681
47.90571845
47.90848749
47.92078886
47.98075193
48.05615665
48.08819853
48.18797442
48.21329651
48.21589424
48.23684147
48.25365141
48.38456900
48.41532571
48.41714477
48.46502316
48.52451640
48.53859511
48.58675708
48.68800783
48.71651805
48.73579875
48.74242348
48.74541704
48.76940976
48.79160664
48.87228796
48.91554514
48.96205971
48.97546425
48.98951851
49.12160728
49.14596394
49.14848135
49.22913503
49.28319400
49.32141308
49.34698622
49.35003188
49.36033121
49.36563344
49.36573707
49.39885761
49.41606643
49.42339772
49.42685654
49.46350157
49.51042142
49.55263861
49.56175098
49.56718400
49.60735166
49.63554696
49.65029426
49.70523062
49.71865112
49.76122426
49.78176952
49.78769990
49.81140460
49.84246381
49.88431478
49.89211877
49.89543242
49.93016321
49.96494255
50.00121855
50.03908378
50.04250777
50.10158844
50.12349668
50.16684281
50.17923732
50.20692237
50.21259738
50.21435368
50.22592940
50.28836430
50.29868190
50.29939893
50.30563538
50.32869708
50.33524987
50.36763112
50.37373292
50.38143730
50.38452359
50.41396742
50.44625969
50.45171658
50.46142809
50.46708591
50.47619149
50.53988512
50.55749504
50.56812356
50.59101140
50.59729594
50.61072228
50.63435305
50.63744531
50.70267563
50.72028041
50.74451559
50.84655107
50.85661682
50.88225392
50.89520046
50.91651207
50.91741517
50.99135325
51.03655828
51.07434341
51.13693664
51.14839994
51.21886475
51.24026295
51.24590995
51.29494422
51.30091135
51.31755206
51.32346153
51.32777296
51.33498321
51.36649189
51.38883381
51.39819619
51.43193269
51.44214855
51.45480867
51.45637854
51.46365625
51.51273858
51.55096856
51.59018690
51.61816249
51.66081040
51.68395415
51.71858339
51.80801357
51.87126122
51.95107059
51.96749287
51.98560445
52.01574592
52.05569467
52.12432386
52.13171178
52.15090788
52.17277688
52.23940342
52.28530601
52.33074259
52.36595083
52.37808873
52.38002564
52.38655839
52.41451124
52.56988379
52.60227733
52.65776487
52.73619790
52.76585329
52.76601236
52.76974512
52.80437878
52.82438735
52.83643007
52.86457243
52.88180907
52.89636742
52.90144224
52.97302310
52.98448929
53.02551919
53.03178642
53.05504285
53.07025590
53.17704124
53.25429073
53.31446315
53.33400956
53.34279037
53.35033831
53.35628468
53.37205909
53.38651462
53.38736991
53.41261177
53.41304056
53.46398619
53.52735706
53.55937001
53.62696032
53.63053708
53.66666537
53.67346414
53.76558287
53.82726775
53.87848116
53.88693626
54.00059071
54.02849820
54.06575640
54.09295040
54.16580143
54.22344870
54.22990760
54.27475069
54.30688964
54.32407923
54.33964293
54.36003617
54.36219334
54.37778408
54.40006350
54.40306995
54.43169456
54.52786906
54.55171558
54.59591836
54.64318102
54.68950033
54.70682176
54.74386661
54.75798612
54.76955235
54.77478179
54.89605309
54.90918894
54.94028737
54.94988892
55.00074358
55.00366727
55.00847560
55.01660754
55.10666337
55.11397535
55.21284709
55.24635827
55.28569934
55.30222871
55.31026694
55.38784766
55.39264497
55.39616292
55.39796401
55.40866824
55.42509219
55.47272455
55.51939584
55.53126824
55.55455976
55.58326400
55.62305044
55.63594141
55.63959639
55.64782001
55.66461083
55.67766582
55.68770566
55.83192296
55.85740120
55.92283674
55.93204515
55.94046640
55.96336066
55.97806387
55.98612922
55.99383370
56.03084471
56.06240995
56.07497484
56.09581203
56.11507510
56.11620952
56.13386708
56.15518198
56.17182584
56.18101006
56.18934800
56.22665354
56.25135743
56.30714383
56.38339203
56.39226034
56.39300323
56.45823990
56.47563786
56.47901508
56.48986978
56.49416156
56.50332412
56.53320660
56.64074187
56.64915822
56.65425821
56.74457392
56.75779846
56.76473986
56.77357135
56.77466210
56.82159699
56.83942600
56.89254135
56.90761932
56.91340471
57.03647380
57.05118668
57.06654947
57.10062349
57.10766022
57.16710681
57.18181750
57.19718259
57.22753443
57.23861116
57.25450879
57.29970497
57.36994715
57.37540274
57.43893280
57.46248568
57.49119130
57.51253678
57.53542918
57.56181742
57.63932409
57.64276361
57.65862151
57.70472707
57.74989049
57.77196015
57.80933660
57.82866949
57.85622900
57.86482384
57.92643959
57.94282828
57.95570214
57.97316704
58.11209135
58.12683126
58.17010917
58.17163331
58.17981083
58.18169689
58.19673946
58.21784652
58.26362033
58.27094259
58.30291888
58.34161011
58.34184163
58.45760033
58.46301273
58.51525541
58.51668994
58.52695570
58.55110773
58.59796233
58.60846946
58.63933297
58.74697252
58.75079221
58.81592463
58.87884260
58.88397985
58.89119197
58.90116141
58.91735631
58.94618985
58.96520118
59.06759290
59.11192585
59.16502006
59.22527365
59.25816808
59.27048570
59.29325521
59.29574621
59.33318508
59.37823472
59.39003360
59.43307841
59.45005792
59.45508739
59.49454422
59.51527008
59.56898642
59.57786661
59.58343280
59.63959478
59.65409390
59.67732834
59.74016911
59.74957707
59.75039224
59.80819439
59.82604918
59.83169081
59.84313901
59.85711994
59.92283323
59.94586859
59.94749503
59.99628560
60.04661675
60.04965709
60.05832150
60.09294284
60.11151543
60.13256849
60.15885332
60.17982933
60.18697888
60.20367150
60.24026696
60.24133695
60.25845991
60.27365183
60.29963001
60.30728823
60.32145663
60.36913422
60.41594908
60.46615659
60.49123432
60.50986747
60.57267235
60.58931144
60.61442431
60.61922136
60.65625130
60.76052521
60.80124045
60.80431566
60.87227132
60.88364003
60.96897725
60.97136655
60.99910433
61.03105215
61.06121688
61.07077765
61.07218605
61.10251123
61.17993533
61.18723921
61.19267808
61.22744773
61.28434431
61.28842171
61.29518827
61.29815556
61.30714907
61.31662678
61.34446157
61.39210070
61.40340319
61.42329194
61.43431640
61.43985920
61.45561570
61.51600145
61.53009056
61.67765810
61.69455697
61.69917525
61.69921365
61.70905772
61.72427365
61.73214731
61.75701089
61.76514546
61.86737570
61.87760242
61.87958443
61.90361368
61.98436534
62.00633253
62.02548450
124.00000000
