0.01564348
0.03653597
0.03883662
0.04432470
0.06080108
0.07083591
0.10409650
0.10970839
0.13742070
0.13799350
0.16204931
0.16812911
0.18148772
0.22761919
0.22960692
0.22967567
0.26284587
0.36631859
0.36766500
0.37683667
0.37726457
0.38070624
0.39570496
0.41351659
0.42023566
0.44789189
0.45957649
0.47215307
0.50144070
0.54949410
0.60066165
0.63331738
0.63856267
0.64430722
0.67295724
0.73521735
0.74876682
0.77304081
0.81490883
0.84399123
0.85112889
0.88651277
0.88682214
0.90845187
0.92191518
0.92658188
0.93651064
0.93978486
0.94640626
1.00397793
1.09405717
1.19846082
1.20087658
1.22703552
1.33910850
1.37399383
1.38880789
1.41965167
1.48061847
1.51385455
1.51651322
1.55739836
1.57174778
1.60569582
1.61307238
1.66551609
1.66893464
1.67710555
1.71686881
1.71989203
1.73264973
1.77016835
1.81329538
1.83493505
1.86570330
1.91996840
1.97012330
2.00586957
2.03147735
2.04592844
2.04769152
2.07237073
2.07405506
2.07649811
2.07846987
2.09959781
2.11052433
2.15366062
2.18261869
2.19476069
2.19853156
2.22989466
2.27754214
2.30585686
2.31719598
2.33402135
2.37520786
2.40079762
2.41307332
2.42137824
2.43097026
2.43112564
2.49471552
2.50096291
2.50987270
2.58853284
2.69273379
2.72546228
2.74522493
2.75800571
2.77453141
2.84347175
2.86664978
2.87443275
2.88403684
2.91693882
2.94711961
2.99831592
3.01882452
3.02570993
3.04809562
3.05728428
3.08758521
3.11704274
3.15334709
3.18052582
3.21383743
3.22099943
3.22780467
3.22872710
3.26381858
3.26898173
3.27653384
3.28850764
3.30899036
3.31876918
3.35966185
3.37997246
3.39771360
3.44857238
3.45904800
3.49377198
3.51036088
3.51122832
3.53094382
3.53550968
3.53951199
3.55888029
3.57075946
3.57934292
3.58353468
3.63276220
3.69687561
3.70356369
3.71542763
3.73239069
3.76871857
3.84153452
3.84851642
3.88214486
3.89822818
3.90030073
3.90142832
3.95061914
3.97703754
4.02200331
4.04930607
4.09847084
4.10137950
4.12086463
4.15024266
4.16452335
4.21980686
4.22335837
4.26713485
4.30695426
4.31430835
4.33349990
4.46870448
4.47938008
4.49960583
4.58858591
4.61020618
4.64060239
4.72592186
4.72631901
4.76715835
4.79436438
4.87329112
4.87550105
4.88327399
4.90283566
4.93327058
5.05890027
5.10156104
5.10201444
5.11938414
5.15665801
5.19709311
5.20684210
5.21752982
5.26209137
5.28597426
5.32497172
5.33008626
5.35072529
5.37552004
5.39028286
5.47410746
5.49110937
5.51555850
5.56453463
5.56856568
5.62326117
5.63080329
5.64981398
5.65429828
5.65799136
5.71194214
5.71372781
5.73904573
5.73957899
5.76452144
5.82827789
5.83333446
5.83689829
5.84342080
5.85213469
5.87261016
5.88034964
5.92263777
5.92481681
5.92635719
5.93440675
6.01672403
6.02333802
6.05673587
6.07002153
6.09693029
6.16357740
6.21133246
6.26352704
6.27242143
6.28221663
6.28260445
6.34011425
6.39496099
6.40580120
6.41915762
6.45942354
6.50352966
6.51386781
6.54438968
6.58751740
6.59636610
6.59856869
6.61176745
6.62476178
6.66013939
6.69707696
6.72642146
6.74038255
6.82731991
6.82833426
6.83084490
6.83174252
6.84083458
6.84343729
6.86298118
6.88989978
6.89651110
6.97480139
7.04390057
7.08274810
7.09915107
7.12644002
7.12844795
7.15459059
7.20385646
7.22513689
7.30781483
7.34131629
7.34899923
7.40590916
7.41025214
7.47036296
7.51225479
7.56878846
7.57610270
7.60725745
7.67873947
7.70514688
7.71680442
7.74679129
7.75058981
7.75680752
7.76338190
7.78374120
7.80999067
7.83229510
7.88102290
7.89163635
7.93051171
7.93082560
7.94584565
7.95178938
8.01517843
8.01913181
8.12826632
8.16680225
8.18270954
8.20630389
8.21722027
8.24632380
8.28302380
8.32848574
8.34583319
8.34871772
8.49799962
8.50152732
8.52751834
8.58999543
8.59830149
8.62501566
8.65533111
8.66329539
8.66487586
8.66757616
8.68176919
8.68456054
8.72127858
8.75118719
8.76027442
8.80564353
8.81371025
8.87767625
8.91900085
8.92585115
9.04255731
9.05408191
9.05408523
9.07044188
9.07816021
9.11498226
9.11642586
9.12021089
9.16152615
9.27219932
9.29325499
9.31335146
9.36775404
9.36815592
9.37313219
9.37837835
9.39836650
9.43448677
9.44586596
9.46570414
9.48494867
9.50220992
9.52528277
9.52819373
9.53240143
9.56498163
9.60546826
9.64458551
9.68956049
9.69339216
9.70215393
9.77980003
9.80924758
9.83166106
9.87269962
9.88077434
9.91155491
9.95170175
9.98033958
10.03667372
10.03987226
10.04826901
10.08566395
10.13351530
10.13465450
10.15105040
10.20452423
10.22193453
10.22443700
10.23420961
10.23438499
10.24759312
10.26032305
10.28513832
10.28649158
10.29022024
10.35966832
10.37956152
10.42315599
10.50385500
10.50430902
10.51017503
10.51471082
10.55104969
10.57332955
10.57403163
10.61831877
10.72458241
10.79329881
10.81755629
10.83504475
10.84803999
10.86330786
10.91350943
10.91616298
10.93968201
10.94055867
10.95422697
10.97673807
10.99152406
11.11208771
11.15693057
11.21771608
11.28152492
11.32593868
11.42314729
11.43017126
11.46462204
11.48132440
11.48825080
11.53562114
11.56099230
11.57262490
11.58536722
11.63754622
11.67713652
11.71649902
11.73402839
11.73504019
11.77227831
11.85568700
11.85729977
11.91011961
11.93752792
11.98542864
11.98569159
11.99696139
12.03098041
12.03901485
12.06728451
12.09392817
12.09657433
12.13150451
12.13601359
12.14515481
12.15005829
12.18332154
12.28879603
12.30127668
12.36103988
12.37192973
12.37265188
12.38764367
12.39378718
12.42861723
12.44613087
12.52832420
12.59957708
12.67309947
12.71303784
12.74164214
12.84158173
12.89964351
12.93850809
13.00872385
13.12358665
13.13592866
13.13698551
13.18321668
13.19142504
13.19268135
13.20031090
13.26088158
13.27910625
13.29040411
13.30137328
13.31323557
13.32903694
13.35503055
13.35573689
13.40770450
13.43497249
13.50710500
13.61857360
13.62839851
13.63648242
13.65039561
13.77711232
13.83773301
13.92919217
13.95929169
14.01287739
14.01864723
14.02684223
14.06630084
14.08858546
14.14483092
14.17678035
14.18746865
14.22845874
14.28659962
14.29838122
14.34604663
14.39989790
14.40362127
14.43601285
14.51472847
14.53110765
14.54473213
14.56293827
14.59556391
14.60267584
14.61674213
14.62142997
14.65085516
14.69091481
14.69806077
14.71274913
14.75427955
14.82659600
14.83137126
14.86531563
14.88241033
14.91256043
14.94343276
14.95076168
14.96999586
14.98420978
15.01300682
15.06714541
15.09331030
15.14342465
15.18889939
15.23097846
15.26401113
15.27428081
15.31345678
15.31532893
15.39255958
15.48257388
15.52715092
15.53304971
15.53782769
15.55822237
15.55997064
15.58483269
15.58816494
15.59556072
15.61925667
15.65402942
15.66082237
15.71200940
15.74415888
15.78339849
15.79688004
15.83265976
15.90647975
15.91479512
15.94584300
15.99410876
16.00225140
16.01058581
16.01126392
16.03018373
16.05776639
16.06814041
16.08063250
16.08156191
16.10449734
16.10553131
16.14056205
16.17014018
16.18478013
16.20186736
16.21155253
16.21223470
16.24693984
16.25922879
16.27094320
16.28204433
16.31270330
16.32738101
16.32833185
16.32992887
16.34041228
16.34520183
16.35332070
16.39038812
16.43879157
16.44997620
16.45167853
16.45799368
16.48322294
16.49076680
16.49766093
16.50256032
16.52372917
16.55999527
16.56485833
16.57388768
16.64850393
16.67358414
16.68647645
16.71722881
16.72845618
16.82477000
16.83123619
16.84011678
16.91138549
16.92672787
16.97181201
16.97788130
17.00089398
17.01083578
17.02858628
17.03460287
17.06102441
17.17158312
17.17793880
17.20427904
17.21285067
17.25481235
17.27119641
17.30487908
17.32783985
17.35635449
17.36312169
17.38822344
17.42781032
17.52708830
17.54526068
17.57389386
17.59158552
17.61499795
17.64124535
17.65630282
17.68798612
17.70432395
17.72575723
17.72706200
17.73576395
17.79261795
17.81471713
17.81625966
17.85389287
17.86396831
17.87214452
17.90943614
17.97007509
17.97927919
17.98933359
18.06221657
18.13488418
18.17919976
18.21924878
18.28595871
18.28850389
18.33354081
18.38798707
18.39355044
18.40026638
18.48837966
18.55828576
18.62604688
18.62610186
18.63316185
18.65086668
18.66843061
18.68806621
18.69181436
18.70096703
18.73039106
18.76597017
18.77474334
18.79814348
18.86800588
18.88415763
18.90556965
18.92288793
18.93723805
18.96496802
18.97426666
18.99612873
19.00033075
19.00141563
19.01612233
19.02008240
19.05499673
19.06103061
19.06484561
19.07860366
19.08683714
19.10397726
19.11659441
19.17680327
19.21093742
19.22015108
19.23249566
19.25055524
19.25828376
19.26770183
19.28206092
19.29680529
19.36425808
19.39582234
19.40680710
19.40700406
19.48277066
19.48987872
19.49989532
19.58214045
19.59272943
19.60724214
19.64963075
19.67997815
19.69588439
19.78655545
19.79486217
19.81469128
19.92163748
19.92945956
19.93361143
19.96604525
19.98823813
19.98885021
19.99182780
19.99852018
20.00741349
20.03772430
20.04675095
20.04782026
20.06210448
20.06754850
20.07711220
20.08320501
20.14313212
20.16610278
20.18900276
20.21230604
20.24436584
20.25172806
20.26266570
20.27796262
20.27881956
20.34050645
20.35714430
20.36014416
20.38985924
20.39496965
20.45014324
20.50012818
20.55683017
20.55849251
20.57373631
20.59816286
20.60207628
20.61102109
20.63757253
20.63882626
20.64114308
20.71509220
20.72260210
20.72440929
20.74096464
20.83345713
20.85306560
20.85376388
20.85874991
20.87432647
20.88082161
20.88295278
20.89626892
20.90117098
20.91983090
20.92640516
20.97001721
21.06733678
21.08054050
21.18983997
21.20925827
21.25832225
21.32433202
21.40014114
21.40596642
21.44344523
21.51479004
21.62778820
21.64076243
21.69581881
21.71909818
21.74039535
21.75853159
21.76291635
21.78187654
21.79564970
21.80751499
21.82460018
21.87790623
21.90913125
21.92446018
21.93939597
21.99790230
22.00644270
22.09648333
22.13543808
22.17252878
22.18431496
22.19900918
22.24397086
22.25262231
22.28758841
22.31465246
22.33030710
22.34630225
22.35393395
22.35619106
22.38800403
22.39145542
22.39196414
22.40610898
22.42179069
22.45189996
22.59294407
22.60561364
22.60880386
22.63821293
22.68745619
22.68928240
22.70452846
22.75671278
22.76602041
22.78129526
22.83340874
22.86434696
22.90174275
22.91529587
22.93385357
22.97305998
22.98561243
23.02597178
23.08674600
23.09521120
23.10739825
23.11466521
23.11496384
23.14230521
23.14428691
23.19381040
23.21822189
23.23963495
23.24122903
23.24333354
23.25937560
23.28440327
23.34644491
23.37996692
23.51681999
23.52433318
23.56978225
23.59063605
23.63880605
23.65156590
23.73079759
23.74539843
23.77013419
23.80230348
23.82571184
23.82681415
23.83294345
23.84622826
23.84971086
23.87562082
23.87757020
23.89534096
23.92709422
24.00097060
24.01602194
24.03674778
24.07948902
24.11750921
24.13436400
24.13458351
24.13959362
24.14074554
24.15051427
24.17748355
24.24421859
24.25568662
24.26960148
24.28925620
24.29082407
24.30417042
24.31263370
24.32264751
24.34983838
24.44016727
24.50406210
24.51268247
24.53648157
24.57698742
24.60651006
24.62155036
24.62619683
24.64597626
24.65766711
24.68535085
24.71046732
24.73909466
24.75140793
24.78444380
24.82193074
24.82573150
24.83923161
24.85015521
24.86136926
24.87087246
24.94629676
24.94886245
24.95186597
24.96497303
25.03408602
25.04535621
25.10078268
25.10430773
25.14058039
25.16150533
25.21982301
25.26770113
25.28643179
25.28662866
25.28981061
25.36205651
25.38543346
25.38670395
25.40689920
25.46628925
25.49549565
25.50279761
25.54629371
25.57728655
25.59507535
25.64129406
25.68771756
25.68864543
25.71531344
25.75366287
25.75757911
25.76508904
25.83090203
25.84404564
25.87454387
25.88461053
25.93930120
25.97045826
26.04782541
26.05316015
26.12304915
26.13598678
26.14380254
26.17402126
26.18466878
26.23819697
26.29163034
26.31097926
26.31751697
26.35383339
26.35972320
26.36477897
26.38433401
26.40055596
26.40536686
26.40786706
26.41530895
26.44125755
26.47013234
26.47854980
26.47870483
26.47895694
26.50622775
26.53946274
26.54185135
26.55367494
26.56186719
26.58930407
26.61590071
26.64436508
26.67218478
26.67846371
26.72365813
26.72839047
26.73153990
26.77143467
26.83658866
26.86430074
26.90316228
26.92140990
26.97082685
27.06630819
27.07934693
27.08439741
27.10379778
27.12448779
27.14397612
27.14690730
27.16477279
27.18825396
27.21459486
27.26019419
27.26103157
27.27371181
27.28970363
27.29079594
27.29264629
27.29409561
27.31478554
27.32933539
27.35244079
27.36214861
27.39778541
27.40815431
27.41044312
27.42836775
27.45662362
27.47782583
27.50893246
27.51319823
27.53934029
27.54191257
27.58311475
27.62322836
27.66880810
27.67520121
27.72504942
27.76043956
27.76315235
27.77473228
27.79160833
27.79216299
27.79993634
27.82898898
27.83542009
27.84294657
27.86487575
27.86892762
27.92341685
27.95230805
28.00214004
28.03216769
28.07912289
28.09171431
28.12699305
28.14241511
28.16429025
28.17240329
28.17661743
28.17769408
28.24792591
28.32904983
28.33813659
28.35314095
28.37900822
28.39009420
28.39695136
28.53500485
28.55489606
28.58597638
28.59001560
28.61725933
28.62920496
28.71642483
28.75079298
28.80005083
28.81682063
28.88140249
28.88648297
28.91344513
29.16541456
29.21087984
29.23396946
29.24402938
29.29446652
29.29736532
29.31492776
29.36016442
29.38740098
29.39483819
29.40817626
29.43679728
29.46324491
29.49004057
29.51258252
29.57368349
29.57409341
29.58098804
29.59804115
29.60314025
29.62739891
29.71396367
29.71399037
29.71628693
29.73338471
29.73523942
29.73675002
29.75038542
29.79784651
29.80872017
29.82402558
29.85405182
29.85691042
29.87272258
29.87974579
29.95485585
29.97635020
29.97929451
30.00664807
30.01305378
30.05555580
30.07936682
30.09786772
30.10265724
30.11011778
30.16394750
30.19759347
30.24248791
30.24709024
30.25636612
30.29359443
30.30087422
30.30161197
30.32542544
30.34560055
30.35418638
30.37130470
30.39274851
30.52808851
30.53013355
30.53461401
30.65399470
30.68627868
30.69318087
30.71366528
30.78275179
30.81761170
30.82569828
30.85577881
30.87467956
30.92528545
30.94420205
30.99418581
30.99946152
31.02074219
31.06699578
31.07431357
31.08207842
31.08343732
31.12424159
31.15039204
31.16322919
31.16562040
31.18287268
31.23966162
31.24539639
31.24927428
31.25649638
31.28022192
31.30657960
31.34241762
31.36200999
31.39114193
31.39551672
31.49591630
31.54355291
31.55121660
31.59057663
31.64891667
31.70796509
31.72829823
31.77217413
31.77437365
31.82289215
31.83199063
31.83774370
31.86609888
31.86672536
31.99472341
32.00526920
32.01071613
32.01762306
32.04098980
32.04595555
32.09686982
32.17461570
32.18134700
32.23335632
32.25098603
32.28793813
32.32565708
32.33321249
32.33452462
32.34376524
32.35976418
32.36119312
32.45051741
32.45700837
32.46640105
32.47112474
32.47393223
32.52978189
32.57627209
32.60842233
32.66771021
32.66811782
32.67585566
32.67622018
32.76930345
32.78792651
32.79578333
32.82695799
32.84861724
32.85306676
32.92252586
32.94234447
32.95489551
32.96319311
33.02403731
33.03140470
33.04209827
33.07430965
33.07731668
33.09873203
33.10491760
33.17278596
33.22931844
33.26477514
33.28924821
33.29041463
33.31251823
33.32566794
33.33038107
33.36457586
33.42245359
33.53196561
33.55383655
33.65479058
33.65552196
33.66406916
33.68065673
33.72925652
33.73994465
33.77966604
33.80913064
33.87254907
33.88359500
33.90254066
33.90669535
33.91788470
34.00119854
34.01531492
34.07412841
34.07917455
34.13680123
34.14331567
34.17332678
34.20347473
34.22941764
34.24448123
34.27672135
34.28980466
34.30661383
34.31221312
34.33062481
34.34315516
34.40675067
34.41453804
34.46494581
34.46672445
34.48206871
34.49062616
34.51087440
34.51686109
34.54454771
34.57339759
34.57850529
34.67238629
34.72102210
34.74285020
34.74387576
34.74824473
34.74847686
34.76298284
34.77501361
34.81719872
34.82583832
34.83039923
34.84953204
34.85541777
34.87209888
34.88855282
34.91103028
34.99486112
34.99844687
35.01293379
35.03092101
35.03133477
35.05476793
35.09236710
35.11310077
35.12253434
35.15662147
35.20028672
35.21807365
35.26293776
35.26483967
35.27542872
35.29621373
35.32785686
35.35196032
35.35917641
35.35966202
35.36742343
35.37545325
35.43103960
35.47128287
35.48210750
35.49031724
35.54015448
35.55278775
35.56231069
35.61252579
35.66279764
35.69241858
35.71735906
35.73022029
35.82225419
35.87508348
35.87841164
35.92175494
35.97258348
35.97293753
36.27190424
36.34210373
36.35179832
36.39725933
36.41976234
36.57578119
36.64426391
36.67853188
36.69269511
36.70436903
36.71624442
36.78038438
36.82683900
36.84896330
36.85370434
36.88263764
36.88902774
36.91585663
36.91624578
36.92891832
36.94132116
36.96899572
36.97706928
36.99525188
37.00028356
37.01158900
37.02891207
37.05838015
37.08233423
37.08797605
37.09683120
37.10468515
37.22830751
37.23110558
37.24602622
37.33318125
37.34023752
37.41376224
37.42790899
37.43446699
37.43884710
37.47580923
37.48456521
37.52741763
37.54844339
37.55420970
37.62291823
37.63747557
37.65134490
37.65662307
37.69999761
37.70179774
37.73616260
37.75846664
37.77503487
37.79218944
37.79229759
37.82779490
37.88380188
37.88822606
37.90512579
37.91436337
37.93249737
37.95685520
37.97366451
38.00197930
38.03432865
38.03852437
38.04842067
38.13087263
38.15875572
38.17969078
38.19337622
38.19573154
38.22586957
38.31396644
38.37053107
38.37656955
38.39415632
38.40373707
38.40835134
38.41458391
38.42412608
38.45510342
38.51893027
38.52884979
38.53255069
38.57412188
38.59063356
38.62619476
38.62704530
38.64117332
38.65258208
38.66846254
38.67636059
38.67728412
38.70710751
38.72309083
38.76339707
38.80590583
38.81324400
38.85647757
38.86859817
38.88045049
38.89338083
38.90084995
38.90903688
38.98171260
38.99770869
39.02144585
39.02511417
39.05249602
39.07328799
39.07967037
39.15428533
39.16046282
39.18011952
39.18639875
39.30539441
39.41096786
39.42188161
39.47311744
39.49816286
39.74952712
39.75322644
39.77047683
39.77808686
39.82639307
39.83948090
39.88690957
39.93273957
40.01081421
40.03669761
40.10897358
40.18405995
40.21575850
40.26477477
40.27649893
40.27756544
40.27874446
40.40217192
40.41419137
40.44172099
40.47675241
40.48079134
40.53274105
40.59256123
40.64162013
40.68264948
40.73759940
40.76641590
40.76848115
40.77611044
40.78029232
40.83645189
40.90496136
40.92092595
40.92434257
40.99581345
41.01605787
41.02860640
41.04151182
41.08568412
41.12112060
41.12596866
41.21930916
41.23237046
41.23960898
41.28898581
41.31496004
41.31818175
41.32559146
41.39048006
41.39081747
41.45708442
41.46294044
41.46915061
41.51448124
41.52390851
41.56631774
41.59111382
41.61899083
41.62511316
41.63121156
41.73984503
41.73988195
41.79436000
41.83521957
41.83546713
41.92899780
41.95771100
41.95837851
41.96019213
41.96968750
42.03070848
42.08551423
42.10311258
42.12697362
42.12796649
42.17255367
42.22064990
42.24904145
42.31477663
42.34837984
42.44669208
42.45470179
42.46088525
42.48664562
42.50296908
42.51485618
42.51568449
42.56717071
42.59577017
42.61474395
42.69893278
42.81873854
42.82124941
42.83621503
42.87477245
42.87951258
42.91231487
43.01112002
43.03330296
43.09145591
43.14814946
43.18842014
43.23642909
43.26983067
43.29723127
43.31917697
43.39659102
43.40613153
43.41534369
43.42441978
43.49918501
43.57550059
43.59626593
43.59991353
43.62754697
43.63022001
43.64985867
43.65105704
43.66267035
43.66301974
43.73912647
43.81602261
43.83868183
43.84274856
43.84460826
43.85765319
43.88016860
43.90780570
43.95395412
43.95789122
44.02325658
44.02473193
44.03968455
44.05311417
44.05891829
44.09893599
44.12139014
44.15059958
44.19590650
44.23096719
44.24095553
44.24170061
44.24726302
44.29101068
44.30610175
44.31633910
44.35062961
44.38520873
44.43453985
44.44662342
44.45327277
44.46222764
44.48765987
44.49597034
44.53655067
44.62682483
44.63599620
44.64463674
44.71495214
44.71728367
44.79300830
44.81247854
44.83421390
44.86648107
44.87628869
44.87755009
44.88265758
44.95741056
45.00250439
45.01607739
45.03170464
45.04258825
45.05398352
45.06466343
45.12340480
45.16463209
45.17097520
45.17942118
45.18979378
45.19285773
45.29821818
45.33639770
45.37471704
45.43793201
45.46416245
45.50540893
45.53471201
45.54017419
45.55233298
45.59863559
45.66451826
45.69224340
45.69517414
45.73417067
45.78325125
45.79380519
45.83503074
45.83942913
45.85084843
45.85485673
45.91310328
45.99600831
45.99828479
46.00515588
46.02560251
46.03466370
46.14435244
46.14542060
46.15115452
46.16341616
46.16830872
46.17358170
46.21657949
46.24389582
46.26562641
46.29317785
46.37184198
46.37647008
46.43629801
46.44187240
46.45019033
46.46046048
46.50031734
46.50854510
46.60235917
46.65040299
46.65950120
46.66335268
46.69601153
46.69663196
46.76016663
46.76245065
46.77455628
46.78277039
46.79160366
46.79618036
46.80112685
46.84150433
46.94193347
47.03388462
47.03937784
47.07260668
47.14291660
47.19405778
47.22391127
47.23785240
47.25238249
47.30603286
47.30621763
47.31730668
47.36587830
47.38409082
47.42074091
47.50118190
47.54199812
47.60924444
47.62694271
47.62773641
47.74498115
47.91620364
47.91880119
48.02241400
48.04561784
48.09450491
48.09691540
48.12983946
48.12996654
48.14084818
48.15063611
48.15527448
48.17636688
48.20583314
48.23815593
48.27485671
48.29109663
48.36950501
48.37201609
48.37867459
48.41447785
48.43292452
48.44071700
48.44966371
48.46502316
48.50509057
48.52094416
48.52653512
48.55667894
48.58675708
48.66735429
48.67552691
48.67697708
48.67791631
48.69840582
48.70126462
48.71126443
48.74057220
48.76196018
48.77977858
48.80099437
48.80185989
48.80973631
48.81158128
48.82747081
48.84040136
48.86226587
48.87008307
48.92630406
48.98807642
49.06652549
49.07181534
49.09107698
49.12160728
49.15937625
49.16365377
49.16715327
49.20001615
49.22536782
49.24207281
49.24268389
49.27218211
49.28962722
49.30249713
49.31155175
49.35620076
49.40534336
49.41715436
49.41798433
49.45821433
49.47930480
49.55741943
49.55862088
49.57198623
49.58732911
49.60083375
49.63071935
49.63387431
49.66750645
49.70157205
49.70328101
49.72025907
49.81109743
49.82239417
49.82315805
49.86457094
49.88431478
49.92175390
49.96503725
50.03153836
50.03234640
50.03415658
50.03942351
50.12697091
50.19280075
50.24079734
50.30719054
50.39320912
50.39722640
50.42754479
50.43148568
50.44833786
50.49445451
50.51862312
50.52356106
50.54506091
50.62517296
50.64597891
50.64821882
50.64974970
50.65309345
50.65345138
50.69389768
50.82629619
50.87881895
50.90460128
50.95277861
51.02364847
51.08636632
51.09722431
51.13339262
51.14760308
51.16234835
51.18282940
51.19778707
51.20529210
51.22320934
51.26181542
51.32243385
51.35867351
51.36565794
51.36862943
51.37417251
51.41054827
51.41913545
51.42377453
51.43152973
51.43193269
51.44781244
51.55031149
51.57165633
51.63751507
51.64536073
51.64602598
51.65511608
51.69522511
51.69643747
51.71294998
51.71859291
51.72018070
51.73656442
51.74753810
51.75347716
51.77323541
51.78518442
51.82798608
51.95548733
51.99002502
51.99151890
52.01663470
52.03868568
52.05275992
52.07678559
52.08320120
52.14042172
52.15781505
52.20974171
52.21575316
52.28364802
52.28935573
52.30020197
52.33539027
52.34816517
52.39839644
52.43384415
52.45251636
52.46597801
52.47455176
52.53221740
52.54098589
52.54961755
52.55232359
52.56681558
52.58380821
52.60866584
52.64156869
52.66379981
52.67415895
52.69213594
52.69485482
52.72474811
52.75022472
52.76054980
52.80890058
52.87131859
52.88658488
52.89452015
52.89948273
52.90755613
52.92134155
52.94041055
52.94121006
53.04482964
53.05112392
53.11634391
53.13623662
53.18069346
53.28453970
53.30591085
53.33406769
53.37912237
53.39289256
53.39868595
53.41138075
53.41564769
53.42060905
53.44655934
53.47842007
53.50048071
53.53702582
53.56737059
53.61336995
53.61638977
53.62072803
53.63366119
53.65781800
53.66273572
53.68373262
53.78437699
53.79145071
53.84175829
53.85260794
53.85546446
53.90626641
53.90985284
53.92212799
53.95769653
53.98609256
53.99950734
54.01543230
54.02181933
54.02976288
54.03496689
54.03591319
54.03607277
54.07750516
54.13140862
54.18460823
54.19345401
54.22060939
54.22092821
54.25583257
54.32730381
54.33517180
54.38707080
54.42193776
54.45019643
54.46380268
54.47523958
54.47556833
54.48270751
54.54377443
54.56245874
54.57180594
54.58977123
54.62415123
54.63008521
54.65542906
54.68950033
54.70359217
54.72267459
54.72469146
54.79583604
54.80697091
54.84463271
54.88488233
54.91128195
54.91211181
54.91791321
54.94762188
54.99351294
55.01743042
55.07641059
55.08616192
55.12507277
55.13443468
55.14248189
55.15704728
55.20834091
55.22812718
55.23622186
55.25137160
55.26009340
55.26983186
55.27195028
55.27488047
55.28101392
55.28683894
55.30222871
55.30807008
55.32015177
55.34464548
55.34808659
55.37196822
55.38295411
55.40344335
55.42398091
55.44236735
55.45249177
55.47217296
55.49199310
55.54374090
55.56074378
55.57692150
55.58114536
55.58161297
55.60286927
55.60324979
55.60499715
55.63554686
55.64422864
55.64853528
55.66066805
55.66943783
55.66949956
55.67721933
55.71502610
55.73316776
55.75573259
55.79599973
55.82988794
55.83124545
55.83761002
55.97191971
55.97521862
56.00826634
56.06588220
56.09581203
56.10734968
56.11373830
56.13386708
56.15338160
56.15585874
56.21679409
56.27914710
56.31527672
56.50995857
56.51400794
56.54561180
56.56129811
56.57440486
56.58933470
56.62081622
56.62130384
56.63764383
56.65396356
56.66328753
56.69895438
56.72997016
56.88446860
56.89700577
56.94259235
57.00002581
57.03341491
57.04094033
57.08084360
57.08780994
57.10892672
57.12792614
57.18614780
57.23847823
57.23957160
57.25691425
57.27301980
57.30723381
57.35807507
57.37542301
57.38890620
57.39128719
57.40635201
57.44358903
57.46967860
57.56226726
57.59428939
57.61581039
57.62549188
57.63027695
57.65548341
57.66702270
57.69274122
57.69618805
57.70295721
57.70478004
57.71068928
57.94631408
57.96442751
57.98934456
57.99410562
57.99584194
58.00080849
58.03227631
58.04577660
58.11505014
58.15059084
58.18230647
58.18745729
58.22044353
58.24920023
58.40784139
58.43656176
58.49211561
58.53398889
58.55110773
58.57591424
58.62673410
58.64625333
58.65855540
58.74244598
58.78480831
58.81280992
58.82167688
58.89773328
58.90538906
58.93025630
59.08399159
59.09205345
59.13464449
59.13938466
59.17867674
59.24078748
59.26224839
59.26819216
59.35223924
59.35454001
59.37328088
59.39323279
59.40300817
59.43983449
59.44293491
59.47086238
59.48275921
59.49454422
59.51244644
59.52137255
59.54206960
59.55898514
59.61511281
59.62970639
59.64508370
59.69204112
59.69528184
59.72717656
59.73665820
59.76368251
59.80761338
59.82214680
59.82603011
59.82604918
59.88359477
59.88468525
59.88619408
59.89178294
59.93915806
59.96564105
59.97550979
60.03899226
60.09591572
60.15437553
60.17447514
60.19612386
60.27929849
60.30401408
60.33197457
60.33767378
60.33820298
60.34403625
60.34936364
60.36339704
60.36913422
60.42698965
60.47125671
60.47842973
60.49123432
60.49894406
60.51066917
60.56229209
60.56444521
60.57261873
60.60214361
60.63360820
60.67014939
60.69030128
60.69328536
60.69726052
60.70088565
60.74114250
60.76001141
60.78165072
60.81931943
60.87111950
60.88584074
60.91296508
60.91302585
60.93611321
61.02360553
61.04835280
61.06160299
61.07077765
61.08364982
61.10432503
61.15922009
61.20141892
61.22642411
61.25528915
61.28002705
61.28573227
61.30776448
61.32911438
61.36094537
61.51459153
61.57582480
61.60734364
61.64468470
61.69531823
61.77695652
61.79143863
61.79887337
61.84038133
61.84934286
61.88912707
61.90536557
61.91594801
61.92330864
61.94632272
61.97500686
62.08108029
124.00000000
