0.01895250
0.04297875
0.08852906
0.12526736
0.20668190
0.24955300
0.28666955
0.29449392
0.32453826
0.33960609
0.34300830
0.36962324
0.39770133
0.40243830
0.44884241
0.45957649
0.47983608
0.48336190
0.49010243
0.50991672
0.52398858
0.58193452
0.58733216
0.61188970
0.64990755
0.75624536
0.76054363
0.76247223
0.77290560
0.77498070
0.77987026
0.79345962
0.89358014
0.89554589
0.91434923
0.92451341
0.92820865
0.95319879
0.96733772
0.98030656
0.99419118
1.03006324
1.03564668
1.04986806
1.10230737
1.10499347
1.11190129
1.12306571
1.13785293
1.18021876
1.18030289
1.21176032
1.26587356
1.26744278
1.28022494
1.30547845
1.37459284
1.40557962
1.44562739
1.45946859
1.49223277
1.49697160
1.49702419
1.54239600
1.61911598
1.62489164
1.64942887
1.66491496
1.67522635
1.71722661
1.74714921
1.75856459
1.76520806
1.80545658
1.81157378
1.83018166
1.89869639
1.92302368
1.96079170
2.00297134
2.06917196
2.11951399
2.13010675
2.13073459
2.16969598
2.22769520
2.23916616
2.30231042
2.37925869
2.38634218
2.38666014
2.41134748
2.43150238
2.52694815
2.53808052
2.55763766
2.56290966
2.57035322
2.58011127
2.58105763
2.59206685
2.61461465
2.61562341
2.62549781
2.66133830
2.66261037
2.68148872
2.68428725
2.72723265
2.75475862
2.76160426
2.77743705
2.77890672
2.80742447
2.82277281
2.85705274
2.85787442
2.88478897
2.88549681
2.90141741
2.97864407
2.98729932
2.99637748
3.06602212
3.07339192
3.11521166
3.11604359
3.16058345
3.21383743
3.22487446
3.24006542
3.24039965
3.37777083
3.43354880
3.45206753
3.46510528
3.46810285
3.48592226
3.49745780
3.53717834
3.55642988
3.56183092
3.57934292
3.62103514
3.62115708
3.63276220
3.64927948
3.67303291
3.68524073
3.70759536
3.71997107
3.72226105
3.75102393
3.79096371
3.79876426
3.80402324
3.86007674
3.95305907
3.95595058
3.97146631
3.97799847
3.99517158
4.01694429
4.01821790
4.01879709
4.02547354
4.08100646
4.09786709
4.11235598
4.12325398
4.19033665
4.29829598
4.39213546
4.40884337
4.43102370
4.45504410
4.51048988
4.52672324
4.52965574
4.53205590
4.54237984
4.56432182
4.63888754
4.67724740
4.76894107
4.77546577
4.77794171
4.83811357
4.87399530
4.98189058
5.10824890
5.13660333
5.15665801
5.22889054
5.23673768
5.23893629
5.23919100
5.31865607
5.32361100
5.32680963
5.35072529
5.40921538
5.51555850
5.53816671
5.55770015
5.56604930
5.62203202
5.62326117
5.63892034
5.69818882
5.71067050
5.77126404
5.78819368
5.83008944
5.85213469
5.86782659
5.89962894
5.95387692
5.97159812
5.99808549
6.05810596
6.09582870
6.10333177
6.11397584
6.12043767
6.12387430
6.12802782
6.20911527
6.21016417
6.24279080
6.25241984
6.28902995
6.29378667
6.30990468
6.39673743
6.41372720
6.42441591
6.45218582
6.48443791
6.50352966
6.51669746
6.53277074
6.54685209
6.58934447
6.60884126
6.61148769
6.61509851
6.61854106
6.62204484
6.62701099
6.65026001
6.73811492
6.74266128
6.76320429
6.83537057
6.86602673
6.87510659
6.95522703
7.00210252
7.04772397
7.09673869
7.15494440
7.18877591
7.27922938
7.30375565
7.41669314
7.51898324
7.52769799
7.56962410
7.60612465
7.64502405
7.68015591
7.71292052
7.75457350
7.77549961
7.81902221
7.84086916
7.87872423
7.88829330
7.89163635
7.90082157
7.90940806
7.94121877
7.95471074
7.99187186
8.12321679
8.16317785
8.20249710
8.22736457
8.23635267
8.23710559
8.26540280
8.27413010
8.28302380
8.30841533
8.35783664
8.37483111
8.37733657
8.41169428
8.42308466
8.43860482
8.44948367
8.47167663
8.55146653
8.55606280
8.55773908
8.57219265
8.59830149
8.62219199
8.62640083
8.65022493
8.65943983
8.73853538
8.75539009
8.76487707
8.78076817
8.80079401
8.83387825
8.84927934
8.85129507
8.86453154
8.92585115
8.99226090
9.02424752
9.03924889
9.06019247
9.07025915
9.07058968
9.07755573
9.08928531
9.09111887
9.11381177
9.15720316
9.18359247
9.19093728
9.20797547
9.22147600
9.25786529
9.27219932
9.32185676
9.32320814
9.32974567
9.33702134
9.35499030
9.35589372
9.42702085
9.49534893
9.49644350
9.49931500
9.50048756
9.52828808
9.59115669
9.59219564
9.60464154
9.60930631
9.61942147
9.63916540
9.68428406
9.70215393
9.72071157
9.75964504
9.77113842
9.79678788
9.81435088
9.82490946
9.83166106
9.96273767
10.05146686
10.05264208
10.07015686
10.08353868
10.09221267
10.11602466
10.12707228
10.12889644
10.19814506
10.21941599
10.23219531
10.24759312
10.28975274
10.29307676
10.29820244
10.29920004
10.31595941
10.33625412
10.36013801
10.42393234
10.44899272
10.48943364
10.52410799
10.53509828
10.55111779
10.59327263
10.60401961
10.64235130
10.64470147
10.72204830
10.74982061
10.75124192
10.76680437
10.79865791
10.80154675
10.84803999
10.85270548
10.86288527
10.95560963
10.95830565
10.96272955
10.96817217
11.00517433
11.00904043
11.16212401
11.18918769
11.20329987
11.26898394
11.27155544
11.29219327
11.34129177
11.34159705
11.34694429
11.38623667
11.40381497
11.43168228
11.46157607
11.47365917
11.48479394
11.68815931
11.70266596
11.71569596
11.71649902
11.74306529
11.75150503
11.79081935
11.87103772
11.87852474
11.96558538
11.97974904
11.99476065
12.08296281
12.18408933
12.19976074
12.25085843
12.26173973
12.27578116
12.28181413
12.30441020
12.32470043
12.32765230
12.33143689
12.38736094
12.40325392
12.48420193
12.50359391
12.51745343
12.54219802
12.55056267
12.57392678
12.59152672
12.61316993
12.64004065
12.76776921
12.77981577
12.79492517
12.82110795
12.83713977
12.84958205
12.86299336
12.88042709
12.88771963
12.89920384
12.90348067
12.91157568
12.92607146
12.98457675
13.06757367
13.07581861
13.08677258
13.10038972
13.16748914
13.18899394
13.20069647
13.21777608
13.22671794
13.25046028
13.29040411
13.29718234
13.31075093
13.33034484
13.34900755
13.37926255
13.40957031
13.42127291
13.46444176
13.48342562
13.49060556
13.50264875
13.50567497
13.54177609
13.54689673
13.54770740
13.55210975
13.58808237
13.62364459
13.68215120
13.70825005
13.74954489
13.77007673
13.77383798
13.77975654
13.81993461
13.82608008
13.82968948
13.83477710
13.84003034
13.86232190
13.89596302
13.92506345
13.95060158
13.97983990
14.01631865
14.02134570
14.04883845
14.07437077
14.09389319
14.09466531
14.11159155
14.11274511
14.11580118
14.12789871
14.19200117
14.21836312
14.22174648
14.27695322
14.27749405
14.28596495
14.28912567
14.29838122
14.31325959
14.36517248
14.43660580
14.46724080
14.46875427
14.47762397
14.50282100
14.57559411
14.62805106
14.65464959
14.66732094
14.67571890
14.72900624
14.74644429
14.74910245
14.75084057
14.76541063
14.78748396
14.79193362
14.83515637
14.85139547
14.87053589
14.91227227
14.96316597
14.97190126
14.98604127
15.00209378
15.02909570
15.05222694
15.06239541
15.09331030
15.10532460
15.11491381
15.20172895
15.25575773
15.27622779
15.28712843
15.29391781
15.31639872
15.39342451
15.44632946
15.49182712
15.50471125
15.52715092
15.54463592
15.60158740
15.62757620
15.63364709
15.67059137
15.77242950
15.82976773
15.86231076
15.88535800
15.94584300
15.97738561
15.98162119
15.99999337
16.02751389
16.03018700
16.05568732
16.06184254
16.06393565
16.08870051
16.08919642
16.09345081
16.12302515
16.14350287
16.14380714
16.20441918
16.27144977
16.29540160
16.34520183
16.35273442
16.39369003
16.42070398
16.42770522
16.42923119
16.43662369
16.44722775
16.46615511
16.50256032
16.56118706
16.57792068
16.57919025
16.58245366
16.58952170
16.61666257
16.61915309
16.65468342
16.68544727
16.73904454
16.76361446
16.76789750
16.76972745
16.82744850
16.90537653
16.93304146
16.95169684
16.96520331
16.98050454
16.99244352
17.09400092
17.12451930
17.14460827
17.16237881
17.17181081
17.24529467
17.25356155
17.28535034
17.29531719
17.29557367
17.29603655
17.32192856
17.40118620
17.41921457
17.42027746
17.43802974
17.49879457
17.50230278
17.57349588
17.58372694
17.61250289
17.77786085
17.78571678
17.80993846
17.81554407
17.82091825
17.83915726
17.89590757
17.91616795
17.93013235
17.96343781
18.00000428
18.04422855
18.06546782
18.10311733
18.14476897
18.21195526
18.21334709
18.26003256
18.29232271
18.35459262
18.36882747
18.37523647
18.39211225
18.39263208
18.39566801
18.40190717
18.41019164
18.46189031
18.51497666
18.54651513
18.56218373
18.59467623
18.59566021
18.62604688
18.63479432
18.63824854
18.65640694
18.66493192
18.77920020
18.80774959
18.82614440
18.83622307
18.85891999
18.89812567
18.90556965
18.90990643
18.91108455
18.91126035
18.91485703
18.92603238
18.93299928
18.94954548
18.99609566
19.05900343
19.06469527
19.07126562
19.10232744
19.10290152
19.12501527
19.13388921
19.15501993
19.20199978
19.25048148
19.30700653
19.33294821
19.36615065
19.37667233
19.38389061
19.39349294
19.39798002
19.40477282
19.42518481
19.44296798
19.45412508
19.47641803
19.54710606
19.56993384
19.57289753
19.57939564
19.59478989
19.59628644
19.60904355
19.65297650
19.66342888
19.66745771
19.66901134
19.68416433
19.73317172
19.73630018
19.77960349
19.79844636
19.80123401
19.92157277
19.92476879
19.93270950
19.97751108
20.01542386
20.11722286
20.11734919
20.14890253
20.16610278
20.17548237
20.18171260
20.19901265
20.23683182
20.29912635
20.30475837
20.31087428
20.34768280
20.38985924
20.42872767
20.43487469
20.48769100
20.49471594
20.51296384
20.52213822
20.52630411
20.54294026
20.57372997
20.59816286
20.61341844
20.63339716
20.67151434
20.74299333
20.78969129
20.83832192
20.85037782
20.85613480
20.85749220
20.87432647
20.88221100
20.89994800
20.91836703
20.97001721
20.98856952
21.00319987
21.00442763
21.02484272
21.02747118
21.04391618
21.07865150
21.10492967
21.19070637
21.20061203
21.23104602
21.24956708
21.26151703
21.34946396
21.40336079
21.43272914
21.44694967
21.45089150
21.45424311
21.47201569
21.47754120
21.49636759
21.52276883
21.53395817
21.58058915
21.61781895
21.64101093
21.66631587
21.70645308
21.74963127
21.80891703
21.82178070
21.85402609
21.93939597
21.95070037
21.95491968
21.95759727
22.01184192
22.03599827
22.04841812
22.10281468
22.12576687
22.13559802
22.14245074
22.17897012
22.20915650
22.24022330
22.25336974
22.27564547
22.31346423
22.33123498
22.34860295
22.35843600
22.36142745
22.38988374
22.40094079
22.43448163
22.49437460
22.52072074
22.57847615
22.60121821
22.65310204
22.68430074
22.68588016
22.70452846
22.74526733
22.88925792
22.90519696
22.90648626
22.95118389
22.99495257
23.01279296
23.03620855
23.05595521
23.06147152
23.08674600
23.08707714
23.11521431
23.12580697
23.12917687
23.17463196
23.18550302
23.21381351
23.21624757
23.21822189
23.23963495
23.28499893
23.28792371
23.33435367
23.39729338
23.43507553
23.45460947
23.45756283
23.46486105
23.48149675
23.49233774
23.50743901
23.56155354
23.63393517
23.68026022
23.70767317
23.75108325
23.75434849
23.75635209
23.77013419
23.77894744
23.79964397
23.84066647
23.87091993
23.87893723
23.91478733
23.98788310
24.00213869
24.01319673
24.02347010
24.04107869
24.07103828
24.08728036
24.11032421
24.11750921
24.13959362
24.16384143
24.19961100
24.22830057
24.22930932
24.32787180
24.35802890
24.36498507
24.40571990
24.44272227
24.49578177
24.53299706
24.55054477
24.57838994
24.61784915
24.61835295
24.64597626
24.67178941
24.68247187
24.68369055
24.68991832
24.70780410
24.73678951
24.76618657
24.79841590
24.82551363
24.83718967
24.88499447
24.89146798
24.89982780
24.97135400
25.02515295
25.03407768
25.04227169
25.14420901
25.19542253
25.25974415
25.26480864
25.28996911
25.33493962
25.34633643
25.36114861
25.36980161
25.45727579
25.49284212
25.51592273
25.56230134
25.56264330
25.58334769
25.66996134
25.68771756
25.69254018
25.69897636
25.70460233
25.72004566
25.77551175
25.77685674
25.81918002
25.82456255
25.84863312
25.87021165
25.93245951
26.01584656
26.02037248
26.10700204
26.12418703
26.13413739
26.18005774
26.26904430
26.28683243
26.29810249
26.30735312
26.35972320
26.36682310
26.37292497
26.39512702
26.41530895
26.42221005
26.42831686
26.43484340
26.46368203
26.50402498
26.50570961
26.61590071
26.66590416
26.72670706
26.73635585
26.83658866
26.86649562
26.87382794
26.90373714
26.91881267
27.01196367
27.04077412
27.06568631
27.07552919
27.08911790
27.11371160
27.11802554
27.25151776
27.31869533
27.33529139
27.34056731
27.37910276
27.38676710
27.46917474
27.55227137
27.57997747
27.63089315
27.64166251
27.74465469
27.79216299
27.87605920
27.91300680
27.91651248
27.91703009
27.96560542
28.01505903
28.03948881
28.06495440
28.07220946
28.07484107
28.14289632
28.16556639
28.17185347
28.20054629
28.23389118
28.25637481
28.28611862
28.32762080
28.38216056
28.38448792
28.39446489
28.46333652
28.46805585
28.49138635
28.51117676
28.63988138
28.64864158
28.67464062
28.68301594
28.69311780
28.70206753
28.70248248
28.70302450
28.73853467
28.74955524
28.80696224
28.83328074
28.85947067
28.90453763
28.91046755
28.98037830
29.00622242
29.01351453
29.01817876
29.03689056
29.05815543
29.06146276
29.07691339
29.09648909
29.12440155
29.14543658
29.21387347
29.22025236
29.27963380
29.28535520
29.29590477
29.39025487
29.40866966
29.41062226
29.46918931
29.49054034
29.49535866
29.51689105
29.51961168
29.53271045
29.55905925
29.56903210
29.59353952
29.59586624
29.59886923
29.61228609
29.63878059
29.66499607
29.67535383
29.72040294
29.72207117
29.74509393
29.75110536
29.78222492
29.78609056
29.80604368
29.93304485
29.93767226
29.97177734
29.98362299
30.00969722
30.05555580
30.05678836
30.09314499
30.11867875
30.17483341
30.18366252
30.18603700
30.18613640
30.20900067
30.21158252
30.29814269
30.32956587
30.45891817
30.46489620
30.48312258
30.51366423
30.53481990
30.61605948
30.66911688
30.66972067
30.67020946
30.75823944
30.78186261
30.87467956
30.92410800
30.99224002
30.99418581
31.01370172
31.02840941
31.03685002
31.04887550
31.09057935
31.09414547
31.11584056
31.11872863
31.19592865
31.23971874
31.27337699
31.27931798
31.28022192
31.29001656
31.30515559
31.31349817
31.31689985
31.40900964
31.42199976
31.42903472
31.43188335
31.43589991
31.48011606
31.51787121
31.52832742
31.53658220
31.63165648
31.63991686
31.69050010
31.73521646
31.79216064
31.83178043
31.86520843
31.88147909
31.89680627
31.90123136
31.92887431
32.06743253
32.11165248
32.15360924
32.18517163
32.18676204
32.21449050
32.22602609
32.24107365
32.24421695
32.25335818
32.26175528
32.29806746
32.34315683
32.35789068
32.44524693
32.45214008
32.46242333
32.49924693
32.50273793
32.52261854
32.52978189
32.58297841
32.58770888
32.62107487
32.62641370
32.70836863
32.71158909
32.72175409
32.73241243
32.73933167
32.74512153
32.75603877
32.77282857
32.79884222
32.81204555
32.84620893
32.85544094
32.86518887
32.86572367
32.89104038
32.93450282
32.96675417
33.02444509
33.04320205
33.04797522
33.04872623
33.07521452
33.08179665
33.12161028
33.15004076
33.24328738
33.27783229
33.28104898
33.29225443
33.38078175
33.41437599
33.45986605
33.50085615
33.50124469
33.50723351
33.52646685
33.53170744
33.55416874
33.61573669
33.61967251
33.62843662
33.71279078
33.73341605
33.75337561
33.77966604
33.84983298
33.88116359
33.92396024
33.95260881
33.97481908
33.98678877
34.04262777
34.07412841
34.12170607
34.12361166
34.13552089
34.15950771
34.15956794
34.17386054
34.18892303
34.20827658
34.25755927
34.27337407
34.32742505
34.34764974
34.36122937
34.37757165
34.38731607
34.51622718
34.52684770
34.59431584
34.61417232
34.67238629
34.69962113
34.70825673
34.72641720
34.74824473
34.79288521
34.79561598
34.82677996
34.91200038
34.91731707
34.91910971
34.93308028
34.94333495
34.95343487
34.98256370
35.01262237
35.04982783
35.08660567
35.13955434
35.16654987
35.16922412
35.17211123
35.20765998
35.22588465
35.23427592
35.23651868
35.25713864
35.26986975
35.27155485
35.28747529
35.32406872
35.34176642
35.35796323
35.37881346
35.38503531
35.43462741
35.47404186
35.49218858
35.53730930
35.58994977
35.61883245
35.62126017
35.63145645
35.71305710
35.71418989
35.71457652
35.72546570
35.74320609
35.76346559
35.81858062
35.85093732
35.86318030
35.86911180
35.89179499
35.92036982
35.96622368
36.07151881
36.09610295
36.16331762
36.18205143
36.18844346
36.20257147
36.21298769
36.21576057
36.29028572
36.30456108
36.31095932
36.34210373
36.35366796
36.39844645
36.41870585
36.43016740
36.50476361
36.51903346
36.56396719
36.56924756
36.60043317
36.60178436
36.64933139
36.70181429
36.75069592
36.77841310
36.79944386
36.80310979
36.83616294
36.85762581
36.91172684
36.97881385
36.99755337
37.01690420
37.03145313
37.08797605
37.11445167
37.16504189
37.20557814
37.25657950
37.25727543
37.35238161
37.40050311
37.42790899
37.43687293
37.44456752
37.45182638
37.45313394
37.48208829
37.55856609
37.56901289
37.57649805
37.61118351
37.61237563
37.61241458
37.73098927
37.73700321
37.83850074
37.86753911
37.89399209
37.95393748
37.97366451
37.97386933
38.08084738
38.16189336
38.16833458
38.18045793
38.20346103
38.28749056
38.30020095
38.30180970
38.31241928
38.38083902
38.38661648
38.41578638
38.42412608
38.43203327
38.45071035
38.45111501
38.58691358
38.59056347
38.59176671
38.60604798
38.63685387
38.64794142
38.69916023
38.71798831
38.72425330
38.84297535
38.88468899
38.89694446
38.92031127
38.95811769
38.99301797
39.05062297
39.06077002
39.06636662
39.16167890
39.20792503
39.23984888
39.24529693
39.29475540
39.30562025
39.35894427
39.46911437
39.51497710
39.56289830
39.59611955
39.64506652
39.69907259
39.74087278
39.80535358
39.85010796
39.86908589
39.86990605
39.89757107
39.99212301
40.00756621
40.02234019
40.04298745
40.07702948
40.10234077
40.12844772
40.13644841
40.16938827
40.17136736
40.18270502
40.21957184
40.30491206
40.35651073
40.36386897
40.37885566
40.38018197
40.42825527
40.44320236
40.44652114
40.47675241
40.48499963
40.52514469
40.53716659
40.54170803
40.58260878
40.59094685
40.59791743
40.71926448
40.74766746
40.77611044
40.78413470
40.78649437
40.79541364
40.83347780
40.85808990
40.87374584
40.90344138
40.93416821
40.95002311
40.97836441
40.98844727
40.99760913
41.07146900
41.08164716
41.12595675
41.14461363
41.21583581
41.25987610
41.27352749
41.31249475
41.32167339
41.32264367
41.33713766
41.36622273
41.39309891
41.39341218
41.42419963
41.45325667
41.45891039
41.49348550
41.51041721
41.51769106
41.57554398
41.57703024
41.59597062
41.64826165
41.65573889
41.66309948
41.71884254
41.72765240
41.74185975
41.76913190
41.81518197
41.83472346
41.86131113
41.86941037
41.90831478
41.95282609
41.97504306
42.00579942
42.01610782
42.02563354
42.03070848
42.05597338
42.10326776
42.14838462
42.22704333
42.24904145
42.25307484
42.25679565
42.26922803
42.27456212
42.29850933
42.34232815
42.51499204
42.51568449
42.62069290
42.62479418
42.65621528
42.65757478
42.66943928
42.67151986
42.68695643
42.69893278
42.83429317
42.86627536
42.89407559
42.92127588
42.93736993
42.93817155
42.96240368
42.97593267
42.99191381
43.02479197
43.02711491
43.03456113
43.06735462
43.08414048
43.08483279
43.12053577
43.12932223
43.19413065
43.25062193
43.25155740
43.26049736
43.36079183
43.37482724
43.37584238
43.38412692
43.44601709
43.45555732
43.46174358
43.47919961
43.50230349
43.51719160
43.57217717
43.58175429
43.58412031
43.59944881
43.61114808
43.64522550
43.64605367
43.68710878
43.70635609
43.72507331
43.72559313
43.75148911
43.81408824
43.81858048
43.82325475
43.82385747
43.83675028
43.85852214
43.86741878
43.88295251
43.89636515
43.98007847
44.01529080
44.04645192
44.06076869
44.10804953
44.11535673
44.12123268
44.13084408
44.13641166
44.16713901
44.18919398
44.20064376
44.20295062
44.21727300
44.27351753
44.37146115
44.37416270
44.38709876
44.40950224
44.44738960
44.46968960
44.47748069
44.47852139
44.49054832
44.50083195
44.52011224
44.54312733
44.55518433
44.58558091
44.60770016
44.74691979
44.75662915
44.75853758
44.76171808
44.81744317
44.82622209
44.83827467
44.84288587
44.84451463
44.93252581
44.93362085
44.95707385
44.98092420
45.05229287
45.07386529
45.11046145
45.11117605
45.14219010
45.14442017
45.19731667
45.19766708
45.23728106
45.25925519
45.26027393
45.26567670
45.29821818
45.30899820
45.32418198
45.33957633
45.40444502
45.41316772
45.50002309
45.53146755
45.54392188
45.56949973
45.58673291
45.58705731
45.60932472
45.70636879
45.72889968
45.83942913
45.88519076
45.89320055
45.90165742
45.92436111
45.94571552
45.95239690
46.00086661
46.01998962
46.02979895
46.03457545
46.14415337
46.16744894
46.20819204
46.21072659
46.21234225
46.21779702
46.22935529
46.23217383
46.27361200
46.32283868
46.45305945
46.51043261
46.52546435
46.57081952
46.58549490
46.60871757
46.65950120
46.72920701
46.76016663
46.77578575
46.77960381
46.80298584
46.83324546
46.84731330
46.86721580
46.89568896
46.96022306
47.02177457
47.07724957
47.12267207
47.12909695
47.17009451
47.17109748
47.19153324
47.22462067
47.30162735
47.30341860
47.30621763
47.37978141
47.41526334
47.56871451
47.58464417
47.60334887
47.68537767
47.69952958
47.72811261
47.73554839
47.74843006
47.76742109
47.76840443
47.79741986
47.97088845
48.01680033
48.02256666
48.04311956
48.13996951
48.16061387
48.22056327
48.23652454
48.24068379
48.28357849
48.33092732
48.37513328
48.38809820
48.38902458
48.41299580
48.41447785
48.45480315
48.47313189
48.49163342
48.54118011
48.58346218
48.63511456
48.64581512
48.67170672
48.72244706
48.81140494
48.95247593
48.97226612
49.06928854
49.09288608
49.11019485
49.18147457
49.22236743
49.24207281
49.24282796
49.28144585
49.29301178
49.33051369
49.37152515
49.39654707
49.40384908
49.42060110
49.43889746
49.46627468
49.49243866
49.54234311
49.54563032
49.54899369
49.61703744
49.63216588
49.65978007
49.67876755
49.68734427
49.69081687
49.71583225
49.74265028
49.74671022
49.76474098
49.78176952
49.85547605
49.87828007
49.90776009
49.97244829
49.99054858
50.01298486
50.03672627
50.05260330
50.05769277
50.07525871
50.08218154
50.09099764
50.09904392
50.13209988
50.14777236
50.19731923
50.20666941
50.29299121
50.36763112
50.38496083
50.39078118
50.39857401
50.41396742
50.44625969
50.46632563
50.47295814
50.51259749
50.51779919
50.55091049
50.56798353
50.57909360
50.58807773
50.60460120
50.64548972
50.65822543
50.69587438
50.72708375
50.78587210
50.96925013
51.03208166
51.06123579
51.08958844
51.12287232
51.15295528
51.17182291
51.19565120
51.22481975
51.25181240
51.28112343
51.28858710
51.29494422
51.32812451
51.32941167
51.33137573
51.34210905
51.41066911
51.42238703
51.43193269
51.51056539
51.59971777
51.60209393
51.61081842
51.61971315
51.65044657
51.67389144
51.71076581
51.72401234
51.75730309
51.79934701
51.80801357
51.83378666
51.86385263
51.89449403
51.91314756
51.92345642
51.92886400
51.94160532
52.01432366
52.01932168
52.02918417
52.05337409
52.06367307
52.06479248
52.09888359
52.10680714
52.11675210
52.12834593
52.13071801
52.13567620
52.19359686
52.19424985
52.23516832
52.25371529
52.27058065
52.27425032
52.28530601
52.28625250
52.29325528
52.29413314
52.29425260
52.31097287
52.33492922
52.37505465
52.37545902
52.39847133
52.41607532
52.55099655
52.55875088
52.56369190
52.57727952
52.58176795
52.60034230
52.60129712
52.62565812
52.69266116
52.70783167
52.71200116
52.74151562
52.75179601
52.75317478
52.75889847
52.76054980
52.77777972
52.80898288
52.81519471
52.85510874
52.85534211
52.89452015
52.90519713
52.90755613
52.92627793
52.96899171
53.01183337
53.01492483
53.04905085
53.10327661
53.19878606
53.29324101
53.29989917
53.30959205
53.32804961
53.35500185
53.36285376
53.36998651
53.38495838
53.41703448
53.46162193
53.51824522
53.52674188
53.58052049
53.59183565
53.64510921
53.64618092
53.67574396
53.78108065
53.78466944
53.82111616
53.85266123
53.92043362
53.98741147
53.99049785
53.99621745
54.01646042
54.03607277
54.07039634
54.12314129
54.16696990
54.20512380
54.21530741
54.22004915
54.38239308
54.42124346
54.43248821
54.47036851
54.47523958
54.48119631
54.50876696
54.51858639
54.53368431
54.54113432
54.54395909
54.54571798
54.55717526
54.57434501
54.60344836
54.63294000
54.65111359
54.67032070
54.68309510
54.68734698
54.73556621
54.74601132
54.75798612
54.80671295
54.85361329
54.93379849
55.02986103
55.03341709
55.04523506
55.14618511
55.24382921
55.25034745
55.25116895
55.28023528
55.28507242
55.32015177
55.32025871
55.36341894
55.36378475
55.37469762
55.38042556
55.39699135
55.40292055
55.41021978
55.41731949
55.45839005
55.45950073
55.49674809
55.50924893
55.55537871
55.56299538
55.58524574
55.58816893
55.58830942
55.59757311
55.60837235
55.64748997
55.66508953
55.71729601
55.72211663
55.75423655
55.88376282
55.91688566
55.92283674
55.96521702
55.98360777
55.99332477
56.02804904
56.03061892
56.07633113
56.08568228
56.09537754
56.09688432
56.12494009
56.17222771
56.19252628
56.23052637
56.25779787
56.30437842
56.30548335
56.31066595
56.34878701
56.36279967
56.39203006
56.49035729
56.49151262
56.53501943
56.62130384
56.63650229
56.65425821
56.71933409
56.74683090
56.74978887
56.77284978
56.80029962
56.82110192
56.83333141
56.83645568
56.96484005
56.97552473
56.97980595
56.98399117
56.98850608
57.00410387
57.01855743
57.02654707
57.03176846
57.04094033
57.04922054
57.07595176
57.08720202
57.11421085
57.12335711
57.13481947
57.17210973
57.22755900
57.22820587
57.26628783
57.27480992
57.29429245
57.30477408
57.39076384
57.42731398
57.44077028
57.44497151
57.51663769
57.51721228
57.61446727
57.72539887
57.73067467
57.74228995
57.74389438
57.74862759
57.74989049
57.75874762
57.76782922
57.78233430
57.80038363
57.80839231
57.82109535
57.82468941
57.85979756
57.89978733
57.92624598
57.99848228
58.00468219
58.01177480
58.01790756
58.02357683
58.05672158
58.06355072
58.10830912
58.14029826
58.16452724
58.19000046
58.19494391
58.20414890
58.21797404
58.33117365
58.33799963
58.34449112
58.36433341
58.36999815
58.37543785
58.41026937
58.42991200
58.43896464
58.48186244
58.50408474
58.52577098
58.53279601
58.56263571
58.59796233
58.60415238
58.63221278
58.67860766
58.70981200
58.71568881
58.71868516
58.76952965
58.78025767
58.80430925
58.85153584
58.86153284
58.88365318
58.90201958
58.93360629
58.95243935
58.97654227
59.00627385
59.01849818
59.07068558
59.09951154
59.17547829
59.19005109
59.23089740
59.23534175
59.24583845
59.24940771
59.26819216
59.27880614
59.31502708
59.33468307
59.36226807
59.36595298
59.37110853
59.40434246
59.43099895
59.50068027
59.55039420
59.56375331
59.56898642
59.61124579
59.65749344
59.68005803
59.72337925
59.87221135
59.88874360
59.89217354
59.90376934
59.93559748
59.93605494
59.94491960
59.95623987
59.97646156
59.98956947
60.00140008
60.00996263
60.01027072
60.03281891
60.04620556
60.05107509
60.06315984
60.09940064
60.13256849
60.14511572
60.23075052
60.28394976
60.28478078
60.31239419
60.36110778
60.36118915
60.36845767
60.36913422
60.40379112
60.42501510
60.43494385
60.43841462
60.44533837
60.44878919
60.45138994
60.45305110
60.45335568
60.46328782
60.47902076
60.51686330
60.53792047
60.54584011
60.56229209
60.59085347
60.59902950
60.75093572
60.76001141
60.76150700
60.78174816
60.78263755
60.83215481
60.83751863
60.85846033
60.89792037
60.91313391
60.92921121
60.96017394
61.02233414
61.07171935
61.10414342
61.10941769
61.19619457
61.27895141
61.28419168
61.29555358
61.43985920
61.46841165
61.49058252
61.53799176
61.57353652
61.62569027
61.64607753
61.65780119
61.65962504
61.68543562
61.70905772
61.76988756
61.86855222
61.87376388
61.87760242
61.90939058
61.94532866
61.96394393
61.98730529
124.00000000
