0.00022486
0.00990731
0.02012792
0.04821405
0.06742161
0.11989528
0.18994786
0.21893474
0.27939345
0.32617105
0.41620407
0.45065726
0.55538658
0.57715521
0.58248473
0.63200317
0.67157531
0.69189614
0.70177030
0.71368927
0.73629106
0.74166451
0.75002385
0.75263043
0.80722074
0.82108191
0.84722234
0.85112889
0.86979947
0.90403801
0.90845187
0.91499397
0.92198936
0.93520716
0.93918192
0.94214671
1.03564668
1.07500297
1.07871545
1.09405717
1.10466521
1.13954666
1.15502185
1.18352279
1.21462215
1.21758479
1.21910987
1.25962892
1.26238684
1.29782027
1.30547845
1.37361215
1.38217409
1.40588548
1.45272440
1.52870920
1.53977250
1.54584506
1.59500638
1.60252340
1.60569582
1.60698759
1.73521164
1.76520806
1.77671546
1.77683569
1.78149355
1.80091062
1.85108502
1.85942733
1.86570330
1.99281971
2.04137379
2.10116844
2.12312657
2.15119700
2.18795733
2.19138236
2.19342986
2.20831823
2.21215871
2.22835348
2.24171204
2.31399172
2.31480573
2.33301217
2.33928431
2.36519499
2.38274786
2.38786136
2.39569628
2.43027266
2.49376334
2.56744528
2.59717625
2.59794352
2.63164240
2.67979922
2.68738213
2.75505398
2.80116581
2.81769898
2.85209071
2.87635558
2.94711961
2.96873568
2.97439205
2.97984795
3.02120948
3.04809562
3.09005819
3.09292832
3.09979519
3.12733138
3.13568524
3.13741090
3.14289334
3.21138863
3.22682315
3.22780467
3.24993557
3.29667922
3.30303336
3.31736831
3.32352123
3.38805186
3.42165625
3.44508352
3.45392011
3.46740072
3.47903959
3.50637248
3.51122832
3.52768268
3.56124886
3.56322561
3.60757323
3.60763235
3.62464750
3.64613038
3.66149962
3.69589047
3.71418037
3.72226105
3.73392749
3.76659739
3.81106020
3.81224673
3.81998621
3.83255622
3.91699279
3.94387191
3.95061914
4.03612759
4.04014542
4.06005743
4.06420494
4.11235598
4.11647924
4.14115500
4.14583165
4.14934046
4.18715446
4.24387699
4.25619116
4.31939976
4.36134710
4.41016559
4.44522536
4.46134521
4.47785765
4.47938008
4.51639490
4.51718896
4.53404908
4.53585000
4.55535364
4.57151007
4.60414765
4.61020618
4.63390514
4.64786290
4.66786739
4.67676985
4.70802017
4.73275499
4.83811357
4.86804663
4.88130358
4.92911625
4.97946947
4.99999702
5.00694374
5.02328145
5.03929262
5.06537152
5.07118049
5.07915610
5.13870286
5.19125521
5.20141097
5.20279256
5.20813676
5.26581340
5.27079372
5.30365202
5.30587136
5.31646199
5.32680963
5.33915135
5.36170221
5.36913465
5.38956093
5.39265808
5.42915091
5.43988915
5.55467235
5.55658491
5.56742777
5.64105565
5.66928932
5.67176021
5.68682154
5.69015513
5.70462124
5.72681168
5.78971972
5.83107242
5.85571856
5.88677266
5.91388113
5.92481681
5.95989894
5.97144485
5.97922507
5.98047680
5.98893594
5.99808549
6.02352131
6.03568720
6.06884536
6.11197547
6.11237357
6.11374062
6.12724533
6.15755608
6.16770760
6.22535282
6.22692173
6.23098871
6.26868294
6.27388722
6.30602220
6.34249735
6.34869845
6.38601248
6.39903497
6.42325947
6.48559543
6.53967530
6.57760954
6.61628180
6.61639250
6.61969745
6.71668873
6.72434320
6.78535457
6.81685009
6.86016900
6.94500852
6.98659527
6.99654063
7.04778226
7.06748267
7.06917112
7.08207707
7.09398033
7.10024320
7.10661106
7.12474920
7.14325683
7.14646335
7.15826781
7.18634249
7.22007275
7.28009502
7.29932884
7.36420469
7.37452201
7.37455183
7.45763174
7.47464305
7.48969972
7.49080291
7.49750213
7.51123297
7.55988461
7.58359110
7.61402557
7.68347283
7.70669119
7.75058981
7.75457350
7.79525467
7.80176167
7.81533000
7.85997263
7.89842701
7.93572447
7.93742256
7.98262481
7.99577240
8.09414861
8.11796574
8.16139067
8.21817595
8.23113808
8.23418227
8.24200656
8.27902659
8.33886736
8.35225287
8.35561061
8.36004822
8.40935999
8.45976180
8.47167663
8.55231019
8.56730379
8.58021141
8.58769383
8.59131771
8.65022493
8.66030714
8.67323861
8.70934179
8.71440344
8.71888301
8.73098410
8.74412445
8.79412343
8.79860197
8.79898691
8.82908023
8.83406009
8.83700263
8.85382441
8.87153557
8.87757987
8.88689866
8.89789914
8.93561450
8.96136208
8.99229111
9.03724596
9.06501390
9.10457276
9.10964088
9.11074451
9.14626597
9.16152615
9.17900516
9.19041443
9.20566462
9.24799195
9.26091226
9.27089992
9.27866740
9.28704716
9.29641324
9.33702134
9.37022142
9.40966705
9.52819373
9.57539905
9.62230618
9.64081762
9.68809004
9.71560532
9.74159310
9.74822379
9.76195100
9.76525800
9.77403027
9.79305414
9.85642573
9.89653459
9.92631205
9.93916008
10.01498415
10.05780730
10.18215335
10.22053241
10.29735873
10.31084499
10.38287066
10.39990401
10.40922532
10.41236958
10.43637777
10.44852240
10.52432287
10.60087218
10.60144513
10.60480809
10.60598522
10.61191786
10.66362779
10.69073038
10.69110852
10.69297420
10.70520416
10.73294617
10.74261826
10.74373957
10.75201863
10.75279925
10.78054604
10.79405284
10.85496263
10.86290505
10.86494871
10.90195943
10.95527373
11.06019514
11.14570963
11.15778355
11.18588870
11.19054672
11.26541835
11.27155544
11.29282288
11.29415562
11.33408730
11.41585407
11.45385042
11.46118063
11.46932489
11.49750339
11.52907485
11.54139539
11.54724169
11.57262490
11.58994305
11.62562368
11.63365285
11.67656263
11.74788606
11.75166127
11.76032851
11.77227831
11.78992101
11.83360607
11.86777756
11.91966751
11.94598541
11.94643097
11.96401212
11.97802339
11.99823788
12.01147077
12.02984735
12.03901485
12.05373144
12.06981848
12.07234831
12.25228478
12.27697969
12.28080681
12.28787680
12.28934223
12.29247831
12.30258355
12.31894807
12.34727408
12.35278619
12.36311625
12.36715716
12.43451205
12.52059008
12.62874480
12.69848335
12.71224921
12.74660083
12.78274904
12.79070996
12.82083009
12.82092412
12.85156106
12.89429261
12.93415656
12.94452160
12.94546292
12.99480826
13.04506698
13.09682317
13.12777417
13.19703133
13.25556457
13.26833634
13.27201070
13.27505075
13.27709652
13.28060390
13.30149075
13.31142334
13.36182266
13.45280676
13.46439340
13.47457052
13.47909740
13.48489039
13.49097766
13.49103096
13.49126687
13.50349513
13.50710500
13.53014082
13.54420681
13.54454319
13.56286517
13.62156017
13.62288299
13.64269602
13.71736755
13.80681677
13.81953417
13.82496337
13.85749633
13.86863521
13.93658947
13.97772750
13.98358417
14.02455893
14.05978198
14.06679814
14.07064619
14.15021349
14.24641863
14.24775245
14.27374148
14.35136968
14.36463452
14.37753478
14.40336557
14.40378686
14.55946893
14.56619182
14.60213839
14.60243901
14.60267584
14.60444658
14.67258766
14.68171522
14.69750467
14.71821918
14.72890541
14.72927447
14.76395467
14.77080779
14.78473998
14.81340782
14.86974959
14.91363716
14.95008409
14.98513510
14.99524135
15.08215016
15.09593905
15.11188015
15.11314907
15.12618773
15.12759586
15.13641063
15.15034207
15.22283616
15.23574820
15.26717702
15.27340381
15.31216063
15.31978731
15.34368797
15.35225664
15.35692519
15.36599845
15.37386334
15.41942386
15.42207305
15.44554326
15.45660488
15.46470725
15.49182712
15.50509843
15.56207969
15.59906953
15.61730181
15.74636789
15.77512350
15.78236923
15.82271906
15.82853167
15.86304565
15.86352527
15.88285174
15.89526574
15.90516205
15.90630787
15.95138933
16.00707506
16.01300671
16.01382026
16.01560260
16.06081853
16.10521274
16.11762492
16.14954835
16.16962393
16.19235581
16.25072307
16.26866738
16.27412610
16.29308135
16.29644172
16.34338838
16.35332070
16.37518902
16.42070398
16.42948333
16.45504687
16.52372917
16.62827221
16.66658195
16.67736605
16.72428059
16.74173304
16.75400010
16.76972745
16.82501068
16.86929628
16.87075215
16.88852782
16.91629734
16.95628092
17.00600760
17.00768618
17.01095932
17.03000099
17.09400092
17.10184358
17.12632873
17.15397564
17.20206201
17.24859131
17.27348561
17.28022166
17.29603655
17.33137609
17.33577709
17.34424494
17.41468180
17.41759844
17.46494435
17.51022002
17.51576625
17.51792826
17.52708830
17.54317330
17.56923656
17.59468918
17.59644171
17.59936897
17.61866026
17.62943275
17.64243837
17.64294816
17.69096577
17.71254119
17.73281760
17.75019977
17.77072516
17.78188140
17.86742803
17.87214452
17.88170199
17.89218441
17.91063906
17.92457003
17.94768847
18.00000428
18.03951282
18.06468316
18.06814229
18.07062305
18.08067306
18.09072427
18.09258402
18.10625160
18.10845714
18.12057209
18.14476897
18.14932196
18.25912129
18.32687786
18.38678983
18.42671282
18.48160205
18.54645244
18.55115661
18.58094673
18.59851583
18.59998257
18.60274225
18.66953490
18.67580244
18.67848443
18.70298623
18.77991038
18.79291736
18.83299865
18.84157905
18.85738652
18.87768209
18.93459781
18.96433104
18.97145792
19.01613636
19.01847241
19.03927370
19.04815686
19.05786961
19.11846307
19.13114086
19.15793501
19.17327271
19.20423926
19.21482847
19.23648216
19.25364467
19.30846119
19.32786673
19.35606719
19.39005773
19.39582234
19.42114123
19.43084627
19.50190840
19.51937833
19.53097561
19.53121401
19.54450959
19.59628644
19.60904355
19.63419737
19.65297650
19.72630378
19.83815786
19.93197018
19.98613517
20.02635222
20.03772430
20.06194954
20.10374242
20.18900276
20.26941573
20.27458319
20.27484866
20.33876574
20.38943631
20.39806737
20.43487469
20.43853498
20.44076563
20.47817687
20.50026318
20.53733454
20.53862939
20.55306971
20.59828255
20.61052210
20.63617789
20.65649889
20.69964153
20.71668267
20.74299333
20.85203734
20.85220581
20.86449638
20.88082161
20.89797360
20.92358448
20.95113433
21.02748924
21.03118262
21.04874101
21.06406709
21.07632544
21.09644706
21.14011610
21.16097499
21.18983997
21.19030271
21.22445244
21.22475023
21.23681014
21.24243374
21.24809375
21.24842439
21.25623607
21.25892646
21.26027271
21.30478111
21.31294635
21.32619722
21.33996070
21.40952293
21.41885011
21.43945618
21.46538203
21.50817977
21.56320596
21.56387445
21.60821234
21.65062754
21.70559585
21.73526273
21.75853159
21.79418359
21.79435350
21.80918877
21.83257198
21.85635142
21.86116152
21.87974393
21.89438688
21.90256249
21.90825525
21.95251433
22.04770973
22.05095843
22.06822036
22.10920607
22.14428305
22.15761562
22.16854510
22.19697176
22.24883948
22.28323197
22.35565461
22.35803073
22.40617889
22.53251571
22.55462849
22.56061388
22.60941371
22.62793932
22.65091808
22.71632092
22.88377387
23.01040649
23.01996506
23.05706286
23.06379790
23.13328055
23.16499283
23.24333354
23.25976102
23.26903014
23.28440327
23.33058947
23.36011550
23.45756283
23.46400470
23.50349382
23.53581351
23.54147063
23.58642809
23.65156590
23.66088136
23.82681415
23.82690205
23.87277456
23.87492129
23.88451634
23.90965491
23.93301821
23.93671746
23.98411045
23.99768148
24.01326562
24.01703284
24.05303404
24.06366938
24.10817582
24.10884559
24.21494955
24.38509411
24.42737470
24.45362341
24.49872134
24.54091650
24.54517953
24.55727507
24.58798023
24.58832466
24.61835295
24.65057108
24.66449146
24.67581518
24.71216836
24.73323634
24.73909466
24.79989557
24.82732229
24.89982780
24.90688368
24.91094083
24.94817599
25.02987823
25.04107757
25.05970794
25.09095435
25.09895352
25.12202320
25.12440218
25.16938397
25.17610805
25.17845688
25.18539314
25.25689012
25.26895194
25.27109566
25.27332560
25.32074033
25.37562675
25.40177893
25.46331465
25.46578089
25.47808404
25.56230134
25.57312702
25.59135577
25.59772372
25.62752061
25.62872084
25.67157001
25.68697322
25.71011747
25.71457521
25.74809614
25.77016886
25.81934345
25.85134891
25.85990934
25.90075207
25.92249965
25.92605150
25.93028925
25.93441686
26.00404919
26.03944954
26.08770581
26.09398370
26.11831869
26.13149976
26.17245261
26.19671426
26.31662902
26.32229535
26.35521152
26.45806318
26.46162237
26.47033584
26.48411618
26.61590071
26.63532000
26.64055208
26.64363147
26.66546363
26.69196808
26.70053463
26.70760221
26.74294813
26.75083881
26.77672958
26.78501813
26.79485664
26.85543933
26.89250830
26.94190556
26.95816543
27.04098342
27.04273509
27.15051039
27.16128167
27.17387872
27.24084670
27.28111672
27.29806512
27.32506772
27.32876214
27.33193371
27.34373873
27.35246035
27.40956999
27.45088027
27.48477594
27.51319823
27.58063827
27.58217079
27.59075350
27.60593570
27.61212166
27.61674868
27.61990245
27.66014790
27.69113795
27.75008721
27.77029298
27.77597062
27.78158362
27.80977684
27.83676748
27.85238469
27.86408020
27.87045035
27.95282031
28.00214004
28.04740079
28.04963290
28.05179342
28.16655989
28.17240329
28.18797617
28.18848318
28.21238658
28.24606327
28.28932332
28.29675539
28.29795866
28.29908624
28.31369501
28.33874463
28.34946967
28.35298153
28.35551544
28.35729476
28.36250911
28.37299898
28.38421983
28.40795409
28.43151496
28.44704114
28.46697540
28.46839726
28.55017667
28.56453421
28.58744821
28.65706482
28.72028501
28.72045626
28.74167816
28.81283624
28.84108906
28.85881293
28.88553547
28.93739575
28.93780982
28.94495005
28.96090777
29.01612259
29.08861412
29.10806790
29.12139919
29.19383541
29.22041477
29.22505901
29.23136141
29.23688564
29.24527682
29.24666261
29.26112423
29.27301598
29.27306278
29.29471027
29.34016481
29.34699959
29.35351731
29.37196373
29.39219805
29.43679728
29.49535866
29.50608925
29.51570545
29.52321663
29.53944916
29.55670447
29.56625193
29.56925170
29.56949907
29.69335661
29.70287930
29.74429826
29.75339007
29.77749148
29.78609056
29.80153777
29.82497012
29.83541503
29.86852994
29.91981860
29.92238120
29.92370823
29.95435662
29.98888792
29.99277694
29.99560940
30.04590026
30.11903197
30.12969374
30.17850055
30.18556130
30.24918387
30.25668995
30.29359443
30.36701333
30.41822144
30.41897048
30.47058221
30.50919140
30.51344605
30.53095733
30.59959447
30.60695881
30.64510436
30.68770947
30.69305970
30.69318087
30.70705391
30.70771204
30.72233128
30.74194977
30.74471118
30.74944423
30.76517727
30.78540009
30.84150043
30.85140280
30.89054597
30.94315109
30.96560153
30.97654339
31.01558017
31.02116245
31.04022590
31.05566588
31.05914891
31.14251410
31.14460072
31.14792601
31.15660555
31.16351128
31.19683501
31.21825544
31.23501050
31.24069663
31.34711595
31.35640275
31.35854457
31.37372095
31.37372480
31.38014993
31.38778811
31.40057728
31.42292930
31.45694898
31.56707784
31.58600977
31.60248925
31.65203315
31.67366687
31.71793716
31.72255053
31.76006585
31.78858181
31.78968386
31.81595406
31.81808404
31.92211635
31.92359816
31.94883624
31.99424531
32.04302436
32.04595555
32.06743253
32.11802891
32.13077767
32.15656646
32.17414520
32.18520451
32.19890031
32.23550472
32.26521925
32.32656285
32.37785660
32.43823669
32.45411532
32.45871843
32.49186239
32.52261854
32.53168249
32.53451482
32.54473095
32.54619219
32.55671342
32.59986581
32.72495305
32.73241243
32.75603877
32.81767179
32.86572367
32.86873144
32.91256169
32.91595669
32.93580973
32.98532421
33.00050493
33.04209827
33.05450977
33.06214036
33.08542146
33.09026476
33.14381780
33.22244669
33.27783229
33.34193158
33.36985256
33.40615765
33.40977908
33.55853864
33.61936192
33.64560292
33.64948900
33.67269468
33.68174452
33.69017220
33.77682494
33.77966604
33.79102779
33.84671596
33.85046089
33.88519538
33.90699372
33.95043172
33.99082387
34.01209876
34.12170607
34.24892457
34.25140317
34.25662535
34.29363596
34.34641935
34.35654778
34.37870552
34.39806199
34.42201780
34.42990588
34.46217994
34.47110752
34.48362543
34.48967115
34.51087440
34.54289198
34.55985345
34.56495768
34.56502808
34.59111892
34.59378679
34.63524107
34.64870438
34.75404264
34.84985730
34.88021752
34.90396742
34.91029603
34.94405765
34.98256370
34.99527324
35.07064834
35.07741518
35.14804518
35.19195420
35.21011833
35.21082207
35.22862017
35.23651868
35.27155485
35.28174033
35.28267913
35.30550266
35.32174548
35.34095062
35.37887792
35.39593592
35.47733915
35.49071626
35.51111270
35.53160492
35.56086691
35.59022000
35.60197849
35.68230528
35.73255690
35.73299351
35.74320609
35.75419861
35.78949213
35.81757580
35.81887475
35.83651685
36.01949316
36.02100916
36.05523592
36.06000000
36.11866239
36.18205143
36.19489827
36.26445584
36.30018345
36.36817735
36.39319833
36.46401296
36.46784054
36.52023581
36.53319895
36.54559989
36.55413813
36.62136449
36.66423046
36.67519627
36.68657632
36.69269511
36.69455766
36.70181429
36.70781256
36.75990974
36.76311669
36.76817644
36.77270300
36.78461274
36.79111008
36.80515949
36.84309820
36.84395873
36.90561520
36.90603379
36.95211692
36.95846499
37.00014656
37.00621301
37.01822925
37.05395571
37.09446358
37.09858349
37.15077789
37.15930923
37.17364790
37.20628432
37.21188351
37.28345419
37.29480802
37.38023662
37.41784155
37.44456752
37.47056698
37.50929159
37.51573955
37.59475304
37.65282688
37.73616260
37.80297013
37.82172575
37.84541357
37.88211966
37.89576423
37.89584519
37.90718842
37.92044107
37.96039284
38.04957517
38.04964400
38.05929612
38.08728381
38.10012746
38.10486397
38.11242986
38.11726328
38.17938102
38.22586957
38.26907943
38.28215204
38.30089504
38.33891885
38.35423953
38.37604134
38.39345732
38.40378570
38.41458391
38.44576245
38.46775801
38.47053729
38.48554277
38.52131330
38.58952255
38.61323960
38.66846254
38.69763254
38.70736324
38.71788838
38.73140477
38.73360823
38.75319103
38.77069422
38.79131106
38.79229110
38.80111289
38.86298261
39.06625684
39.15719397
39.16483557
39.18008487
39.19713943
39.24143800
39.25680597
39.30539441
39.33096420
39.33117661
39.35894427
39.40836639
39.41100600
39.44088784
39.44284390
39.45751804
39.46929725
39.48817069
39.50647640
39.52692204
39.59025372
39.59061619
39.64220559
39.64560804
39.69138676
39.69866860
39.70861396
39.72866929
39.77251137
39.82729349
39.87134344
39.90958353
39.93898329
39.94944831
40.00625200
40.00756621
40.02323861
40.03332087
40.04484313
40.06145674
40.07124825
40.10234077
40.11956442
40.14837440
40.16080214
40.17653336
40.18144022
40.21957184
40.22325791
40.23252003
40.28280895
40.32097817
40.34260140
40.34759770
40.40306710
40.40918219
40.45228744
40.45313713
40.46754325
40.49794123
40.52514469
40.52600315
40.53716659
40.53882393
40.54114914
40.55834607
40.56828050
40.58180926
40.59376946
40.61057765
40.62510388
40.62530461
40.64367713
40.65443449
40.71237405
40.79028133
40.79186850
40.80061189
40.84161273
40.89695022
40.93568226
40.95026010
40.95336933
41.05009106
41.05192205
41.06079034
41.09314497
41.09894440
41.14674539
41.22443282
41.24512404
41.25987610
41.30037609
41.31249475
41.36956430
41.38692810
41.39048006
41.40390382
41.41702500
41.44186822
41.49182602
41.50114528
41.50230095
41.50833602
41.51695534
41.51953170
41.52353133
41.55658777
41.55780868
41.59200919
41.61909081
41.62014706
41.63425077
41.70547736
41.71111180
41.72598166
41.73833543
41.74312005
41.74520353
41.82703763
41.85266497
41.86131113
42.05078596
42.06055051
42.12114483
42.14310795
42.16823289
42.27396002
42.29997213
42.30984630
42.32285669
42.32807073
42.35665114
42.43411674
42.43736797
42.45162925
42.46058915
42.46088525
42.49046380
42.51903173
42.57345878
42.59607424
42.60383761
42.61079231
42.63948377
42.65806112
42.70665714
42.71032752
42.72888852
42.73766125
42.75193726
42.75297652
42.76554619
42.81258580
42.81894012
42.83621503
42.85698904
42.86486911
42.89387979
42.89463921
42.95065444
43.09236123
43.09633183
43.09703594
43.15895369
43.23767795
43.24207032
43.24555343
43.24791297
43.29765629
43.33856204
43.34856020
43.40422579
43.42055734
43.42667177
43.55116784
43.57765938
43.58048519
43.58922202
43.59631772
43.60018363
43.60550084
43.61779509
43.62051484
43.62579740
43.63468593
43.72218638
43.72559313
43.73915217
43.76236772
43.78068202
43.78470176
43.86379729
43.91242853
43.91662184
43.97152127
44.01669085
44.04544255
44.10265560
44.10501698
44.13925070
44.15059958
44.15258885
44.16546487
44.17319519
44.18602827
44.19812277
44.22017058
44.22432413
44.23832272
44.24095553
44.26431871
44.34637724
44.43327061
44.49116955
44.50055058
44.52310052
44.53957125
44.54148624
44.59308111
44.59413385
44.62681833
44.62909140
44.64509033
44.64600038
44.70581322
44.76114478
44.86184783
44.92645746
44.92814088
44.93746089
44.93783266
44.94668369
45.00251712
45.00643295
45.01959506
45.02323703
45.03374332
45.04333893
45.06466343
45.09077903
45.10518951
45.11117605
45.11486538
45.16788263
45.24413599
45.30394376
45.30727226
45.31681644
45.49526370
45.49671838
45.52169265
45.52860573
45.52894485
45.53146755
45.54445687
45.56736107
45.60196272
45.63507376
45.65105225
45.69698249
45.70002040
45.70636879
45.76847521
45.77481852
45.77515194
45.79284246
45.80854325
45.81191370
45.82205557
45.84106869
45.87686889
45.91827744
45.94455699
46.05282025
46.14233473
46.14993574
46.17038642
46.17282220
46.19426538
46.21880523
46.22340621
46.28949493
46.29190250
46.37619679
46.37672725
46.40248203
46.40333607
46.41487305
46.47471811
46.47625429
46.49911679
46.50185775
46.54926042
46.58801667
46.59486604
46.66985482
46.69492167
46.73006038
46.76867584
46.81677898
46.87259720
46.89260694
46.93593710
46.94023788
46.95493135
46.97084549
46.97885751
46.99510487
47.00957611
47.01632069
47.09190690
47.11227396
47.12572845
47.14466963
47.15120276
47.19211889
47.20322232
47.22391127
47.24340320
47.25524425
47.28689838
47.30262255
47.30633689
47.36544199
47.38132830
47.44097910
47.45497785
47.50118190
47.50701765
47.52150633
47.54170432
47.59026056
47.61140886
47.61183064
47.65859957
47.74061977
47.74076096
47.74843006
47.77839128
47.78587084
47.81212659
47.84000937
47.90571845
47.91581129
47.92284721
47.96381421
47.97309452
47.97623446
47.98093630
47.98134512
47.98385407
48.01271580
48.13154610
48.14412411
48.14668445
48.15559951
48.17927896
48.22425880
48.25641315
48.27934162
48.39824129
48.41289693
48.44616853
48.46781156
48.47640478
48.48507923
48.52045010
48.80344109
48.83842710
48.86847385
48.95639301
48.96684921
49.02047434
49.02277473
49.05929376
49.08680119
49.17146255
49.18366696
49.23355393
49.25498526
49.26923048
49.33239545
49.40730228
49.41395935
49.42130382
49.42339772
49.44228265
49.46598877
49.52371372
49.58525895
49.63932614
49.68052992
49.69430810
49.73381414
49.78025514
49.83090236
49.84112733
49.84246381
49.85715905
49.86611572
49.88830645
49.94196137
49.94342540
49.96327264
49.96494255
49.96503725
49.98925446
50.00543703
50.01739058
50.02094876
50.02566662
50.04010021
50.04408509
50.04883515
50.05715261
50.08911046
50.11765456
50.12553338
50.13215639
50.13568278
50.15219879
50.16104517
50.20231630
50.22734596
50.23531044
50.26253439
50.29868190
50.31987538
50.31988904
50.33028145
50.33178702
50.42109436
50.43448159
50.49325691
50.50198722
50.52564030
50.60065658
50.62908409
50.63192534
50.71443777
50.72153970
50.74894877
50.75265091
50.75716138
50.76444436
50.85976114
50.90233058
50.95059154
50.95618986
50.98023637
50.98749915
51.03448509
51.07434341
51.16330622
51.16833487
51.17915277
51.21371883
51.21657055
51.24596150
51.24878478
51.28499971
51.31136427
51.33137573
51.33399112
51.34786876
51.35212375
51.39871300
51.39935289
51.42238703
51.42559399
51.45637854
51.47739192
51.49438307
51.51056539
51.53782588
51.56255579
51.58973812
51.59259250
51.60998612
51.61955019
51.78225789
51.84806154
51.88167811
51.89866949
51.90904171
51.91847328
51.95107059
51.97312618
52.01025341
52.04184667
52.04746184
52.05685855
52.07368403
52.12048813
52.24164929
52.24454104
52.26702429
52.28048675
52.28584248
52.29458586
52.29991380
52.33191279
52.35325308
52.35408470
52.35428118
52.37245162
52.38049009
52.45183868
52.54786005
52.55451835
52.61285168
52.64871144
52.66912639
52.68817359
52.69485213
52.73901144
52.75156354
52.75533999
52.76084337
52.80890058
52.85587062
52.87047613
52.87131859
52.90638826
52.94375456
52.97302310
52.98975502
52.99892005
53.01183337
53.01197429
53.03779544
53.08842075
53.09023036
53.09175202
53.13214548
53.13800837
53.15231641
53.17932606
53.23098705
53.25365886
53.25516608
53.26136789
53.37089696
53.37578363
53.38994381
53.41810909
53.42881388
53.44459459
53.48533326
53.49022749
53.49485376
53.52674188
53.55370762
53.56296836
53.63262858
53.63407948
53.65811096
53.66463782
53.66666537
53.77427036
53.89400457
53.90985284
53.95112677
53.97459514
54.00362224
54.01446336
54.01731018
54.05111046
54.05926468
54.07419550
54.08569125
54.12940657
54.13142532
54.14023278
54.16631450
54.18334341
54.19937734
54.28407220
54.32475147
54.33954629
54.35523520
54.45622244
54.49084727
54.56423584
54.56796540
54.58815355
54.59591836
54.60315331
54.60790230
54.63614223
54.73916433
54.81895214
54.81927985
54.82059319
54.82997985
54.84468617
54.89995065
54.92128662
54.92620641
54.92671758
54.95539775
54.96644936
54.97767479
54.99816144
55.00366727
55.01581013
55.01743042
55.03501390
55.05615415
55.08427351
55.10212203
55.12548333
55.13726701
55.24914931
55.26009340
55.27667628
55.28101392
55.31688925
55.37521990
55.41731949
55.42398091
55.55662607
55.58070832
55.60197025
55.61835989
55.64685264
55.64961894
55.67659201
55.70077260
55.71089258
55.78003146
55.78857663
55.92753616
55.94137876
55.96882363
56.06839117
56.07769130
56.13115852
56.16118892
56.17930946
56.20259706
56.21145265
56.27824588
56.30059433
56.31066595
56.33516484
56.34211064
56.35610752
56.39818216
56.44824093
56.45919355
56.56284707
56.70190263
56.78544497
56.82717713
56.95836359
57.01373014
57.01972136
57.04167630
57.04359641
57.07013585
57.09549555
57.10340040
57.10979513
57.15934244
57.16567579
57.17840304
57.20484011
57.23861116
57.26537420
57.26538206
57.34290422
57.39039547
57.40146056
57.42268714
57.45139107
57.45492778
57.48769428
57.54193159
57.54919650
57.56944480
57.58034333
57.59313801
57.59920606
57.62150958
57.63027695
57.64654611
57.65173112
57.66713624
57.67409654
57.72539887
57.72675415
57.77405528
57.78766005
57.82456923
57.85622900
57.94065149
57.96059442
57.96442751
57.98737379
57.99847303
58.00220309
58.09765227
58.10044400
58.10756284
58.13489174
58.14080390
58.16784402
58.24373263
58.24436308
58.27272327
58.29243793
58.31855861
58.32705526
58.34184163
58.40168521
58.40717805
58.45341851
58.50711195
58.53007408
58.58132018
58.60172740
58.60320341
58.62860215
58.67972494
58.76295206
58.84036252
58.84148695
58.85153584
58.87371263
58.92180205
58.93304202
58.99465416
59.03971316
59.04619957
59.14521784
59.17688730
59.20263335
59.20910440
59.21914784
59.24078748
59.29454314
59.34338915
59.36330237
59.38160496
59.38646351
59.39611198
59.40610548
59.44872497
59.53386902
59.55039420
59.58025739
59.62803313
59.66227943
59.72080666
59.72347689
59.73515949
59.77436000
59.80819439
59.84613970
59.85172562
59.86607150
59.91604338
59.91633499
59.92800570
59.94568820
59.96471907
59.97550979
60.05951882
60.06145593
60.09047016
60.09940064
60.12372873
60.15373927
60.24895543
60.25176035
60.27929849
60.28409176
60.29802765
60.30380138
60.32646778
60.35412498
60.37002122
60.37227907
60.39030804
60.39056596
60.39325771
60.40344780
60.42698965
60.44250712
60.47362483
60.47842973
60.61922136
60.69263190
60.73277757
60.75938837
60.83686280
60.88523255
60.91296508
60.94491834
60.94779253
61.03105215
61.03170518
61.03445927
61.04835280
61.05254460
61.07646676
61.09298856
61.09486231
61.10630296
61.11687634
61.14753832
61.23760714
61.25528915
61.26381680
61.26611930
61.27977009
61.28689240
61.31585166
61.38095147
61.41459221
61.44418175
61.47452833
61.53550247
61.64820003
61.76828747
61.78363532
61.80825502
61.86690091
61.86855222
61.88665459
61.92915603
61.94319582
61.97634765
61.97787162
61.97898965
61.98132407
61.98675162
61.98704335
61.99102769
124.00000000
