0.05514880
0.05668213
0.06415594
0.07779062
0.10626169
0.11237688
0.12197008
0.13148533
0.14070000
0.14426380
0.15465049
0.16773660
0.18188097
0.18665920
0.19201657
0.20432822
0.25977983
0.28949624
0.32738917
0.38297545
0.38486913
0.38895253
0.39704846
0.42811111
0.42897031
0.44294621
0.49986978
0.50144070
0.53736585
0.55680473
0.55782414
0.58733216
0.60590724
0.60917950
0.62961466
0.63052573
0.70351689
0.78694271
0.81581897
0.82366489
0.83796215
0.84044128
0.84069668
0.91436764
0.92507616
0.93103069
0.94412029
0.96643148
0.99657296
1.00088786
1.03367334
1.04173524
1.17419270
1.21531906
1.25286516
1.28247727
1.30206299
1.33537584
1.38880789
1.41027269
1.41699990
1.42120862
1.43168026
1.46680768
1.53877040
1.54219895
1.58556226
1.70050465
1.71551909
1.72372152
1.79875303
1.82908856
1.90610534
1.95236261
1.98668141
2.03506786
2.05631304
2.14844889
2.15603078
2.19754766
2.23672594
2.24505705
2.25787082
2.32365211
2.33476689
2.37925869
2.39731694
2.41499177
2.45144928
2.49122072
2.52174506
2.53431211
2.54150313
2.54789576
2.55252681
2.56290966
2.58955998
2.61425704
2.63164240
2.63517632
2.69909498
2.82741588
2.82856419
2.83683416
2.84243789
2.85041242
2.85705274
2.88992078
2.90149061
2.91974157
2.92042964
2.94160229
2.94232014
2.97534924
3.01819946
3.03539281
3.07862196
3.10264659
3.11604359
3.12187089
3.14869442
3.15743242
3.17778102
3.19412425
3.19653070
3.19711009
3.20070417
3.21082130
3.28910545
3.29575799
3.35587162
3.39734932
3.44857238
3.45392011
3.45641009
3.46810285
3.47025090
3.49377198
3.49745780
3.53297555
3.54630985
3.56183092
3.57969448
3.58876895
3.62744939
3.66084544
3.71720338
3.83920292
3.85715417
3.89632636
3.93604884
3.98154104
3.98343855
4.03054775
4.06170865
4.06203719
4.10586800
4.14934046
4.16378995
4.16778905
4.18842341
4.25559220
4.28473757
4.30476628
4.34840436
4.35745618
4.36134710
4.37451960
4.43679513
4.46050311
4.49661228
4.54237984
4.61290698
4.61318226
4.64763643
4.65004510
4.68480658
4.68634078
4.70715376
4.70760649
4.73356277
4.81452634
4.86822356
4.87056614
4.88327399
4.98260625
5.03497663
5.05825228
5.05890027
5.08682042
5.09228600
5.11595557
5.11938414
5.12490629
5.13220472
5.19125521
5.19943717
5.27855229
5.30719810
5.32680963
5.35030477
5.37106208
5.42830436
5.42996722
5.48893673
5.51598339
5.55762083
5.58106647
5.60593278
5.66825903
5.68863653
5.69015513
5.86612479
5.89000022
5.89269632
5.91749692
5.93093065
5.97525948
5.98807428
6.12724533
6.16898622
6.17642020
6.17895280
6.21341381
6.26176134
6.35256855
6.35459149
6.39727701
6.39737359
6.40644694
6.43530482
6.46317379
6.47036115
6.49512795
6.54226597
6.54516042
6.54578916
6.57930962
6.58989199
6.62981525
6.68146100
6.70511887
6.77157174
6.77654260
6.78737550
6.78809674
6.79617221
6.80915546
6.81697620
6.88082949
6.89555394
6.91555371
6.91743391
6.94096936
6.94439722
6.96743503
6.97347315
6.98836617
7.04778226
7.06187650
7.06748267
7.18717901
7.19391361
7.20088370
7.21485739
7.34720276
7.35976195
7.39535516
7.41286196
7.42206943
7.43504013
7.45761575
7.48677973
7.49135213
7.50824477
7.57525862
7.59582527
7.60961797
7.64423094
7.67834517
7.70952981
7.80653175
7.85002300
7.93184511
7.94790800
8.00541954
8.01841712
8.06869613
8.12575290
8.13586876
8.18383326
8.19349513
8.25907012
8.27413010
8.31646580
8.33671607
8.38078677
8.38285224
8.39389969
8.48332887
8.52521728
8.54443595
8.63183837
8.70220578
8.71219017
8.71398004
8.72127858
8.73869860
8.78880198
8.80079401
8.83376832
8.93907845
8.94253035
8.94295957
9.05412367
9.06444701
9.06592161
9.08035775
9.08075090
9.15380311
9.16871191
9.19766601
9.22801003
9.23158135
9.29807296
9.30235512
9.30556418
9.30564317
9.34134739
9.38766914
9.40253823
9.46431310
9.48853644
9.49691241
9.52606202
9.56388465
9.56798069
9.57715278
9.61959255
9.66852958
9.68345912
9.72071157
9.75511088
9.75964504
9.77941964
9.79678788
9.80924758
9.82490946
9.84180889
9.87269962
9.87535007
9.88423169
9.90078401
9.93527348
9.95928390
9.98737970
9.98903698
10.01755333
10.01794311
10.02650740
10.07210482
10.07364008
10.08499530
10.13093721
10.15474513
10.16374533
10.25088377
10.33347931
10.36013801
10.37956152
10.40323804
10.41726615
10.42315599
10.50701725
10.51050560
10.51640929
10.52841468
10.54879455
10.66390114
10.70231109
10.71233423
10.75673204
10.76273621
10.82352669
10.82858147
10.83504475
10.84338900
10.84776810
10.86223104
10.86288527
10.91350943
10.91570012
10.91740433
10.99532955
11.08090959
11.09490781
11.12955998
11.14179522
11.18514872
11.19148756
11.20402149
11.21961940
11.22602715
11.22849273
11.23069872
11.26400833
11.27585734
11.29164873
11.29992007
11.30851239
11.38655702
11.42889943
11.46046888
11.46444494
11.49876932
11.53816203
11.56650217
11.57996114
11.59955734
11.60617694
11.61006082
11.65409130
11.65879709
11.70526131
11.76032851
11.77419018
11.77466468
11.78463879
11.81494048
11.86057360
11.86777756
11.87694468
11.89071958
11.90195544
11.96003916
11.97410911
11.97474650
11.97974904
11.98943546
12.00677728
12.02769334
12.05412158
12.08863203
12.17041512
12.17311009
12.19037320
12.20157210
12.21083558
12.22700902
12.25047866
12.30838901
12.31662720
12.33386471
12.44672315
12.47393093
12.50889022
12.56966870
12.61921480
12.67609595
12.71443368
12.71459939
12.72994872
12.74609617
12.74653590
12.76302681
12.88552767
12.90444404
12.98975370
13.00117616
13.02047092
13.07164952
13.13680591
13.14776846
13.21777608
13.22730281
13.27126051
13.27505075
13.29904368
13.30712574
13.33104099
13.36430636
13.37038284
13.38265861
13.40505223
13.42284006
13.43101622
13.43290204
13.45607211
13.46174357
13.46352314
13.48244011
13.50927097
13.58774329
13.59602097
13.61409190
13.66726999
13.67519735
13.74662566
13.74663973
13.80681677
13.82968948
13.93658947
13.97357708
13.99035080
13.99932234
14.00336103
14.01566113
14.02774610
14.19179194
14.20759437
14.22196014
14.33753542
14.34086429
14.36517248
14.38239694
14.43601285
14.50613291
14.54205297
14.57605751
14.59841978
14.59947290
14.60798813
14.61257998
14.69903044
14.71646845
14.71979036
14.73330238
14.76395467
14.76541063
14.77413920
14.82054342
14.84694945
14.87053588
14.89385216
14.90124092
14.91227227
14.93560575
14.96000962
14.96096373
15.00127971
15.00244932
15.04799887
15.08301782
15.12546142
15.12842120
15.13199119
15.14798114
15.16410998
15.18843723
15.19566169
15.25560349
15.31870873
15.36475741
15.42802108
15.48536210
15.53155667
15.62948707
15.65556006
15.65976525
15.66577132
15.69243782
15.75614949
15.77932044
15.78339849
15.78538050
15.79359374
15.79735146
15.80804487
15.81250684
15.85344627
15.86847431
15.89831950
15.89923752
15.91344317
16.00306214
16.00534484
16.06251207
16.08277585
16.08598908
16.12480083
16.19530957
16.19993699
16.20201368
16.23853973
16.24916387
16.27183468
16.27333417
16.27696177
16.32507520
16.32992887
16.34520183
16.35022005
16.35313096
16.40096254
16.48322294
16.49419120
16.52321567
16.54998662
16.60055255
16.60817113
16.61080877
16.62440000
16.62580333
16.62940544
16.66658195
16.68402473
16.69782781
16.73524744
16.73861666
16.74367357
16.76211693
16.76277176
16.78819887
16.81799652
16.85257454
16.90405910
16.90560271
16.90821762
16.99334112
17.08290380
17.09140799
17.09934368
17.17088984
17.17618157
17.18214338
17.21447874
17.23643726
17.33546993
17.33622845
17.34424494
17.41759844
17.43358611
17.45004892
17.45139936
17.45421226
17.50440759
17.51839738
17.59102981
17.59936897
17.60104319
17.61688240
17.67688821
17.71780572
17.72394188
17.74378420
17.75931691
17.78004405
17.80213583
17.80971798
17.83833195
17.86555652
17.89648980
17.90609678
17.91203716
18.01320489
18.10311733
18.10531859
18.10685976
18.13421090
18.16453142
18.19364293
18.21101104
18.21914926
18.27336555
18.41789207
18.57059304
18.57643834
18.60335747
18.62610186
18.63280977
18.67212108
18.68293871
18.68487770
18.74830160
18.75263126
18.77873507
18.79302719
18.84322928
18.87041391
18.87588579
18.90990643
18.91126320
18.91485703
18.95570938
18.96886755
18.97145792
18.99908689
19.04167494
19.08770362
19.12810882
19.13396902
19.15403229
19.19783219
19.19854375
19.28855614
19.31348897
19.35178418
19.35512390
19.36425808
19.36842340
19.38865089
19.42717200
19.44205749
19.46020808
19.46787639
19.47235484
19.49393641
19.52257996
19.60662672
19.61682898
19.65826370
19.70585101
19.74649130
19.74703818
19.74779637
19.75251238
19.75839424
19.78257799
19.85600077
19.89659211
19.92596978
19.93270950
19.94088268
20.02023499
20.03430229
20.07614755
20.11451305
20.12898049
20.15200187
20.15468127
20.18359974
20.24261894
20.31968654
20.33771465
20.34368888
20.36615883
20.43278788
20.43560999
20.44616265
20.46780019
20.50103602
20.51328115
20.51565158
20.53733454
20.54294026
20.54469979
20.55816829
20.56372934
20.56682302
20.66003551
20.67367979
20.69662928
20.73886502
20.73907711
20.75180931
20.75312867
20.76816811
20.87050022
20.92080355
20.98076922
20.99208929
21.00442763
21.00720175
21.06733678
21.09644706
21.09972185
21.10303282
21.17437321
21.18983997
21.20925827
21.22382121
21.26827187
21.28239479
21.34532237
21.37652496
21.49636759
21.49825893
21.53999096
21.57715327
21.62894381
21.65427024
21.65745750
21.66145471
21.66999120
21.71108544
21.72982487
21.73677051
21.82172365
21.82920202
21.86788846
21.87974393
21.89643602
21.91265122
21.94255015
21.94599481
21.94983341
22.00647178
22.07463048
22.08984745
22.10920607
22.18679059
22.20915650
22.21953040
22.23333942
22.26620295
22.34119559
22.34148412
22.39302260
22.39390774
22.39651210
22.42179069
22.45774623
22.50635354
22.54176050
22.54729862
22.54803148
22.56471431
22.56835042
22.64001628
22.72110218
22.79111626
22.91671474
22.92475911
22.97305998
23.02279963
23.04784555
23.15600359
23.18453339
23.21987236
23.24931786
23.25554964
23.27278598
23.30336028
23.32620532
23.32942777
23.36631709
23.39729338
23.41208643
23.47086384
23.47618534
23.50373662
23.54358859
23.55348293
23.58122716
23.59900176
23.63772486
23.64285671
23.65854434
23.67086475
23.67194196
23.76868392
23.81162125
23.81829031
23.82571184
23.83333336
23.87640967
23.94043277
23.94250579
23.96882133
23.98761792
24.00695075
24.04015842
24.04107869
24.08649518
24.09531692
24.09688193
24.10146804
24.11239116
24.14362975
24.15403510
24.16384143
24.18077616
24.18393968
24.18877627
24.19946930
24.22511660
24.22827455
24.25381645
24.25683987
24.31019326
24.32259699
24.42737470
24.43134587
24.45163539
24.48831431
24.57344290
24.57698742
24.58375461
24.58755715
24.65766711
24.66449146
24.71752683
24.72363103
24.76079849
24.76604865
24.78444380
24.79043126
24.79311747
24.79841590
24.80735388
24.81340507
24.81527914
24.87087246
24.92446789
24.96509792
24.99419132
25.07082461
25.08364461
25.10430773
25.14058039
25.21099083
25.21592605
25.24567304
25.25155319
25.25190056
25.25274969
25.32412127
25.36285151
25.37100894
25.41414640
25.41959672
25.42437820
25.42558747
25.43755986
25.48758092
25.49412207
25.56252303
25.56786671
25.59514281
25.59710397
25.62590586
25.62872084
25.71457521
25.71531344
25.72983488
25.74775423
25.77016886
25.82992615
25.85343529
25.85490130
25.85700142
25.89303908
25.89548763
25.90075207
25.90366381
25.93245951
25.95540863
25.96383484
25.99571754
26.03139720
26.03437579
26.03454544
26.06730150
26.09611270
26.09679322
26.10685407
26.11269439
26.12748353
26.13382245
26.18102313
26.23462490
26.29163034
26.29688979
26.34000886
26.40786706
26.45756472
26.50253691
26.50616774
26.51865048
26.56101428
26.56302600
26.61399318
26.61992407
26.62880462
26.62940328
26.64373817
26.65864857
26.75083881
26.78877178
26.79902175
26.82577194
26.83349582
26.83354476
26.83433430
26.85228750
26.85563658
26.87502803
26.88583675
26.88749001
26.95404461
26.97303242
27.01824060
27.03873616
27.04948654
27.08439741
27.11715191
27.15529174
27.20032724
27.23359007
27.25151776
27.31478554
27.35850155
27.37988592
27.40305738
27.45088027
27.49670713
27.49792991
27.57194053
27.57224224
27.58284679
27.62557144
27.65057350
27.65842743
27.66346539
27.73641836
27.74329422
27.74814361
27.75878061
27.76514645
27.79645212
27.86340759
27.87546028
27.90568704
27.92093367
27.92452111
27.95424605
27.96154412
27.96734080
27.96862641
28.00123547
28.01622647
28.02230958
28.15496188
28.17119638
28.20299112
28.21519506
28.21764626
28.24606327
28.28922761
28.29370320
28.29553861
28.34152988
28.34591987
28.36277860
28.38483667
28.45784446
28.48392319
28.49621924
28.53456223
28.56374514
28.67969926
28.68773233
28.70206753
28.70302450
28.76127017
28.76341125
28.76738954
28.81576797
28.84545605
28.90453763
29.02053248
29.04700815
29.08444329
29.08861412
29.10132732
29.15781350
29.16184080
29.21535171
29.22128284
29.22505901
29.23136141
29.24661058
29.26112423
29.29128794
29.31492776
29.33402973
29.33857888
29.44321655
29.47023237
29.48351689
29.48747668
29.53943658
29.55343863
29.59142311
29.63038808
29.63864162
29.64317490
29.67609728
29.72626068
29.72861384
29.78490966
29.81904056
29.83541503
29.84836793
29.86218003
29.87527212
29.97635020
30.04095305
30.07552094
30.09145613
30.14078667
30.14170389
30.16650718
30.19585907
30.22646442
30.24956458
30.27648696
30.27810043
30.28930514
30.29791867
30.30270156
30.30538038
30.32704747
30.33962756
30.35339747
30.36049561
30.36561308
30.40819953
30.41822144
30.44589313
30.45891817
30.47759032
30.55777381
30.71366528
30.74471118
30.76922968
30.78563221
30.80828248
30.83914550
30.84829509
30.85661405
30.85786379
30.92234089
31.04778004
31.06539890
31.06795151
31.17398962
31.17840308
31.20739404
31.20824306
31.20972360
31.21148415
31.24014566
31.24551346
31.24866859
31.28636107
31.31349817
31.32060051
31.34179540
31.38176325
31.40057728
31.40517468
31.40788378
31.40993271
31.51906532
31.58726276
31.60787492
31.61371311
31.62702953
31.66327002
31.70231889
31.73584034
31.86371690
31.87785815
31.89333170
31.96249056
31.97758946
32.01176121
32.02224574
32.05250996
32.05425106
32.08307996
32.11793157
32.14638344
32.20670289
32.21922615
32.25513483
32.28793813
32.31318212
32.40080108
32.42017502
32.46388432
32.48396536
32.53111131
32.54029687
32.57218485
32.62663484
32.63585640
32.64500362
32.70989746
32.75226388
32.94533001
33.05005548
33.05227540
33.06901995
33.07935853
33.10351552
33.11533063
33.14836550
33.15929688
33.20264776
33.21132026
33.22931844
33.23484216
33.26163712
33.31196251
33.34460797
33.34942620
33.36058016
33.36062393
33.40046768
33.41737684
33.45372173
33.51758259
33.55022135
33.60881995
33.60965247
33.63086055
33.64921229
33.78564581
33.79749719
33.82879865
33.85046089
33.86964912
33.89267326
33.90542961
33.94908280
34.01094625
34.10682662
34.15679086
34.16771576
34.17386054
34.24405995
34.27543862
34.28405837
34.32243618
34.32983464
34.34049563
34.35435506
34.36770165
34.40485185
34.42645054
34.46217994
34.46494581
34.47413487
34.47847687
34.48206871
34.50428077
34.54081631
34.56032424
34.58741851
34.66877383
34.67853830
34.68206934
34.76482912
34.79495065
34.84013846
34.84290515
34.84467934
34.88800445
34.91731707
34.94333495
34.96060118
34.97131308
35.01390811
35.03133477
35.04148633
35.04861600
35.05476793
35.07074483
35.10580662
35.15662147
35.17563474
35.18569644
35.23427592
35.24190759
35.26483967
35.26648524
35.26868382
35.27155485
35.31055772
35.32827624
35.36043906
35.37497857
35.37881346
35.43462741
35.44220829
35.44546828
35.45454258
35.47404186
35.48130414
35.50325633
35.52896171
35.58073202
35.59633619
35.60286022
35.65059251
35.66244913
35.68762369
35.69711102
35.73279315
35.75347269
35.77119345
35.83775209
35.83914324
35.85347591
35.90492909
35.90600953
35.90787790
35.97595517
35.97704965
35.97724666
35.98728143
36.01556402
36.17988572
36.18079948
36.19014713
36.20523563
36.27097860
36.27363207
36.28558446
36.29028572
36.31162009
36.31786222
36.32378860
36.35982386
36.38555341
36.38812460
36.41435356
36.43598447
36.47193028
36.50575611
36.54794085
36.56206334
36.58039181
36.59074138
36.60276507
36.61422794
36.61593005
36.67972765
36.72285215
36.75603851
36.75914715
36.79282642
36.79678494
36.82493736
36.88124157
36.88937157
36.89175929
36.92157722
36.93695943
36.94293844
36.95869718
36.96752956
37.07872378
37.08454653
37.09436196
37.11438014
37.12763680
37.14465836
37.16504189
37.18636141
37.20830964
37.21827478
37.26469885
37.28275361
37.33681485
37.35886309
37.38245026
37.40681005
37.42388549
37.46019934
37.56327272
37.59046720
37.59096546
37.59475304
37.60969467
37.61118351
37.61912185
37.62088225
37.63996614
37.67815203
37.69740109
37.71840648
37.72032692
37.78982055
37.87015275
37.88933347
37.89788982
37.91836140
37.93717203
37.95891545
38.02130881
38.02908794
38.08444999
38.11127751
38.11663834
38.12562481
38.13508751
38.15496007
38.17488401
38.17938102
38.18005906
38.18477121
38.26907943
38.31544647
38.34681902
38.40835134
38.52387951
38.58625301
38.58767838
38.61044375
38.63685387
38.67283989
38.69112188
38.69916023
38.73199951
38.76043329
38.79229110
38.81259971
38.81918616
38.83338102
38.84269604
38.85532481
38.87057070
38.87672890
38.97673408
38.98572162
39.03151169
39.04620126
39.06077002
39.06300871
39.09116566
39.11328712
39.13691559
39.15703133
39.19495820
39.24143800
39.25756845
39.27022053
39.28088614
39.30562025
39.30711131
39.31057779
39.34202880
39.44397474
39.44419635
39.44834985
39.47485324
39.50647640
39.54805721
39.56008486
39.59025372
39.59257162
39.59499912
39.59803099
39.62511950
39.63040722
39.63976564
39.64560804
39.64735987
39.70054391
39.70328921
39.70736975
39.71339671
39.74363572
39.77641482
39.80046852
39.82829728
39.84858065
39.86205538
39.89944375
39.92439535
39.93984915
39.96563014
39.98258303
39.99011410
40.04300909
40.04474941
40.08553605
40.08911742
40.09154615
40.10707200
40.11032093
40.11956442
40.12599252
40.17213630
40.21575850
40.22552528
40.24960850
40.34525305
40.35468399
40.40217192
40.48160035
40.51103941
40.51270324
40.56224765
40.57643873
40.62739127
40.64884816
40.69704721
40.72216105
40.74678634
40.75500944
40.87464062
40.89084804
40.89695022
40.91561053
40.92473341
40.92635540
40.95670649
40.98779232
41.10561359
41.11605134
41.12548532
41.14051797
41.15502122
41.15599381
41.17024710
41.17480543
41.19833731
41.23433628
41.23960898
41.24753952
41.35019988
41.36472930
41.39309400
41.42021895
41.43586239
41.52945263
41.54944635
41.72349885
41.73523416
41.74135746
41.81757426
41.84935532
41.86621320
41.87333775
41.93761796
42.03757221
42.05150168
42.09243078
42.13415793
42.16386292
42.18502872
42.22704333
42.26929277
42.28613097
42.31529196
42.34837984
42.37231497
42.37762329
42.37827982
42.41253763
42.43917477
42.48452254
42.51565320
42.52933055
42.54066246
42.55199565
42.61329717
42.61915404
42.62069290
42.63493792
42.67151986
42.76027562
42.76982820
42.77601900
42.78967467
42.79698070
42.87233027
42.88264703
42.88454739
42.91687336
42.92803227
42.94663067
42.95472994
43.03495723
43.06480512
43.08946629
43.09145591
43.21766290
43.31917697
43.32132195
43.39443016
43.39857310
43.41799099
43.42548149
43.43916967
43.45254346
43.47008038
43.50230349
43.54116454
43.55807830
43.56446507
43.62269983
43.64766103
43.70463203
43.72922458
43.75336181
43.77324656
43.85880860
43.87562114
43.88124017
43.90784629
43.91636295
43.92965058
43.93354690
43.94489278
43.96005149
44.09715595
44.11318113
44.13049605
44.13376875
44.16713901
44.16755301
44.17702211
44.18536662
44.19075179
44.28444044
44.34043559
44.36412554
44.38744173
44.39208635
44.40138555
44.46473967
44.47430861
44.48088081
44.51728735
44.52105939
44.58606323
44.58985097
44.63928845
44.70581322
44.72564270
44.75630846
44.76171808
44.77507163
44.79211336
44.83282345
44.83775443
44.95741056
44.95902498
44.98075818
44.99522102
44.99821358
45.03850295
45.05203122
45.05398352
45.06437580
45.09077903
45.10351332
45.12121956
45.13060272
45.13930553
45.17095374
45.17493459
45.21995795
45.25138795
45.25570657
45.27961364
45.33639770
45.41633372
45.49478177
45.51974681
45.52069119
45.54017660
45.55233298
45.55662516
45.78466434
45.79878692
45.82516745
45.87113214
45.90106641
45.91078423
45.96506063
45.96620503
46.02162024
46.05603437
46.11835325
46.14059018
46.14435244
46.15115452
46.17492000
46.18182254
46.23440412
46.34506585
46.34512062
46.34859156
46.35581528
46.35672478
46.37647008
46.41616130
46.50461000
46.53536900
46.55686600
46.56785729
46.59644006
46.60983993
46.63529454
46.66279345
46.67195035
46.67290876
46.72098232
46.77960381
46.81423343
46.84930092
46.89808655
46.95228669
46.95493135
47.00171072
47.02435192
47.03373215
47.08830325
47.15613640
47.16490940
47.28742883
47.32145198
47.35189008
47.40464461
47.45903925
47.47738451
47.49841781
47.50830592
47.56877740
47.60217612
47.61183064
47.63695261
47.66523102
47.67552596
47.67640872
47.74075299
47.76840443
47.78257871
47.80382268
47.80437263
47.83310362
47.83468267
47.87511067
47.93179888
47.94146767
47.96176836
47.97716247
48.00989510
48.01486176
48.07110767
48.08295346
48.10170487
48.12586227
48.26252041
48.28690969
48.32620217
48.35610313
48.36994484
48.38065654
48.43323623
48.47640478
48.51467764
48.51516595
48.51801536
48.58251729
48.62010540
48.65109527
48.65248285
48.67296616
48.71023088
48.79732431
48.86808736
48.90904136
48.94277224
48.97786480
48.99562162
49.04633454
49.13994022
49.22536782
49.26166886
49.39830348
49.43889746
49.44014134
49.44121655
49.45514531
49.48375186
49.50987342
49.51669416
49.54563032
49.55320452
49.60696190
49.60981183
49.64610040
49.67400412
49.67848886
49.72086706
49.75517288
49.75762255
49.81140460
49.81197863
49.83733925
49.85547605
49.99472181
50.00543703
50.00635047
50.05781684
50.05824464
50.06121322
50.06240397
50.07271371
50.09686413
50.14258167
50.14328641
50.20612534
50.24219437
50.25001131
50.25816133
50.27948266
50.31800692
50.32394192
50.32436468
50.37400700
50.41585367
50.47054145
50.49895823
50.50478404
50.51408899
50.55440169
50.56168212
50.57446288
50.62325103
50.63996497
50.66382275
50.67385224
50.67921946
50.68207420
50.69396882
50.73111902
50.75077831
50.75316090
50.76430676
50.76828286
50.78481559
50.78611016
50.79202634
50.82422768
50.82619670
50.82915152
50.83369512
50.85637604
51.00497180
51.00934824
51.04077122
51.04762261
51.05403571
51.08153779
51.13805144
51.17813577
51.22424229
51.25181240
51.25567488
51.29386674
51.30203627
51.33240717
51.34432456
51.34786876
51.37809749
51.41835648
51.42559399
51.44404777
51.44781244
51.45856914
51.46642605
51.54093719
51.55739867
51.57460401
51.57828296
51.58022194
51.58973812
51.69841129
51.72812920
51.76902739
51.78518442
51.80141768
51.83452757
51.84806154
51.89224125
51.97669282
51.98598021
51.98940398
52.01595778
52.05198364
52.05527464
52.06805536
52.07028016
52.09573039
52.10444326
52.11685027
52.17778044
52.18070754
52.19148782
52.24090720
52.26767474
52.28530601
52.29458586
52.30020197
52.30855657
52.34941247
52.36969060
52.38182409
52.50490799
52.51209775
52.52141468
52.55385659
52.55963802
52.56481472
52.62282726
52.65776487
52.66912639
52.67283640
52.69893779
52.71285201
52.73662009
52.75022472
52.76471341
52.77934956
52.84293722
52.90304674
52.90692077
52.92134155
52.95673493
52.97302310
53.00027483
53.01279318
53.04603952
53.07149735
53.09023036
53.09393466
53.11634391
53.13165203
53.13800837
53.14866216
53.17090440
53.21285986
53.22559094
53.24766471
53.25030609
53.26197850
53.31651896
53.32426710
53.44655934
53.49976190
53.53762393
53.56313673
53.64291102
53.64648220
53.72482580
53.77619653
53.78967574
53.79843122
53.81728505
53.86575632
53.88182039
53.89845503
53.92041115
53.94911621
54.01752426
54.02119986
54.12571030
54.13207881
54.27063773
54.29314797
54.33161151
54.35950328
54.40520868
54.41492724
54.43169456
54.43375244
54.43942287
54.47766405
54.49626527
54.50331971
54.50847469
54.53772097
54.55171558
54.55717526
54.56858548
54.60315331
54.67032070
54.72956243
54.73534779
54.74631711
54.74673856
54.76229456
54.76353882
54.82844571
54.83355770
54.84165474
54.84404348
54.84700270
54.86446498
54.88714001
54.94947519
54.98094456
54.98860166
55.00249165
55.01086845
55.02041610
55.02986103
55.03061728
55.05872250
55.06996207
55.19986269
55.22099850
55.24496588
55.25123306
55.27626222
55.27712125
55.28101392
55.28832999
55.29031632
55.29558960
55.31592157
55.32025871
55.33321923
55.39549159
55.43693314
55.43800318
55.49307437
55.53089917
55.55029615
55.58799328
55.61632730
55.72876856
55.73812275
55.74833777
55.76673699
55.77937174
55.80413469
55.88863700
55.90837539
55.94497885
55.98417733
55.98594359
55.99103479
56.01163011
56.02037435
56.11690977
56.11822980
56.14545042
56.23739339
56.27423065
56.29803598
56.43763813
56.45521839
56.48168161
56.58392867
56.58449258
56.59396082
56.59469801
56.63892932
56.64915822
56.68360695
56.74700631
56.75779846
56.78196598
56.82110192
56.92731265
56.95224355
56.95689686
56.95898660
56.96614807
56.97590940
56.98148513
57.03278824
57.03341491
57.04094033
57.05918583
57.08306130
57.08780994
57.08812220
57.10100411
57.14389876
57.16351486
57.18696575
57.22922346
57.24337639
57.30785650
57.34139353
57.34370663
57.37138615
57.38328716
57.39349673
57.44125978
57.44497151
57.45646445
57.45945602
57.50368982
57.51864274
57.53310534
57.55983034
57.56226726
57.58795015
57.59428939
57.62150958
57.64276361
57.71065000
57.73870479
57.80960494
57.82375378
57.82817407
57.84101159
57.84674006
57.85933981
57.89654767
57.91560639
57.92725571
57.94205142
57.98195439
58.01028023
58.04577660
58.05549355
58.06905878
58.07863675
58.08129848
58.12512402
58.14051581
58.16633292
58.20414890
58.23302478
58.25807057
58.29574711
58.32619665
58.36154512
58.41188504
58.42654799
58.47492308
58.47628898
58.48789834
58.53162123
58.60961986
58.65692212
58.67446642
58.68240259
58.73254856
58.79934180
58.80523210
58.89051293
58.90177212
58.92785841
58.93025393
58.98787107
59.02503107
59.08933741
59.12216186
59.13242229
59.16966129
59.17038607
59.17315375
59.20752275
59.23505238
59.28819704
59.32177756
59.36166918
59.37850066
59.39003360
59.41054845
59.43703378
59.59960978
59.60627427
59.63091604
59.64383313
59.67528789
59.71479636
59.71491850
59.72779808
59.80320217
59.81670212
59.85997780
59.89735509
59.95333049
59.96614867
59.97587806
59.98666679
60.00996263
60.01470077
60.02836626
60.06404927
60.09444892
60.09940064
60.16577805
60.19443188
60.19885646
60.20232795
60.22327306
60.24595391
60.26475377
60.29807346
60.36446514
60.47902076
60.51534484
60.51563656
60.52930089
60.58646903
60.60838747
60.64035167
60.65670063
60.66310204
60.68349430
60.69824848
60.72029004
60.74820361
60.76972009
60.78005586
60.80483653
60.81348635
60.83674833
60.85013209
60.85390367
60.89371761
60.93193218
60.94484566
60.94911315
61.05526688
61.06550078
61.10630296
61.13962024
61.21744037
61.22310771
61.26070260
61.31847849
61.32310799
61.36626135
61.37532216
61.41664807
61.42311555
61.48841993
61.51281661
61.53240459
61.54927073
61.64227987
61.64512211
61.65194142
61.68991463
61.69100863
61.69288347
61.75485998
61.76408194
61.81812879
61.84645560
61.85547079
61.85678356
61.86007901
61.87819611
61.88105918
61.89139641
61.89807087
61.93349134
61.97898965
62.02892774
124.00000000
