0.01128249
0.01564348
0.07779062
0.10970839
0.12411775
0.17868190
0.18634699
0.21893474
0.22220730
0.23680720
0.25403079
0.31987556
0.38075183
0.40639624
0.42580135
0.44456542
0.44950513
0.48852466
0.49717343
0.51560266
0.54246938
0.56936678
0.57940189
0.69625195
0.74721253
0.75450839
0.77290560
0.77914882
0.78305513
0.78900575
0.88058004
0.89029918
0.92507616
0.97225400
0.97526218
0.98789104
1.06903418
1.09916628
1.18352279
1.30803223
1.32482387
1.33471124
1.34697829
1.36568510
1.36826749
1.42143153
1.46999000
1.47012695
1.49489258
1.53045219
1.54754946
1.56447578
1.58137954
1.61828765
1.71672477
1.71868532
1.72226569
1.75748931
1.76320793
1.78715867
1.79210777
1.79215653
1.81157378
1.81708734
1.83493505
1.84496573
1.84715915
1.88997117
1.90791330
1.91996840
1.93595988
1.94430154
1.96515689
2.00131202
2.07649811
2.10504992
2.10525145
2.11431650
2.13469482
2.18115348
2.21839306
2.26188402
2.27199211
2.28119543
2.30455191
2.33742667
2.35152164
2.45596265
2.45898980
2.46577177
2.48179292
2.49350615
2.49395432
2.49404951
2.51156311
2.52960195
2.55763766
2.56790531
2.57035322
2.57482693
2.58874986
2.60112495
2.61425704
2.66894221
2.69303244
2.79279311
2.80742447
2.81691808
2.85959301
2.86476609
2.89825088
2.90388160
2.93062912
2.94244942
3.01819946
3.04778985
3.05337724
3.06132550
3.07402506
3.07514002
3.07763083
3.11097245
3.17597395
3.18018379
3.20575969
3.21253534
3.22160487
3.22682315
3.23434378
3.24006542
3.25421554
3.25611792
3.31183954
3.34440259
3.34685805
3.36647143
3.44906304
3.46257632
3.47272672
3.48161361
3.48880803
3.53190401
3.57355743
3.57545032
3.58353468
3.58876895
3.60548677
3.61888964
3.62744939
3.64294772
3.67103337
3.76711348
3.90904618
3.91103808
3.91665148
3.93604884
3.98343855
3.98577450
4.01148321
4.03174596
4.04014542
4.12146733
4.16107428
4.17702919
4.17740584
4.19510841
4.19909316
4.21428812
4.26553757
4.31002951
4.33820184
4.38018865
4.43414107
4.43713263
4.43829005
4.46381030
4.46444187
4.48378983
4.48669147
4.49485008
4.56447408
4.61020618
4.63282792
4.63481298
4.64034335
4.64060239
4.64339995
4.64684799
4.71052449
4.76266094
4.77597283
4.78430035
4.78657462
4.83146422
4.83759556
4.83811357
4.84239738
4.84341447
4.88046110
4.88130358
4.89409110
4.89591082
4.92434235
4.93335159
4.94682817
5.02715064
5.03035639
5.03421838
5.06677883
5.08220570
5.14058208
5.23343271
5.25638053
5.30509020
5.33377194
5.37186494
5.44764948
5.46840586
5.48130783
5.48341705
5.50634267
5.50783241
5.51127940
5.51598339
5.52005290
5.53729076
5.56742777
5.56946715
5.57359005
5.58746874
5.65608547
5.67789409
5.68863653
5.70105212
5.70328063
5.73904573
5.74006788
5.82644349
5.83844596
5.84274277
5.86705264
5.89686391
5.93590659
5.93762263
5.94141489
5.97267241
5.98804879
6.00050267
6.04475733
6.05588676
6.05810596
6.06022854
6.06816144
6.06975201
6.08092880
6.09841838
6.16052277
6.17609934
6.20268064
6.21315082
6.23098871
6.24010033
6.28980848
6.29378667
6.35752486
6.35994235
6.39061922
6.40221990
6.40644694
6.40788550
6.41702001
6.49512795
6.49881219
6.53117540
6.54916748
6.59087328
6.60673488
6.61208867
6.61453220
6.74266128
6.77068753
6.81290415
6.82731991
6.85454460
6.86045482
6.88389742
6.88824423
6.89944137
6.95400799
6.97542876
7.02353506
7.04119177
7.06238547
7.16609576
7.19864032
7.25951617
7.26999419
7.28995618
7.41163641
7.45693678
7.45742234
7.48536455
7.55917307
7.57610270
7.58211747
7.60115230
7.60251476
7.63585301
7.63953070
7.65942502
7.68015591
7.68347283
7.71826208
7.75530363
7.76848584
7.76997312
7.80346349
7.81902221
7.82941800
7.85756874
7.86423753
7.89355153
7.89701283
7.93742256
7.94584565
7.94975037
7.95178938
7.95958544
7.96345382
8.08134627
8.12999289
8.14256726
8.15547621
8.18270954
8.22179232
8.30088043
8.30186727
8.32277067
8.33512404
8.34493288
8.41682007
8.43860482
8.52878626
8.56730379
8.57396568
8.59577635
8.59770999
8.64947507
8.69645060
8.74359940
8.74682349
8.75015133
8.76654464
8.77313734
8.78076817
8.78402626
8.82478200
8.94215408
8.97747261
8.99767719
9.03924889
9.06444701
9.06592161
9.08879387
9.11548324
9.11598937
9.14487481
9.15380311
9.16152615
9.24821789
9.31335146
9.33637136
9.34619667
9.37146072
9.37385523
9.38689187
9.40619844
9.40666625
9.43364789
9.44586596
9.50260528
9.52311720
9.57603190
9.59536519
9.71385643
9.74951659
9.78531605
9.80443110
9.82686890
9.86615745
9.86987224
9.88378122
9.90625465
9.92079302
9.97464979
9.98027118
9.98737970
9.98797608
10.01169383
10.09221267
10.09457390
10.19814506
10.20734407
10.22463112
10.26292985
10.28055404
10.38190967
10.38565043
10.39146627
10.46819878
10.48608626
10.51349715
10.55971763
10.62949600
10.63517190
10.63576006
10.64910570
10.65570138
10.66817108
10.69441485
10.76546632
10.77069672
10.80739071
10.81139828
10.83562370
10.84803999
10.87864275
10.88958248
10.91061684
10.95122714
10.98153483
11.01280180
11.05339433
11.05614821
11.09486363
11.11495670
11.11625517
11.11833964
11.13115361
11.19148756
11.24309858
11.24500173
11.26541835
11.29164873
11.29447891
11.31415908
11.33144231
11.37276830
11.37524588
11.39906476
11.40700742
11.44852958
11.46462204
11.47470259
11.49075457
11.57262490
11.57470199
11.62687349
11.63383799
11.67713652
11.68773571
11.71740410
11.72076686
11.72986773
11.77172365
11.79557948
11.84417297
11.86836512
11.87103772
11.87524055
11.96319400
11.96840399
11.96871782
12.00536288
12.11789080
12.12343788
12.13317233
12.27275299
12.29991877
12.31551264
12.31662720
12.33221947
12.39522943
12.42120185
12.43666559
12.47207961
12.52278753
12.55177508
12.59305611
12.60087157
12.61560953
12.63949433
12.69961904
12.74597030
12.77840554
12.77981577
12.79492517
12.85403640
12.91460091
12.92652296
13.01731155
13.04446711
13.08515352
13.12509057
13.14777489
13.16323774
13.26666946
13.29100476
13.32324435
13.36767886
13.40102457
13.44897604
13.44899377
13.46809561
13.47167866
13.48722084
13.52669513
13.54177609
13.56100349
13.59674754
13.64059707
13.64128554
13.70805943
13.74382890
13.75784975
13.86753549
13.89427605
13.91983243
13.93748414
14.01246952
14.02384396
14.06391635
14.11664574
14.19934331
14.21548475
14.24375677
14.25651477
14.29387458
14.31860917
14.34792893
14.47856268
14.53506141
14.57390677
14.61559706
14.62068720
14.63912612
14.63937198
14.64202986
14.69061632
14.69558067
14.73291623
14.73682961
14.75823578
14.76155975
14.80962347
14.85631761
14.90635295
14.91136511
14.96000962
14.98234681
14.99636329
15.06452570
15.08250750
15.08301782
15.08522837
15.10652022
15.15992325
15.17789740
15.18063177
15.19733534
15.22368153
15.27428081
15.29934040
15.30845251
15.31030209
15.31345678
15.38275464
15.51973334
15.52216818
15.53663349
15.55995974
15.66583599
15.68729623
15.75044345
15.75926483
15.80949769
15.81278978
15.88202586
15.90516205
15.90606114
15.92937080
15.93204065
15.94940143
16.01300671
16.01382026
16.04830772
16.05661480
16.06617736
16.09019610
16.09829817
16.13508503
16.21816911
16.23853973
16.24693984
16.31290329
16.34338838
16.34652749
16.35781828
16.37931420
16.39492788
16.40677635
16.40845678
16.42948333
16.45025400
16.46119694
16.50256032
16.64372506
16.68861049
16.70683837
16.72608164
16.73115899
16.73861666
16.76762318
16.77337277
16.77542566
16.78080744
16.78995429
16.80553491
16.83123619
16.90418583
16.93478252
16.96184248
16.96219076
17.03000099
17.03711183
17.06753833
17.07178080
17.08678447
17.09777564
17.13939100
17.14206686
17.16738031
17.23643726
17.25166064
17.25824875
17.33254440
17.34867936
17.37358212
17.38280298
17.40296095
17.49647727
17.54867395
17.60486855
17.61500979
17.63920810
17.64046571
17.65635504
17.71780572
17.75279386
17.75931691
17.81875356
17.87278880
17.87670497
17.92237229
17.92457003
17.92709052
17.97408085
17.98517411
18.00214860
18.07634088
18.08074767
18.16164767
18.16592165
18.17157449
18.20640980
18.20913223
18.26360292
18.27194028
18.29911962
18.36456087
18.40579615
18.40914254
18.42671282
18.50169089
18.57082898
18.62142613
18.66859175
18.71191517
18.71344527
18.73484075
18.74620286
18.79500024
18.79625397
18.84433480
18.88996281
18.88998386
18.89748173
18.96055215
18.96293911
18.96724005
18.98068756
18.99500626
19.01613636
19.02346677
19.02503622
19.06484561
19.06722842
19.11220067
19.22304536
19.29167571
19.33888319
19.34875444
19.35766093
19.39285636
19.42857258
19.47641803
19.52761287
19.53041102
19.53929325
19.57328806
19.59478989
19.61006042
19.63520906
19.64963075
19.66565674
19.66922215
19.69159978
19.72127340
19.74411273
19.75341886
19.76738882
19.77960349
19.78423961
19.78972074
19.85109703
19.86369153
19.87296493
19.87952333
19.88120480
19.88854823
19.90884506
19.94075343
19.96944284
19.99341000
20.00220288
20.01286825
20.04073039
20.05625260
20.08912613
20.15468127
20.19534538
20.22691827
20.24259374
20.24798603
20.28261140
20.31087428
20.31914247
20.39560952
20.40457310
20.42347205
20.45893457
20.50951599
20.51014826
20.52903879
20.53862939
20.54077359
20.60035879
20.63751790
20.64118988
20.66042176
20.66404726
20.68570695
20.72975207
20.74031073
20.76549166
20.82112717
20.89750901
20.89829216
20.89994800
20.90872494
20.93463623
20.96397047
21.01549098
21.01814780
21.04662574
21.04663732
21.12097612
21.13157383
21.16831423
21.19011385
21.20061203
21.20925827
21.27284770
21.31156595
21.32531879
21.33952234
21.52757306
21.56556014
21.58593396
21.59073924
21.60866721
21.66819250
21.67449659
21.68227136
21.68878939
21.71108544
21.72282883
21.75729695
21.79847576
21.83177168
21.85794618
21.86182379
21.88715853
21.90810327
21.91377969
21.96680362
21.99604055
22.00603574
22.07107194
22.07821790
22.13063863
22.25922629
22.32821991
22.34314484
22.35489201
22.36525895
22.38936314
22.39196414
22.45797482
22.54192046
22.56021539
22.57344923
22.63693057
22.72354509
22.73132060
22.75671278
22.76602041
22.78903046
22.79085845
22.80291668
22.82556527
22.83340874
22.92475911
22.93242503
22.96922519
22.99211963
23.00385045
23.01240877
23.02279963
23.04079031
23.06633980
23.09474031
23.11079587
23.14538858
23.14641197
23.19381040
23.19817940
23.20392425
23.20583187
23.22799901
23.23078525
23.24356123
23.25917798
23.26806458
23.28499893
23.30565673
23.33343149
23.33505028
23.36043996
23.45400828
23.45756455
23.47482047
23.52023404
23.52351591
23.55807812
23.57085672
23.57517841
23.58657927
23.59867807
23.62289109
23.70309056
23.84958481
23.84971086
23.91968749
23.98411045
24.05490654
24.06864451
24.08926382
24.11599881
24.12229662
24.13272634
24.14410687
24.15364305
24.20186365
24.24804868
24.26352900
24.26960148
24.27728954
24.28925620
24.32902277
24.35888341
24.37223629
24.41028176
24.42181452
24.43912721
24.45732105
24.46154449
24.50406210
24.55640919
24.60165298
24.60651006
24.63293567
24.68170026
24.73678951
24.73909466
24.79970634
24.81674806
24.85499931
24.87044104
24.87087246
24.88883828
25.06036521
25.14555556
25.18280690
25.21225522
25.25396080
25.26283144
25.32494267
25.34535836
25.36747250
25.53144153
25.56230134
25.58307039
25.59514281
25.71254299
25.74775423
25.75757911
25.77671934
25.78846669
25.91185227
25.93930120
26.01615470
26.13911245
26.17342709
26.18294054
26.18383445
26.18740231
26.21295635
26.21309102
26.23567037
26.23575272
26.27165302
26.31183421
26.40783219
26.50203352
26.51865048
26.63168739
26.66720924
26.71457240
26.71704935
26.73467638
26.73622455
26.73992730
26.76419542
26.80484515
26.85543933
26.87443232
26.89316018
26.90786329
26.96470443
26.96537494
26.99168407
27.02497984
27.03754491
27.05223540
27.06616408
27.10274838
27.10620881
27.12470771
27.14325788
27.17556627
27.19900068
27.20699735
27.22647545
27.23722518
27.24314767
27.25000132
27.25346144
27.25999707
27.26123917
27.28111672
27.29353072
27.29741905
27.32876214
27.34373873
27.36301175
27.41385480
27.45198908
27.49339681
27.49670713
27.52516785
27.53786047
27.53934029
27.54324277
27.55474101
27.55866122
27.60444488
27.61590105
27.64346787
27.67625849
27.68989639
27.71076666
27.71623502
27.72504942
27.75105249
27.75878061
27.76434410
27.77685011
27.79486242
27.83676748
27.83802927
27.90336822
27.90695134
27.91101113
27.92620596
27.92694163
27.96598865
27.96871727
28.00273520
28.00441799
28.05715785
28.09455644
28.09819636
28.11828824
28.14773083
28.14878070
28.21238658
28.25402943
28.27431960
28.28947485
28.29297574
28.29899505
28.34545202
28.42282397
28.42411312
28.43403351
28.44170840
28.45914760
28.48809756
28.51202173
28.53009589
28.53909869
28.57691306
28.58809797
28.60205501
28.62364440
28.64195869
28.64864158
28.68459290
28.70267099
28.73905325
28.74048860
28.75079298
28.75661912
28.76352319
28.81609861
28.84108906
28.87375036
28.89339440
28.91185262
28.91189640
28.98042092
29.00055648
29.01860136
29.02491459
29.03182645
29.03325240
29.10806790
29.14238103
29.21119827
29.22762215
29.28941932
29.31021752
29.35784784
29.36941621
29.37196373
29.39513740
29.42331995
29.43510609
29.48222711
29.48269647
29.52521331
29.59804115
29.60943060
29.61228609
29.62211175
29.63837959
29.70761526
29.72354205
29.72832713
29.74429826
29.74873087
29.76202343
29.80872017
29.87527212
29.92872369
29.97599180
30.00664807
30.02947726
30.07552094
30.10987035
30.12729384
30.15628836
30.15822937
30.18271811
30.18603700
30.23438080
30.26249778
30.31829463
30.32547695
30.41289352
30.41880201
30.51210577
30.53903881
30.56996689
30.59445048
30.64750916
30.66660035
30.77336462
30.81640287
30.81822729
30.83818395
30.84031763
30.91097249
30.96578869
30.99390542
30.99946152
31.00328949
31.01566847
31.02116245
31.03162439
31.04624572
31.06153338
31.06312068
31.11917124
31.12908067
31.14878777
31.17398962
31.19683501
31.20739404
31.24131341
31.27398268
31.28022192
31.28030873
31.28684197
31.30787859
31.32635363
31.33764865
31.34063628
31.35648728
31.36008181
31.38176325
31.41841216
31.49866788
31.53815756
31.55121660
31.58596902
31.63871182
31.64983246
31.66102984
31.67832138
31.69416535
31.71525012
31.76218932
31.76240026
31.80773772
31.83607354
31.88684239
31.89717106
31.92758358
31.95269214
32.02417740
32.02998496
32.10726494
32.10904741
32.16139396
32.19578824
32.27765052
32.39204403
32.39770732
32.42114691
32.44410055
32.45700837
32.47939087
32.50969489
32.53111131
32.54620931
32.56821181
32.59905104
32.61122324
32.67062092
32.67449738
32.67585566
32.68755909
32.71064915
32.76930345
32.77865536
32.78792651
32.95621855
32.98324399
33.01782335
33.02113805
33.06234005
33.07182720
33.07430965
33.09711125
33.12243057
33.18692878
33.32153249
33.37256746
33.47557132
33.56002991
33.56029983
33.58365277
33.59155637
33.59262376
33.62888808
33.66706994
33.67817016
33.70527389
33.71495899
33.75051066
33.79189772
33.80176360
33.80573278
33.80913064
33.82107084
33.83354919
33.84474353
33.84983298
33.88519538
33.92747341
33.96731017
33.96938794
33.97178092
34.04811312
34.07984943
34.11173747
34.13839187
34.13840022
34.14106479
34.15950771
34.26786884
34.27136972
34.27211302
34.28908159
34.39551379
34.40329708
34.41453804
34.41474565
34.42990588
34.44132062
34.46801134
34.48206871
34.50075257
34.50110249
34.54081631
34.54134279
34.56457823
34.59584612
34.59620043
34.65069698
34.66819529
34.68007571
34.70545936
34.74979641
34.82677996
34.86513471
34.86663480
34.88586912
34.90061157
34.91526655
34.94737154
35.01262237
35.02742592
35.05476793
35.05739763
35.06270316
35.06873514
35.14066263
35.18519405
35.28201775
35.29338663
35.30550266
35.37803885
35.39351869
35.41454342
35.41803354
35.41974811
35.43254867
35.47830429
35.51111270
35.51279809
35.54024145
35.55268525
35.60286022
35.67591589
35.68146858
35.69148501
35.69255576
35.71305710
35.72919624
35.74140856
35.74417728
35.74791286
35.75528959
35.76618989
35.84588078
35.85840481
35.86233652
35.86734974
35.86970731
35.88642729
35.96023493
35.97724666
35.98269385
36.00747087
36.07989850
36.08956055
36.17735655
36.20526494
36.23838932
36.27649877
36.33104614
36.34335511
36.35581332
36.36234157
36.41539314
36.46161720
36.47666545
36.50137766
36.50608118
36.51401708
36.56264883
36.65230523
36.71361210
36.73543537
36.77115683
36.82800541
36.82835159
36.84896330
36.87680572
36.92634810
36.94132116
36.99195364
37.04208341
37.06988905
37.08943929
37.14399230
37.14598179
37.16504189
37.16785497
37.17157613
37.24045869
37.25657950
37.28137781
37.43687293
37.45313394
37.45381653
37.55187733
37.56907186
37.63301487
37.70566940
37.79030958
37.83436000
37.85072041
37.89584519
37.90400720
37.97142989
37.97328179
38.13065334
38.15020809
38.15113477
38.21968770
38.27623926
38.42056850
38.48811932
38.49382233
38.52872333
38.58510202
38.60808730
38.60969298
38.63473968
38.63762839
38.63992540
38.72976243
38.75927445
38.76618774
38.80027538
38.82900718
38.92031127
38.95654412
38.95782905
39.00206912
39.03120727
39.05965795
39.06745064
39.09311668
39.14129451
39.14637426
39.19713943
39.20944409
39.23954053
39.27654100
39.29475540
39.29931821
39.32337544
39.33871987
39.42733591
39.44707106
39.45013569
39.49558970
39.52009266
39.55004954
39.56289830
39.60694544
39.65378998
39.66579282
39.71505496
39.72845658
39.74899638
39.75589459
39.77030827
39.77047683
39.78808846
39.80178833
39.82826398
39.85587535
39.85971823
39.87532208
39.89021003
39.90822783
39.93582968
39.94988091
39.96475117
39.99011410
40.02903302
40.04229123
40.08014535
40.12049535
40.18423018
40.19533590
40.24130748
40.27199051
40.29430055
40.33268550
40.34044925
40.38571409
40.42629140
40.43957159
40.44450275
40.46037788
40.50794910
40.51246330
40.53391364
40.68518588
40.69704721
40.71416094
40.72441080
40.74422750
40.77302780
40.78553117
40.82068954
40.82248841
40.84441826
40.88883874
40.90936438
40.92757604
40.93080625
40.94373490
40.99005083
41.00471626
41.01322276
41.04031327
41.12087781
41.15599381
41.16136234
41.17241928
41.20589697
41.21583581
41.25058619
41.26179100
41.39566978
41.43586239
41.48023055
41.48059340
41.51084390
41.58051218
41.62609175
41.67088668
41.69514206
41.70779366
41.71559716
41.78439216
41.79131504
41.85904519
41.88504424
41.91810137
41.92518190
41.98130947
41.98518798
41.99630592
42.03165779
42.03210952
42.05080581
42.10326776
42.11099814
42.11756300
42.12009866
42.12047053
42.18623335
42.19695219
42.19797086
42.24830363
42.29441654
42.31470602
42.31477663
42.32874224
42.37702124
42.39961968
42.43411380
42.47364458
42.49046380
42.49523198
42.50640426
42.51295109
42.51372541
42.52328998
42.60142917
42.73766125
42.74277973
42.77266683
42.84151353
42.84509952
42.91338941
42.91880249
42.94016028
42.95320538
42.98763126
43.00062652
43.01510960
43.02790493
43.03710598
43.08872461
43.09929720
43.11997981
43.15386497
43.15897068
43.27750268
43.27964217
43.30903136
43.31018866
43.35979679
43.38239889
43.39840089
43.41373774
43.49714699
43.55350192
43.55756046
43.59631772
43.64766103
43.68710878
43.69360228
43.69746987
43.71900216
43.72507331
43.73915217
43.75515718
43.77398302
43.77647261
43.81041888
43.83675028
43.88632749
44.03458064
44.05311417
44.07211703
44.11097311
44.15816753
44.18985929
44.19236612
44.19922394
44.20295062
44.20353129
44.23832272
44.25007743
44.25638870
44.26269673
44.32418009
44.32634907
44.33740475
44.35882478
44.38520873
44.38651095
44.43052711
44.52312855
44.54681480
44.60669493
44.61956702
44.67626739
44.76699966
44.76804142
44.82371307
44.83584691
44.83901128
44.87149575
44.90762481
44.91650902
44.92812086
44.95902498
44.96643595
44.96987351
45.01092366
45.02809199
45.03255828
45.05203122
45.06437580
45.06466343
45.06854534
45.07819448
45.13865663
45.14232904
45.15405997
45.17407821
45.17624321
45.21736303
45.24546892
45.26571426
45.34290853
45.35712440
45.38810659
45.40141337
45.41202461
45.41538375
45.42567929
45.43380853
45.56949973
45.62823220
45.65103230
45.65911734
45.66134973
45.67061776
45.69224340
45.69959147
45.71938347
45.75880196
45.76378862
45.79967340
45.81335887
45.90971711
45.92691911
46.02162024
46.08817544
46.10178268
46.11591472
46.14519167
46.14531265
46.15783355
46.17270712
46.17456414
46.19003851
46.24113240
46.25251597
46.29115948
46.31139260
46.32283868
46.35581528
46.36940482
46.41951944
46.42943705
46.46869167
46.47092353
46.47287224
46.47625429
46.48498283
46.54472317
46.58369131
46.65212276
46.68197091
46.73006038
46.74818804
46.80282868
46.82552655
46.83729772
46.89274644
46.90465455
46.93863405
46.97855278
47.00053938
47.00957611
47.03154548
47.09796773
47.14411809
47.17376700
47.17773743
47.19582874
47.25225168
47.25486142
47.27696279
47.28735926
47.28742883
47.30976471
47.36731359
47.39737592
47.41185370
47.44421515
47.46448366
47.48359215
47.51233048
47.57981070
47.62531926
47.62694271
47.65284931
47.65957181
47.66868314
47.74079898
47.85955199
47.86743184
47.86912354
47.88407622
47.90848749
47.94503427
47.96679593
47.98068727
47.99290678
48.02241400
48.03755162
48.05420078
48.08556986
48.09376204
48.14021033
48.15732994
48.16323529
48.18489877
48.25915903
48.32203987
48.35930754
48.35968910
48.38806410
48.39093944
48.44520088
48.52451640
48.55921259
48.64838854
48.69457675
48.69770221
48.70064387
48.73248602
48.75269405
48.75291936
48.77395241
48.81502178
48.83015622
48.83842710
48.84748648
48.87219724
48.89663712
48.91805674
48.97151928
48.98029287
49.01690428
49.02673088
49.05153208
49.07914700
49.08876896
49.09288608
49.10294829
49.11521180
49.11532993
49.15937625
49.16715327
49.24315582
49.26315001
49.40730228
49.42206809
49.42636815
49.43263973
49.45514531
49.49247650
49.52928702
49.56175098
49.59715798
49.62000063
49.70156337
49.72823616
49.73914962
49.76680275
49.78333192
49.82239417
49.84112733
49.94342540
49.95418768
49.98304286
49.99908498
50.00689356
50.08574903
50.10654467
50.12418569
50.15069721
50.17885300
50.23046559
50.27108916
50.29939893
50.35467442
50.38016574
50.39327537
50.44424911
50.47771520
50.51190299
50.53988512
50.54506091
50.54580685
50.56405266
50.56968447
50.60966282
50.62834152
50.69291729
50.71364757
50.72053855
50.75716138
50.75743927
50.76010516
50.78218664
50.83457354
50.84806850
50.90430494
50.91936914
50.92483846
50.97723561
50.98977468
51.01992119
51.03208166
51.03248881
51.06123579
51.07390624
51.08958844
51.14127508
51.14375107
51.18872184
51.21886475
51.24624014
51.31434764
51.35212375
51.36771004
51.38099303
51.43599038
51.43638721
51.50000183
51.54175548
51.56350651
51.56472330
51.57279062
51.66446976
51.76171403
51.76702144
51.82231697
51.84298254
51.85429146
51.89055067
51.89357193
51.90415666
51.90836170
51.98909184
51.98940398
51.99613340
52.00867143
52.01432366
52.02220318
52.09084973
52.10914515
52.15700038
52.18542290
52.19301672
52.24090720
52.28364802
52.29458586
52.33760725
52.33894661
52.37210652
52.38338830
52.42718605
52.43849227
52.46791620
52.47357088
52.53732917
52.53787087
52.56588773
52.60680597
52.64099945
52.66379981
52.67772552
52.69990077
52.75184397
52.77915460
52.85534211
52.85763402
52.86458022
52.88658488
52.90304674
52.93493098
52.95357535
52.95690761
52.98975502
53.02946731
53.03326834
53.09214498
53.13214548
53.14771768
53.17603443
53.20652991
53.24527286
53.25473021
53.30614586
53.31004760
53.32652482
53.37578363
53.44459459
53.55957319
53.66031690
53.66034683
53.66273572
53.66463782
53.67574396
53.72828278
53.75453242
53.75783116
53.80836883
53.82690399
53.88534678
53.93458005
53.94242231
53.96877929
53.96972408
53.97114272
53.99664846
54.00362224
54.01557379
54.02181933
54.12571030
54.13140862
54.19924861
54.20512380
54.23127315
54.26241866
54.26386857
54.32869387
54.33964293
54.38335069
54.50331971
54.51827479
54.56796540
54.59074086
54.60330284
54.63232719
54.63756885
54.68808384
54.71182421
54.75647628
54.75916203
54.81246200
54.82455812
54.83355770
54.88096648
54.90150905
54.93128503
54.96644936
54.97701308
54.98684366
55.04266310
55.13232691
55.16049428
55.16052288
55.19804461
55.20900470
55.26812200
55.30095794
55.30866721
55.31137668
55.31688925
55.35934466
55.37608717
55.40037121
55.40238995
55.40603132
55.42215715
55.49674809
55.55662607
55.56703707
55.58172378
55.59318143
55.65768651
55.69541591
55.69722902
55.70175400
55.70552199
55.71719071
55.78003146
55.79369422
55.88948809
55.90655482
55.92058773
55.95947099
55.97358989
55.97655319
55.97806387
56.01842677
56.02799751
56.02932025
56.08587540
56.08740139
56.14898689
56.20542378
56.23947461
56.24514622
56.30714383
56.31678044
56.31821683
56.32370418
56.36833019
56.37184117
56.39575101
56.41139259
56.41900829
56.44355190
56.45445591
56.45823990
56.53219476
56.56019410
56.62130384
56.62713468
56.71993282
56.85977480
56.90616333
56.98503457
57.06626626
57.10062349
57.13848650
57.16351486
57.20469255
57.22755900
57.24676817
57.25450879
57.26890392
57.28935872
57.36275075
57.41339651
57.45646445
57.52125775
57.52945197
57.54354785
57.55211742
57.61190330
57.62821754
57.63126118
57.65638448
57.66061615
57.72558027
57.73190670
57.73732626
57.74086969
57.77801970
57.82468941
57.83159491
57.91576672
57.95891115
57.99785177
58.02624513
58.05081830
58.08080601
58.15079759
58.16633292
58.17981083
58.18846443
58.19673946
58.29061574
58.35605257
58.42139868
58.44886982
58.49211561
58.50026111
58.51156970
58.53121172
58.60736802
58.63933297
58.64260321
58.64504730
58.66282029
58.69422632
58.81196967
58.83775125
58.85901942
58.87032107
58.93063292
58.96484641
59.04252000
59.05610678
59.13172951
59.16857162
59.18263101
59.19405310
59.20873094
59.28741548
59.37110853
59.38633386
59.39321150
59.39509137
59.42846899
59.43382742
59.43786743
59.43976962
59.47879272
59.48528649
59.48765898
59.49235869
59.50732630
59.52465161
59.57626008
59.66775866
59.74067036
59.75015635
59.76312570
59.77767451
59.78599758
59.78623724
59.80373724
59.80892864
59.82086318
59.86607150
59.87956207
59.90477129
59.91969618
59.94374352
60.03302483
60.04586334
60.04670320
60.06328308
60.12736495
60.32503817
60.39500035
60.41594908
60.46020943
60.46734874
60.48160138
60.65912490
60.77123995
60.78263615
60.80228826
60.81931943
60.88032602
60.91070522
60.96775579
60.97350316
61.03155618
61.04056465
61.08680406
61.11509930
61.12580782
61.12907803
61.15827852
61.16167834
61.17332418
61.19974558
61.25431396
61.26290946
61.26611930
61.29555358
61.34277015
61.34859654
61.38091572
61.38228987
61.44080231
61.51665931
61.53799176
61.53874456
61.57024207
61.58640671
61.59687379
61.63467283
61.64820003
61.68782595
61.70787437
61.81461269
61.85685217
61.87376388
61.88277076
61.91914242
61.94715033
61.96197634
61.97500686
61.98092617
61.99477520
124.00000000
