0.02323623
0.06584678
0.07779062
0.08313028
0.10438476
0.12411775
0.13148533
0.13893847
0.14661629
0.14960460
0.15650882
0.21014538
0.21839749
0.21997608
0.22967567
0.26060559
0.32453826
0.35469924
0.39179097
0.46861571
0.48279719
0.52480434
0.69585851
0.72002922
0.72480538
0.74157561
0.75198053
0.78198341
0.81581897
0.83287911
0.85770647
0.88779423
0.96643148
0.97967288
0.98071162
1.01064090
1.01596120
1.04967905
1.15905733
1.17699486
1.17711383
1.21176032
1.28251048
1.32131146
1.36494017
1.37908859
1.40375977
1.41982062
1.49201932
1.50796351
1.53931062
1.60100070
1.60698759
1.60766534
1.61541009
1.61623519
1.63618759
1.69359050
1.70522751
1.74400467
1.79390736
1.79775571
1.80296733
1.80421733
1.84035972
1.85942733
1.93802105
1.94075528
1.95334235
2.00944162
2.03322425
2.03506786
2.04700226
2.06198838
2.09355337
2.11261574
2.11431650
2.14215533
2.17486299
2.22069991
2.23341711
2.26779227
2.28487309
2.33675997
2.34356609
2.36519499
2.42195587
2.44750204
2.45596265
2.47299647
2.47305993
2.48135708
2.50344189
2.52960195
2.56055640
2.59206685
2.60654647
2.63195089
2.64736972
2.68821895
2.74316151
2.77111380
2.78120707
2.79592486
2.80116581
2.83935148
2.86364989
2.88590291
2.91118381
2.91593641
2.94675205
3.00172538
3.01819946
3.06742587
3.10031643
3.13712902
3.14700535
3.19277280
3.19420913
3.23275444
3.28091424
3.29612257
3.29654755
3.30685473
3.35966185
3.36070031
3.43012280
3.44623526
3.47712286
3.47891420
3.52207680
3.53838541
3.54547920
3.55888029
3.56183092
3.58727105
3.61863327
3.66349564
3.68224030
3.73746420
3.80673958
3.82891145
3.87557357
3.88470549
3.89331962
3.93355545
3.94073707
3.95146808
3.95311135
3.96157321
3.97566052
3.97685343
4.06457629
4.11985938
4.12777995
4.14095107
4.15025760
4.16620503
4.17505822
4.18378566
4.18537951
4.21316658
4.21428812
4.21581326
4.25456821
4.28791432
4.32150582
4.36037138
4.49850062
4.52810128
4.53076357
4.55773092
4.58562678
4.61415822
4.62367969
4.68791684
4.72749413
4.82687703
4.83146422
4.84325163
4.84614480
4.87056614
4.87847831
4.93411972
4.93931281
4.94816987
4.96832865
4.98189058
4.98424245
5.00360665
5.00747165
5.03025435
5.04284182
5.05109683
5.06722036
5.19083897
5.21910728
5.26581340
5.33952526
5.40082884
5.44911374
5.52195357
5.52405141
5.55658491
5.56475630
5.57775621
5.61948865
5.62792126
5.66354962
5.72860351
5.73649660
5.77145366
5.89451167
5.90965888
5.95163563
5.96791555
5.97159812
5.99808549
6.03306306
6.05588676
6.08092880
6.08502263
6.08678066
6.10145675
6.11045917
6.17642020
6.18876569
6.21944715
6.23730911
6.24287578
6.26663971
6.26868294
6.27778300
6.29552696
6.34516096
6.37640300
6.38084635
6.38326313
6.42325947
6.47297930
6.50375862
6.55327127
6.55988439
6.63766647
6.64140728
6.68607445
6.78535529
6.81149987
6.81290415
6.87949751
6.88082949
6.96165036
6.98049234
7.06181524
7.09228379
7.10217017
7.11098501
7.11192743
7.13136937
7.15472380
7.16697029
7.22513689
7.23139657
7.23722075
7.25717642
7.26773446
7.27550382
7.28067756
7.33761719
7.34073658
7.34720276
7.40856388
7.49218212
7.49318431
7.50386999
7.51123297
7.54891690
7.57441603
7.57889664
7.61537547
7.63100846
7.64334991
7.70053580
7.72219963
7.72303362
7.72501506
7.73205252
7.75335961
7.79525467
7.82001633
7.82414205
7.87647494
7.88045849
7.88941289
7.94307857
7.97892187
8.01971886
8.07592635
8.08054910
8.11022165
8.13586876
8.17065190
8.21879427
8.26091455
8.27536895
8.32519525
8.38988354
8.38990043
8.40195850
8.40952155
8.41842435
8.52440662
8.52806858
8.52848389
8.53178319
8.53528589
8.55329370
8.55474159
8.55606280
8.58999543
8.60701924
8.67175282
8.69039006
8.73430574
8.74214122
8.76391120
8.79089795
8.85450667
8.85608977
8.86623781
8.91518339
8.93113933
8.94253035
8.98179429
8.98481905
9.01350844
9.04712699
9.04792648
9.07755573
9.07848362
9.11074451
9.14908517
9.20373632
9.24634795
9.26948601
9.28985329
9.36971271
9.37313219
9.42900267
9.52311720
9.52528277
9.52772137
9.57459001
9.57715278
9.58551429
9.59115669
9.59883212
9.65220655
9.65938839
9.66126726
9.77288640
9.82613819
9.83153436
9.83899897
9.93404875
9.95511737
9.97557092
10.00646818
10.01645386
10.04615030
10.06524153
10.11205064
10.11645639
10.12322525
10.13426816
10.16303810
10.17003920
10.31046243
10.33625412
10.36720724
10.36906128
10.45131822
10.45488310
10.47401147
10.50374911
10.55933791
10.56969224
10.60453781
10.61043036
10.64397626
10.66362779
10.68242274
10.68784642
10.73291038
10.75201863
10.76095560
10.77145656
10.78054604
10.79104139
10.86138615
10.92064781
10.94424010
10.95560963
10.96740695
10.97383340
11.12024950
11.19514996
11.27389526
11.30900235
11.33827899
11.40059499
11.42518888
11.43658613
11.44058334
11.47065495
11.51263203
11.52156892
11.52500575
11.52908312
11.64897058
11.73519944
11.73843127
11.81740188
11.82276528
11.84417297
11.86057360
11.87103772
11.89728472
11.90371677
11.93820770
11.94388753
11.96558538
11.96930764
11.98882559
12.09392817
12.11201951
12.15019409
12.19949048
12.20077692
12.28787680
12.34614669
12.34727408
12.35541456
12.35734399
12.38490626
12.40697771
12.44530497
12.46179756
12.46633590
12.47223618
12.54960042
12.55105610
12.57602893
12.64013453
12.67609595
12.71218348
12.71640181
12.72076134
12.78802532
12.81276980
12.83690949
12.94890321
13.01121633
13.03359809
13.05439981
13.09724601
13.11994925
13.13592866
13.14064105
13.16938669
13.22359199
13.23879016
13.27126051
13.32521966
13.41525816
13.42787326
13.44796920
13.44960587
13.45459386
13.48342562
13.50510253
13.53956164
13.55707323
13.61857360
13.66471688
13.73086151
13.77383798
13.86219881
13.87080836
13.89448240
13.92754290
13.93748414
13.94717356
13.95919044
13.96411592
13.96948259
14.00293607
14.03799554
14.05703581
14.06682927
14.11317726
14.14483092
14.18161968
14.20970941
14.23301911
14.27173089
14.30412479
14.40672733
14.43046442
14.44593622
14.51472847
14.51998713
14.52897876
14.53778720
14.56619182
14.64186176
14.67258766
14.68171522
14.69871371
14.73506740
14.75823578
14.76029292
14.77213521
14.80416597
14.83509766
14.84968702
14.89385216
14.91227227
14.91848385
14.92324299
14.92356209
14.98176133
15.02002634
15.03528514
15.03644081
15.06278272
15.12194682
15.20197105
15.21172728
15.27391061
15.28608093
15.29344364
15.33113975
15.34097556
15.34951612
15.36342539
15.45112322
15.48658342
15.50890991
15.51938872
15.53663349
15.55397034
15.55513540
15.57631164
15.59428602
15.59972398
15.63946183
15.64505335
15.66324610
15.66416418
15.70184440
15.79605334
15.82404544
15.86352527
15.86354336
15.86728898
15.89566599
15.89831950
15.90606114
15.93168794
15.96804763
16.01382026
16.03186213
16.04420019
16.05207119
16.07438871
16.08314974
16.17244151
16.20716922
16.25996202
16.26482786
16.27052886
16.39386091
16.40514159
16.40677635
16.44220078
16.45308141
16.45590119
16.49466870
16.51254325
16.54129963
16.54573178
16.57388768
16.58921195
16.61605936
16.67702724
16.68122341
16.68368520
16.68544727
16.69949383
16.76646413
16.76761630
16.76789750
16.77385485
16.78681351
16.81204081
16.81754916
16.86171057
16.97788130
17.05989293
17.06352448
17.09012254
17.11053090
17.17088984
17.19601521
17.21909516
17.22500590
17.29531719
17.29555015
17.31529328
17.33577709
17.40067214
17.44529059
17.47252368
17.51576625
17.56128720
17.58326716
17.61624939
17.62458682
17.66022172
17.72320540
17.77578988
17.77950607
17.79851507
17.87229281
17.87743067
17.88419068
17.92670978
17.97007509
17.97672988
18.04375493
18.06558865
18.07024798
18.08517058
18.19639491
18.19921811
18.24045031
18.29359206
18.30897613
18.31475184
18.36619468
18.43920510
18.47701510
18.49446441
18.50771390
18.57059304
18.61015872
18.66843061
18.68350229
18.70438293
18.72442449
18.77474334
18.79625397
18.79732271
18.83064851
18.89083439
18.89882116
18.90779542
18.92288793
18.94790906
18.96514330
18.99078459
18.99103043
18.99612873
19.02999613
19.04043407
19.05786961
19.05900343
19.06484561
19.07467722
19.08269269
19.08407823
19.16039308
19.18489867
19.18807289
19.19495872
19.35512390
19.37229981
19.41871984
19.47591789
19.48387152
19.48755547
19.49222909
19.50652159
19.53121401
19.56571415
19.59167786
19.61688195
19.62017625
19.78103703
19.78396138
19.79263223
19.81482098
19.85344468
19.90691050
19.90949353
19.91645549
19.92860110
19.94088268
19.95053466
20.06207425
20.06505116
20.09335547
20.09437327
20.10374242
20.11527836
20.13792954
20.16861143
20.20151871
20.20730179
20.23070878
20.26867211
20.29634766
20.30753400
20.31087428
20.32475539
20.37004679
20.39278264
20.39496965
20.40718562
20.42317931
20.46746348
20.50315526
20.51348560
20.52882508
20.53991497
20.54448891
20.56372934
20.59507160
20.61356653
20.63740675
20.64005014
20.64823641
20.65185695
20.68641453
20.75488817
20.76472623
20.77762697
20.77784655
20.78293016
20.79923978
20.80817485
20.81881181
20.86484135
20.87921627
20.87950596
20.88084663
20.88295278
20.89028438
20.89487527
20.90608386
20.91290475
20.91493351
20.99472205
20.99487384
21.01132193
21.03118262
21.07671404
21.09644733
21.11380592
21.12273777
21.13683644
21.18649712
21.20925827
21.21515301
21.28239479
21.31294635
21.31667673
21.31887230
21.32956922
21.36713952
21.40566806
21.47004228
21.49739039
21.52558819
21.54597730
21.58104779
21.63524314
21.64101093
21.66024535
21.71401383
21.71909818
21.72825564
21.74710461
21.75015334
21.78187654
21.79092430
21.82159677
21.83083282
21.90810327
21.91684770
21.92924998
21.93551223
21.97001697
21.98920559
22.00018034
22.01995459
22.02843379
22.06838177
22.08762736
22.08984745
22.09648333
22.10006934
22.10900997
22.16692814
22.25025487
22.25184186
22.32328166
22.33987076
22.36420023
22.37138051
22.38800403
22.39364801
22.45774623
22.55424286
22.58011396
22.66863981
22.67641650
22.70157438
22.71960523
22.74045104
22.75179312
22.83291414
22.86153283
22.87935087
22.98634609
23.00835231
23.01201373
23.04208944
23.09733030
23.11466521
23.14538858
23.21733185
23.21798155
23.31009137
23.31155802
23.33058947
23.33919290
23.36053318
23.38950032
23.46402946
23.53820231
23.55110902
23.55703864
23.58642809
23.59331942
23.59732258
23.60461498
23.61253672
23.63089914
23.64457270
23.66089635
23.68142778
23.74805730
23.79626711
23.83424133
23.84005614
23.94304074
23.94379921
23.97697323
24.07103828
24.08098086
24.11032421
24.12274288
24.12538475
24.13575688
24.14362975
24.22826162
24.25931140
24.27079126
24.30140112
24.31571357
24.41269023
24.49486249
24.51504025
24.52365387
24.58375461
24.62972609
24.63262507
24.63729055
24.64325950
24.66315390
24.71628592
24.72259886
24.73528272
24.79841590
24.87634154
24.89731292
25.02749449
25.03713339
25.04565212
25.06640699
25.07798371
25.10923822
25.11922293
25.12127508
25.14066947
25.19240787
25.19750940
25.23130435
25.23492203
25.26374988
25.27405371
25.32719385
25.37448933
25.41072520
25.49503393
25.53540654
25.53870585
25.58271642
25.58334769
25.60320320
25.60462301
25.62306353
25.62752061
25.64120660
25.67389611
25.70154816
25.76508904
25.77541093
25.85107363
25.85252575
25.85371275
25.86342829
25.86439967
25.91458084
25.93433395
25.97664530
26.03349219
26.03495766
26.18589369
26.24735799
26.27693381
26.31183421
26.32680138
26.35330557
26.37014588
26.37885955
26.38849465
26.42438557
26.44125755
26.55112108
26.55189447
26.56469432
26.56947915
26.65982999
26.81973467
26.82783776
26.84034599
26.84898343
26.86495707
26.86929102
26.89815472
26.92115756
26.99157855
27.03922299
27.12315881
27.12720226
27.14690730
27.16477279
27.20449193
27.29741905
27.31941871
27.32155548
27.39834272
27.43642537
27.47715443
27.51615795
27.64295542
27.64645849
27.65855416
27.77473228
27.78057925
27.82156954
27.82388397
27.90568704
27.92666268
27.93614678
27.98045089
27.98859302
28.00123547
28.00273520
28.05416139
28.05632603
28.06608332
28.07612249
28.09171431
28.10891605
28.17005886
28.20406396
28.20410317
28.25005669
28.25402943
28.26911062
28.29908624
28.30037992
28.35491879
28.41594938
28.42295205
28.44470378
28.49359026
28.49741872
28.50355154
28.52940758
28.53226177
28.53909869
28.56747011
28.59285427
28.59760219
28.61036770
28.63192272
28.64780885
28.69186756
28.70302450
28.71356103
28.72350465
28.76127017
28.79108561
28.84352419
28.84467417
28.87932031
28.91378944
28.93654058
28.94495005
28.96319175
29.05815543
29.08861412
29.09986810
29.13626791
29.14117174
29.14188809
29.19008875
29.21806307
29.22128284
29.24798093
29.30023461
29.31021752
29.34934923
29.35482746
29.36744887
29.39428595
29.39793996
29.40383730
29.41191760
29.43738531
29.51551147
29.56925170
29.59804115
29.63527536
29.66499607
29.66892758
29.69446514
29.72909576
29.73530384
29.74240311
29.74429826
29.77569868
29.77749148
29.78202992
29.78973001
29.79701030
29.85664580
29.85800830
29.89811545
29.90241283
29.91355444
29.91942311
30.00552014
30.05678836
30.07717457
30.08418038
30.15591293
30.17483341
30.17850055
30.19759347
30.22467762
30.30270156
30.38577011
30.44982422
30.46363126
30.48383159
30.53095733
30.53481990
30.57834318
30.58944507
30.65226648
30.72771045
30.72922317
30.76517727
30.77336462
30.77896942
30.81385529
30.81724747
30.85321127
30.88594773
30.89381246
30.90389643
30.92234089
31.05160546
31.12544339
31.13299416
31.14137905
31.14879080
31.23509131
31.24539639
31.29346473
31.29690453
31.33134967
31.35770418
31.38636327
31.40212728
31.40419172
31.41187569
31.48747047
31.49236549
31.49300998
31.54918836
31.57508680
31.60787492
31.60979423
31.69050010
31.70271477
31.70796509
31.72255053
31.77596626
31.79596324
31.82029230
31.88147909
31.92369363
31.93067590
32.03718279
32.11081115
32.21922615
32.31282502
32.36993905
32.39595057
32.41637749
32.46432184
32.53748654
32.54477680
32.58633081
32.58770888
32.59704177
32.63205692
32.67585566
32.70247357
32.70945557
32.71835780
32.75603877
32.77227662
32.78044141
32.81204555
32.81732364
32.85339860
32.92259557
32.94902478
32.96812090
32.96854474
33.02378133
33.10883240
33.11011689
33.19290170
33.20757233
33.22244669
33.22854840
33.24528787
33.32153249
33.34243372
33.34637721
33.35792987
33.38078175
33.46098487
33.51038810
33.52480834
33.52996441
33.53042085
33.55854135
33.59081803
33.69017220
33.71258427
33.71784163
33.74539773
33.76849489
33.77542839
33.79749719
33.82879865
33.82973900
33.86600124
33.88429567
33.90008415
33.93746098
33.95043172
33.96954214
34.04072862
34.12361166
34.13840022
34.19389783
34.20347473
34.27006470
34.34049563
34.36626160
34.36778655
34.37781423
34.39523707
34.40149550
34.40418982
34.40666630
34.44158353
34.47424251
34.53543975
34.55360858
34.56631371
34.58272907
34.62790156
34.62990922
34.63264517
34.64266464
34.64818204
34.66726370
34.73239013
34.73863777
34.74177798
34.75257157
34.76298284
34.79141000
34.80637339
34.87635219
34.88058130
34.91884234
34.95967389
34.96374433
35.08676806
35.09046868
35.09354793
35.11062203
35.11722128
35.12111525
35.12732126
35.13654549
35.21944105
35.26893526
35.27888177
35.30098078
35.34731861
35.39823806
35.43487280
35.43875405
35.47107581
35.49071626
35.49144914
35.52754466
35.59043029
35.63145645
35.66439341
35.67182020
35.67595951
35.68838440
35.69255576
35.69539341
35.71933142
35.73248343
35.76842587
35.78504380
35.79454932
35.79520720
35.82715343
35.84138102
35.87983542
35.91631422
35.92930609
35.95457694
35.98667671
36.02244607
36.05914246
36.14204462
36.15158736
36.15983744
36.19620455
36.19765345
36.20468317
36.25342627
36.26214213
36.27061498
36.28341258
36.33104614
36.34278501
36.34984493
36.35631805
36.36099523
36.38121441
36.38957874
36.41976234
36.44563396
36.47191015
36.47193028
36.47850467
36.53003673
36.56396719
36.58283808
36.61422794
36.64629666
36.65300985
36.73210744
36.77828075
36.77850689
36.86984086
36.88902774
36.93587239
36.96000631
36.97735299
36.98928864
37.00028356
37.01481909
37.05865175
37.08797605
37.14598179
37.17364790
37.20030144
37.24438032
37.27046382
37.29582962
37.32808378
37.33308040
37.43207824
37.44733350
37.52654015
37.65537096
37.67399348
37.75771080
37.78134514
37.80439078
37.81338150
37.84560044
37.85936379
37.95870087
37.96603964
38.01350874
38.02841537
38.04408788
38.04641344
38.10265918
38.11905619
38.13983181
38.19641175
38.20057914
38.22627357
38.28215204
38.43609472
38.44604062
38.45537572
38.56082225
38.56237806
38.57031993
38.62704530
38.63045845
38.72111626
38.73140477
38.74751829
38.77377596
38.77634928
38.77679267
38.78615648
38.79043801
38.83338102
38.87482137
38.88045049
38.88334049
38.91777245
38.92483093
38.95547143
38.97987132
38.99301797
39.04346377
39.09275272
39.16567812
39.16694485
39.18696952
39.21696159
39.23954053
39.32337544
39.35364308
39.37743888
39.39341616
39.42170773
39.44066539
39.45013569
39.46904127
39.48274053
39.55402430
39.60439036
39.62939678
39.64126936
39.69444484
39.73382260
39.75482582
39.81836315
39.83919398
39.84144547
39.90844001
39.91084518
39.92439535
39.96876501
39.99212301
40.02430610
40.09154615
40.12385241
40.15103875
40.17183802
40.18167621
40.18808592
40.22344884
40.32783433
40.34357874
40.34689459
40.37560511
40.37701861
40.37766035
40.43944558
40.51218703
40.54114914
40.54128002
40.54194643
40.54697186
40.60478291
40.64381099
40.71040709
40.71535765
40.72825407
40.77510898
40.79111532
40.79242408
40.79301334
40.80000891
40.80299175
40.85767029
40.91670769
40.94041373
40.94373490
40.98549507
40.99581345
41.01206387
41.03037349
41.05062832
41.05192205
41.05408641
41.10768152
41.11683547
41.11731941
41.14397033
41.15355891
41.16230952
41.16246766
41.26179100
41.27478240
41.31386861
41.31786175
41.34522290
41.34612829
41.35756617
41.35996563
41.37732050
41.39861355
41.41702500
41.45161090
41.45325667
41.48138702
41.55540470
41.59430264
41.59750389
41.62014706
41.63556238
41.63683830
41.63796470
41.65043353
41.71262686
41.72598166
41.75510507
41.78249712
41.79954769
41.93843384
41.96017964
42.00966766
42.01482350
42.03219414
42.10045625
42.14722277
42.15215912
42.15388492
42.16891649
42.22887956
42.24904145
42.33593480
42.36433705
42.38710469
42.44745859
42.50296908
42.55199565
42.56667478
42.70665714
42.70919826
42.76030139
42.76657158
42.81965659
42.82833307
42.83554017
42.84224999
42.85610744
42.87585092
42.91470115
43.00283722
43.03298935
43.08235525
43.10596509
43.11822510
43.16807725
43.17919147
43.21217180
43.21862627
43.27219625
43.27524948
43.30948455
43.35648459
43.36519677
43.39857310
43.40608396
43.41613765
43.44479172
43.48433844
43.53877018
43.55956829
43.56461366
43.58280124
43.58923182
43.59944881
43.60154982
43.62537124
43.67197294
43.69746987
43.70490974
43.76022386
43.76771893
43.78389586
43.84274856
43.88030302
43.90222020
43.90907251
43.92375533
43.98745168
44.01669085
44.02592936
44.10180541
44.15795162
44.15978767
44.16927005
44.17882555
44.25923058
44.27223931
44.28444044
44.31642842
44.39995055
44.44113906
44.49426165
44.50487236
44.53856786
44.55497809
44.55798216
44.56100003
44.58085701
44.62909140
44.63288232
44.63660093
44.69216685
44.69514110
44.70596250
44.73991588
44.76698855
44.86193425
44.86360821
44.91650902
45.01959506
45.02195989
45.03987662
45.08629513
45.09464809
45.10760633
45.12459646
45.14521948
45.15246366
45.17097520
45.18016109
45.18526805
45.19766708
45.21064379
45.25085158
45.34396822
45.36665001
45.37268735
45.37296121
45.42944294
45.45121998
45.47658238
45.49605040
45.65942108
45.66667918
45.69940074
45.70585076
45.72549370
45.72639779
45.73527357
45.74143737
45.79499771
45.80790567
45.82516745
45.84412615
45.85231320
45.86691699
45.88459402
46.01363575
46.03881439
46.06958140
46.07007793
46.09354158
46.09518839
46.15404259
46.17038642
46.20471021
46.21042493
46.21567749
46.24528762
46.26560261
46.28343941
46.33097238
46.35934699
46.36553146
46.39667068
46.39865570
46.43705458
46.49019406
46.56494924
46.60640384
46.63895947
46.65450261
46.65890744
46.69211202
46.74216063
46.75514921
46.75911680
46.79455094
46.82552655
46.83729772
46.87629204
46.96978235
46.97498419
47.10689682
47.11675865
47.18679587
47.20018339
47.21496140
47.22522125
47.23927412
47.24059811
47.31730668
47.37954899
47.40338615
47.42388732
47.42620982
47.44510519
47.49558840
47.50665608
47.53333625
47.54402285
47.57450297
47.58067493
47.61140886
47.61402264
47.65338609
47.65572274
47.70736585
47.70980257
47.71844388
47.74677452
47.75230465
47.78928099
47.79275988
47.83424991
47.83685193
47.87664820
47.88084778
47.94654426
47.96264337
47.99756802
48.01472004
48.07973516
48.16738499
48.18152258
48.21063884
48.26142340
48.26457855
48.30900654
48.32581835
48.33092732
48.35077926
48.38806410
48.41532571
48.46781156
48.47064483
48.47640478
48.48984072
48.49182684
48.52883664
48.53859511
48.54178963
48.55921259
48.57582659
48.61647588
48.64332235
48.74057220
48.74128454
48.84110623
48.84117925
48.85138582
48.86862307
48.91646433
48.96732309
49.01622137
49.02277473
49.04785599
49.09479044
49.11784028
49.13787813
49.18229890
49.24193611
49.24282796
49.26315001
49.29124607
49.29301178
49.31503644
49.33828134
49.35205058
49.35854120
49.36594429
49.42150603
49.45835323
49.51538844
49.59214050
49.60271297
49.60748529
49.63554696
49.67219671
49.70100527
49.71522358
49.73528287
49.76323708
49.76422761
49.78313714
49.78895917
49.82586687
49.83733925
49.85405853
49.88471747
49.88830645
49.90189675
49.93725975
49.97883667
50.01901763
50.03791798
50.08911046
50.11818321
50.14412805
50.15657962
50.17812680
50.17885300
50.20231630
50.23685742
50.27948266
50.28798080
50.30049685
50.30902908
50.37480279
50.39320912
50.40681241
50.41711332
50.44697489
50.46142809
50.49150129
50.50478404
50.53656125
50.59421001
50.68234492
50.69331378
50.75316090
50.80412731
50.83026775
50.83204713
50.84694160
50.88150535
50.88591104
50.91878304
50.92483846
50.95277861
51.00651026
51.03237095
51.11202762
51.11307795
51.19279248
51.20186396
51.22577630
51.29386674
51.32272109
51.37746594
51.40930423
51.42559399
51.44691103
51.44781244
51.46794953
51.50380683
51.50400334
51.61081842
51.63643380
51.66446976
51.67227144
51.68921907
51.69841129
51.70975789
51.71294998
51.71864070
51.72774107
51.76462241
51.76751486
51.81610522
51.91035192
51.94903746
52.08717892
52.08904659
52.09139545
52.10530553
52.17037200
52.17595433
52.17809981
52.20202917
52.20664145
52.25465455
52.26125927
52.27776011
52.28515805
52.31614677
52.36398871
52.37642623
52.41691091
52.41792234
52.43788481
52.54124346
52.60034230
52.60129712
52.61162658
52.65009799
52.65403384
52.66912639
52.70650867
52.73808871
52.75212845
52.75272002
52.76054980
52.77220367
52.79124671
52.80154549
52.81409666
52.82576578
52.85534211
52.88522952
52.92578767
52.92696406
52.97268969
53.01975877
53.04867523
53.09440275
53.09526502
53.12064824
53.17627517
53.18965686
53.20130534
53.24766471
53.27375484
53.28360228
53.28919995
53.29574706
53.46598137
53.46874392
53.50257558
53.51539909
53.52013893
53.56737059
53.57583950
53.59534974
53.61336995
53.63053708
53.63103298
53.64790054
53.66463782
53.75835483
53.80187152
53.81516166
53.81574563
53.92387713
53.92627660
53.94068051
53.94398937
54.01755811
54.02862269
54.08569125
54.11743089
54.11948641
54.12214582
54.12684895
54.18460823
54.19031851
54.19937734
54.20431253
54.27255661
54.34092723
54.35523520
54.37896430
54.40009732
54.45899133
54.47523958
54.51585418
54.51596822
54.53074066
54.63294000
54.70682176
54.72469146
54.72852900
54.84860348
54.89605309
54.89959036
54.91739261
54.93987386
54.98665205
55.00861962
55.07820343
55.10931188
55.12486747
55.17692931
55.19515365
55.19804461
55.25048764
55.27488047
55.28881220
55.30184730
55.30825561
55.32039847
55.34526103
55.34808659
55.37033182
55.43138633
55.43442570
55.55800109
55.58326400
55.61296407
55.62033894
55.67862250
55.68660430
55.68845653
55.71396769
55.72622476
55.75609248
55.76403661
55.79264594
55.87584863
55.88413684
55.89211895
55.90425576
55.91969079
55.92322033
55.95354795
55.97358989
55.99514472
56.00095494
56.00528555
56.01928848
56.01933553
56.04417851
56.04467625
56.04474096
56.05529316
56.06509720
56.12494009
56.19225677
56.24771103
56.33335776
56.35618853
56.40187313
56.40840742
56.45521839
56.48523730
56.51774172
56.53171591
56.55665664
56.58449258
56.60040557
56.66063293
56.67371745
56.71427807
56.71560238
56.73555847
56.79665969
56.83645568
56.89872460
56.90577459
56.95080124
56.96722848
56.97325161
57.02654707
57.04094033
57.06390506
57.07572807
57.09549555
57.12335711
57.13079404
57.17027982
57.21800824
57.28142038
57.30600090
57.31247062
57.32373254
57.35382117
57.36663486
57.37138615
57.39076384
57.40247578
57.41631161
57.46967860
57.48413718
57.50475821
57.50617982
57.53638514
57.58832500
57.60829727
57.64654611
57.66485805
57.77196015
57.83407015
57.84852036
57.89859490
57.93906538
57.95891115
57.97557987
57.98508925
57.99785177
58.06401571
58.11465214
58.11645051
58.11661326
58.18846443
58.19718949
58.23618598
58.27270038
58.27473506
58.34792319
58.36899857
58.38960840
58.47381879
58.48892013
58.55681641
58.59201290
58.60415238
58.62860215
58.64166675
58.64504730
58.68300674
58.72555451
58.73572574
58.86527665
58.91735631
58.96484641
58.97654227
59.04730709
59.05476131
59.05908644
59.06341003
59.15920375
59.31823983
59.33852429
59.33950344
59.35523667
59.36166918
59.40149543
59.43646057
59.43929251
59.44305480
59.46734289
59.49235869
59.51014530
59.53208818
59.54873023
59.58343280
59.58586916
59.63441420
59.65983619
59.66248664
59.68051356
59.69923259
59.73405454
59.74174298
59.74857958
59.81896249
59.92636134
59.93848299
59.96614867
60.05004787
60.06328308
60.07425255
60.09248775
60.10747157
60.17841586
60.20794702
60.29089194
60.37048502
60.38561337
60.43424184
60.46065085
60.48681093
60.49271868
60.50601729
60.51729627
60.51785283
60.53707844
60.54392522
60.59429908
60.60465914
60.64349245
60.65535504
60.72619037
60.77535301
60.81261640
60.85176869
60.86432457
60.87037661
60.87309713
60.90176397
60.97206431
60.98685311
60.99059606
61.00157140
61.09210404
61.09298856
61.11526610
61.14100533
61.14652561
61.28391852
61.29518827
61.29577679
61.31399736
61.31767225
61.32911438
61.33261827
61.33418510
61.37987581
61.39904573
61.41307671
61.47491976
61.49884945
61.52182884
61.57988613
61.58200223
61.59883551
61.61929662
61.62108739
61.63288431
61.69100863
61.75485998
61.84645560
61.86091610
61.87553867
61.89346513
61.90233533
61.92772982
61.97954430
124.00000000
