0.01237604
0.02018981
0.04027828
0.04449976
0.07779062
0.08411013
0.08852906
0.10512324
0.16107974
0.17600666
0.22019001
0.22411982
0.24955300
0.32633894
0.33372564
0.34557387
0.34710340
0.36559773
0.38486913
0.38895253
0.41766513
0.42518349
0.43246668
0.43719730
0.44079023
0.58248473
0.60092388
0.60218060
0.61188970
0.62380749
0.67376815
0.69189614
0.72002922
0.72339120
0.74086845
0.75431699
0.75540429
0.77304081
0.78198341
0.78305513
0.79296233
0.87783323
0.88638882
0.89934612
0.90845187
0.93343629
1.07871545
1.10230737
1.12486088
1.12732554
1.19257418
1.21172228
1.24763987
1.27238197
1.29027760
1.30193181
1.36298815
1.36494017
1.43168026
1.49489258
1.50124984
1.52388654
1.63577978
1.67497438
1.67522635
1.70359960
1.70531431
1.73873039
1.80421733
1.89869639
1.93464205
1.94753907
1.95334235
1.95522765
1.98668141
2.02842441
2.03099960
2.12849926
2.13010675
2.16214823
2.18994992
2.22069991
2.26794799
2.31191739
2.33233345
2.34356609
2.36198454
2.40016572
2.44865009
2.47871670
2.51156311
2.51232423
2.52637382
2.52721247
2.53965229
2.55847337
2.58105763
2.58955998
2.62157518
2.63164240
2.71809512
2.73117930
2.74824431
2.77610941
2.84726271
2.89076119
2.94113185
2.94711961
3.02508963
3.03090123
3.04019047
3.06407058
3.08394112
3.09610547
3.14123343
3.14833376
3.15081928
3.16058345
3.20717174
3.21788979
3.22805320
3.23662204
3.25830608
3.40967057
3.42165266
3.43370148
3.49168281
3.52118826
3.52253615
3.54137074
3.54322199
3.57344643
3.59748948
3.60784164
3.61109463
3.61781062
3.62736680
3.69237994
3.71743528
3.71864533
3.76659739
3.78810603
3.80841264
3.82625119
3.84851642
3.85160287
3.90015197
3.98100907
4.01879709
4.10137950
4.14502463
4.16587887
4.22571716
4.25364158
4.26070392
4.38029433
4.39729108
4.45059067
4.50707032
4.52227365
4.59036290
4.60403164
4.63940717
4.66541281
4.66655553
4.69248387
4.70165482
4.76717676
4.77632527
4.79851427
4.82687703
4.84235814
4.85257287
4.85702724
4.85732026
4.92132991
4.92824658
4.93756127
4.94277239
4.96005742
4.96906702
5.06926992
5.10968952
5.12631088
5.15851807
5.21137483
5.22781692
5.23673768
5.27758401
5.29990306
5.36326771
5.37332783
5.47631046
5.48318070
5.49810448
5.50257494
5.54574393
5.56755352
5.57183830
5.58844839
5.59435992
5.59506281
5.60534917
5.60653006
5.64105565
5.64843833
5.69720104
5.83190319
5.87261016
5.87330450
5.87754535
5.88176683
5.88738060
5.97007917
6.07215201
6.16770760
6.17794082
6.21973349
6.22121478
6.28408015
6.30990468
6.33340999
6.34011425
6.38779795
6.44294345
6.46266871
6.48093631
6.48559543
6.48650161
6.51364038
6.51949875
6.52630321
6.54638790
6.56138578
6.56352704
6.61542073
6.68752996
6.71531893
6.74620411
6.75728163
6.77206974
6.79954208
6.80309236
6.80915546
6.86045482
6.87949751
6.92904674
6.94080058
6.94505775
6.98193822
6.99284406
7.02353506
7.09759631
7.11569978
7.17659681
7.19165187
7.26016048
7.29386132
7.31130338
7.31166916
7.31602989
7.32872675
7.35034026
7.35871348
7.44769289
7.44890107
7.47183599
7.50266445
7.54103846
7.54439221
7.60612465
7.61092521
7.65147555
7.66167600
7.66634090
7.73400346
7.73716195
7.76329570
7.76564251
7.77010316
7.77323317
7.85086837
7.85997263
7.89789069
7.89802501
7.91016747
7.94307857
7.95299851
7.95496112
7.96215070
7.97320381
7.98131236
7.98830195
7.99187186
8.00612451
8.02105662
8.04437644
8.09834578
8.13048503
8.15046924
8.17065190
8.18027208
8.18081816
8.18139726
8.19882755
8.20584812
8.21138863
8.23452256
8.23635267
8.30262024
8.31767205
8.33915444
8.37363082
8.37425663
8.38671594
8.40387171
8.42914028
8.43166560
8.43680063
8.44631885
8.48935781
8.50655343
8.51661772
8.52176889
8.55231019
8.57733548
8.58092887
8.58950561
8.59705795
8.59830149
8.59956882
8.61522712
8.64247135
8.64575879
8.66591861
8.71219017
8.81797744
8.86601049
8.87117469
8.88472944
8.91626946
8.94103367
8.95259347
8.99378727
9.00531072
9.01350844
9.03681291
9.04725102
9.15808196
9.17091735
9.17389138
9.20030917
9.31294181
9.31669029
9.33987932
9.36971271
9.39728029
9.40417496
9.41923161
9.42900267
9.45560063
9.46213451
9.46730092
9.52644682
9.56686858
9.58835887
9.60546826
9.62981469
9.68098681
9.74235941
9.83153436
9.84931250
9.86615745
9.92145418
9.95394355
10.00603747
10.01967996
10.03667372
10.07095861
10.10920479
10.14775764
10.22298116
10.22760959
10.27151377
10.27877182
10.28055404
10.31831549
10.32735511
10.33323154
10.34682028
10.39142041
10.39990401
10.40957420
10.57243255
10.60896132
10.63294736
10.65683549
10.69288095
10.69776983
10.70234807
10.70520416
10.72926075
10.75600065
10.78532200
10.89024075
10.92763964
10.95225494
10.95370463
10.95880039
10.96083240
10.98038736
11.00063636
11.08090959
11.10657172
11.16786486
11.16963585
11.19148756
11.19390848
11.27349277
11.28613463
11.31729873
11.42506957
11.43756299
11.43859088
11.50497843
11.50598058
11.52930797
11.54576423
11.59206661
11.59808447
11.62687349
11.62697533
11.63212437
11.63352801
11.70032273
11.70266596
11.70526131
11.71740410
11.71896702
11.73161468
11.74851522
11.75382023
11.77614170
11.77642379
11.77778214
11.77831219
11.83149498
11.89825963
11.96930507
11.98569159
12.00293719
12.12104573
12.13019959
12.15059066
12.17087293
12.18426570
12.23344404
12.35734399
12.42520225
12.43393789
12.45143940
12.45905555
12.46179756
12.47132104
12.54219802
12.55105610
12.56533474
12.59951251
12.64696069
12.66034751
12.69905019
12.78087775
12.87700844
12.88282817
12.89418917
12.95533663
12.97649940
13.02812771
13.04608382
13.07164952
13.07884461
13.12358665
13.12648039
13.18150410
13.26864529
13.30666150
13.30846253
13.33034484
13.33156125
13.40211923
13.41818666
13.42127291
13.42149597
13.43669062
13.44493576
13.48098740
13.48489039
13.51505612
13.55707323
13.56100349
13.61808398
13.61851905
13.62330323
13.66862946
13.67226415
13.72614318
13.77197789
13.78708986
13.82284148
13.82519319
13.84344007
13.85372138
13.88202343
13.88864150
13.89193880
13.90244984
13.90618518
13.95453563
14.00151885
14.00612592
14.02774610
14.03916977
14.04185318
14.06381925
14.13189117
14.15996832
14.20970941
14.23301911
14.25373039
14.28659962
14.30687051
14.32914104
14.37325947
14.39919252
14.45429510
14.48979358
14.50238766
14.50599605
14.55329004
14.60243901
14.62299305
14.69741060
14.69788529
14.69928795
14.71121417
14.71538704
14.80836517
14.81471220
14.82345020
14.93215362
14.94914097
15.02909570
15.09144378
15.13148112
15.15011101
15.15034207
15.18276093
15.23574820
15.27391061
15.31804692
15.32593158
15.32956840
15.34479330
15.37369143
15.38785308
15.40241085
15.45660488
15.50626955
15.57286083
15.59383977
15.65173566
15.67068802
15.67452374
15.73681117
15.75093119
15.78687870
15.84091681
15.86304565
15.86354336
15.86728898
15.87368866
15.92373524
15.97809128
16.00224699
16.00631386
16.03454213
16.10533686
16.10841916
16.12249585
16.13508503
16.13768665
16.14579379
16.14719827
16.17740304
16.17891438
16.18125872
16.21155253
16.21189353
16.24508467
16.24655079
16.27299638
16.27307918
16.32091924
16.32411900
16.34338838
16.34520183
16.39038812
16.39642052
16.55015397
16.55326161
16.56118706
16.58581832
16.58921195
16.62440000
16.63714915
16.63931835
16.64086261
16.64746730
16.67164405
16.69287609
16.74769821
16.75383144
16.77385485
16.79809978
16.80260953
16.80319201
16.85390491
16.85776237
16.86688753
16.86717036
16.87956712
16.89582145
16.90418583
16.98104876
16.98518879
17.05323485
17.08521605
17.17618157
17.17707298
17.20030891
17.20427904
17.22362952
17.25166064
17.26045401
17.28773680
17.29203707
17.30042791
17.33116317
17.33422517
17.41047396
17.42967636
17.43903337
17.43991016
17.45405291
17.47252368
17.51485072
17.54235503
17.57380353
17.59102981
17.59804214
17.60079786
17.61866026
17.62367874
17.64124535
17.69576530
17.72295019
17.73281760
17.75224600
17.77072516
17.77264993
17.78579814
17.80365197
17.81520345
17.83036630
17.85469634
17.91831259
17.93013235
17.93517574
17.94823680
17.98965750
18.08645583
18.12617766
18.12802066
18.13333127
18.13421090
18.14009320
18.16205032
18.18351174
18.18492586
18.26652840
18.30110748
18.31435573
18.32751635
18.33400372
18.33577163
18.34551330
18.36988322
18.42371837
18.46189031
18.46977823
18.48156587
18.48926281
18.51601328
18.55304940
18.59747825
18.61671560
18.62292435
18.64605507
18.65078745
18.68350229
18.72530464
18.74320210
18.76463328
18.77797355
18.81875728
18.84823792
18.85254072
18.90415655
18.90556965
18.92288793
18.94710938
18.94931101
18.97745905
19.01154728
19.01612233
19.03149057
19.05499673
19.10232744
19.11028417
19.11220067
19.11406865
19.13061530
19.14494136
19.15411400
19.17680327
19.20601696
19.22025932
19.29167571
19.31348897
19.37580228
19.39349294
19.43170966
19.44545095
19.46033239
19.55950751
19.57851695
19.64986667
19.68243117
19.69760765
19.71412833
19.72093480
19.72282328
19.75341886
19.78271568
19.80123401
19.82214233
19.87068329
19.91440853
19.92596978
19.93361143
19.96640276
19.98613517
20.00279182
20.04104554
20.05942874
20.07513039
20.08910326
20.10255934
20.12437234
20.15468718
20.17902609
20.19235621
20.19970184
20.20049634
20.20738762
20.24302093
20.25585964
20.25904468
20.26089564
20.30848987
20.34327122
20.35026251
20.39278264
20.42872767
20.43129526
20.47645831
20.49537977
20.49731674
20.51189549
20.54888506
20.56679368
20.60207628
20.61102109
20.69655623
20.74098358
20.77762697
20.77784655
20.79630100
20.82327720
20.84239587
20.87392117
20.88082161
20.88441913
20.92767849
20.97990194
20.97996188
21.02800577
21.03118262
21.04783471
21.05953691
21.08260449
21.14782906
21.15466727
21.16831423
21.21141149
21.23532752
21.25479094
21.28351860
21.33182653
21.35549161
21.37280781
21.46226930
21.52376783
21.57715327
21.62903750
21.63524314
21.68147095
21.68584319
21.70690420
21.75785547
21.75869886
21.81522869
21.85635142
21.87410893
21.94255015
21.97515883
21.98080289
22.02491336
22.03487959
22.17523064
22.17556513
22.23333942
22.24883948
22.29858826
22.30271517
22.32631636
22.33943500
22.41266912
22.43445608
22.44465397
22.46965092
22.54181413
22.60561364
22.62751380
22.66011122
22.67556742
22.68002114
22.70083320
22.71749818
22.71829641
22.73132060
22.76602041
22.78878823
22.80879711
22.81141412
22.82931560
22.84162770
22.84172624
22.86153283
22.87973081
22.88880418
22.90039619
22.90295698
22.90639431
22.94230866
22.94760380
22.95416079
22.99941576
23.10503257
23.10651331
23.11123165
23.14214910
23.15757192
23.16586176
23.21798155
23.24486707
23.25290870
23.28589747
23.28669190
23.30518139
23.39729338
23.44240453
23.47003308
23.48397654
23.50108587
23.52305327
23.55548787
23.61379144
23.64929844
23.68026022
23.68064686
23.69963879
23.70050655
23.75635209
23.79076817
23.86300576
23.87893723
23.90965491
23.91207909
23.94045912
23.94136576
23.95522861
24.00971601
24.03134835
24.03428752
24.04107869
24.06918995
24.07544658
24.13959362
24.17012832
24.17127081
24.17804324
24.22827455
24.25373159
24.32264751
24.40456868
24.49415538
24.49716668
24.50729204
24.51614219
24.51661246
24.57228420
24.57780827
24.58375461
24.60940331
24.61835295
24.65463016
24.68254782
24.68464304
24.69449474
24.70213640
24.71183648
24.74434589
24.74634579
24.75914014
24.82732229
24.86461480
24.89289734
24.91960602
24.97198402
25.02739619
25.06615633
25.08863223
25.12288342
25.14408485
25.16116681
25.20376727
25.21592605
25.22401757
25.22457925
25.24602402
25.29412889
25.32717118
25.32848108
25.36114861
25.38628394
25.39177871
25.42324889
25.43747587
25.45051501
25.45900599
25.56900920
25.60115986
25.60595765
25.61529662
25.69897636
25.70656365
25.73260567
25.73303979
25.74775423
25.75122334
25.77960133
25.81263790
25.83347824
25.83960152
25.91350229
25.94857316
26.00495294
26.03495766
26.03535684
26.06805540
26.07662975
26.09700017
26.12299944
26.13973086
26.16075511
26.16861785
26.16945342
26.17402126
26.19255469
26.41110602
26.42252500
26.42582274
26.44311943
26.46659136
26.50173130
26.51841047
26.54329381
26.60261197
26.61362787
26.65695469
26.65864857
26.65881617
26.67237353
26.73596790
26.75019488
26.79485664
26.80257283
26.86313430
26.87871967
27.01359411
27.05240573
27.06630819
27.08009378
27.11386009
27.27896780
27.32612927
27.37910276
27.45476488
27.47451921
27.47907284
27.48731170
27.50057859
27.52138695
27.57767097
27.65057350
27.68157812
27.68292909
27.69113795
27.74329551
27.74571317
27.85305373
27.85493288
27.94335613
27.94343281
27.94673890
27.95388560
27.97045795
28.02108736
28.08028954
28.10879932
28.13929202
28.14807131
28.16081068
28.17912573
28.21034059
28.21810601
28.22990916
28.24996934
28.30751944
28.33794289
28.34093542
28.36901001
28.38809451
28.41678972
28.41854119
28.45119612
28.47031549
28.56858112
28.57135299
28.57606138
28.58559537
28.60638928
28.62546356
28.65838053
28.70409300
28.70452734
28.74727374
28.79157706
28.79355777
28.80447448
28.83112706
28.85484957
28.86658226
28.91289785
28.92233298
28.94590587
28.95493133
28.95498238
28.96773858
28.97514050
28.99938071
29.01351453
29.03458341
29.03975142
29.15746495
29.19008875
29.24822454
29.26917424
29.27615440
29.27958586
29.30227126
29.30301009
29.31772602
29.32813919
29.39386231
29.48269647
29.51946921
29.53943658
29.57430340
29.62353860
29.67313266
29.74309009
29.78086240
29.78475740
29.79784651
29.80300278
29.82402558
29.82417175
29.87030518
29.87527212
29.88553068
29.88701192
29.91553428
29.92844382
29.95438321
29.96082879
29.96282477
30.01636759
30.09786772
30.14616016
30.17197339
30.19095647
30.21158252
30.21423485
30.21460054
30.25674373
30.30538038
30.32182091
30.39954605
30.41420611
30.48001398
30.50267153
30.50628450
30.53955034
30.55698792
30.58944507
30.59445048
30.60564531
30.62811217
30.67020946
30.67684220
30.68627868
30.68641779
30.81724747
30.81761170
30.83419079
30.84027366
30.98303274
31.04320988
31.07431357
31.16497027
31.21904075
31.23910221
31.29610731
31.33586543
31.33813990
31.38014993
31.38728258
31.38895553
31.39896740
31.45634073
31.46241593
31.49966885
31.54918836
31.55733798
31.56039862
31.56419134
31.60613885
31.62207083
31.62809110
31.64891667
31.69996997
31.72255053
31.72829823
31.76137868
31.77217413
31.78337517
31.79596324
31.81808404
31.88661970
31.90786479
31.90953679
31.91455211
31.98077642
31.98340522
32.00563204
32.03653033
32.05425106
32.09206529
32.09235453
32.11081115
32.17355101
32.22561871
32.24107365
32.24303315
32.25766039
32.31282502
32.34332107
32.34515625
32.37856047
32.42040441
32.43853337
32.45048759
32.46499567
32.51197526
32.51492712
32.55267546
32.56867373
32.60824818
32.62765340
32.70446251
32.71064915
32.72964206
32.77865536
32.78517439
32.80212396
32.81984458
32.83468382
32.86371029
32.88118861
33.01399626
33.02403731
33.03479451
33.07935853
33.13148951
33.15034834
33.15687964
33.16869272
33.19991964
33.21928807
33.22931844
33.28924821
33.30453174
33.43421522
33.44937459
33.49028460
33.52480834
33.53593009
33.55854135
33.61936192
33.62209191
33.72925652
33.74826203
33.75350409
33.76932933
33.77038279
33.77105600
33.79845884
33.81929973
33.84474353
33.85178423
33.86333441
33.86964912
33.89552423
33.90392105
34.02888567
34.04022796
34.05424568
34.05834146
34.11034673
34.11092868
34.12680618
34.16377121
34.16433474
34.20191909
34.21139507
34.22096214
34.23350787
34.24820391
34.27823299
34.34386423
34.34515580
34.35757324
34.46504301
34.50978180
34.53209054
34.54626417
34.57228121
34.57339759
34.62485275
34.63830352
34.63865433
34.66877383
34.69047887
34.70928567
34.73584436
34.74694578
34.90396742
34.99486112
35.02322382
35.04197112
35.04705763
35.04919346
35.05967021
35.07639418
35.11286524
35.13442438
35.14509366
35.16687267
35.20702474
35.22770577
35.36496810
35.38654459
35.43667275
35.44078294
35.48449327
35.48466233
35.48510392
35.49498347
35.50872325
35.55783264
35.56476018
35.65030407
35.75295691
35.76711323
35.77227901
35.80399316
35.82145151
35.82266780
35.83743869
35.84573437
35.87891689
35.91741759
35.96286089
35.97258348
35.97409555
35.98433695
36.03870174
36.06459996
36.06607235
36.11032444
36.12476513
36.15723629
36.17939301
36.19417114
36.20555841
36.25069208
36.27995235
36.30073179
36.31477546
36.33671394
36.47549748
36.53801878
36.56206334
36.56842859
36.62718153
36.64704424
36.69555682
36.73613033
36.76661347
36.79461177
36.80908969
36.84306161
36.86447079
36.86859517
36.92201434
36.92936465
36.95535026
36.98928864
36.99525188
37.00036911
37.01481909
37.06954290
37.16096254
37.19945054
37.21132507
37.21328610
37.22180088
37.28427285
37.30606905
37.30822541
37.36253213
37.44435694
37.44733350
37.56907186
37.59053873
37.59256978
37.65495679
37.65670699
37.66563748
37.71324307
37.72032692
37.77172551
37.79229759
37.80023151
37.81752699
37.87000203
37.91739211
37.93763088
37.94614122
37.98193497
38.01040446
38.04430877
38.05135110
38.05960174
38.10499851
38.11238855
38.21179329
38.23811900
38.25808000
38.26467155
38.26858199
38.26907943
38.29489266
38.33637687
38.34190089
38.34810626
38.40378570
38.43751905
38.53588634
38.58828226
38.59283909
38.59517366
38.59575147
38.61865360
38.65811949
38.67283989
38.68145680
38.71798831
38.74579636
38.77706586
38.80173921
38.80347934
38.80349729
38.83313712
38.86142844
38.89937574
38.92278354
38.95492294
38.95547143
38.95811769
39.05343694
39.06413936
39.07328799
39.11328712
39.17297205
39.18088009
39.19955190
39.20327171
39.22731074
39.24125191
39.24287306
39.25756845
39.28063650
39.29931821
39.31939350
39.32703707
39.35461298
39.38944030
39.39109277
39.42372442
39.46306948
39.47053157
39.49030565
39.49816286
39.52075028
39.56344932
39.58174999
39.61048695
39.62066343
39.63394909
39.65590047
39.65640817
39.73080811
39.75102857
39.93694823
39.94275362
39.99250462
40.01682140
40.02903302
40.05372846
40.12361032
40.12877050
40.19381648
40.23042394
40.23775783
40.28159395
40.29170203
40.29636220
40.30539579
40.34145003
40.35606725
40.35651073
40.36294368
40.42128201
40.45716289
40.51399425
40.51623396
40.51649896
40.51942048
40.52501410
40.53832798
40.54290076
40.54338351
40.55752580
40.60736073
40.62462116
40.65026268
40.65789595
40.68518588
40.74747003
40.77123652
40.83199074
40.84648074
40.93495613
40.95080240
41.02501882
41.03037349
41.03536057
41.13247537
41.16337185
41.21057142
41.22443282
41.24510013
41.28898581
41.30297766
41.31367832
41.35739449
41.39230692
41.39309070
41.40499955
41.41441406
41.43172931
41.46067161
41.50643005
41.51448124
41.57370504
41.61537329
41.62240789
41.65509023
41.66780567
41.69018223
41.70164909
41.70468523
41.71047062
41.73426134
41.74027435
41.79483219
41.92899780
41.93432260
41.95231403
41.96811710
41.96815415
41.99429704
42.01610782
42.01909533
42.02947082
42.03017115
42.03411586
42.05450408
42.10051842
42.10156989
42.10300021
42.11765806
42.15766041
42.18530449
42.22151106
42.23968965
42.33655796
42.34317894
42.36213063
42.37565758
42.38243407
42.54369483
42.67027357
42.70938341
42.72591612
42.75239227
42.76421248
42.77779841
42.78959858
42.81279033
42.92127588
42.94663067
42.98362778
43.01066763
43.02556766
43.02790493
43.02811337
43.02814636
43.06609970
43.08284470
43.13362036
43.13534143
43.17447753
43.22215824
43.24419110
43.25792265
43.29535471
43.29666022
43.29765629
43.31104877
43.36263911
43.41500470
43.41961165
43.47008038
43.50230349
43.51001312
43.51474316
43.55956829
43.58923182
43.61114808
43.61907220
43.70691280
43.71045539
43.73131973
43.76656273
43.77489300
43.80027482
43.82007999
43.87699793
43.90700926
43.92503803
43.95643565
43.97265760
43.99162582
44.00821827
44.05301093
44.06706780
44.09893599
44.10180541
44.18602827
44.20338997
44.20663526
44.23096719
44.27102048
44.27903546
44.38083801
44.38850420
44.39079058
44.39168776
44.42732689
44.43052711
44.43204675
44.47443276
44.55672334
44.56100003
44.56670767
44.60770016
44.61461665
44.61910889
44.62881430
44.64529977
44.65269503
44.66414842
44.71556851
44.73131124
44.74490954
44.77120500
44.85555339
44.86555588
44.86586748
44.87535172
44.88580333
44.91650902
44.98075818
45.01959506
45.05957629
45.08403593
45.08648119
45.09295019
45.09462405
45.12927758
45.15040118
45.18016109
45.21044469
45.23603638
45.24609416
45.25714845
45.26571426
45.28084147
45.29269765
45.29893202
45.30394376
45.30561228
45.32482317
45.38011986
45.38919081
45.39996378
45.43004008
45.43043166
45.44503900
45.52501272
45.53689924
45.69349394
45.71060153
45.72500303
45.73041373
45.73527357
45.79499771
45.79878692
45.81357914
45.81732924
45.82834544
45.85485673
45.91133890
45.92071965
45.92999181
46.03079476
46.05277578
46.05410691
46.06259315
46.09078715
46.09702397
46.17040095
46.18103555
46.20447266
46.24179896
46.24528762
46.32727471
46.34731061
46.37184198
46.42660935
46.45612420
46.45961489
46.49783338
46.49911679
46.52199730
46.54512042
46.55686600
46.60386389
46.64021677
46.65990473
46.68828680
46.68836584
46.71690454
46.81406193
46.81887688
46.83729772
46.91270839
46.91433759
46.92307323
46.92544373
46.92654095
46.93916416
46.96512855
46.97498419
46.98095760
47.01267333
47.02518304
47.03274430
47.06276346
47.07292719
47.08291373
47.11092271
47.13768414
47.14071385
47.16383458
47.17954500
47.19084300
47.22593131
47.25524425
47.26764949
47.32145198
47.35150385
47.37428451
47.44041447
47.45101791
47.46752662
47.50333281
47.52367739
47.53413784
47.56871451
47.56951035
47.70260015
47.70781735
47.76042510
47.78391681
47.84036944
47.88535237
47.89628780
47.90227647
47.97623446
48.05796668
48.15063611
48.15732994
48.23815593
48.26145069
48.27578760
48.32479392
48.35930754
48.40995647
48.41289693
48.49857299
48.53376131
48.64882431
48.65464644
48.66172469
48.66186508
48.67296616
48.76196018
48.76201726
48.82693784
48.84570568
48.85138582
48.86659176
48.87356454
48.90409092
48.93526126
49.02339444
49.03225115
49.04019340
49.05153208
49.06652549
49.26750060
49.29973865
49.33828134
49.33961960
49.35205058
49.39324303
49.40224786
49.42066099
49.43263973
49.45835323
49.46833741
49.52515430
49.55169579
49.55320452
49.62000063
49.63250226
49.65650247
49.67693628
49.73914962
49.74078285
49.76066445
49.85464238
49.86095462
49.89738454
49.92959531
50.01647264
50.05260330
50.11015507
50.13568278
50.16028584
50.16124057
50.19249407
50.21174917
50.23652781
50.26253439
50.26799826
50.29868190
50.30089484
50.33028145
50.33080597
50.37980753
50.44424911
50.45425283
50.46938102
50.48216235
50.48397217
50.53988512
50.55091049
50.61195314
50.61726850
50.67409687
50.69345750
50.69595056
50.74298601
50.75034570
50.75761115
50.80783492
50.81289653
50.82064048
50.82324476
50.92924739
50.99407420
51.04954013
51.10037538
51.12211561
51.13612867
51.13805144
51.17759926
51.19279248
51.19858364
51.22016899
51.22528591
51.26023929
51.29311018
51.37260301
51.42376739
51.43599038
51.43638721
51.44892871
51.48401748
51.48429184
51.55012563
51.56348461
51.56350651
51.62592713
51.64758637
51.65942663
51.73474894
51.74298509
51.79127457
51.83095353
51.90582270
51.90857830
51.92058055
51.92446434
51.96922411
51.97799039
52.02180758
52.06132973
52.07678559
52.08489402
52.12432386
52.15054324
52.20061146
52.20578255
52.20901468
52.21027143
52.23270570
52.23516832
52.28366982
52.29325528
52.35961465
52.39620068
52.42158028
52.48489528
52.55126486
52.55875088
52.56481472
52.60755899
52.61610299
52.62631675
52.63635754
52.66912639
52.69485213
52.69511784
52.71190135
52.86020501
52.91275361
53.01234687
53.07799415
53.11007121
53.11874770
53.17090440
53.18007379
53.18069346
53.23633691
53.35500185
53.37050516
53.38736991
53.42227629
53.44288441
53.44904901
53.45527644
53.46931169
53.49072858
53.49408117
53.52380990
53.54542906
53.59477286
53.64862248
53.65115189
53.65803172
53.75596574
53.81546724
53.85582368
53.87717786
53.89653694
53.95693995
53.96165366
54.01752426
54.04173986
54.05111046
54.07039634
54.07187191
54.13945865
54.16261713
54.19924861
54.21516768
54.22405301
54.22405575
54.23151201
54.24458316
54.31139617
54.31870128
54.32567126
54.33589770
54.36761798
54.40520868
54.40819142
54.41060511
54.44945535
54.50564411
54.51253984
54.54395909
54.55344499
54.58457792
54.58601475
54.68819353
54.77336141
54.80657034
54.80671295
54.82059319
54.86145454
54.86955489
54.92188309
54.98072079
54.98094456
54.98504570
55.03917357
55.07316198
55.18640468
55.23959344
55.24595704
55.28023528
55.31834414
55.33618734
55.35310146
55.36469844
55.44712016
55.45486137
55.53082015
55.54355988
55.54374090
55.54421787
55.55079326
55.57150710
55.60851524
55.61969458
55.65888212
55.67235133
55.68950907
55.72320667
55.72722301
55.75254198
55.77420536
55.82090258
55.84958791
55.88336646
55.88861441
55.89859719
55.91965732
55.94098124
55.94137876
56.05262594
56.07974905
56.09678814
56.24771103
56.25856722
56.27628395
56.29231331
56.30436197
56.31821683
56.33211604
56.35618853
56.38339203
56.38966163
56.39818216
56.41518493
56.44566608
56.47074726
56.49413900
56.51106359
56.51734295
56.58055381
56.63021319
56.64102188
56.64673979
56.79252429
56.79637570
56.80375577
56.83774993
56.88214107
56.88827653
56.92888854
57.00410387
57.01234677
57.05907526
57.08720202
57.09549555
57.09620918
57.10766022
57.17157288
57.19355077
57.33174225
57.36462638
57.40795191
57.41418915
57.42335760
57.44919218
57.58159406
57.58908623
57.61190330
57.64964966
57.67278212
57.71065000
57.71249226
57.71835082
57.72787791
57.75694107
57.75971660
57.78918113
57.84499241
57.94455418
57.97557987
57.98813612
57.99848228
58.00993342
58.09447150
58.10830912
58.12582418
58.12957761
58.13879396
58.14755947
58.16428201
58.24505332
58.26341579
58.31691301
58.33703786
58.35620214
58.42439651
58.42529982
58.42877708
58.43656176
58.51668005
58.52694074
58.52695570
58.57819261
58.58778577
58.58876037
58.59125898
58.60846946
58.65950421
58.66220197
58.70253235
58.81592463
58.82527962
58.88111037
58.89230928
58.91980099
58.93908556
58.96613699
58.98151650
58.99465416
59.00077616
59.01164751
59.04745507
59.05476131
59.05498915
59.07037392
59.10750915
59.12147166
59.13242229
59.14026673
59.25904465
59.30358827
59.34224230
59.35088229
59.35276261
59.35369869
59.38272982
59.39485523
59.40296153
59.43307841
59.47086238
59.49079024
59.52137255
59.55968525
59.60907559
59.62119991
59.73101091
59.75571641
59.75759911
59.80256510
59.80892864
59.81956001
59.82604918
59.85172562
59.86607150
59.86658793
59.88986518
59.89178294
59.91969618
59.93914176
59.94500331
59.97587806
59.97723654
60.02223261
60.04670320
60.10201626
60.18455617
60.20637544
60.21439278
60.27730389
60.27929849
60.29137949
60.30744843
60.36251508
60.37002122
60.37361009
60.41594908
60.43424184
60.45069714
60.46417869
60.52612084
60.53805699
60.57751989
60.58931144
60.63164066
60.63290267
60.63710997
60.67000208
60.73597427
60.77358352
60.79240745
60.93223710
60.96017394
61.08292881
61.09486231
61.13795752
61.20677799
61.23945848
61.28002705
61.28306313
61.29551738
61.29577679
61.29987865
61.43615211
61.45638299
61.48488893
61.50077436
61.51202280
61.51459153
61.54941922
61.55372396
61.56484632
61.58730672
61.80996443
61.82224453
61.83389602
61.87742264
61.87810592
61.87958443
61.88137136
61.90536557
61.92743020
61.94727351
61.97398487
61.98595967
61.98960295
124.00000000
