0.05668213
0.05817043
0.07923955
0.10409650
0.15316506
0.15465049
0.23421085
0.26639420
0.28468272
0.29331476
0.30674431
0.30793918
0.38066694
0.38297545
0.39100548
0.42118501
0.42459762
0.42811111
0.44456542
0.45827269
0.46122107
0.46291204
0.47210302
0.54263823
0.55619321
0.57900631
0.64429557
0.64862799
0.64942193
0.69625195
0.69894034
0.71152570
0.72748524
0.75407587
0.75450839
0.76873577
0.77094570
0.86789601
0.91040007
0.93543086
0.96404933
0.96988708
0.99016988
1.01408241
1.02247562
1.06082920
1.12943114
1.13723378
1.15302136
1.19464726
1.20746527
1.22848206
1.23156620
1.23399126
1.26201156
1.30547845
1.31341872
1.35609618
1.38889704
1.38924840
1.45561554
1.45645258
1.45946859
1.49702419
1.51172427
1.51722828
1.52398152
1.55620375
1.56757865
1.61307238
1.65323734
1.77208115
1.77388102
1.79875303
1.80091062
1.80256796
1.82810552
1.83493505
1.87658935
1.89064129
1.91996840
1.93600504
1.97472620
1.99118651
1.99780073
2.00297134
2.00795736
2.03179711
2.09118109
2.12293856
2.12312657
2.13399809
2.18596758
2.20163266
2.20578267
2.23232073
2.29901578
2.42178349
2.44865009
2.45898980
2.46675009
2.47144299
2.47289354
2.49376334
2.49742886
2.51802028
2.51938495
2.52295211
2.52550719
2.53965229
2.56923738
2.57695550
2.58214510
2.62157518
2.67144538
2.71010122
2.71809512
2.72410937
2.79070323
2.82220457
2.82970602
2.85209071
2.86664978
2.90149061
2.94675205
3.03342409
3.05145132
3.05780409
3.06696691
3.08821130
3.14112980
3.20070417
3.21509439
3.23883302
3.25147793
3.27091373
3.30370304
3.31096798
3.31536169
3.38600047
3.41125785
3.43354880
3.53717834
3.64625864
3.66539072
3.70040847
3.70524337
3.72094473
3.83926524
3.86711524
3.87242253
3.96506892
3.97236037
3.97440119
4.02763555
4.10137950
4.10555097
4.11076742
4.12201329
4.12549930
4.12874802
4.14850939
4.15073762
4.16687599
4.19909316
4.34599358
4.36307344
4.37267589
4.39819362
4.42757801
4.43414107
4.47388991
4.50637961
4.52297551
4.54884240
4.59387447
4.62674656
4.65133881
4.65903615
4.71813879
4.73420176
4.74642509
4.79158394
4.80614668
4.81770709
4.81788795
4.83963564
4.84694220
4.85679645
4.88967998
4.92849155
4.92955716
4.97344931
4.97952733
4.99949903
5.09849573
5.11851579
5.11938414
5.17625649
5.21910728
5.23081197
5.24333583
5.26604299
5.33377194
5.36699155
5.44579259
5.47681589
5.49413206
5.49949335
5.54706037
5.57337967
5.59972156
5.64105565
5.65473803
5.68830888
5.73879753
5.73885785
5.75712126
5.76210216
5.79454640
5.79753241
5.80173896
5.81014958
5.81828973
5.81947541
5.82644349
5.86131773
5.86437140
5.88896567
5.90437495
5.92426005
5.92841678
5.94674368
5.95163563
5.95989894
5.99808549
6.02512277
6.03356268
6.04893499
6.10333177
6.11870408
6.21973349
6.22643154
6.24691315
6.26176134
6.30437883
6.31474478
6.33147725
6.34011425
6.34173105
6.35868301
6.39309140
6.48559543
6.49342847
6.51668241
6.53117540
6.59856869
6.60884126
6.65191898
6.68583734
6.73594499
6.79179549
6.83838732
6.86738268
6.91263118
6.97856860
7.00715807
7.01085416
7.04274566
7.06842894
7.09537060
7.10730358
7.14279375
7.16242912
7.23139657
7.27197945
7.28179117
7.29257093
7.35550695
7.37954537
7.41286196
7.47443380
7.48322934
7.49689666
7.50060177
7.50078960
7.54891690
7.56878846
7.63611861
7.65942502
7.67052916
7.70473382
7.71145568
7.72303362
7.74877034
7.75747988
7.77245574
7.82747059
7.83229510
7.84092494
7.84854545
7.86793832
7.89475370
7.91535554
7.92630665
7.92983053
7.94621637
7.96215070
8.05759754
8.06513460
8.07740693
8.13417476
8.22331736
8.23452256
8.30841533
8.33234297
8.33239777
8.36915257
8.43275932
8.45274094
8.49475372
8.51739406
8.55637306
8.61540508
8.62219199
8.66445550
8.66616718
8.72882953
8.72899679
8.73430574
8.77376941
8.82698985
8.83406236
8.87153557
8.93193111
8.97772480
9.00007294
9.04255731
9.06444701
9.06464405
9.07769411
9.11381177
9.11548324
9.20072486
9.28424754
9.29325499
9.34054536
9.34206013
9.37022142
9.38887909
9.42679814
9.45698655
9.48971338
9.50548563
9.52382215
9.52644682
9.53377903
9.54333173
9.59219564
9.63787610
9.71730168
9.72790822
9.80380984
9.92331691
9.98737970
10.04615030
10.07095861
10.09221267
10.11602466
10.12889644
10.14769335
10.15351801
10.16693986
10.17003920
10.21937218
10.24832731
10.26684075
10.31610694
10.32283154
10.33338126
10.34405176
10.35961447
10.42255289
10.46338217
10.46500986
10.48884888
10.50763013
10.55111779
10.56902785
10.63470998
10.64545581
10.66991523
10.67079377
10.68242274
10.68430152
10.69054520
10.69441485
10.77847741
10.87932831
10.89130261
10.93273516
10.94995323
10.98038736
11.00269274
11.01681126
11.03155178
11.05332273
11.05436294
11.20879312
11.22019519
11.22897297
11.24832937
11.25888856
11.29927716
11.31152956
11.31420014
11.31572012
11.31816968
11.32409304
11.37629275
11.38908693
11.41059376
11.43658613
11.49355503
11.63754622
11.67797604
11.70933195
11.73145469
11.77419018
11.78475655
11.79566211
11.80917473
11.84190678
11.88296061
11.90106932
11.91970020
11.98569159
11.98631217
11.99048584
12.05466774
12.08863203
12.09842141
12.11201951
12.13681638
12.14515481
12.14612736
12.15750766
12.21300334
12.28308714
12.28848785
12.33451371
12.34966181
12.35526202
12.35778926
12.38278531
12.43013537
12.43164534
12.43377551
12.45573030
12.48150123
12.48803730
12.50769707
12.51511819
12.53546490
12.56139857
12.56175670
12.56895128
12.71223055
12.72797830
12.76562114
12.79190776
12.83094679
12.83445359
12.84176459
12.88408839
12.92607146
12.96297531
12.96403382
12.97961572
13.00282342
13.01538191
13.03258580
13.03454748
13.07107291
13.10248318
13.12880775
13.13411357
13.17642396
13.23005632
13.25980428
13.26909177
13.27126051
13.27279655
13.32704760
13.33462491
13.35165421
13.44229891
13.44493576
13.48650224
13.49097766
13.58043559
13.59873602
13.61857360
13.62358838
13.63593568
13.68215120
13.69706339
13.69716703
13.69930890
13.70805943
13.72586521
13.75363603
13.77844058
13.77975654
13.78341667
13.78780716
13.79346572
13.80681677
13.84366891
13.85372138
13.90657413
13.93658947
13.97772750
14.02599231
14.02773796
14.05081290
14.05097324
14.14578507
14.14759344
14.16148351
14.19563667
14.27374148
14.28520000
14.32709681
14.34638348
14.36887668
14.39094734
14.43604967
14.43809339
14.45053431
14.50388981
14.53110765
14.53891356
14.55035706
14.61668639
14.62299305
14.62328313
14.65308635
14.68608730
14.73189255
14.74764674
14.78771240
14.90673701
14.93560575
14.96316597
14.97266909
14.97570085
14.98604127
15.07774876
15.08215016
15.12194682
15.19690002
15.20781986
15.23413640
15.24576909
15.28827894
15.29344364
15.35126452
15.35708698
15.38275464
15.38785308
15.39953719
15.40308997
15.42177826
15.50471125
15.50541646
15.53473898
15.53955587
15.56155098
15.64105302
15.65173890
15.67633365
15.77932044
15.78327269
15.80817586
15.81572512
15.83267957
15.87749883
15.88696086
15.88873071
15.96666564
15.99999337
16.01645866
16.12484185
16.16152556
16.17195853
16.19530957
16.20912198
16.26636166
16.27115746
16.27512249
16.29098532
16.39551158
16.39642052
16.40096254
16.45308141
16.45758353
16.48322294
16.50256032
16.61080877
16.61906843
16.61996640
16.64972095
16.72378624
16.73343129
16.75592305
16.76211693
16.78742938
16.79528549
16.80260953
16.84112774
16.85390491
16.85929583
16.88852782
16.89622798
17.00260616
17.01273363
17.05332073
17.05740017
17.05770982
17.11652238
17.18301150
17.19796128
17.24529467
17.24771330
17.28394041
17.29269685
17.35907290
17.37594016
17.38073195
17.38479936
17.43358611
17.45886532
17.49798595
17.50345036
17.50770378
17.51857004
17.57380353
17.64752829
17.65630282
17.65871897
17.68646914
17.68714254
17.69811693
17.75369383
17.76234584
17.78571678
17.83740028
17.87670497
17.88602391
17.91620177
17.92175021
17.92670978
17.98190651
18.01915429
18.10952432
18.14007129
18.17157449
18.20452260
18.22189847
18.25275869
18.30163385
18.30897613
18.33633334
18.40715255
18.42240362
18.45125337
18.48386488
18.50370779
18.51837066
18.60154353
18.60335747
18.62197306
18.62420639
18.65016211
18.65584854
18.65736006
18.67848443
18.76085400
18.79500024
18.81568568
18.85231405
18.85982193
18.90793024
18.92579801
18.95570938
18.95784844
18.99050133
19.01662856
19.01847241
19.03177433
19.04167494
19.04815686
19.05192250
19.06085156
19.06469527
19.12623054
19.13181232
19.13621984
19.15508252
19.17331204
19.22303206
19.22637968
19.22937220
19.24253722
19.25048148
19.27985579
19.36615065
19.38490722
19.39285636
19.46328430
19.48304675
19.49472797
19.50495424
19.51937833
19.56643094
19.57183957
19.58180692
19.60712882
19.61550213
19.63838180
19.65023400
19.65394290
19.69760765
19.72561719
19.74589622
19.74703818
19.76048762
19.76849174
19.76852257
19.78212670
19.78358210
19.82486864
19.82830920
19.83297532
19.86369153
19.87084871
19.88751493
19.95731984
20.02303442
20.03972697
20.04104554
20.07324827
20.09143358
20.09198868
20.11804542
20.12437234
20.17548237
20.19218731
20.21648315
20.29604278
20.39101055
20.40950905
20.41362597
20.53330819
20.56679368
20.57923471
20.62412053
20.62551778
20.64810279
20.70722025
20.76071315
20.77199985
20.82090240
20.84730436
20.85479087
20.85769895
20.89129514
20.89356243
20.91919631
20.92358448
20.93463623
20.97201780
21.01132193
21.01814780
21.02151496
21.04423906
21.04796085
21.09043591
21.12279473
21.14274121
21.18198290
21.18505011
21.28012680
21.37650371
21.42055088
21.46560805
21.47564273
21.47754120
21.48974734
21.58593396
21.60151190
21.64010383
21.66882511
21.72282883
21.76517394
21.77419567
21.78576997
21.82041163
21.82178070
21.83177168
21.83255185
21.84196046
21.88581641
21.90150983
21.91598786
21.94255015
21.95759727
21.98956975
22.03353683
22.04062268
22.06037516
22.09831655
22.14805068
22.15785073
22.16985139
22.17289144
22.18452446
22.18483340
22.18565893
22.20915650
22.21378209
22.22921400
22.34255212
22.35586876
22.48171442
22.49326583
22.50436338
22.52687063
22.54554945
22.57344923
22.58091738
22.62793932
22.64001628
22.67253829
22.68340729
22.73057782
22.77739968
22.92131220
22.94400605
22.96117727
23.00385045
23.00645521
23.01996506
23.03175741
23.04244262
23.08135708
23.08402644
23.11304447
23.12580697
23.12927633
23.18508625
23.22170167
23.23078525
23.25976102
23.33662506
23.33842708
23.34755151
23.34928164
23.35547192
23.35829922
23.39729338
23.44707246
23.44952224
23.48149675
23.50460051
23.52345536
23.54147063
23.59285821
23.62832171
23.63946370
23.64841956
23.73121813
23.74589659
23.82746915
23.84971086
23.85465288
23.87492129
23.89534096
23.94136498
23.95674502
23.96719700
23.98761792
24.07966981
24.10791589
24.20472617
24.21494955
24.22039649
24.27480134
24.28107196
24.29211688
24.31090481
24.34970004
24.37887468
24.43134587
24.43293941
24.44737679
24.45231797
24.49618789
24.51789769
24.61289610
24.67110168
24.67581518
24.71183648
24.74266727
24.74634579
24.78770808
24.84757522
24.87044104
24.92172563
24.92615069
24.94201061
25.03930217
25.05819621
25.06640699
25.10188696
25.11175093
25.11623913
25.12440218
25.14555556
25.16388961
25.24602402
25.28278017
25.36205651
25.39648119
25.39692184
25.41237960
25.41381139
25.42324889
25.44958318
25.45727579
25.46331465
25.46744811
25.52615279
25.53144153
25.54179469
25.56252303
25.56972394
25.58471025
25.58521774
25.60021972
25.66269254
25.67703962
25.67823463
25.68697322
25.69066971
25.71011747
25.71646125
25.73303979
25.75686084
25.75846537
25.76508904
25.81934345
25.82456255
25.84809341
25.85129212
25.86080565
25.88879353
25.98248984
26.04664470
26.11549933
26.14962920
26.17118889
26.18294054
26.21295635
26.28683243
26.34623651
26.36251780
26.36779682
26.38824968
26.38849465
26.40012165
26.40143329
26.40504535
26.40783219
26.46152195
26.47870483
26.50203352
26.50275057
26.50402498
26.53058223
26.54679373
26.55327343
26.56471167
26.61496277
26.62911947
26.70325626
26.76445729
26.77915469
26.82577194
26.82758529
26.85378644
26.86187699
26.86204624
26.89781019
26.94413388
26.94885523
26.96537494
27.02673240
27.09050233
27.10379778
27.12224732
27.12315881
27.23282106
27.25358301
27.27853769
27.28111672
27.28746564
27.29749732
27.30182617
27.33126965
27.34507956
27.40956999
27.44034600
27.45665606
27.45670397
27.47451921
27.47782583
27.51777178
27.52516785
27.54191257
27.57044181
27.67232322
27.69588995
27.70126519
27.74328965
27.75599084
27.77029298
27.79767522
27.83395213
27.85103077
27.85754156
27.96481466
27.96654709
27.97403862
27.98039553
27.99662245
28.00291480
28.02092741
28.03363095
28.08202271
28.14056441
28.21970648
28.23257807
28.29297574
28.30550265
28.34110032
28.34591987
28.43055081
28.48550813
28.50214604
28.52080404
28.53896044
28.53909869
28.55489606
28.56747011
28.58809797
28.62424100
28.63623937
28.70199629
28.73157757
28.77100272
28.77131674
28.77283993
28.80291209
28.85947067
28.87282060
28.90586348
28.96120642
29.02139257
29.06724436
29.11112813
29.14186345
29.19383541
29.22055917
29.22502015
29.31493768
29.35406406
29.37594957
29.41385430
29.44080681
29.44918584
29.58550226
29.63038808
29.66193466
29.69394813
29.71396367
29.73106818
29.74111019
29.74181347
29.74287057
29.76202343
29.77022086
29.79028621
29.83541503
29.84491562
29.84836793
29.85840431
29.89352491
29.91542798
29.91942311
29.95140849
29.96353800
29.97715969
30.01305378
30.05807537
30.06961599
30.10350998
30.12641165
30.14441794
30.16650718
30.19123777
30.22311799
30.22722260
30.23198095
30.30773942
30.31027057
30.31787363
30.33020134
30.35389419
30.39274851
30.39653527
30.43356653
30.43492038
30.45793865
30.50628450
30.51203308
30.69863459
30.70846971
30.73634770
30.77492914
30.80414656
30.82998352
30.84150043
30.89193797
30.93360140
30.95570223
30.96600310
31.04552138
31.09057935
31.11749778
31.14863215
31.28102032
31.28147182
31.30041475
31.30584185
31.31906432
31.33586543
31.38176325
31.39114193
31.42717586
31.45188248
31.45966164
31.53886264
31.54355291
31.60905588
31.61241988
31.61364840
31.64301668
31.65986678
31.66983646
31.71753260
31.72255053
31.72829823
31.74259304
31.82436714
31.84482059
31.88661970
32.00654221
32.03533872
32.07262441
32.11806762
32.17414520
32.20993304
32.21683027
32.25513483
32.26886498
32.26994830
32.30055796
32.35437424
32.35607396
32.36033180
32.39513000
32.39595057
32.47739489
32.51388310
32.52558417
32.53111131
32.58978970
32.62641370
32.66809270
32.68053286
32.70247357
32.70915828
32.79761385
32.81111888
32.81984458
32.84620893
32.87104962
32.87899734
32.88541848
32.92512770
32.99473109
33.02756889
33.02782083
33.04962965
33.09711125
33.10264190
33.15165118
33.15215513
33.17278596
33.20264776
33.23262438
33.24405900
33.26624329
33.27567088
33.28331436
33.29400629
33.34141413
33.35599588
33.36972415
33.37079957
33.40560162
33.42493488
33.43483654
33.45574623
33.53593009
33.55022135
33.57347538
33.59926617
33.60881995
33.62179553
33.64520686
33.69376612
33.74294269
33.80098576
33.90994254
33.93333869
33.95266947
34.01154784
34.01998376
34.18892303
34.19213327
34.22270122
34.23425162
34.27310598
34.29323802
34.29363596
34.34896810
34.40149550
34.43872007
34.48206871
34.50243546
34.50268867
34.51135929
34.52723923
34.53897597
34.54657485
34.62057474
34.67531401
34.74824473
34.79843657
34.81719872
34.85292088
34.85997016
34.88630047
34.88800445
34.91526655
34.93788588
35.00506784
35.01896201
35.04225606
35.05005746
35.10716156
35.12170840
35.12253434
35.15040262
35.18415846
35.26840470
35.31669076
35.32990641
35.34985393
35.42585091
35.45326147
35.46927390
35.56715966
35.57363519
35.58009300
35.58436186
35.58586776
35.60239719
35.65311366
35.65576716
35.68230528
35.70321681
35.71305710
35.71513772
35.73248343
35.74140856
35.80094933
35.84674699
35.84927091
35.89937489
35.97387408
35.97988363
35.98640635
35.98989503
36.00747087
36.01403930
36.03909293
36.05523592
36.15700636
36.15723629
36.19128734
36.23467793
36.25411369
36.27336919
36.29922759
36.35760531
36.37332320
36.38499931
36.39700249
36.44190635
36.46750124
36.47549748
36.47850467
36.50608118
36.52626746
36.55027289
36.57296595
36.66782107
36.69557550
36.69799503
36.69922961
36.71624442
36.75034117
36.75769398
36.78461274
36.82836294
36.83558012
36.88902774
36.90596562
36.90641435
36.92787601
36.93602643
36.93695943
36.95060914
36.96165970
36.97850445
37.00621301
37.01589492
37.02121944
37.09627076
37.14598179
37.23456675
37.26899848
37.27878190
37.39213248
37.41070903
37.41523836
37.43687293
37.46194746
37.47362258
37.52742078
37.61520280
37.63198357
37.63399614
37.70481695
37.71846947
37.75365078
37.77172551
37.80232392
37.81563417
37.88042440
37.89044558
37.91053188
37.91078439
37.91739211
37.95028252
37.95641891
37.96375893
37.98875648
37.99662681
38.00868020
38.07444458
38.08038527
38.10733864
38.13523208
38.20017162
38.20057791
38.25069086
38.31396644
38.33250540
38.35514509
38.42760013
38.44313209
38.46156223
38.50633182
38.56082030
38.56587724
38.57329955
38.58691358
38.64117332
38.71204952
38.77377596
38.77679267
38.77706586
38.78917921
38.79718739
38.81324400
38.86556991
38.91777245
38.92483093
38.96094243
38.98158569
38.99107704
39.01316481
39.05215218
39.05683760
39.06432795
39.12462749
39.13483094
39.13777038
39.14129451
39.17357851
39.21873064
39.25756845
39.28184409
39.28973863
39.29683042
39.34202880
39.38651073
39.39098106
39.39738532
39.41100600
39.42372442
39.47725989
39.51042769
39.51382283
39.55567236
39.56765760
39.63517092
39.64881641
39.70054391
39.70736975
39.73432504
39.80508438
39.82627883
39.85783556
39.90822783
39.93790219
39.95753691
39.99212301
39.99218777
40.00969464
40.02709995
40.02971102
40.04347139
40.10717745
40.13801806
40.14847667
40.16098847
40.16448498
40.17136736
40.17940164
40.18423018
40.21986583
40.24142547
40.28425406
40.31236650
40.34260140
40.35913688
40.36549414
40.42384879
40.43043823
40.43328552
40.44875466
40.47496647
40.47981438
40.48160035
40.50809470
40.58353616
40.60528023
40.63754922
40.64162013
40.64446883
40.69686895
40.69703080
40.71040709
40.74270022
40.76739036
40.81464720
40.82068954
40.83503379
40.84648074
40.96692982
40.99743094
40.99770138
41.00952783
41.02702127
41.04593195
41.05062832
41.05322220
41.09894440
41.12112060
41.13212228
41.13641848
41.14983527
41.20552096
41.35996563
41.36192334
41.36472930
41.39193671
41.41441406
41.46957399
41.50150956
41.59333008
41.63095250
41.66506451
41.68176812
41.68486952
41.70574186
41.71598477
41.76767152
41.79513693
41.89174210
41.91410999
41.94317574
41.96968750
42.02126730
42.03679051
42.04050727
42.04421337
42.09414186
42.09428036
42.13667173
42.14626007
42.15038428
42.17982108
42.22151106
42.22179189
42.32514155
42.37436054
42.39961968
42.45470179
42.46665088
42.48664562
42.51499204
42.53315494
42.53468079
42.55199565
42.55431072
42.68518748
42.68695643
42.72718838
42.76030139
42.76554619
42.76982820
42.79895923
42.82412566
42.86310815
42.86668799
42.87233027
42.87477245
42.87585092
42.88610320
42.88895513
42.89152914
42.91338941
42.92604576
42.94016028
42.99124097
43.00135286
43.02423631
43.02784147
43.06128094
43.06425002
43.09890855
43.12053577
43.14531050
43.15974849
43.19505934
43.21759639
43.22772761
43.23883066
43.24207032
43.25142720
43.26886366
43.27216077
43.28516511
43.28937235
43.32523371
43.32657375
43.36008238
43.36831566
43.38866486
43.41534369
43.47895075
43.54325258
43.55956829
43.57288698
43.57550059
43.57667428
43.58637762
43.59906917
43.62579740
43.69120489
43.69746987
43.70730115
43.72238334
43.74703515
43.78907985
43.81512666
43.88295251
43.91242853
43.95431211
43.98062952
44.04129032
44.19075179
44.25007743
44.28444044
44.29753221
44.34637724
44.35160575
44.36773577
44.45327277
44.45703253
44.51114926
44.53856786
44.55672334
44.57302429
44.62221788
44.64643381
44.70541862
44.72842696
44.73205868
44.79690207
44.81095873
44.83827467
44.83860572
44.89432262
44.89478731
44.89489812
44.91105907
44.94018472
44.98569043
44.98994273
45.04970815
45.08783491
45.10483625
45.11517190
45.18526805
45.19506305
45.19766708
45.26757246
45.26828011
45.30472406
45.42567929
45.45616806
45.47157464
45.50835663
45.52501272
45.57881220
45.57914218
45.59970359
45.60626922
45.65103230
45.66885266
45.68132986
45.70002040
45.71809846
45.73593805
45.77796732
45.78318036
45.82002637
45.82459567
45.85994531
45.86088105
45.88852493
45.89059234
45.90626775
45.94459700
45.94571552
45.96341633
45.96506063
46.00086661
46.00987256
46.01765202
46.03466370
46.09702397
46.12364809
46.14542060
46.15316210
46.18780677
46.21657949
46.21836450
46.24179896
46.25251597
46.32274261
46.40248203
46.40333607
46.47603330
46.50752794
46.54400518
46.55993340
46.59020306
46.59221925
46.59306480
46.60485066
46.61201227
46.64923439
46.65014691
46.65317061
46.65450261
46.66279345
46.67034242
46.69244063
46.75911680
46.76832733
46.77578575
46.78784707
46.83887315
46.87807089
46.89483894
46.90465455
46.96022306
46.96659116
47.01050807
47.11956039
47.17026867
47.17954500
47.19084300
47.19660449
47.20375620
47.22953861
47.26764949
47.31786349
47.32145198
47.36514674
47.36740879
47.40255338
47.40359987
47.48968021
47.52327618
47.54445357
47.56951035
47.58708417
47.60224318
47.62773641
47.65957181
47.72436133
47.74006852
47.74277382
47.74843006
47.79230898
47.85930448
47.91182505
47.91963768
47.94198948
47.94227967
48.01967916
48.08090828
48.14035986
48.16318976
48.23684147
48.27840618
48.29323002
48.32479392
48.35698082
48.36950501
48.37285448
48.37585649
48.40110587
48.43004681
48.43379081
48.47465689
48.52441629
48.54045665
48.57054809
48.58784235
48.65804209
48.67682826
48.69922360
48.71789140
48.72127369
48.72338439
48.76934932
48.79500642
48.80967251
48.82747081
48.82789766
48.84570035
48.86659176
48.88833907
48.89038937
48.90302475
48.92434686
48.92816235
48.95639301
48.96897145
49.04949030
49.22913503
49.24226619
49.25340476
49.26550885
49.27614743
49.27864457
49.32105447
49.38615320
49.38820728
49.39569660
49.41386203
49.43544669
49.47614367
49.49878832
49.56590445
49.59316447
49.59426839
49.62246577
49.63003455
49.63387431
49.64610040
49.66800948
49.67712318
49.68007524
49.68794169
49.72581628
49.76680275
49.77443436
49.82239417
49.84326614
49.86065108
49.90701915
49.95793422
49.96543150
49.96729633
50.01739058
50.01843105
50.06853574
50.08514182
50.10088746
50.10941581
50.12283216
50.14378446
50.20053479
50.22592940
50.33751016
50.39722640
50.40214018
50.41065227
50.42109436
50.42914661
50.43494752
50.43702817
50.47054145
50.48433927
50.54529271
50.57061375
50.58807773
50.59421001
50.64517627
50.65643294
50.73362564
50.73905798
50.74894877
50.78669958
50.86374835
50.93575732
50.98005016
51.10661643
51.11388548
51.16679202
51.18282940
51.18763067
51.19218808
51.25701046
51.27100969
51.33189704
51.35075185
51.35423087
51.37585087
51.39871300
51.40711738
51.41319740
51.46445299
51.47169333
51.47541493
51.48429184
51.52983035
51.53108439
51.53368451
51.58198173
51.59801124
51.65234439
51.65511608
51.67919135
51.69436331
51.74189080
51.74458205
51.74753810
51.76462241
51.77279285
51.81073454
51.86368597
51.88022336
51.90836170
51.91386594
51.95576125
51.96922411
52.01919750
52.12834593
52.16169287
52.17873280
52.19424985
52.20974171
52.21575316
52.25595921
52.25849904
52.26987122
52.29576791
52.34622414
52.36025986
52.37245162
52.40546925
52.48781163
52.52374285
52.53125156
52.53353662
52.62331946
52.62349455
52.64819609
52.69289533
52.73048139
52.74106252
52.79200624
52.81529258
52.82696946
52.83708919
52.89558069
52.93767702
52.94796809
53.01653794
53.02551919
53.04074402
53.05106965
53.13214548
53.14505786
53.15978841
53.16137426
53.26097319
53.27580858
53.33076831
53.35500185
53.36285376
53.36998651
53.40220155
53.41703448
53.45609404
53.46931169
53.49170860
53.49940888
53.62799121
53.63103298
53.64510921
53.64648220
53.77650846
53.78108065
53.78437699
53.81901597
53.85627945
53.87770505
53.94706062
53.95769653
53.96966554
54.01939028
54.04173986
54.04571957
54.06006924
54.07775195
54.14247160
54.16311972
54.16831529
54.20431253
54.22092821
54.25269850
54.34750821
54.37615195
54.37626933
54.45989578
54.52895121
54.55666165
54.56004147
54.56792579
54.58862015
54.61861070
54.62415123
54.63221366
54.67032070
54.67109824
54.67384524
54.68697432
54.68772140
54.68931278
54.80164566
54.81222167
54.81768650
54.82405879
54.82783413
54.87388592
54.93128503
54.97689149
55.04523506
55.07316198
55.08075997
55.12885828
55.21718971
55.27731546
55.27801083
55.31137668
55.35197565
55.39884115
55.42398091
55.43773677
55.46276759
55.53089917
55.56165418
55.62459962
55.67467766
55.75045167
55.79508790
55.79993286
55.83043568
55.84785299
55.86144302
55.88469178
55.91965732
55.92653412
55.93950934
56.00941615
56.01449728
56.02037435
56.02075958
56.06311809
56.07114927
56.08644611
56.09936614
56.10530594
56.17629437
56.17818047
56.20478384
56.20509291
56.20594133
56.21858647
56.22017748
56.24123954
56.25561039
56.26010687
56.27000500
56.42622379
56.48037329
56.50751845
56.53441278
56.53627340
56.53914875
56.55529468
56.64041101
56.64102188
56.69517903
56.70190263
56.71569649
56.74011020
56.74819037
56.78401666
56.79874112
57.01855743
57.10017073
57.14389876
57.17210973
57.17516294
57.24337639
57.24676817
57.26537420
57.30723381
57.30894310
57.33303499
57.35138784
57.35620179
57.37257853
57.39789316
57.44358903
57.45238929
57.47197540
57.52899196
57.53970640
57.59428939
57.59708054
57.61446727
57.61486881
57.67657709
57.75241625
57.81035926
57.83304619
57.84997042
57.86482384
57.89654767
57.91463377
57.92053480
57.92643959
57.95570214
57.96442751
58.08176397
58.10831327
58.11505014
58.13711605
58.14029826
58.14080390
58.15409527
58.18230647
58.18552844
58.22205471
58.23436721
58.24920023
58.25435343
58.27282520
58.48789834
58.52265028
58.57749842
58.57819261
58.63521663
58.65694533
58.67688757
58.76952965
58.82611673
58.88084993
58.89821656
58.91580037
58.92342294
58.94171615
58.94787823
59.05063127
59.09652461
59.11615259
59.20886970
59.33639512
59.36945259
59.37108385
59.37935607
59.39499324
59.43388175
59.48528649
59.49969751
59.52163044
59.52942398
59.56898642
59.58322509
59.58676519
59.60181956
59.62090074
59.65983619
59.71545625
59.72319352
59.73720457
59.79092529
59.81609385
59.93605494
59.98235372
59.99292583
60.02661409
60.06571051
60.06761483
60.08926732
60.17627401
60.17982933
60.21461389
60.21576667
60.23493963
60.36309755
60.37859306
60.44590398
60.44878919
60.45829895
60.50601729
60.57261873
60.57433451
60.60689638
60.62992510
60.64546538
60.65231369
60.65240683
60.69224263
60.73712148
60.75675857
60.79691067
60.83242548
60.88008168
60.92390169
60.92868291
60.93833201
60.94779253
60.95895653
60.98415339
60.98765327
61.02371947
61.03170518
61.03445927
61.06293980
61.09598046
61.14348269
61.19563773
61.22262186
61.27413843
61.30714907
61.33556205
61.34910482
61.38268143
61.42475585
61.49087034
61.50922345
61.51343907
61.51600145
61.54652269
61.58792530
61.59166808
61.59195060
61.60434581
61.61804538
61.73966743
61.79711393
61.80477372
61.83583720
61.84645560
61.87340691
61.87819611
61.88335704
61.90361368
61.98595967
124.00000000
