0.01564348
0.02604894
0.07533834
0.09752478
0.11264245
0.11266604
0.11811195
0.14426380
0.23534971
0.24796937
0.26060559
0.30909526
0.31162872
0.34710956
0.41813248
0.42731081
0.43980917
0.50779187
0.51126055
0.51712694
0.52782047
0.55242005
0.55553958
0.57263382
0.59350319
0.59502207
0.67295724
0.68461857
0.72748524
0.73568559
0.74157561
0.74721253
0.74897423
0.76915305
0.80722074
0.81898572
0.82391948
0.83189781
0.83687816
0.88308971
0.92191518
0.92552348
0.93543086
0.95096957
0.96030098
0.97779587
0.98789104
0.99569622
1.03480488
1.05544961
1.06895513
1.10849716
1.14147966
1.16256425
1.18030289
1.18634636
1.24069769
1.26905304
1.26939705
1.31529344
1.33537584
1.36826749
1.37171065
1.41310736
1.45590610
1.50124984
1.56427133
1.58136704
1.58600778
1.60766534
1.62489164
1.64115133
1.70726027
1.72372152
1.76422171
1.76675920
1.78179305
1.78732533
1.88772175
1.90151202
1.90610534
1.92458716
1.95522765
2.07055627
2.12849926
2.15152112
2.15810919
2.16813811
2.18067803
2.23232073
2.23574628
2.28896215
2.33301217
2.35326856
2.39569628
2.40654451
2.44150189
2.45274645
2.51736203
2.54174163
2.54789576
2.54809140
2.56790531
2.58955998
2.59717625
2.67343812
2.67458121
2.67750910
2.77440294
2.80347182
2.82871463
2.83593906
2.90988096
2.92042964
2.92289457
2.94711961
2.97956214
2.97984795
3.02570942
3.04253192
3.08315509
3.08600934
3.09964311
3.10293016
3.17818456
3.20087258
3.24638816
3.26381858
3.28850764
3.29812551
3.30343061
3.31736831
3.32401595
3.32536095
3.36165466
3.37292071
3.37997246
3.38281612
3.43354880
3.43828853
3.44407885
3.45392011
3.45576876
3.47272672
3.49377198
3.49589595
3.50319135
3.52118826
3.55833202
3.57969448
3.69906772
3.74723861
3.76711348
3.83556983
3.83942453
3.84062913
3.89462858
3.94224241
3.95275050
3.97236037
4.02763555
4.06645349
4.12894674
4.14095107
4.15024266
4.22335837
4.23120686
4.24035693
4.27812793
4.32150582
4.34052443
4.34720578
4.39342659
4.43102370
4.48594469
4.52121041
4.55672473
4.59360978
4.59783193
4.64684799
4.65496563
4.67669697
4.69869380
4.69935336
4.75163984
4.76523120
4.79158394
4.79770251
4.84960912
4.87550105
4.91441271
4.94363037
4.94561729
4.98424245
4.99093591
5.00335992
5.01735977
5.06537152
5.14230670
5.17718281
5.19770057
5.21277748
5.23673768
5.25543818
5.26236141
5.29467877
5.29659935
5.30091857
5.33286727
5.38851469
5.39265808
5.43439528
5.46630136
5.48308205
5.50625713
5.52195357
5.53664239
5.53880747
5.54142313
5.57082584
5.58132799
5.63618523
5.68706348
5.70740499
5.71067050
5.73879753
5.75861549
5.78665461
5.83773861
5.87886662
5.88552587
5.89177376
5.92192115
5.98352842
6.00999388
6.07240244
6.09670722
6.12032227
6.14983101
6.20337879
6.22535282
6.23530537
6.24048814
6.25865670
6.25873051
6.31548168
6.36966453
6.39433166
6.40788550
6.45165822
6.49115185
6.52413854
6.53352503
6.54386224
6.59087328
6.61208867
6.64040497
6.68548177
6.73559339
6.74680764
6.75721200
6.77654260
6.80309236
6.81962704
6.84610144
6.86073326
6.88626695
6.93754326
6.98659527
6.98914566
7.01150893
7.01353802
7.07742431
7.08066108
7.09915107
7.09968765
7.15164977
7.16887725
7.19165187
7.32646939
7.35550695
7.37455183
7.41286196
7.53952463
7.60115230
7.66879892
7.69465344
7.70994076
7.78845515
7.81118332
7.86413706
7.86515829
7.86793832
7.87872423
7.89987428
7.93385493
7.98262481
7.99665290
8.01280166
8.02768509
8.04936392
8.05232163
8.06129733
8.08097301
8.08150325
8.09412718
8.18027208
8.19191244
8.19279349
8.19908704
8.20630389
8.21817595
8.26540280
8.30363994
8.33072025
8.38499041
8.40472181
8.44163542
8.46703702
8.48103163
8.51440186
8.51661772
8.52254361
8.53779067
8.55606280
8.55773908
8.58866129
8.58950561
8.59783882
8.61463624
8.62219199
8.64732636
8.65533111
8.68667791
8.73098410
8.73659155
8.76921743
8.80564353
8.84301929
8.89175964
8.89816221
8.92043135
8.94019099
8.99005295
9.00007294
9.02376197
9.03195592
9.09130274
9.10908005
9.16768296
9.24774914
9.28814698
9.37837835
9.42564460
9.48008020
9.49413144
9.53956061
9.56798069
9.59565884
9.60464154
9.62773257
9.71627447
9.76475843
9.77142567
9.82686890
9.88378122
9.92694032
9.95886662
9.95928390
9.99211615
10.06524153
10.13460322
10.19938590
10.20667551
10.25064808
10.25528757
10.28513832
10.30181698
10.31229373
10.38732637
10.39569779
10.40809375
10.41324980
10.43923123
10.45694376
10.45713085
10.47786653
10.49785511
10.56418415
10.56780319
10.61831877
10.66991523
10.70234807
10.71585974
10.74333087
10.74373026
10.75124192
10.78949234
10.82556963
10.86905764
10.87719204
10.89263340
10.91332418
10.96488551
10.98038736
10.99697577
11.05011520
11.05436294
11.06029816
11.06881845
11.08685068
11.12955998
11.14687461
11.19514996
11.20075061
11.22849273
11.27155544
11.28520942
11.28880896
11.35133059
11.41588839
11.43658613
11.44256374
11.45286647
11.46396729
11.46444494
11.47383577
11.54172441
11.54555087
11.56092104
11.56426216
11.62167919
11.62235110
11.67118330
11.68986412
11.74788606
11.75382023
11.77172365
11.77227831
11.79446350
11.81156906
11.83049802
11.83214043
11.83519359
11.86587500
11.89797696
11.91970020
11.96840399
11.97908760
11.98882559
12.01887888
12.04127901
12.04778183
12.08296281
12.09600110
12.09657433
12.11091995
12.12523352
12.17041512
12.20570327
12.21729518
12.22181801
12.28787680
12.29978916
12.30127668
12.30796534
12.31653294
12.32099992
12.32135242
12.33085833
12.33221947
12.35626405
12.37144977
12.37800460
12.41834060
12.42832112
12.43164534
12.48850332
12.49938378
12.51388514
12.51511819
12.53913720
12.53968591
12.55097317
12.55362285
12.60890594
12.66716874
12.69571979
12.70829286
12.75222562
12.75979053
12.84158173
12.86299336
12.95167643
12.98457675
12.98722912
13.01113512
13.10148136
13.12345056
13.27423878
13.29967892
13.30187391
13.36585793
13.37414719
13.38503667
13.43290204
13.43459918
13.45142396
13.45976115
13.56909374
13.61147439
13.66489171
13.75112398
13.75723441
13.78627302
13.82102865
13.82968948
13.84141126
13.92187043
13.94191239
14.04185318
14.05081290
14.06626629
14.07967832
14.11317726
14.12454058
14.13892956
14.19533209
14.26263100
14.28329274
14.32054594
14.34458786
14.38621053
14.41183887
14.44104285
14.45112986
14.45927746
14.47197678
14.48033500
14.49781136
14.51800680
14.56742551
14.58308302
14.63948246
14.65464959
14.66732094
14.71145196
14.72784256
14.73023683
14.73330238
14.74306457
14.80135329
14.98541412
14.99531305
15.00209378
15.01048047
15.01403179
15.04167094
15.04799887
15.09593905
15.10515750
15.10652022
15.15764622
15.18889939
15.19922661
15.20528052
15.22916002
15.24576909
15.25867103
15.27286992
15.32162401
15.34820377
15.37032774
15.37063987
15.42207305
15.44805631
15.45112322
15.49182712
15.51112437
15.52715092
15.55011431
15.56283202
15.61422716
15.62818082
15.65402942
15.82976773
15.86627030
15.87368866
15.91453067
15.96467658
15.96804763
15.98135138
15.98162119
15.99351905
16.01560260
16.03245829
16.04725928
16.05473220
16.10545781
16.11499759
16.12079377
16.19235581
16.20201368
16.26134111
16.26263217
16.31270330
16.31661681
16.32210742
16.32411900
16.34520183
16.37931420
16.41174061
16.41606161
16.42623574
16.43548920
16.45167853
16.54744744
16.58454496
16.59365204
16.76075870
16.77540051
16.80218191
16.80486577
16.85257454
16.85929583
16.87956712
16.87966734
16.88988672
16.89582145
16.90435491
16.90840777
16.92027913
16.92886246
16.93851508
17.00260616
17.00287121
17.01006689
17.02769804
17.06102441
17.06750299
17.09140826
17.10223327
17.19481050
17.22362952
17.27651134
17.28043669
17.28110488
17.28535034
17.29603655
17.33239738
17.33398283
17.38253324
17.41786381
17.42022147
17.44529059
17.45875444
17.50372806
17.51362926
17.53944117
17.55237161
17.60968998
17.63185138
17.63280216
17.64294816
17.64434886
17.70113373
17.70329406
17.70935896
17.76939294
17.80971798
17.83740028
17.88381586
17.91275723
17.94376974
17.97417537
17.99328987
18.01445642
18.08096635
18.08993644
18.13855586
18.14200097
18.16272426
18.16453142
18.21101104
18.23441504
18.27038511
18.30897613
18.32493664
18.32751635
18.33476064
18.35196433
18.36440628
18.37831481
18.44054667
18.52930577
18.58612622
18.59327487
18.64618100
18.66634263
18.68547036
18.69580627
18.71827810
18.76597017
18.78107760
18.78286541
18.91977355
18.94954548
18.95243715
19.00141563
19.06115468
19.06155842
19.06484561
19.11297750
19.15807626
19.18489867
19.20469488
19.22017197
19.34781475
19.41599687
19.47988416
19.54192454
19.55001888
19.58029769
19.58153081
19.58715167
19.60305410
19.60712882
19.62369493
19.64571801
19.67108778
19.70387676
19.74355135
19.78011262
19.79263223
19.80735253
19.84038067
19.84352990
19.87024471
19.89671037
19.92834787
19.93361143
19.94828024
19.96440799
19.96756742
19.99813274
20.02635222
20.03026414
20.10167002
20.18218546
20.27458319
20.30208758
20.30918491
20.32945019
20.35714430
20.40029790
20.40653746
20.40842663
20.40848793
20.44079151
20.44630015
20.47056457
20.47960719
20.48610134
20.53991497
20.55513264
20.56050725
20.57721905
20.63452479
20.63740675
20.66072387
20.70567949
20.71555262
20.73183663
20.82471678
20.88227001
20.93190921
20.93463623
20.93987472
20.96346950
20.97741679
21.00319987
21.02028488
21.02484272
21.05624560
21.05934740
21.08824672
21.10311214
21.14327340
21.15902003
21.19984421
21.20603181
21.24960585
21.26827187
21.32619722
21.34946396
21.35945391
21.36030552
21.36442767
21.37650371
21.39638705
21.40173521
21.42700420
21.45752586
21.46138069
21.52521649
21.52821848
21.56675363
21.66997822
21.68368188
21.73792012
21.75065000
21.76899224
21.77765708
21.78982096
21.79467903
21.80021045
21.80865695
21.80915663
21.82256872
21.88781868
21.90810327
21.91172694
21.91599554
21.92769590
21.94377338
22.00644270
22.03183954
22.05335133
22.10364079
22.11423524
22.21635096
22.22374680
22.22564170
22.23144301
22.23652552
22.25080997
22.25207285
22.28153658
22.29473598
22.30271517
22.32328166
22.34013854
22.37416780
22.39416100
22.44897000
22.45797482
22.50635354
22.57564528
22.58091738
22.61984989
22.65091808
22.65294122
22.68392641
22.73248633
22.75014611
22.78878823
22.82169191
22.87973081
22.89777834
22.90255710
22.91645987
22.93305266
22.97370827
22.97727161
23.05595521
23.07115179
23.10176718
23.11688432
23.14504345
23.14847782
23.16961146
23.17441851
23.20583187
23.22985700
23.23332983
23.24561442
23.25011947
23.28862772
23.34669089
23.36360589
23.36631709
23.39064062
23.45099019
23.45400828
23.45457253
23.49847203
23.53541241
23.57085672
23.60127820
23.61874922
23.64285671
23.68707260
23.72913675
23.73316930
23.74539843
23.75248853
23.77899927
23.81785278
23.87347996
23.89447861
23.93301821
23.96319219
23.98714681
23.98788310
24.00356111
24.00971601
24.01094781
24.01277853
24.05728320
24.09775248
24.11750921
24.12123057
24.19494241
24.20774502
24.24169257
24.30235609
24.30348028
24.31314922
24.38509411
24.39995655
24.40571990
24.43157242
24.49150338
24.57698742
24.60350876
24.61990041
24.62710057
24.62972609
24.64906705
24.66477014
24.68170026
24.71625444
24.72363103
24.74251735
24.78955542
24.79423769
24.80735388
24.82038799
24.82732229
24.88788996
24.92172563
25.00190813
25.01946961
25.05109939
25.18702640
25.19900850
25.21675467
25.31032976
25.35279941
25.35740934
25.35778191
25.47150940
25.50659601
25.51304685
25.52615279
25.53612218
25.57330584
25.57756190
25.62872084
25.65089114
25.65361217
25.67823463
25.72370388
25.74592575
25.77385182
25.79852288
25.90505678
25.91350229
25.93522911
25.94589155
25.96142803
25.96383484
26.09110951
26.10842680
26.13911245
26.21856921
26.35077497
26.42252500
26.42742633
26.48762259
26.49193171
26.50173130
26.50370875
26.53097003
26.54844914
26.56469432
26.59603161
26.61321113
26.61964573
26.63168739
26.63802247
26.69861479
26.70483584
26.72615466
26.76996742
26.78025126
26.79661394
26.85157171
26.89246751
26.95404461
27.02606772
27.04402898
27.09946427
27.10305853
27.13431999
27.13793896
27.17406737
27.25269885
27.25999707
27.26396035
27.27371181
27.29419707
27.32574693
27.33454245
27.33873525
27.35244079
27.36079189
27.38723327
27.43936375
27.54538510
27.60593570
27.61990245
27.62062757
27.66285333
27.67461249
27.69801823
27.74571317
27.77029298
27.83676748
27.84569344
27.90511646
27.91802317
27.92445223
27.94487697
27.95446623
27.96146345
27.99334532
27.99662245
28.00478863
28.01622647
28.07495227
28.09819636
28.19549234
28.19776443
28.22463539
28.23146647
28.25835604
28.27999054
28.29588606
28.31369501
28.34578798
28.35939761
28.36277860
28.37813354
28.38577916
28.41988408
28.43055081
28.47217356
28.47591040
28.52666286
28.58591487
28.62727656
28.65809764
28.69816168
28.73752151
28.74060664
28.76369570
28.77834803
28.81466658
28.82014394
28.85080468
28.85522980
28.85947067
28.88826884
28.91344513
28.92233298
28.93951225
28.95555977
29.09986810
29.10691623
29.11893513
29.16198600
29.18456809
29.21878330
29.24661058
29.24798093
29.28583983
29.30405199
29.30477689
29.38352246
29.38406174
29.39022601
29.40140896
29.43336578
29.44637289
29.47764595
29.51099831
29.53499443
29.58530894
29.61104040
29.63855901
29.66424334
29.69094813
29.69447976
29.70321336
29.75561714
29.77905442
29.83519588
29.87925947
29.92370823
29.92844382
29.93031209
29.95216200
29.96501430
29.97599180
30.00947556
30.06961599
30.07936682
30.14454320
30.17917526
30.20072771
30.20565805
30.29237286
30.31983362
30.35339747
30.41420611
30.43454162
30.43842437
30.44589313
30.46380840
30.46494207
30.48354320
30.50267153
30.53955034
30.55492682
30.58003210
30.61173946
30.61566609
30.72274870
30.86403616
30.88796446
30.93654485
30.94454260
30.99283124
31.00356042
31.00798078
31.01558017
31.02318590
31.03030745
31.03685002
31.05223389
31.18492436
31.23971874
31.28714116
31.30642395
31.30657960
31.30824534
31.40834176
31.41025328
31.41176888
31.42222430
31.48659128
31.49607581
31.57651933
31.57816305
31.62702953
31.62809110
31.66258565
31.69089789
31.73362264
31.74248342
31.75420250
31.79596324
31.81398046
31.81700545
31.81808404
31.84269936
31.89680627
31.94433148
31.96314112
31.97691577
31.99267780
32.01489901
32.04637720
32.07254695
32.09120735
32.10022562
32.12009815
32.14646882
32.19250792
32.24107365
32.24700394
32.25513483
32.32656285
32.33589467
32.34332107
32.36708322
32.37856047
32.39338578
32.41973316
32.43266934
32.44323310
32.45048759
32.46738603
32.53021183
32.54716783
32.55142996
32.55382381
32.56055206
32.59717204
32.60676743
32.62985656
32.63686964
32.73237365
32.73930696
32.75121998
32.79273261
32.83792636
32.86572367
32.98987240
33.01228828
33.02113805
33.04869423
33.05227540
33.08179665
33.09981961
33.14835124
33.15920312
33.18313031
33.24528787
33.26017191
33.27256400
33.27687039
33.31771864
33.34689329
33.37069527
33.38078175
33.40046768
33.40414390
33.55265918
33.55268914
33.59155637
33.60437457
33.63191934
33.68615005
33.70202597
33.72232485
33.73341605
33.75952144
33.76359217
33.77230995
33.79449107
33.81156955
33.81560436
33.82311778
33.84300648
33.85762059
33.86234608
33.92181208
33.93167303
33.94196134
34.07738093
34.13304058
34.15156551
34.17450826
34.19199938
34.19917000
34.22083392
34.24864363
34.24971048
34.25662535
34.31328079
34.32243618
34.33298132
34.33956150
34.39559131
34.41232795
34.43516613
34.46672445
34.47950008
34.49011942
34.51506665
34.56470136
34.58233469
34.59431584
34.61417232
34.68870972
34.73584436
34.76813777
34.77167887
34.78142756
34.78411869
34.82794795
34.88462229
34.88586912
34.89091150
34.92804828
34.93269354
35.02283027
35.04861600
35.07741518
35.10812072
35.14523096
35.21713328
35.23326491
35.25506208
35.31025665
35.33912166
35.34458185
35.43479680
35.45354391
35.45582736
35.49031724
35.49097126
35.61570740
35.67182020
35.67595951
35.71674679
35.76711323
35.77119345
35.80387476
35.83743869
35.83775209
35.83914324
35.85093732
35.93183389
35.95549321
35.97544600
35.98840373
36.02244607
36.02888267
36.04420794
36.04463323
36.11717806
36.18184327
36.18546601
36.19923234
36.21744594
36.25819364
36.28207431
36.28400962
36.29435771
36.35982386
36.40090816
36.43091580
36.49176781
36.55096862
36.56814648
36.60689020
36.62005933
36.63290608
36.69485505
36.69557550
36.70158827
36.73714172
36.74843538
36.75807595
36.78583532
36.86205538
36.87035802
36.89922862
36.90749919
36.93602643
36.95152377
36.97164396
36.99275807
37.05865175
37.07039906
37.07905331
37.07998589
37.08233423
37.13380519
37.13450426
37.14325974
37.17018996
37.19614481
37.21827478
37.23454397
37.30402257
37.31580518
37.36760304
37.41788340
37.42790899
37.43207824
37.48771584
37.56907186
37.64232915
37.64783168
37.70285952
37.72376687
37.72899985
37.76476842
37.77694303
37.77914581
37.84560044
37.88040957
37.88419181
37.90545957
37.91362364
37.92449802
38.04020271
38.12215588
38.13361686
38.13523208
38.15496007
38.15875572
38.16437869
38.16833458
38.19573154
38.24241428
38.25037163
38.26018027
38.27157941
38.33206540
38.45071035
38.50095015
38.55558585
38.57254035
38.58135158
38.59348593
38.63242602
38.63992540
38.65811949
38.67924604
38.69601913
38.69714945
38.69916023
38.72575801
38.77297888
38.77679267
38.78486859
38.81709623
38.85151904
38.85452896
38.86298261
38.88015336
38.89338083
38.96145928
38.98644414
38.99770869
38.99828590
39.00361954
39.04024515
39.04286882
39.07746098
39.07967037
39.09064109
39.09116566
39.12406123
39.13483094
39.20931200
39.21696159
39.23952599
39.24698299
39.27022053
39.28184409
39.30711131
39.31939350
39.39098106
39.42318876
39.42779868
39.42875116
39.46904127
39.47068692
39.49405667
39.52009266
39.53454500
39.57130062
39.61212865
39.66112869
39.67899979
39.69012706
39.69138676
39.69624373
39.74272789
39.76391476
39.80680433
39.81213543
39.84177831
39.89624019
39.89882244
39.89991175
39.92807302
39.93297615
39.93694823
39.97439534
40.04347139
40.04905174
40.06231757
40.16448498
40.23042394
40.24697624
40.26847578
40.27489783
40.29779345
40.31009514
40.31509036
40.32815555
40.33390575
40.40451499
40.43884816
40.46100139
40.46517490
40.52673910
40.53826168
40.54114914
40.64884816
40.67654664
40.68315256
40.68469024
40.72872269
40.73216473
40.73622644
40.74834838
40.77824385
40.80000891
40.85511178
40.92218316
40.92826422
40.97026152
40.99122402
41.01242111
41.03536057
41.05734281
41.06698814
41.07239023
41.09692801
41.12446381
41.14397033
41.14828414
41.15408052
41.16136234
41.16834254
41.24481332
41.24775073
41.51448124
41.51845217
41.52240940
41.56107578
41.64594376
41.69018223
41.71502547
41.71884254
41.75661241
41.75895922
41.77312961
41.78439216
41.83136035
41.83733689
41.94691257
41.96019213
41.96515798
41.98434295
41.99806787
42.11297175
42.12182660
42.12525926
42.15033076
42.17255367
42.21449283
42.23147759
42.28412811
42.28536773
42.31629742
42.37170825
42.37762329
42.38748125
42.40184881
42.41168610
42.42410420
42.42417020
42.43717139
42.44745859
42.49208306
42.51476933
42.55394791
42.56667478
42.64870087
42.65532583
42.68695643
42.74291003
42.77930183
42.79100514
42.85483556
42.93669575
42.95877397
43.00062652
43.01145189
43.01204509
43.04826576
43.11443292
43.11533301
43.13192310
43.14814946
43.17259032
43.20066263
43.22461157
43.28376905
43.42915866
43.47264914
43.50775159
43.51563194
43.52945575
43.52998115
43.53392603
43.55956829
43.60428812
43.61779509
43.62230117
43.62754697
43.64766103
43.70490974
43.74381193
43.74856604
43.78615825
43.83425434
43.84572621
43.86703704
43.87297232
43.89334517
43.90099541
43.94009191
43.97089337
43.97385979
43.99919574
44.12078009
44.14276555
44.15258885
44.21045557
44.21253916
44.26993672
44.28724522
44.29043793
44.33584157
44.34909495
44.36693293
44.39160079
44.40927392
44.50694388
44.53088414
44.55314704
44.60777949
44.61910889
44.65438432
44.78243036
44.78413536
44.79733479
44.80849689
44.81891448
44.84343109
44.85486595
44.87716264
44.89181771
45.05203122
45.09028149
45.12181927
45.14013660
45.21995795
45.23314402
45.24428320
45.30538902
45.32496360
45.41472249
45.43043166
45.46975248
45.49716291
45.51239313
45.52557045
45.55869305
45.57583889
45.57813518
45.66674677
45.70627743
45.73417067
45.77083155
45.79026501
45.81886817
45.82002637
45.86138959
45.86503616
45.87686889
45.88691740
45.89915506
45.91811018
45.94166214
46.00086661
46.01998962
46.04555215
46.04929684
46.08318130
46.10441394
46.11230590
46.11373037
46.15316210
46.18363640
46.20177558
46.21880523
46.22994817
46.25970265
46.29679274
46.31541608
46.34849327
46.39834459
46.41084180
46.43209738
46.43427867
46.44040038
46.46261285
46.47092353
46.53536900
46.60444377
46.66414639
46.68069197
46.71475200
46.74818804
46.76467968
46.78091034
46.78304848
46.81173145
46.89411595
46.92433765
46.94441766
46.96277228
46.97122318
46.97739549
47.00104599
47.12132722
47.12144282
47.14291660
47.14605544
47.14788158
47.16469396
47.24059811
47.27499598
47.32160357
47.32697268
47.36587830
47.37954899
47.42074091
47.45458640
47.50514193
47.66523102
47.69172837
47.69243870
47.83037576
47.86315626
47.88535237
47.92284721
47.94979182
47.97537115
47.98645323
48.01670821
48.02771779
48.03077801
48.06288912
48.08641351
48.08881041
48.09666970
48.13154610
48.15732994
48.17636688
48.18106636
48.18655443
48.20945004
48.21269451
48.35519199
48.45182327
48.49182684
48.51594141
48.53061834
48.57582659
48.58318274
48.58858810
48.61340667
48.62859211
48.63466136
48.67697708
48.72340529
48.76134176
48.79907799
48.83015622
48.83904475
48.84891915
48.85362525
48.96030249
48.96684921
48.97776710
48.97951648
49.01690428
49.18040781
49.18284639
49.19468566
49.24207281
49.24387970
49.27619860
49.29301178
49.34777981
49.38820728
49.40692634
49.41012631
49.41521803
49.41670992
49.45821433
49.49071837
49.49243866
49.50806901
49.54402177
49.57817478
49.58169650
49.58732911
49.70061449
49.76474098
49.78195609
49.79468456
49.79646895
49.81609041
49.83679171
49.88793714
49.90050728
49.91087029
49.91652540
49.91934913
50.03245383
50.03908378
50.08528344
50.09099764
50.10542725
50.12966039
50.18513175
50.21787039
50.28452143
50.29939893
50.31725653
50.35813994
50.35852715
50.36138437
50.36920927
50.41585367
50.42914661
50.44424911
50.46142809
50.47295814
50.47771520
50.62210018
50.72423836
50.73497381
50.75716138
50.75931085
50.78026639
50.78478648
50.81126160
50.82977290
50.83457354
50.84226360
50.86030576
50.87147999
50.87632335
50.88145975
50.88436807
50.91792753
50.95948533
50.98456338
51.04762261
51.04954013
51.05039716
51.08958844
51.09146332
51.13057384
51.20015805
51.25181240
51.28112343
51.30876516
51.31427183
51.31434764
51.31666439
51.35791444
51.36862943
51.41220380
51.56472330
51.57460401
51.57601502
51.62048426
51.64536073
51.67919135
51.70507233
51.70639370
51.70703406
51.71576972
51.76707340
51.81851790
51.84183270
51.85326854
51.86285532
51.98940398
51.99279136
51.99423502
52.02419936
52.06110733
52.14018591
52.17277688
52.17382553
52.18726352
52.21464466
52.23270570
52.24537199
52.29253273
52.36298863
52.38049143
52.41691091
52.44986410
52.47253593
52.49629162
52.50350454
52.52275342
52.55168224
52.57039741
52.62631675
52.65609630
52.66798553
52.67265894
52.71190135
52.72422299
52.72515236
52.72664492
52.74807333
52.76454470
52.78356516
52.79469131
52.80868223
52.85510874
52.87457697
53.06343799
53.09662884
53.09820974
53.12011981
53.14505786
53.21658226
53.29911538
53.30042921
53.30845217
53.32762322
53.35450992
53.37050516
53.37371378
53.41138075
53.42092033
53.44217439
53.47303222
53.52404994
53.53762393
53.53939301
53.53958651
53.56138269
53.57725511
53.58052049
53.70072404
53.71070679
53.71617093
53.76160739
53.88016397
53.90525604
53.92041115
53.92977579
53.96317121
54.04822718
54.13051050
54.13992656
54.16293237
54.16696990
54.19345805
54.23151201
54.25582515
54.35764050
54.40980870
54.43248821
54.51295956
54.51464374
54.51836608
54.55344499
54.56534036
54.69980573
54.71694264
54.72679182
54.76098560
54.76870207
54.78121624
54.87442764
54.89333625
54.94178311
54.96497093
54.96763637
54.97417384
54.98665205
54.99902279
55.01174203
55.05936789
55.08148621
55.10212203
55.10360010
55.11213521
55.15044949
55.17205226
55.19796431
55.34519033
55.38042556
55.38314129
55.41625135
55.43949620
55.46665782
55.50242464
55.51060497
55.51939584
55.58070832
55.58807394
55.59983368
55.60837235
55.65768651
55.67022375
55.69636275
55.71089258
55.72708634
55.74527818
55.74673624
55.82057863
55.84571959
55.90380881
55.90882506
55.92753616
55.95994702
55.99103479
56.00220884
56.02828486
56.05370502
56.07699462
56.12934837
56.14615492
56.17669480
56.18101006
56.18111196
56.18741055
56.21858647
56.24057555
56.26010687
56.29387491
56.29803598
56.30695636
56.30714383
56.33020654
56.34425820
56.41814538
56.42449543
56.45823990
56.45976685
56.49035729
56.51836695
56.52771943
56.57381106
56.64584904
56.66351875
56.67022526
56.68161726
56.71284643
56.72410291
56.73566390
56.78560113
56.82180417
56.84937873
56.86030771
56.86216729
56.90540902
56.90639495
56.91340471
56.92036759
56.92888854
56.98318264
56.99981362
57.03062183
57.04812910
57.15394296
57.16859128
57.17480326
57.22538488
57.26538206
57.30137328
57.30785650
57.30910684
57.35582867
57.40376790
57.40407870
57.41037659
57.46009810
57.50268354
57.52125775
57.52375427
57.52990653
57.53093328
57.53638514
57.61917212
57.63813685
57.67858749
57.69426118
57.70478004
57.72927325
57.74323181
57.77596102
57.77760630
57.82673280
57.85642507
57.87238100
57.94590785
58.00220309
58.02014613
58.04374763
58.12738639
58.18745729
58.19838571
58.19966926
58.21406088
58.22015715
58.26341579
58.26605816
58.29840498
58.33703786
58.34449112
58.42529982
58.45916388
58.50946977
58.58245284
58.59287434
58.60468529
58.63234734
58.65187466
58.67972494
58.68300674
58.70563385
58.80979379
58.81069118
58.82037827
58.82292216
58.82438649
58.83775125
58.84325177
58.90092801
58.90116141
58.90201958
58.96285231
59.00077616
59.01427791
59.05218017
59.09951154
59.09992782
59.11192585
59.12541374
59.14391600
59.17516870
59.20886970
59.21827594
59.23002718
59.24078748
59.24929487
59.31502708
59.33610183
59.34850531
59.34958123
59.35412358
59.38581967
59.39152393
59.43307841
59.47263614
59.49560444
59.57626008
59.61669049
59.61848690
59.62803313
59.72751696
59.80131682
59.80566407
59.83371105
59.85636702
59.88610256
59.91175376
59.98448103
60.03899226
60.04620556
60.04661675
60.04670320
60.06315984
60.07224112
60.08643390
60.09294284
60.10217907
60.13581685
60.13609470
60.17600628
60.21576667
60.26141842
60.26475377
60.27365183
60.27821740
60.29388611
60.38393456
60.42258576
60.46898587
60.48422598
60.55182452
60.59487580
60.62577840
60.65912490
60.66310204
60.68755531
60.69077894
60.69430287
60.72381955
60.73347546
60.74290341
60.76643468
60.76678702
60.76972009
60.77535301
60.83726945
60.84418472
60.86311840
60.90878309
60.94484566
60.96072394
60.97206431
61.04917176
61.06293980
61.09284552
61.09486231
61.11022331
61.13195330
61.19361802
61.19563773
61.24066244
61.25451782
61.29815556
61.30887538
61.45288072
61.46207770
61.48909616
61.49026517
61.50077436
61.62205066
61.68261205
61.68866660
61.73655907
61.74177644
61.77695652
61.85442176
61.92359608
61.93878531
61.94436929
61.98701600
124.00000000
