0.03290709
0.08411013
0.09723481
0.14426380
0.14710962
0.15347713
0.16509408
0.19532211
0.20671415
0.35348666
0.39295574
0.41620407
0.44419032
0.44455422
0.44456542
0.46982938
0.52398858
0.60590724
0.61997730
0.62221790
0.63796079
0.64629820
0.69499061
0.74086845
0.77094570
0.77498070
0.81129394
0.85489223
0.98172746
1.07712698
1.08333266
1.11496294
1.13571672
1.14824214
1.16256425
1.17066801
1.18522172
1.20167183
1.20744202
1.21455640
1.23882675
1.26238684
1.28247727
1.45712121
1.49702419
1.51651322
1.52339282
1.53978289
1.54736307
1.55318456
1.56065822
1.59737008
1.61911598
1.62562688
1.63938358
1.70341016
1.70359960
1.72442484
1.74579638
1.76520806
1.81708734
1.82810552
1.85511560
1.92789795
1.93868311
1.94075528
1.95404479
2.00374129
2.04502965
2.05117630
2.09923470
2.11710873
2.12849926
2.13073459
2.15119700
2.18787114
2.19138236
2.22069991
2.29685169
2.30933150
2.34705827
2.37668061
2.40099075
2.40634616
2.43759199
2.43966529
2.47341961
2.51308488
2.51332308
2.54915777
2.55884116
2.56663571
2.64544104
2.64648704
2.64980423
2.65196699
2.66786562
2.68148872
2.77890672
2.79279311
2.85321638
2.88025832
2.88706883
2.90925754
2.90988096
2.97439205
2.98855889
3.00172538
3.07402506
3.21024324
3.22275136
3.24638816
3.26211451
3.27528358
3.28401723
3.29654755
3.36320226
3.37997246
3.38600047
3.40967057
3.41645256
3.43037658
3.47891420
3.48271339
3.51122832
3.54630985
3.54632629
3.55214942
3.59475216
3.60784164
3.61059589
3.62115708
3.65682245
3.66538866
3.71170888
3.71184349
3.73226064
3.79054243
3.80483170
3.83381470
3.84079847
3.84869079
3.88214486
3.92150371
3.94986731
3.95100551
3.96157321
3.97868224
3.97934989
3.98343855
3.99754539
4.03196346
4.12655370
4.17171066
4.19144946
4.25559220
4.37267589
4.39213546
4.42885419
4.43102370
4.47488622
4.48928481
4.52943541
4.52953432
4.56557247
4.63083904
4.64060239
4.66655553
4.66868625
4.68480658
4.69469355
4.76266094
4.79770251
4.79851427
4.81092190
4.81208986
4.88420340
4.93327058
4.97043856
4.98773858
5.00346225
5.00991250
5.05559392
5.05927652
5.06926992
5.07461630
5.13055793
5.13384488
5.20026910
5.28956899
5.31786701
5.37725225
5.38494806
5.38548428
5.39028286
5.39712987
5.42892919
5.47554229
5.47631046
5.48538028
5.52676194
5.54789547
5.56651083
5.60653006
5.63080329
5.64288465
5.65315665
5.73207649
5.73401343
5.73957899
5.78325048
5.79722131
5.81906818
5.82978718
5.87330450
5.88552587
5.90365888
5.93813417
5.94209432
6.01252473
6.01784973
6.03685858
6.04921744
6.07240244
6.09703295
6.11288706
6.11383185
6.22535282
6.30294004
6.38392450
6.43253973
6.46105667
6.47330271
6.48559543
6.48916268
6.50150646
6.50375862
6.52388777
6.52536561
6.55157487
6.58383477
6.60817300
6.61208867
6.63569475
6.68193491
6.68800808
6.73007834
6.74845745
6.79825202
6.84527095
6.85184679
6.87747956
6.88360699
6.95951590
6.97268446
7.01150893
7.03818047
7.05869543
7.06187650
7.06867219
7.09712577
7.14311593
7.14595609
7.14967941
7.16955374
7.19165187
7.21521369
7.22965339
7.24425451
7.28280974
7.32406006
7.35181685
7.36421327
7.39403233
7.43661507
7.44769289
7.45693678
7.46412897
7.49689666
7.50027507
7.57338057
7.58390796
7.59038066
7.64049732
7.66167600
7.72409208
7.81649949
7.82454822
7.82941800
7.83955220
7.86202255
7.88672746
7.89658283
7.90082157
7.92983053
7.96266059
8.01424807
8.02241341
8.05199711
8.06118043
8.08054910
8.10366536
8.11473909
8.13247391
8.16570234
8.17065190
8.18081816
8.21985222
8.29417455
8.32848574
8.35117970
8.40540929
8.41816108
8.42954441
8.43894718
8.45061549
8.47143261
8.47168848
8.49475372
8.49691310
8.51739406
8.53361402
8.54803590
8.58957412
8.59139559
8.67175282
8.71108841
8.73406425
8.74054024
8.76966855
8.85245817
8.86623781
8.86664343
8.90244102
8.90726937
8.90844782
8.92536841
8.92572302
8.96833836
9.03769615
9.07058968
9.08075090
9.10457276
9.19034460
9.21668415
9.23147472
9.30220379
9.32175232
9.36713399
9.38766914
9.39526524
9.51881154
9.52382215
9.52819373
9.53018926
9.53238523
9.54877380
9.57783113
9.60626915
9.61959255
9.66459869
9.66852958
9.68345912
9.71758611
9.75511088
9.77218311
9.85642573
9.90779148
9.94330094
10.02107396
10.03667372
10.05426496
10.07438257
10.12663500
10.14608079
10.23420961
10.25717392
10.25811588
10.26292985
10.29071306
10.31229373
10.36628729
10.38190967
10.38287066
10.38295945
10.46110213
10.51942686
10.55104969
10.55274877
10.62289854
10.63505194
10.64518525
10.70190803
10.70199581
10.72381342
10.73916726
10.75600065
10.78435097
10.80311141
10.80618773
10.81306543
10.82783505
10.95495872
10.96707242
11.00568852
11.04116151
11.06078845
11.07794297
11.08035994
11.10657172
11.16790575
11.20178418
11.24134762
11.26440476
11.28012997
11.34694429
11.38908693
11.42138658
11.50598058
11.51051759
11.53337950
11.55087689
11.56355119
11.57057069
11.57196042
11.57582527
11.58536722
11.58732120
11.60739320
11.62953402
11.64146195
11.66321102
11.70335063
11.71569596
11.74135210
11.74954238
11.76769294
11.79838082
11.86847807
11.96176404
11.96326514
11.96930764
11.97908760
11.97980571
12.03616178
12.04127901
12.05410368
12.06547320
12.13272802
12.15023269
12.27776156
12.33143689
12.44009091
12.47393093
12.51429293
12.52915518
12.54943126
12.60389752
12.65983198
12.69220986
12.76499104
12.76562114
12.77273557
12.79070996
12.82406092
12.88016860
12.88552767
12.92643082
12.92993829
12.93415656
12.93515254
13.00364560
13.03317018
13.04991742
13.07884461
13.08992018
13.10066235
13.14151641
13.21484312
13.22173761
13.22892634
13.27802815
13.28060390
13.33490345
13.34558848
13.34629951
13.37411835
13.39053779
13.39992230
13.42330066
13.43757841
13.47167866
13.48173640
13.49060556
13.52297750
13.54177609
13.61808398
13.62716994
13.64496291
13.64596055
13.71250031
13.77970563
13.79977785
13.81758643
13.86232190
13.88761886
13.88948865
13.91183962
13.93658947
13.96994946
14.00719311
14.06221453
14.06630084
14.10897536
14.11647965
14.11866403
14.12945600
14.13907071
14.14986265
14.15426309
14.15606113
14.15980410
14.19200117
14.23301911
14.26539023
14.27173089
14.27695322
14.30489855
14.31325959
14.36463452
14.38906505
14.40672733
14.44525177
14.46397906
14.65360156
14.66339588
14.75726880
14.83509766
14.84694945
14.85469857
14.85543311
14.87947873
14.88392893
14.88888162
14.90631184
14.93267923
14.96316597
15.00900779
15.02421408
15.04799887
15.05022996
15.05222694
15.10396746
15.11866180
15.17770910
15.19976588
15.22025690
15.23097846
15.29189211
15.30443637
15.44975903
15.54122950
15.54190780
15.54411595
15.57393071
15.59742141
15.59906953
15.62770986
15.62875689
15.62948707
15.69452172
15.71638176
15.73855461
15.75926483
15.79768016
15.83419738
15.85309765
15.86627030
15.90647975
15.94895185
15.95339844
15.96180865
15.96666564
16.03761585
16.06081853
16.08481075
16.08919642
16.10545781
16.19782251
16.22175449
16.23434543
16.24731183
16.24765871
16.28123342
16.30909674
16.32528202
16.34684749
16.42935976
16.42984755
16.48213830
16.49419120
16.50730624
16.57196900
16.61398525
16.61881954
16.61906843
16.65118654
16.65504996
16.67672068
16.74010254
16.78125145
16.81067327
16.83287015
16.87214452
17.00914145
17.02087330
17.02274004
17.05121433
17.15431069
17.18603168
17.19128693
17.20516564
17.20560156
17.21936553
17.22917186
17.24204204
17.24893994
17.26359720
17.34744397
17.35322631
17.38479936
17.39349803
17.40296095
17.43003244
17.44709215
17.45136202
17.48883232
17.49327975
17.49935894
17.50585778
17.51792826
17.53633174
17.59230660
17.61309650
17.62672008
17.64046571
17.68437262
17.68679125
17.70113373
17.75405646
17.79449182
17.79851507
17.84323470
17.84617974
17.91203716
17.92183093
17.96172023
17.96495671
18.02305940
18.03932157
18.04023634
18.07463239
18.08096635
18.08993644
18.12353217
18.12617766
18.17670478
18.18614332
18.21131313
18.29655833
18.30011275
18.30351544
18.31824486
18.32227412
18.35478617
18.35526327
18.36568796
18.37266800
18.39515039
18.42822219
18.51962553
18.52053867
18.52377210
18.55979530
18.57169353
18.57771367
18.59538750
18.63962993
18.67419081
18.69708720
18.70298623
18.72116061
18.74320210
18.77797355
18.77926847
18.78674399
18.80379496
18.81716914
18.87588579
18.89876627
18.93894970
18.93946128
18.96711391
18.96724005
19.06115468
19.06722842
19.07589242
19.09144457
19.10442154
19.20423926
19.23281634
19.24062823
19.28484520
19.34196225
19.39005773
19.47988416
19.53720392
19.55043533
19.59912427
19.60478784
19.61286884
19.67004908
19.78882922
19.78922761
19.79596072
19.80066156
19.83459101
19.83859073
19.87054488
19.89874555
19.90582027
19.93099686
19.93201370
19.94075343
19.97114113
19.98092140
19.98885021
19.99405087
20.01306538
20.06457701
20.06505116
20.09002498
20.10496675
20.16828069
20.17322221
20.18081813
20.19054509
20.21853275
20.22317462
20.23070878
20.24375903
20.36712829
20.36781158
20.42894927
20.44630015
20.50276874
20.51189549
20.51348560
20.51377946
20.60646410
20.61339249
20.74096464
20.84549820
20.84796299
20.84991306
20.87038897
20.89356243
20.89378018
20.91493351
20.92311944
20.93410346
20.95113433
20.98284413
20.98856952
21.03908364
21.04423906
21.07523271
21.08760462
21.13117991
21.15748157
21.18528290
21.23604415
21.25832225
21.27088352
21.29462598
21.31429763
21.36442767
21.36446057
21.37752205
21.42055088
21.42403217
21.44609173
21.47222809
21.48267524
21.52376783
21.52558819
21.52757306
21.56320596
21.56883551
21.60866721
21.62107606
21.62903750
21.68368188
21.69807730
21.70559585
21.70712930
21.70742331
21.71401383
21.72438724
21.76260675
21.80751499
21.81667484
21.83298152
21.83767322
21.84238934
21.86788846
21.87226168
21.91172694
21.91469001
21.92196221
21.93551223
21.94629169
21.97394673
21.97719793
21.98080289
21.98930386
22.00802943
22.08089838
22.08762736
22.09022223
22.12805265
22.16108197
22.17698583
22.22319885
22.23333942
22.23497479
22.25111339
22.25935428
22.26421516
22.26480433
22.29061455
22.32737740
22.34255212
22.36962588
22.39651210
22.46189509
22.51131304
22.54045369
22.55424286
22.57550062
22.60756029
22.61689952
22.62225270
22.68392641
22.69186474
22.78776904
22.84172624
22.87260958
22.88562309
22.89680480
22.98222605
23.01593400
23.09856488
23.15494780
23.15745281
23.17441851
23.22381967
23.24207627
23.24931786
23.27953902
23.28669190
23.32133723
23.33733840
23.34755151
23.36537526
23.37434636
23.37996692
23.38729505
23.38950032
23.40417643
23.46266263
23.47618534
23.50373662
23.50460051
23.50670023
23.57085672
23.63089914
23.65371278
23.65618210
23.67315811
23.72831486
23.74487477
23.75248853
23.77594342
23.77974967
23.82690205
23.87277456
23.87564049
23.87757020
23.88151494
23.89336969
23.93958527
23.98685834
23.98788310
23.99779383
24.02662293
24.02893351
24.09174627
24.09688193
24.11746909
24.12274288
24.14410687
24.16502618
24.17839713
24.19317163
24.19494241
24.19632152
24.23967846
24.29585271
24.32336045
24.34368657
24.39659780
24.40238396
24.42796634
24.51614219
24.55615557
24.57701162
24.58333495
24.66366970
24.69128288
24.71185398
24.72223271
24.75987962
24.79547530
24.79841590
24.83421225
24.83718967
24.86546121
24.94369425
24.96504274
25.01867747
25.03010255
25.05970794
25.10078268
25.10668505
25.13309091
25.15203846
25.17845688
25.20900129
25.24602402
25.26251658
25.29194739
25.37683362
25.44957227
25.45543728
25.49278912
25.51336109
25.51866202
25.52615279
25.54188004
25.56252303
25.56868653
25.59135577
25.60557187
25.61091739
25.69066971
25.70699790
25.70832133
25.71958551
25.73602920
25.79879660
25.80582552
25.81918002
25.84067200
25.87463416
25.87966278
25.89958152
25.91171523
25.91915218
25.93245951
25.94335938
25.99340798
26.01307589
26.02008942
26.02637010
26.04645599
26.04799193
26.06779149
26.08274334
26.10642018
26.11940404
26.17013089
26.18383445
26.18798863
26.24772217
26.32176575
26.41642980
26.43413275
26.44491174
26.45116906
26.45355584
26.47870483
26.47895694
26.48897890
26.49612669
26.51635701
26.53730391
26.56363424
26.57985791
26.61590071
26.62300937
26.64363147
26.65524568
26.66590416
26.66884857
26.67846371
26.68727665
26.70325626
26.71544119
26.72365813
26.74160956
26.84898343
26.86176968
26.88191569
26.90791555
26.91253466
26.93925242
26.94885523
26.95404461
27.02590630
27.08911790
27.09126530
27.09751104
27.12470771
27.17372887
27.23589780
27.25269885
27.28687923
27.28746564
27.30055770
27.33921529
27.35366533
27.35893732
27.39298787
27.39986529
27.41471397
27.46508464
27.46823479
27.47715443
27.52041625
27.53643270
27.57194053
27.59358643
27.60667193
27.63089315
27.65057350
27.66918175
27.73054270
27.74112917
27.74329422
27.79588067
27.81270345
27.83120593
27.84115041
27.86228870
27.87220647
27.87790764
27.92854753
27.95410987
27.97631448
27.98832267
27.99334532
28.00123547
28.05338201
28.05949832
28.09686357
28.11577411
28.18848318
28.19792178
28.20164445
28.20287559
28.20635686
28.22648939
28.24890620
28.25397980
28.26319542
28.30293842
28.32905655
28.33097785
28.33845964
28.34545202
28.34850327
28.37900822
28.43081658
28.44191455
28.44282315
28.47923487
28.52666286
28.52888378
28.56453421
28.60378944
28.61448624
28.61725933
28.63757867
28.63988138
28.64833345
28.65632543
28.67591536
28.71356103
28.73998060
28.80691261
28.80694140
28.81682063
28.81734660
28.82339714
28.85144606
28.85947067
28.87242634
28.92605943
28.96850090
29.02957250
29.03689056
29.06472318
29.06997496
29.11294953
29.12655313
29.17466350
29.19390735
29.21496538
29.22055917
29.26237243
29.27456577
29.29128794
29.29471027
29.30429755
29.33117373
29.33677268
29.34019317
29.35482746
29.42595410
29.42827036
29.43182912
29.43336578
29.44424311
29.47155876
29.51689105
29.54438764
29.56492602
29.57099811
29.61601442
29.62604584
29.63279580
29.66892758
29.67535383
29.74287057
29.76829051
29.82491800
29.83541503
29.84167455
29.92195433
29.92872369
29.93767226
29.94047887
29.95892312
29.96589286
29.97599180
29.98977584
29.99797167
30.00947556
30.01185658
30.05678836
30.06293780
30.06519531
30.07266103
30.11987613
30.14078667
30.14664179
30.16625654
30.17474127
30.19759347
30.20258959
30.20333278
30.27801496
30.28475456
30.35456905
30.36229336
30.38226754
30.42119392
30.43033320
30.47162386
30.50736265
30.51867107
30.52009671
30.52540999
30.54786737
30.56186305
30.58303041
30.64579522
30.68959582
30.70862287
30.73840813
30.75817192
30.79336140
30.82139596
30.82967197
30.85140280
30.88568016
30.89193797
30.96578869
30.98420594
31.01566847
31.01871680
31.02230637
31.05643891
31.05914891
31.09024360
31.09913796
31.10058604
31.11749778
31.11917124
31.13044030
31.17849138
31.23984580
31.25981942
31.28102032
31.30471661
31.30949212
31.36792179
31.37291751
31.38014993
31.40419172
31.43379817
31.48505869
31.52974483
31.53942592
31.56326380
31.59762249
31.60243349
31.64891667
31.65986678
31.69089789
31.72276940
31.72490205
31.75420250
31.76596158
31.76764682
31.79043201
31.80096111
31.81398046
31.81535727
31.82412042
31.84007172
31.84482059
31.84961904
31.91927510
31.98633662
32.04692016
32.10904741
32.11081115
32.19578824
32.24081289
32.24107365
32.26624812
32.27179328
32.35392877
32.45871843
32.46632972
32.47739489
32.48396536
32.50030818
32.53021183
32.54620931
32.58086122
32.59911907
32.65754811
32.66484503
32.67449738
32.67550343
32.75226388
32.75791802
32.77865536
32.78753786
32.78826785
32.79675818
32.80057940
32.81526590
32.81984458
32.84087455
32.85164956
32.87190391
32.87784343
33.02682730
33.09776162
33.10263396
33.15124282
33.16756728
33.18722324
33.21768920
33.29225443
33.37556272
33.42888988
33.49675301
33.50538506
33.56002991
33.61869379
33.62500407
33.62843662
33.63673858
33.66238375
33.75481426
33.75599723
33.76040090
33.79817861
33.82107084
33.83406637
33.86269358
33.86313513
33.90994254
33.93443956
33.96954214
33.97883628
33.98538268
34.00258014
34.01198665
34.03154866
34.04022796
34.05050670
34.10192884
34.16377121
34.16779110
34.23733308
34.25460695
34.26698822
34.28268213
34.28523624
34.33897029
34.34641935
34.36626160
34.37431365
34.44781122
34.47794350
34.49260405
34.50458257
34.54626417
34.59624746
34.62266355
34.64072575
34.66819529
34.74846833
34.78675364
34.84467934
34.85425902
34.86161377
34.88035262
34.92230909
34.93261972
34.93277905
35.01262237
35.05364412
35.05739763
35.10364112
35.10716156
35.11310077
35.12630012
35.13020720
35.15143107
35.17976151
35.22862017
35.27602524
35.29621373
35.33713538
35.33883416
35.34533173
35.34746740
35.36999877
35.38503531
35.39507062
35.39823806
35.40938446
35.42585091
35.43440255
35.44141203
35.44546828
35.45150364
35.46906650
35.49190482
35.49424052
35.52414309
35.54655388
35.54702886
35.57726398
35.58208253
35.58471194
35.59043029
35.59081960
35.60239719
35.61847190
35.66187353
35.68467801
35.69293513
35.75682146
35.76825627
35.77380279
35.78111678
35.79075899
35.79906946
35.80399316
35.84425544
35.84791441
35.85840481
35.86369638
35.89624166
35.94823264
35.95152088
35.96021452
35.96023493
35.98989503
36.01457938
36.11417195
36.14396506
36.18098031
36.19765345
36.24747576
36.29999334
36.30053079
36.40337840
36.44239589
36.47666545
36.48862240
36.52781962
36.54518185
36.57216593
36.60381425
36.64704424
36.68799102
36.68936127
36.73787346
36.73823677
36.86447079
36.89744806
36.91837179
36.96974171
36.97881385
36.97926467
36.99359193
37.00190740
37.05624234
37.24410801
37.27100166
37.30768326
37.32808378
37.32913915
37.34477973
37.35826380
37.39739640
37.40927313
37.42025183
37.52253055
37.55381600
37.55413875
37.55821328
37.56998570
37.60041943
37.61369443
37.62333601
37.63269465
37.63996614
37.64345301
37.67368449
37.68002436
37.72032692
37.72786545
37.79565254
37.79847888
37.80903877
37.85664980
37.85751012
37.88461529
37.89054652
37.89399209
37.91098172
37.96342563
38.00715554
38.02391101
38.04842067
38.07444458
38.08653233
38.10110034
38.11360566
38.12562481
38.14130116
38.14963091
38.17187374
38.21897078
38.24374472
38.25601434
38.27077136
38.28436630
38.29119378
38.32283204
38.35366429
38.35514509
38.37053107
38.42660223
38.42760013
38.44604062
38.57608088
38.59290573
38.61779848
38.61865360
38.61984365
38.63789564
38.67656526
38.67727490
38.81324400
38.88691886
38.91050042
39.04476120
39.04823682
39.05215218
39.07967037
39.09311668
39.13245623
39.13423005
39.16263638
39.16567812
39.21064361
39.32294031
39.34294048
39.34315648
39.41096786
39.41100600
39.44707106
39.44846250
39.45082317
39.45620694
39.48274053
39.51497710
39.52075028
39.54213455
39.60951881
39.61581807
39.64735987
39.71674902
39.79469717
39.83739153
39.83919398
39.84858065
39.90115680
39.91084518
39.94050826
39.99148843
40.01256685
40.01780952
40.02989180
40.04474941
40.04484313
40.04546756
40.10066936
40.12283818
40.12986293
40.16938827
40.20246330
40.22990374
40.23042394
40.25663124
40.26136894
40.27649893
40.29519611
40.32097817
40.34466043
40.40918219
40.45614109
40.49285742
40.49458677
40.51400638
40.56166533
40.56855095
40.59791743
40.60930799
40.73566060
40.76526996
40.76530062
40.76641590
40.77106057
40.77697878
40.78413470
40.78553117
40.87152526
40.87302235
40.89102946
40.90526637
40.92388716
40.94370124
40.96925721
41.01342422
41.03185129
41.05019483
41.05192205
41.08999267
41.12596866
41.18472245
41.22973823
41.25519754
41.25550714
41.32167339
41.34096700
41.38204382
41.40254134
41.40390382
41.41267363
41.44017135
41.51953170
41.52056346
41.54689735
41.59858647
41.64611538
41.69482892
41.71176204
41.74984718
41.76369648
41.86322280
41.88477506
41.91810137
41.93497444
41.99726386
42.06220906
42.12182660
42.13999016
42.15710693
42.22260317
42.22735852
42.26143621
42.32832507
42.32859479
42.34317894
42.35427720
42.40426142
42.42267804
42.50898568
42.51372541
42.53315494
42.53977413
42.59196612
42.68717542
42.70177103
42.70513217
42.72935301
42.73706793
42.75162474
42.86627536
42.87070188
42.87496328
42.89556939
42.92803227
42.94016028
42.94525465
42.96365548
42.97593267
43.00135286
43.02423631
43.04447110
43.05723458
43.06926260
43.13286747
43.13534143
43.17294094
43.27359226
43.27551452
43.27845754
43.31343087
43.41488751
43.43560075
43.47200468
43.49606200
43.50803520
43.51128193
43.55666687
43.58175429
43.63919224
43.65092551
43.68267501
43.69234516
43.69746987
43.70767508
43.72043485
43.76416282
43.78354770
43.78529781
43.78615825
43.79073727
43.81512666
43.85690113
43.87088038
43.88185726
43.92375533
43.94748454
43.95309651
43.97265760
44.00671347
44.00677645
44.01464049
44.06706780
44.07329952
44.12042669
44.15181149
44.16193951
44.17968611
44.19922394
44.22997995
44.31633910
44.34652637
44.34725251
44.36964289
44.37146115
44.38519030
44.42721749
44.49041380
44.49524667
44.49711854
44.49878169
44.53224520
44.62255250
44.65805816
44.72450190
44.73890811
44.75867279
44.77120500
44.84491152
44.87032486
44.87138174
44.87377488
44.89427708
44.91390434
45.02556807
45.05274593
45.06239775
45.09557875
45.12927758
45.13607452
45.16842511
45.17095374
45.21064379
45.21295990
45.30472406
45.32496360
45.34977599
45.39812906
45.41504696
45.41958223
45.52069119
45.62594891
45.71060153
45.71938347
45.75957576
45.76378862
45.83840187
45.90327965
45.91474512
45.92208074
45.95236086
45.95684236
45.97386223
46.00987256
46.11093625
46.13507352
46.14435244
46.16746884
46.19003851
46.22439997
46.23008272
46.23217383
46.23803351
46.23852577
46.29190250
46.29578506
46.33487665
46.35879001
46.36630533
46.37184198
46.40025241
46.41058497
46.44829862
46.44862645
46.46770625
46.48498283
46.48943865
46.50952417
46.51707336
46.52900548
46.55955335
46.56264457
46.58369131
46.59674362
46.63785460
46.64121851
46.65014691
46.66387070
46.66541307
46.66750042
46.68217869
46.70324762
46.76245065
46.77455628
46.87685894
46.89260694
46.89639450
46.95493135
46.96512855
47.00543288
47.01945683
47.02518304
47.03937784
47.08592803
47.10928116
47.16080047
47.17186431
47.18464497
47.21028054
47.26387933
47.30292445
47.30667972
47.37094515
47.37432129
47.39002510
47.40742623
47.42394017
47.46827750
47.49144142
47.50260230
47.52327618
47.53089027
47.53693240
47.55103996
47.56871451
47.60287713
47.62762488
47.66523102
47.67545249
47.68101877
47.75003647
47.76196613
47.77558117
47.78360381
47.78982545
47.79741986
47.81180797
47.81212659
47.83640649
47.85300512
47.85930448
47.86502702
47.92232964
47.94486973
47.97720712
47.98645138
47.98870540
48.03764286
48.07323917
48.08387898
48.08556986
48.10318507
48.10439839
48.16855274
48.20583314
48.23625452
48.24688873
48.26393151
48.28055590
48.28926476
48.31250672
48.35170576
48.37235728
48.40995647
48.41289693
48.42396396
48.45241428
48.48108321
48.50768497
48.57299600
48.67074292
48.67791631
48.68354248
48.70123699
48.71895327
48.73579875
48.80276719
48.84117925
48.84469751
48.88823005
48.89880437
48.92609590
48.92968946
48.93649198
48.97546425
48.97783914
48.99316880
49.08020647
49.08883530
49.09107698
49.10192009
49.11230175
49.18200535
49.18443961
49.24310168
49.25644087
49.32189548
49.36573707
49.43544669
49.50384136
49.53720147
49.55817245
49.61119562
49.66215000
49.66800948
49.68281975
49.80826199
49.85791244
49.88717762
49.89410075
49.95418768
50.00233328
50.04415933
50.05260330
50.07271371
50.11227645
50.11765456
50.11818321
50.13339401
50.14369362
50.15228788
50.17320098
50.27948266
50.32436468
50.32446388
50.37373292
50.39722640
50.40017972
50.40234006
50.44473732
50.47298959
50.48528325
50.49981492
50.54535835
50.60966282
50.62377103
50.65309345
50.66382275
50.72515121
50.72819201
50.74390177
50.80412731
50.83457354
50.90094934
50.91002316
50.98819750
50.99407420
51.00001355
51.00367820
51.00420612
51.05403571
51.19374861
51.19565120
51.20874035
51.23301295
51.24844509
51.26273804
51.26423079
51.28806262
51.30055311
51.31469196
51.32243385
51.32812451
51.33189704
51.36457871
51.36912836
51.39905279
51.49305375
51.49438307
51.49916031
51.51084352
51.53979218
51.55440352
51.59789361
51.59971777
51.61068556
51.65942663
51.66633913
51.69791730
51.73643294
51.74298509
51.76183500
51.77047898
51.77876108
51.81851790
51.83316002
51.85854928
51.86471717
51.87082480
51.91300489
51.91957872
51.92116892
52.00891702
52.04874950
52.05117766
52.05991716
52.06110733
52.06876716
52.08904659
52.10186760
52.11939533
52.15292515
52.17477268
52.20534778
52.21220473
52.26309695
52.28211379
52.29458586
52.30554865
52.30855657
52.31614677
52.32944812
52.33191279
52.33760725
52.38718394
52.38807367
52.41688563
52.42135550
52.48211801
52.50558118
52.52275342
52.53682758
52.56427420
52.57503514
52.61610299
52.63207457
52.76900066
52.76974512
52.77459603
52.78356516
52.81168781
52.89860047
52.89977218
52.91697773
52.92086072
53.01219693
53.01492483
53.05106965
53.05247322
53.15978841
53.17443104
53.22559094
53.22964260
53.23703606
53.29989917
53.30492577
53.30614586
53.32762322
53.33406769
53.34747676
53.36285376
53.39285026
53.45527644
53.45745876
53.49022749
53.52013893
53.53980888
53.55055786
53.55069370
53.55937001
53.56313673
53.63366119
53.64478069
53.67256582
53.69505467
53.73232476
53.77340080
53.81574563
53.85150434
53.87064546
53.91288451
53.92977579
53.95982077
53.97180876
53.97537376
54.00762929
54.02119986
54.06785210
54.07775195
54.07831903
54.13051050
54.16311972
54.19345805
54.19924861
54.21620423
54.21856152
54.23127315
54.24458316
54.31870128
54.33517180
54.34092723
54.39618322
54.42483186
54.50233198
54.52659959
54.55905227
54.59100364
54.59319899
54.65282381
54.69831399
54.71143911
54.71414432
54.75792654
54.75798612
54.79117503
54.79158960
54.89959036
54.91164774
54.94178311
54.94729932
54.96763637
54.97168019
55.00716959
55.00847560
55.07641059
55.10322164
55.11121311
55.16178377
55.17816775
55.18069531
55.19776958
55.23839154
55.23849123
55.27942730
55.28881220
55.28984845
55.29056232
55.38751831
55.39796401
55.46129860
55.52677490
55.53082015
55.54196236
55.56703707
55.60637860
55.63804386
55.64913438
55.66949956
55.67235133
55.68725826
55.69680967
55.69722902
55.69843410
55.74474016
55.74678179
55.83272352
55.89842770
55.90770882
55.96540834
55.98771885
56.01448921
56.02914380
56.05063874
56.09631925
56.10767442
56.11242229
56.12864646
56.17182584
56.20478384
56.24411205
56.24816119
56.25067996
56.27524376
56.28662707
56.29180423
56.36217535
56.38966163
56.40840742
56.52549188
56.54331926
56.55779793
56.59432348
56.62469966
56.69668431
56.69747451
56.70458096
56.71451546
56.74700631
56.80029962
56.81016574
56.86545739
56.90594723
56.90616333
56.91757876
56.93230605
56.95453467
56.96447134
56.99587821
56.99777625
57.06133503
57.06985319
57.10820538
57.13848650
57.16062317
57.20630661
57.26487296
57.28802902
57.29240897
57.34668747
57.39292603
57.40627446
57.40970877
57.45139107
57.52346279
57.52391326
57.53369327
57.54735828
57.56779986
57.58266637
57.61233292
57.68212446
57.70768182
57.79097311
57.79618751
57.82375378
57.82468941
57.85097924
57.85622900
57.91018483
57.95570214
58.04577660
58.06803901
58.07927768
58.10951907
58.12957761
58.14681269
58.14951075
58.17330863
58.19317239
58.20023450
58.20641634
58.21079553
58.21784652
58.21902137
58.28837298
58.30364036
58.31479090
58.34760238
58.35202344
58.36154512
58.39832662
58.40046130
58.40784139
58.42529982
58.46976242
58.56278110
58.56389943
58.57417905
58.57903678
58.61907965
58.62137096
58.63521663
58.63949395
58.69541162
58.70885783
58.71868516
58.72505326
58.76948641
58.79598838
58.79762274
58.87091278
58.91188135
58.95126033
58.99241576
59.00236235
59.03862569
59.04724666
59.05678182
59.07051120
59.07703282
59.08107917
59.09205345
59.10750915
59.10846765
59.14521784
59.15628792
59.17038607
59.20151941
59.21373581
59.21799793
59.23975076
59.24655113
59.31873249
59.35646009
59.36778545
59.36993537
59.37823472
59.41697977
59.44150964
59.45557470
59.46282633
59.48379115
59.50185764
59.52542861
59.55879878
59.58090029
59.61124579
59.77078126
59.78042548
59.82783094
59.83949049
59.89116608
60.00482745
60.05951882
60.10201626
60.11806452
60.12225870
60.13662086
60.14025734
60.14928543
60.16061238
60.18287193
60.19558273
60.23851639
60.25330778
60.26888698
60.27931089
60.30380138
60.31239419
60.33197457
60.34189165
60.35145220
60.37361009
60.38537608
60.45305110
60.60477522
60.61737770
60.67000208
60.69637486
60.70628299
60.73712148
60.74778877
60.76150700
60.81421194
60.81837280
60.88162730
60.88523255
60.93649079
60.96336911
60.96568523
60.97350316
60.98685311
61.04536941
61.05317487
61.10941769
61.11230481
61.11677482
61.13330041
61.14949677
61.16065988
61.16979049
61.18335027
61.19361802
61.19974558
61.20694291
61.21667215
61.25013344
61.30874319
61.34910482
61.37615253
61.39132849
61.41664807
61.45561570
61.47408846
61.47572324
61.49026517
61.51027466
61.51427313
61.51579153
61.52759568
61.54718763
61.56800703
61.57788464
61.66548139
61.73017634
61.78363532
61.79887337
61.82224453
61.83373788
61.87280945
61.87491684
61.87553867
61.89437443
61.91850004
61.94436929
62.00633253
62.02548450
124.00000000
