0.04027828
0.04821405
0.07083591
0.07896131
0.09493668
0.11879070
0.12526736
0.14960460
0.15363786
0.19532211
0.26285731
0.27784494
0.33724592
0.35645501
0.37031383
0.42731081
0.42897031
0.44079023
0.44955730
0.47662642
0.66640319
0.69894034
0.71174569
0.72151630
0.74709173
0.75027336
0.79146892
0.81720567
0.88545991
0.90626790
0.92785174
0.93846109
0.96936447
0.98693738
1.04621203
1.06895513
1.07668079
1.12707363
1.17561850
1.22256722
1.24901987
1.31679905
1.31792228
1.36826749
1.38217409
1.42231696
1.49223277
1.49481769
1.53085626
1.53877040
1.57298523
1.66551609
1.68391462
1.69838664
1.70214202
1.71551909
1.72226569
1.74579638
1.75748931
1.84518712
1.86648383
1.87926141
1.89122162
1.91700551
1.96704471
1.97029789
1.99649675
2.00312312
2.02301813
2.03179711
2.03861470
2.04769152
2.05423522
2.14521925
2.15754493
2.18320341
2.22115241
2.25020718
2.26761974
2.28966550
2.31668534
2.37002253
2.40099075
2.44971882
2.46577177
2.47459081
2.49404951
2.52550719
2.58011127
2.60027421
2.71010122
2.73691587
2.74316151
2.76062430
2.81603445
2.82856419
2.84885696
2.88549681
2.91987175
2.92495511
2.97803307
2.99685614
3.00029905
3.03834991
3.06742587
3.13253664
3.16546486
3.19050038
3.19711009
3.21509439
3.27650840
3.30685473
3.37997246
3.39142247
3.40332564
3.40967057
3.43448990
3.47718398
3.50600382
3.52253615
3.52604784
3.55888029
3.61103024
3.64915907
3.64927948
3.65111916
3.65123047
3.69697584
3.73722807
3.84943532
3.87575887
3.88610438
3.88935843
3.93337616
3.93616843
3.94069078
3.94552897
4.01522242
4.02011397
4.08707343
4.13757697
4.18537951
4.20904747
4.21493395
4.25454654
4.26669831
4.28572023
4.29316641
4.30409498
4.32393175
4.35767388
4.37267589
4.39342659
4.44522536
4.47257416
4.52222078
4.54737729
4.58354165
4.59271597
4.61309716
4.66510566
4.68887046
4.69248387
4.73420176
4.76717676
4.79447250
4.79851427
4.83759556
4.84870984
4.87799782
4.91274980
4.94682817
4.96818372
4.98585550
4.99949903
5.01735977
5.03252602
5.04556136
5.08249339
5.10786280
5.12113185
5.16505981
5.18078127
5.20684210
5.24677727
5.29746265
5.30083400
5.31788473
5.33672893
5.44296381
5.44711635
5.46386718
5.48308205
5.52676194
5.53427850
5.53691129
5.55039708
5.64105565
5.79753241
5.92426005
5.95163563
5.97144485
6.03565877
6.04029406
6.06282340
6.07165871
6.07455503
6.07498226
6.10333177
6.11269617
6.12731473
6.14398919
6.29435208
6.32359892
6.32620938
6.39246370
6.39433166
6.41372720
6.42178951
6.42902969
6.47330271
6.48665373
6.49512795
6.55157487
6.56965856
6.58492541
6.60673488
6.60884126
6.62050867
6.71531893
6.76358867
6.77654260
6.78153278
6.83537057
6.86738268
6.86960676
6.88078871
6.88360699
6.90792965
6.91350794
6.92900594
6.93802470
7.04392723
7.05320805
7.08207707
7.21406341
7.22818692
7.22965339
7.25717642
7.26773446
7.29133939
7.30487567
7.30714523
7.33761719
7.34903417
7.38924620
7.39044046
7.39604664
7.42036323
7.53910637
7.68840978
7.72219963
7.72252166
7.72409208
7.72501506
7.73762869
7.76614279
7.77107623
7.77574098
7.81649949
7.82820545
7.84209083
7.88045849
7.90406521
7.94468765
7.95299851
7.97325098
7.98263313
7.99665290
8.04750407
8.07592635
8.08097301
8.10366536
8.12098073
8.15160347
8.16543358
8.19349513
8.24580899
8.29217341
8.41682007
8.50152732
8.54938817
8.55322433
8.58620478
8.59830149
8.61575354
8.64163447
8.69536482
8.70103645
8.72620406
8.74486406
8.75539009
8.76292844
8.77313734
8.88436813
8.89285034
8.94791376
8.95622916
8.97061167
8.97629545
8.98387355
9.03195592
9.03765421
9.06592161
9.07627930
9.16346956
9.19498002
9.24918675
9.28985329
9.29364229
9.31294181
9.38190814
9.42702085
9.44720442
9.48008020
9.53018926
9.53377903
9.56083822
9.57061651
9.58253365
9.58694262
9.58835887
9.62230618
9.62573533
9.64565127
9.74843557
9.75412148
9.75585031
9.85002264
9.85313628
9.87141305
9.92079302
9.96379258
9.97116248
9.97158377
10.01767911
10.03239089
10.09014700
10.12451160
10.15311895
10.18215335
10.19223604
10.20452423
10.20667551
10.22298116
10.23799376
10.26146454
10.28305601
10.33155180
10.40139117
10.46942246
10.50385500
10.55111779
10.56902785
10.58442492
10.63329313
10.66362779
10.67856371
10.69757788
10.74940171
10.78664904
10.80311141
10.81455051
10.81985915
10.85893147
10.86223104
10.91304910
10.91332418
10.92141848
10.92859034
10.99532955
10.99671759
11.00930381
11.08072090
11.18601714
11.18788104
11.20332131
11.20552163
11.25584080
11.26785710
11.29671765
11.29926087
11.31945052
11.35819794
11.39352565
11.40333244
11.41290876
11.52907485
11.55867499
11.56426216
11.57576242
11.57996114
11.58701524
11.62167919
11.64695682
11.66439407
11.66879685
11.67719126
11.70335063
11.75953534
11.77111255
11.77172365
11.77466468
11.79081935
11.79557948
11.89825963
11.94014129
11.96221282
12.02247420
12.08333075
12.09657433
12.18735481
12.18877847
12.19976074
12.22700902
12.24137371
12.28080681
12.31960275
12.32099992
12.32765230
12.38568397
12.39960537
12.46179756
12.50359391
12.52014240
12.52718473
12.53546490
12.54219802
12.55105610
12.62437415
12.64827529
12.65273169
12.67080555
12.69223907
12.70908853
12.77773016
12.77775732
12.78357006
12.79876918
12.82043743
12.82092412
12.85403640
12.88042709
12.88552767
13.00983290
13.03333147
13.06448131
13.08018404
13.08606487
13.14777489
13.17306749
13.17684164
13.18868413
13.20079666
13.20443390
13.20607810
13.21777608
13.22730281
13.23692744
13.24798499
13.26873001
13.28290411
13.32521966
13.32903694
13.34377310
13.34893123
13.35105460
13.38503667
13.48049334
13.54697833
13.59538944
13.59790595
13.60567381
13.61409190
13.62154981
13.63741169
13.64128554
13.69172347
13.72614318
13.74251436
13.84307140
13.86253433
13.89078234
14.00719311
14.05606188
14.05978198
14.06682927
14.08776675
14.11277764
14.13045938
14.21139069
14.22914040
14.26657032
14.29606533
14.30302297
14.30378106
14.38239694
14.40186556
14.47542077
14.62742612
14.63052117
14.63216037
14.64472864
14.64638570
14.66245738
14.79616129
14.96000962
15.00118033
15.00977602
15.02002634
15.04167094
15.07048361
15.07802441
15.08230772
15.08423540
15.08531941
15.10921999
15.10986653
15.13617041
15.15992325
15.21567548
15.24805559
15.26566769
15.27246883
15.38785308
15.40216960
15.42635445
15.42929252
15.43284167
15.51122045
15.57053726
15.58816494
15.60245334
15.62770986
15.62818082
15.66153378
15.68145881
15.70895955
15.72040653
15.75092669
15.75305857
15.79437841
15.79662601
15.82271906
15.89491339
15.89921693
15.89923752
15.92655911
15.94999927
15.95044684
15.95811017
15.96993582
15.97351904
16.03245829
16.12484185
16.12970124
16.14380714
16.17893102
16.24980460
16.26031270
16.26636166
16.26914862
16.27412610
16.30715367
16.34652749
16.37428816
16.37931420
16.40574399
16.41356225
16.44220078
16.50192754
16.54425919
16.56138637
16.56326953
16.60055255
16.61148771
16.63317005
16.65427278
16.67114233
16.68122341
16.69146257
16.70870210
16.72697690
16.76277176
16.77337277
16.83448806
16.83933100
16.85541116
16.91032198
16.93304146
16.93989446
16.94374662
16.96520331
16.97182918
16.98048429
16.98050454
16.98197180
17.01933619
17.02769804
17.05041368
17.07178080
17.08678447
17.11474810
17.12802927
17.14545569
17.18397558
17.18769586
17.19908676
17.21570772
17.29203707
17.30622385
17.34375621
17.35032532
17.35635449
17.37244925
17.37594016
17.37956289
17.37978594
17.42027746
17.42160010
17.54867395
17.56837555
17.57349588
17.65131677
17.66079808
17.70935896
17.76881789
17.80314162
17.80365197
17.81136123
17.83864017
17.91843302
17.93345233
17.98517411
17.98560130
17.98583557
18.02573806
18.10685976
18.12617766
18.14200097
18.16453142
18.19639491
18.22542660
18.23367179
18.25388855
18.25641464
18.30313554
18.36231704
18.39355044
18.42671282
18.42833872
18.50819232
18.51532549
18.51962553
18.54542841
18.57643834
18.59437090
18.59851583
18.60504518
18.60940360
18.61556708
18.64490847
18.73484075
18.76021095
18.85004557
18.87768209
18.88806570
18.94740012
18.97998412
18.99006542
19.02346677
19.03300734
19.04012516
19.04412799
19.07271133
19.13061530
19.19999177
19.21211401
19.22920423
19.27128526
19.29542905
19.29704498
19.30216834
19.35899373
19.37549488
19.38490722
19.39687213
19.40959520
19.41478198
19.42075004
19.44726655
19.48586922
19.48655087
19.53101361
19.53121401
19.54450653
19.54456914
19.54789812
19.56571415
19.58314301
19.59891112
19.63980950
19.66267700
19.69547332
19.70948696
19.74473120
19.74649130
19.76494139
19.77996831
19.80111593
19.80754736
19.82119781
19.84186291
19.84613832
19.85126971
19.86019744
19.86448778
19.93014640
19.98467039
19.99405087
20.00203651
20.04843456
20.09002498
20.10902449
20.11527836
20.14509799
20.18884588
20.20180914
20.21738013
20.22691827
20.26197917
20.26377450
20.27033170
20.27881956
20.30208758
20.33216820
20.33513032
20.35368263
20.36717660
20.39121552
20.42395098
20.44052783
20.44220034
20.47675157
20.49537977
20.50129231
20.50315526
20.51296384
20.54475916
20.59887444
20.64810279
20.65610812
20.65984706
20.74079941
20.76252937
20.76524209
20.78757082
20.84730436
20.85037782
20.85220581
20.85376388
20.86183091
20.90496604
20.91534153
20.93441026
21.01549098
21.02744067
21.03104118
21.05866371
21.06789091
21.11809237
21.14327340
21.14782906
21.24833863
21.25623607
21.26424360
21.28290044
21.29548328
21.29752598
21.33068267
21.35048795
21.36030552
21.36691119
21.40970325
21.43763685
21.45491305
21.46560805
21.49591194
21.53395817
21.55106989
21.68418617
21.68878939
21.70454235
21.76260675
21.80915663
21.82041163
21.82524110
21.83244288
21.83450675
21.84255369
21.86394615
21.96895824
21.97001697
22.04841812
22.05198888
22.06495545
22.07290316
22.07383020
22.11192438
22.11464261
22.14428305
22.15150572
22.15467331
22.23497479
22.23707522
22.25415569
22.32597380
22.32638729
22.36631305
22.36832783
22.39416100
22.44073317
22.44382121
22.53989437
22.55462849
22.55652849
22.58011396
22.60561364
22.61689952
22.63971128
22.68392641
22.70743141
22.70831186
22.71691511
22.76716296
22.78010695
22.81141412
22.84734547
22.87885648
22.87935087
22.88425683
22.90229843
22.98222605
23.01520589
23.04694378
23.06416821
23.06633980
23.09766172
23.15757192
23.18991008
23.19162294
23.21822189
23.22027378
23.22795217
23.22998581
23.24122203
23.26593983
23.28246453
23.36878240
23.39064062
23.41292319
23.41352602
23.42013742
23.44714338
23.47521474
23.51585546
23.54508860
23.61583072
23.65290398
23.68142778
23.74288974
23.82571184
23.87385663
23.87492129
23.94136498
23.94529461
23.95522861
24.01012349
24.07127884
24.08295539
24.11135731
24.11239116
24.12123035
24.13453680
24.17748355
24.18691524
24.21494955
24.23765140
24.24169257
24.31885611
24.34587212
24.34983838
24.38932972
24.42168724
24.42693598
24.44359898
24.47392212
24.52178155
24.53454145
24.55855958
24.58093418
24.58333495
24.58504936
24.59416890
24.62501982
24.65766711
24.67178941
24.68247187
24.71216836
24.71994324
24.74221107
24.74553026
24.75318139
24.80825155
24.81340507
24.82789757
24.86136926
24.87312549
24.90037638
24.94817599
24.99730080
25.02005338
25.10354754
25.14408485
25.15681844
25.16116681
25.18299464
25.21509521
25.25689012
25.32974215
25.38881060
25.43564130
25.50279761
25.57312702
25.58307039
25.62157876
25.62345214
25.63131344
25.63907878
25.66579104
25.75757911
25.77440507
25.82456255
25.82793656
25.83461030
25.84222098
25.84404564
25.89548763
25.92099395
25.92271248
25.95541109
26.02494567
26.04645599
26.05309519
26.09480859
26.10176846
26.10194964
26.12525355
26.17245261
26.18539646
26.20258639
26.28532920
26.32109179
26.36059989
26.37700340
26.41138462
26.44138520
26.52621559
26.55811608
26.58490400
26.59122960
26.61590071
26.61612385
26.62521778
26.63929466
26.64363147
26.73509092
26.74212346
26.74318373
26.75985690
26.77301874
26.88293186
26.91323775
26.92697628
26.95008911
26.95520944
26.98634507
27.00228035
27.01178599
27.01824060
27.05392273
27.07368377
27.07552919
27.07764810
27.08597981
27.09629678
27.11529807
27.16749644
27.16968700
27.20449193
27.24386581
27.25020020
27.28970363
27.29315934
27.33529139
27.35801388
27.38159900
27.39298787
27.46508464
27.50088974
27.50893246
27.51002518
27.57318058
27.57493855
27.58284679
27.61212166
27.64463351
27.66346539
27.72863509
27.81035085
27.84331680
27.86169697
27.87167467
28.04024978
28.05917899
28.14766355
28.17005886
28.17844271
28.18107938
28.21219384
28.21229701
28.21305134
28.22648939
28.22863221
28.33642817
28.37368612
28.38421983
28.39572081
28.41594938
28.46697540
28.55017667
28.58849066
28.61121559
28.67749655
28.75661912
28.76127017
28.78649366
28.78675062
28.80691261
28.86482472
28.87935392
28.90082761
28.93426240
28.95749680
29.02536959
29.04045274
29.05423696
29.06036449
29.11893513
29.13626791
29.15805040
29.20487019
29.21087984
29.22982660
29.26990915
29.28141887
29.31724894
29.32161874
29.32608342
29.39025487
29.40861147
29.41723068
29.43679728
29.45445282
29.47011090
29.48298591
29.48957683
29.49535866
29.50137739
29.56925170
29.63837959
29.64897909
29.66424334
29.67266145
29.70028784
29.71904025
29.73451583
29.74127553
29.80604368
29.85759828
29.86812342
29.90769244
29.97282594
29.98977584
30.05542161
30.08132389
30.21416300
30.22369912
30.24918387
30.26143620
30.27825026
30.29793096
30.30827896
30.35389419
30.35546783
30.38276358
30.40022378
30.42799323
30.44788207
30.45887296
30.48410172
30.53766997
30.60677666
30.61832569
30.64588964
30.64943253
30.76432607
30.79512798
30.80698772
30.86154859
30.92255580
31.11409011
31.13559408
31.16521240
31.20786273
31.20824306
31.23220098
31.26201873
31.28022192
31.28102032
31.29021244
31.29966366
31.30662046
31.31528980
31.35185887
31.35854457
31.37281708
31.38667049
31.40276513
31.41176888
31.42038627
31.46118821
31.49591630
31.49866788
31.53658220
31.57651933
31.58640744
31.60370836
31.60979423
31.61364840
31.66122484
31.66344025
31.70175634
31.70844571
31.73755986
31.75345145
31.76030004
31.76757767
31.91927510
31.92359816
31.96314112
31.96906938
32.02918132
32.04673188
32.05637824
32.07788144
32.12207796
32.13017156
32.15360924
32.15656646
32.19250792
32.24894221
32.27055326
32.29479728
32.31786468
32.35919356
32.40673997
32.42037295
32.46499567
32.47393223
32.48361805
32.50582876
32.50993414
32.53474133
32.55137332
32.55163094
32.56120064
32.56407310
32.57166765
32.59577529
32.60305132
32.60387710
32.62232056
32.64005500
32.68669525
32.69286758
32.70446251
32.71835780
32.72254725
32.75745957
32.78792651
32.79578333
32.85339860
32.86686237
32.87784343
32.89329526
32.92901711
32.94085193
32.98151031
32.99011711
33.00574639
33.07212719
33.09026476
33.20278070
33.20757233
33.23963495
33.28026476
33.31956213
33.33933638
33.34949068
33.38895552
33.45006652
33.45372173
33.47775201
33.47863445
33.53379630
33.58803561
33.59352417
33.59841428
33.62977073
33.64562530
33.65081143
33.65731603
33.67384094
33.68680787
33.72949632
33.73042377
33.73598993
33.74294269
33.84300648
33.85108461
33.88982334
33.92518837
33.92747341
33.92866769
33.94292880
33.96292711
33.98678877
34.01847110
34.04796877
34.06306973
34.12903956
34.16810178
34.18019255
34.23733308
34.23961455
34.24892457
34.25765576
34.27672135
34.28219557
34.37434386
34.39041029
34.40326439
34.45902307
34.46494581
34.47011732
34.47110752
34.51090623
34.52132346
34.53428679
34.56032424
34.61321995
34.66143585
34.66877383
34.68635882
34.70736406
34.70896766
34.73038923
34.76660637
34.80621731
34.81809470
34.83760736
34.86773087
34.88197968
34.88586912
34.90146944
34.91319863
34.91350029
34.91705293
34.95928535
34.98887246
35.04645564
35.05805735
35.06553780
35.10344763
35.10946944
35.13442438
35.13962110
35.20403144
35.20700716
35.26358791
35.31025665
35.33822148
35.34176642
35.35174103
35.36885746
35.36999877
35.43462741
35.44078294
35.49190482
35.50325633
35.52414309
35.52783473
35.53747479
35.54571169
35.54638200
35.54984332
35.58073202
35.58659774
35.60587587
35.71762672
35.71933142
35.72863185
35.77227901
35.83726906
35.85470231
35.86732494
35.89871180
35.91428969
35.92590809
35.97480093
35.98259231
35.98640635
35.98840373
36.02356867
36.06000000
36.07151881
36.08790278
36.09026072
36.09146458
36.11866239
36.16084500
36.18844346
36.19519524
36.20906757
36.24879404
36.27623959
36.29193899
36.31883874
36.35179832
36.35536054
36.38485749
36.39319833
36.41329311
36.49176781
36.50191864
36.54774906
36.55441304
36.57677236
36.59286155
36.65398088
36.68936127
36.70260192
36.70546854
36.73613033
36.75807595
36.77178646
36.77766123
36.80589433
36.84675529
36.86649381
36.87517898
36.87564194
36.87869788
36.91482731
36.92436706
36.92634810
36.92677622
36.92752337
36.94504618
36.97503000
36.98341344
37.07281171
37.07905331
37.08797605
37.08912199
37.09440019
37.09627076
37.13253097
37.17692127
37.23547283
37.23614927
37.24438032
37.24701972
37.27835541
37.31205124
37.33192615
37.35118813
37.35238161
37.38141553
37.44456752
37.44733350
37.45537742
37.46740166
37.48456521
37.50061233
37.53046323
37.53704740
37.57405131
37.59046720
37.62615482
37.69904934
37.72826085
37.78455024
37.80232392
37.80323993
37.89054652
37.98658941
38.02908794
38.06508194
38.09685808
38.10499851
38.15984337
38.17861240
38.20888364
38.23375164
38.24802207
38.27084775
38.29252143
38.29489266
38.33697330
38.34227359
38.35373094
38.38107566
38.41666723
38.44349643
38.46299966
38.46389532
38.49246833
38.52923844
38.54124813
38.60808730
38.69112188
38.69416406
38.70736324
38.71995389
38.82726256
38.83642158
38.84441464
38.85481235
38.92258674
38.92278354
38.95547143
38.97730920
38.99936346
39.04286882
39.04436656
39.09097222
39.09318886
39.09742516
39.09797686
39.10325703
39.11773387
39.16263638
39.16920954
39.21137135
39.21950341
39.30539441
39.34294048
39.35477004
39.41599851
39.47987846
39.49405667
39.55686443
39.57666526
39.58174999
39.59770431
39.61212865
39.63394909
39.64560804
39.73720002
39.74070411
39.76753538
39.82806864
39.83869429
39.86341927
39.87402257
39.88234045
39.93828384
39.93984915
39.94226106
39.97986260
39.99937744
40.01849646
40.02430610
40.10406953
40.10717745
40.20246330
40.22812912
40.25148520
40.27046376
40.28393573
40.30657222
40.32097817
40.32348170
40.32784605
40.34055291
40.38018197
40.40960506
40.41419137
40.43890720
40.45884255
40.47675241
40.48395697
40.52835066
40.55751986
40.56521938
40.61057765
40.63650520
40.64446883
40.72826904
40.73130880
40.82068954
40.83645189
40.85311041
40.94166810
41.01017326
41.01322276
41.05519413
41.07110542
41.07239023
41.08164716
41.09496531
41.09968463
41.10561359
41.14872443
41.29026703
41.29947985
41.34848407
41.42448691
41.43310227
41.46915061
41.54377416
41.55844135
41.56011213
41.59111382
41.63572178
41.64594376
41.66730596
41.69971218
41.72029464
41.72295243
41.73167601
41.73984503
41.76668756
41.76913190
41.78212258
41.86322280
41.90089723
41.91410999
41.95530562
41.96528514
42.01909533
42.02563354
42.06644423
42.07509165
42.12684425
42.13648283
42.14534098
42.14778067
42.18960930
42.28091638
42.30600310
42.30718822
42.31554607
42.37806973
42.40547297
42.45470179
42.48864295
42.51995727
42.54148852
42.59841640
42.61957936
42.64591273
42.65773848
42.74113433
42.79840490
42.80225599
42.81561955
42.84224999
42.85662712
42.88831916
42.89845683
42.91732574
42.93669575
42.96365548
42.97207185
42.98261288
43.04537024
43.07922987
43.10781001
43.12721453
43.14324708
43.17665276
43.17765377
43.21217180
43.22215824
43.32657375
43.33856204
43.35469386
43.47578636
43.47592417
43.58085640
43.64522550
43.69120489
43.69459094
43.76022386
43.78590767
43.83070985
43.83749691
43.84167355
43.85880860
43.87631980
43.87869253
43.89214028
43.91556927
43.92125268
43.93354690
43.95172083
44.04342762
44.04645192
44.05301093
44.07657467
44.16692528
44.18919398
44.20668763
44.27423110
44.27511458
44.29812960
44.31421708
44.37123672
44.37287021
44.48534749
44.49348011
44.52715083
44.54312733
44.58606323
44.60770016
44.63805904
44.64597096
44.66538164
44.66546898
44.70581322
44.71016899
44.71552218
44.73046433
44.79733479
44.84174225
44.87535172
44.91449018
44.99534258
45.00257752
45.03987662
45.04767063
45.04974844
45.05922956
45.06449857
45.10351332
45.12309108
45.13930553
45.14219010
45.19590586
45.23665122
45.28333359
45.30561228
45.38586039
45.39114887
45.40434880
45.43361579
45.43956907
45.47658238
45.49644893
45.53179714
45.53977775
45.56196302
45.56834645
45.57001015
45.57262944
45.57442704
45.63507376
45.65103230
45.66814090
45.72500303
45.72646766
45.82291219
45.85705475
45.88289516
45.89334067
45.89915506
45.91279538
45.91474512
45.91931753
45.92436111
45.95715134
46.01698292
46.08551457
46.08817544
46.11093625
46.13895226
46.14059018
46.14519167
46.15794150
46.19826531
46.21216357
46.21836450
46.24508694
46.24834828
46.25593697
46.32274261
46.34731061
46.35934699
46.37357864
46.38278027
46.44216016
46.44691608
46.49033337
46.54623490
46.61852154
46.64231738
46.66414639
46.66447158
46.68629144
46.75394064
46.77610051
46.86940289
46.89274644
46.89483894
46.94526720
46.96978235
47.01632069
47.17186431
47.21149995
47.22540971
47.25067924
47.26387933
47.27710577
47.32716889
47.42074091
47.44786524
47.53693240
47.53842182
47.55922281
47.60518819
47.61402264
47.63695261
47.70781735
47.70925172
47.74006852
47.76619542
47.78645100
47.78982545
47.80572426
47.80601053
47.81180797
47.83205652
47.83685193
47.85004835
47.89761710
47.90410580
47.91159947
47.91620364
47.91780974
47.93179888
47.95600833
47.97720712
47.98093630
47.98718001
47.99290678
48.09119723
48.14383863
48.23815593
48.26953825
48.29728707
48.42169923
48.46781156
48.49163342
48.55891174
48.59777505
48.61859986
48.62828207
48.66186508
48.68465710
48.69780264
48.80026256
48.80667463
48.82747081
48.82898065
48.87009345
48.90380909
48.92630406
48.93767079
48.94626801
48.94705784
48.94787453
48.97225517
48.97685863
49.00748407
49.12533688
49.14010186
49.18229890
49.22236743
49.23325992
49.26567672
49.29211704
49.29629370
49.30223058
49.38236312
49.39076590
49.39925228
49.40126456
49.40276916
49.40484906
49.42066099
49.49247650
49.54236302
49.55116722
49.55680752
49.55775874
49.58817930
49.63096515
49.67384266
49.68106955
49.69783835
49.73400480
49.76908244
49.80358712
49.83090236
49.93443425
49.95752092
49.96335653
49.97244829
49.98612187
49.98657642
49.99110608
50.00543703
50.01843105
50.08218154
50.10542725
50.11053516
50.12349668
50.12966039
50.16407397
50.23041726
50.24935686
50.25324701
50.26128792
50.35825296
50.37539498
50.43329791
50.44697489
50.46061362
50.46708591
50.47156202
50.51496873
50.52883126
50.55091049
50.56299728
50.57004367
50.57763089
50.59729594
50.60793259
50.62998129
50.63826617
50.68234492
50.71052546
50.72053855
50.74298601
50.75539739
50.78669958
50.83710073
50.84655107
50.85455468
50.86987988
50.88145975
50.90994089
50.93507361
50.95882125
50.96076977
51.02646251
51.03655828
51.05474149
51.07534025
51.19855466
51.23805662
51.24214702
51.26054439
51.26316962
51.29075932
51.30805347
51.30885159
51.32243385
51.36157411
51.41234619
51.45459334
51.46271891
51.47739192
51.49093967
51.54175548
51.59604336
51.67227144
51.74499218
51.78072751
51.78518442
51.81476419
51.81585728
51.81632279
51.81851790
51.88105737
51.88333737
51.90736715
51.92446434
51.95548733
51.96476182
51.97930013
51.98016450
52.05569467
52.07886275
52.08506431
52.12048813
52.16477030
52.22484437
52.27899287
52.28364802
52.34386848
52.34816517
52.35640270
52.36025986
52.42549455
52.43048900
52.46183143
52.46717923
52.48125572
52.48494429
52.48670591
52.50240848
52.50350454
52.50830601
52.54332806
52.65583773
52.66414212
52.74439304
52.75212845
52.86104517
52.95238278
52.99422399
53.03779544
53.06982198
53.30845217
53.31875134
53.36954312
53.37331265
53.37578363
53.41577925
53.41703448
53.42334971
53.42881388
53.46148945
53.48094863
53.51629174
53.54077832
53.55055786
53.56915593
53.57484296
53.58007277
53.59357521
53.61357951
53.70425482
53.77115995
53.77401371
53.83946520
53.86724718
53.90687920
53.91952189
53.95474067
53.96603213
53.97170771
53.97201582
54.11888810
54.16311972
54.17635939
54.18657090
54.20192626
54.24205752
54.27255661
54.28887765
54.30688964
54.31987767
54.36733594
54.39637343
54.43583606
54.43659456
54.48067914
54.51596822
54.64005761
54.65111359
54.65973008
54.68772140
54.68808384
54.69831399
54.71681037
54.73038058
54.75647628
54.80990367
54.81222167
54.81990438
54.86713087
54.87945070
54.88714001
54.92620641
54.98085706
54.99902279
55.00694726
55.05972590
55.07678291
55.10051077
55.12745649
55.17480930
55.19804461
55.19986269
55.21414748
55.22812718
55.26009340
55.27195028
55.28023528
55.28507242
55.29112180
55.30310665
55.31225842
55.32025871
55.36476155
55.38255195
55.40416267
55.43658349
55.49655484
55.51060497
55.55134871
55.55662607
55.58070832
55.60197025
55.62305044
55.80413469
55.81653697
55.83598598
55.84327471
55.89795961
55.90698976
55.92434937
55.94981768
55.96353908
55.97358989
56.00220884
56.02828486
56.09631925
56.10839260
56.11242229
56.11822980
56.16993106
56.21115130
56.31103322
56.33844129
56.35301981
56.35768887
56.36279967
56.40774146
56.42622379
56.48523730
56.49416156
56.49540270
56.58132802
56.59469801
56.59713447
56.60007951
56.60627651
56.61399656
56.66063293
56.66627626
56.77571487
56.78401666
56.85801253
56.90311562
56.90594723
56.90761932
56.95080124
56.95729000
57.01855743
57.09620918
57.12885086
57.19496345
57.20473345
57.21841510
57.26915940
57.27712313
57.32197828
57.35648009
57.36073025
57.36079339
57.38890620
57.40008697
57.43428469
57.49165868
57.49693579
57.50597188
57.51267610
57.51864274
57.52639959
57.52814667
57.55211742
57.57448724
57.58908623
57.60913226
57.65726281
57.65918196
57.66170015
57.76274240
57.81282065
57.81983559
57.84852036
57.91576672
57.93149921
57.99304127
58.12456992
58.12683126
58.13489174
58.14029826
58.14951075
58.15133041
58.22205471
58.23245004
58.24322111
58.26792042
58.27090842
58.30364036
58.40168521
58.40784139
58.45283657
58.46452468
58.49211561
58.51668994
58.53069536
58.53590124
58.55943463
58.57160879
58.59343566
58.62842909
58.63972760
58.65694533
58.69929628
58.70885783
58.71989430
58.75537469
58.75889273
58.77619310
58.77694680
58.80430925
58.80809407
58.80979379
58.90777637
58.99830555
59.00243007
59.01518943
59.07051120
59.07051975
59.07068558
59.07392380
59.13977691
59.15443158
59.17688730
59.21160554
59.22878156
59.23216454
59.33852429
59.40906898
59.41192377
59.41697977
59.42974394
59.44269285
59.44555258
59.49374785
59.50420258
59.51244644
59.52137255
59.59960978
59.61306139
59.62119991
59.62428595
59.63179036
59.72347689
59.72545473
59.74344064
59.75015635
59.75029147
59.76640905
59.84313901
59.84799913
59.86658793
59.91055151
59.94162151
59.99628560
60.00140008
60.06549816
60.08334133
60.09278893
60.10976540
60.13581685
60.18084628
60.20794702
60.23851639
60.24133695
60.24544440
60.25176035
60.29750823
60.29941664
60.32605046
60.33761640
60.33820298
60.35574227
60.36110778
60.37317024
60.38890747
60.39030804
60.42722039
60.47606810
60.49894406
60.51373145
60.52648268
60.52968543
60.53417337
60.53508014
60.54392522
60.54584011
60.60838747
60.64010350
60.69289061
60.72619037
60.85830521
60.86555159
60.88523255
60.93250949
60.94822199
60.99085722
61.00950240
61.02250098
61.13330041
61.14614019
61.15628877
61.19502587
61.21082028
61.24693230
61.31061677
61.31847849
61.32148803
61.37643586
61.50604395
61.51027466
61.53874456
61.60147612
61.61169747
61.61370493
61.62594484
61.64334456
61.64364647
61.65370031
61.68184510
61.73966743
61.74221163
61.85442176
61.86091610
61.87958443
61.92914604
61.94632272
61.94840367
61.96581048
61.97076613
62.00359561
62.03450533
62.05960263
124.00000000
