0.00616052
0.00722256
0.03492057
0.04865006
0.05308562
0.10892115
0.11266604
0.11681208
0.18994786
0.21086751
0.31205514
0.37683667
0.38146171
0.39570496
0.40652328
0.40929497
0.41434863
0.43549183
0.45112182
0.46861571
0.47348388
0.47662642
0.51126055
0.55680473
0.60138363
0.60917950
0.63052573
0.63746120
0.66783914
0.67374425
0.67681006
0.72863029
0.74086845
0.75540429
0.76873577
0.80472882
0.87838596
0.89930954
0.93073254
1.00240515
1.13744722
1.14780474
1.17483661
1.17890862
1.20199329
1.22169022
1.22572409
1.25170832
1.25735619
1.31397774
1.34135766
1.40295578
1.45165438
1.45457673
1.57967738
1.58505807
1.64857981
1.65349664
1.67710555
1.71551909
1.82170312
1.83043720
1.83656301
1.88529332
1.92222552
1.93586552
1.99075560
2.00099036
2.02202508
2.03322425
2.05948645
2.20938675
2.23346451
2.24975163
2.28847678
2.28896215
2.42659196
2.46806600
2.47921231
2.53508105
2.55700171
2.66261037
2.66526158
2.77220549
2.79947099
2.80553253
2.80742447
2.81769898
2.83935148
2.85534568
2.97864407
3.01819946
3.08115619
3.10117642
3.14833376
3.22487446
3.33600788
3.46473267
3.46927033
3.51086457
3.52604784
3.53190401
3.57934292
3.69106507
3.70759536
3.71184349
3.73090793
3.74659656
3.80483170
3.83755900
3.86455102
3.91505624
3.93604884
3.93616843
3.97146631
3.99711551
4.04996484
4.07326945
4.09166485
4.16587887
4.16866306
4.18604476
4.20501531
4.21558695
4.21945012
4.23957467
4.29019143
4.30241538
4.36154305
4.43679513
4.44351495
4.44985057
4.47785765
4.52549657
4.55535364
4.58562678
4.59560227
4.63175939
4.65997096
4.69869380
4.71857731
4.72520940
4.75208191
4.78934734
4.79709260
4.81248428
4.81931680
4.86804663
4.87833825
4.89084583
4.94256648
4.94514478
4.98969193
5.00346225
5.03401644
5.06343212
5.06654849
5.08892099
5.09248222
5.12210349
5.13220472
5.16151510
5.18116911
5.22266610
5.23907348
5.25950102
5.26413845
5.36349290
5.38474806
5.47631046
5.48591271
5.51284882
5.56742777
5.58587339
5.59345219
5.62792126
5.64470870
5.65713008
5.70278991
5.71372781
5.73327943
5.76399414
5.76678225
5.77327614
5.78385203
5.78646537
5.81865151
5.82837836
5.92835017
5.92841678
5.93093065
5.93590659
5.98804879
6.00109850
6.00732326
6.03946852
6.08216845
6.11584496
6.12032227
6.12629714
6.16357740
6.18931139
6.27390341
6.30294004
6.30602220
6.33955650
6.35176428
6.36578262
6.46554502
6.47103488
6.48874955
6.49881219
6.56576862
6.60058398
6.61141435
6.61969745
6.63390076
6.65633283
6.66805916
6.73607823
6.86738268
6.88248947
6.92900594
6.94505775
6.97145871
7.09915107
7.10312452
7.14653939
7.16242912
7.17244733
7.19537179
7.20824524
7.22007275
7.22133517
7.23738765
7.25034405
7.26239994
7.27197945
7.28067756
7.30437332
7.31749407
7.32035289
7.38855462
7.46968144
7.47261032
7.48243169
7.49218212
7.50226544
7.53915148
7.53966853
7.58054466
7.59038066
7.60733023
7.61402557
7.61537547
7.74373272
7.77323317
7.77374773
7.86063349
7.90662293
7.93087522
7.95631329
7.96215070
7.99510599
8.00647969
8.02105662
8.04750407
8.07592635
8.07999671
8.15995756
8.16139067
8.19279349
8.21883677
8.25724020
8.25907012
8.31128119
8.32545676
8.34824369
8.37733657
8.38882224
8.41908466
8.42138407
8.43675431
8.45089973
8.49691310
8.51440186
8.52718818
8.55372190
8.57169444
8.58387878
8.58957412
8.59577635
8.63183837
8.66616718
8.67085973
8.72620406
8.72925439
8.75539009
8.82908023
8.89471808
8.95259347
9.02689067
9.05143831
9.05938954
9.07215123
9.11498226
9.15408069
9.19083750
9.19853411
9.21390722
9.22147600
9.23768610
9.24864547
9.25277518
9.28958629
9.30556418
9.36971271
9.39770347
9.41711687
9.45742865
9.47489114
9.48100701
9.50260528
9.51251310
9.53240143
9.53376952
9.56686858
9.58480083
9.58835887
9.62942482
9.64038979
9.74921839
9.75585031
9.80375727
9.85144665
9.86623974
9.88077434
9.90826003
9.96861516
9.97158377
9.97176701
9.97688158
10.01878948
10.02650740
10.03883431
10.05290567
10.10495411
10.20391259
10.22053241
10.23438499
10.24998725
10.28060287
10.33155180
10.34026570
10.34682028
10.37628471
10.39112674
10.39142041
10.43349740
10.44852240
10.48061429
10.51349715
10.51421150
10.52377690
10.52428866
10.52515549
10.53741254
10.53796675
10.60179089
10.61310835
10.61751197
10.61947462
10.62289854
10.62473262
10.75451977
10.79329881
10.79405284
10.87500848
10.87932831
10.89586559
10.90038731
10.90625518
10.94191718
10.99358020
11.00930381
11.01280180
11.06731285
11.15735572
11.16115591
11.17619233
11.17963091
11.19028471
11.19202478
11.22232472
11.23069872
11.24803837
11.28880896
11.29447891
11.31810044
11.31945052
11.32759147
11.33367776
11.40059499
11.43658613
11.49664613
11.49750339
11.50194383
11.51263203
11.54552809
11.56099230
11.59808447
11.64087167
11.64488337
11.67155843
11.67494706
11.69083592
11.69110148
11.70266596
11.71740410
11.74954238
11.76769294
11.76975886
11.81573240
11.82447539
11.83214043
11.87746228
11.90371677
11.95908296
11.99447927
12.06230027
12.08295286
12.08535709
12.10733987
12.15290824
12.21361706
12.23575383
12.24681276
12.27499480
12.28689012
12.32110698
12.36715716
12.47223618
12.48444384
12.49841028
12.51735836
12.52014240
12.52198555
12.57528329
12.57997107
12.59407753
12.61054518
12.64004065
12.66716874
12.71544082
12.72147060
12.79876918
12.81311521
12.85997571
12.87565759
12.88637247
12.96017953
12.97689997
12.99003106
13.00561773
13.02244448
13.03333147
13.04790194
13.11422101
13.11679805
13.12331701
13.15407628
13.26163573
13.30636397
13.32289565
13.33012122
13.33168299
13.36487111
13.40211923
13.46809561
13.51801553
13.55023144
13.55558435
13.56025522
13.56524598
13.58418683
13.58669758
13.61315035
13.62232100
13.66000842
13.68100182
13.69092676
13.70805943
13.71927036
13.73086151
13.73545827
13.73675594
13.75281037
13.77383798
13.82496337
13.82951368
13.88251936
13.90420434
13.94910621
13.96994946
13.99816165
14.02148651
14.02773796
14.05381837
14.06630084
14.08690760
14.09692033
14.13895429
14.14819086
14.27326709
14.27404809
14.37246599
14.39444034
14.42909049
14.42914893
14.42928832
14.43604967
14.44405595
14.45566776
14.46397906
14.47542077
14.51800680
14.55439393
14.55892948
14.56619182
14.61559706
14.65896556
14.67781413
14.70633733
14.76749602
14.79092205
14.82660911
14.84144531
14.85740214
14.87564116
14.98176133
15.00209378
15.00244932
15.04693277
15.06133760
15.06783322
15.09593905
15.16554219
15.17538670
15.17757234
15.17789740
15.20267148
15.20642434
15.21612641
15.25929398
15.27246883
15.32593158
15.35785853
15.39255958
15.40246200
15.44632946
15.44805631
15.45112322
15.45508151
15.46470725
15.50689741
15.51832626
15.55397034
15.57053726
15.59699670
15.61352044
15.62770986
15.63946183
15.74636789
15.79474387
15.79768016
15.82206397
15.87587903
15.88569918
15.89491339
15.93204065
15.94990818
15.96207832
16.00840511
16.00976683
16.05896486
16.06814041
16.09345081
16.10251281
16.10305705
16.12480083
16.14054736
16.20259703
16.23523426
16.24078711
16.25283419
16.25788608
16.34394012
16.35062544
16.39071436
16.40904776
16.43286490
16.43662829
16.44662904
16.46119694
16.48435760
16.49076680
16.50292640
16.55077678
16.59099031
16.61372765
16.63135511
16.68022303
16.68344690
16.68544727
16.69146257
16.69567835
16.73115899
16.75383144
16.81224334
16.87660211
16.97368359
16.99111309
17.05041368
17.07920828
17.09140826
17.09934368
17.13321923
17.15395317
17.17707298
17.22466311
17.22770738
17.36513827
17.42403318
17.50792072
17.52479088
17.58719873
17.59468918
17.61621212
17.65630282
17.67211786
17.75845542
17.76939294
17.79098705
17.79259264
17.80709066
17.80980480
17.81821949
17.81906152
17.83864017
17.84411951
17.89602847
17.91331252
17.98551881
17.98657595
18.00407375
18.00908810
18.02262165
18.06204399
18.06468316
18.08048976
18.13421090
18.16066941
18.24534286
18.32751635
18.33577163
18.40835366
18.42371837
18.59736886
18.62142613
18.65773960
18.65938983
18.66037646
18.66859175
18.67499235
18.70438293
18.71064135
18.72958969
18.73840340
18.77797355
18.81576184
18.85518387
18.86556404
18.91911007
18.93299928
18.94740012
18.95202308
18.99103043
19.01591847
19.01613636
19.01708947
19.01847241
19.04915132
19.06085156
19.06103061
19.06469527
19.07019745
19.11118249
19.16039308
19.17045294
19.19940442
19.24062823
19.27403339
19.28206092
19.32786673
19.39798002
19.40477282
19.42841310
19.43204729
19.43978953
19.46752186
19.47591789
19.48189547
19.48586119
19.56360639
19.56571415
19.56643094
19.57289753
19.65625662
19.69076992
19.70293380
19.71880910
19.72093480
19.76852257
19.82890654
19.83644516
19.87024471
19.90691050
19.91467133
19.93435215
19.94118096
19.94173458
19.96085417
20.06363115
20.06582178
20.10023717
20.10902449
20.11458470
20.11650313
20.14977765
20.15210782
20.18708116
20.18884588
20.21738013
20.24299108
20.26306596
20.29433063
20.30250319
20.31087428
20.33771465
20.35026251
20.39539201
20.40696758
20.43102259
20.44403718
20.45454823
20.46816088
20.50871499
20.53099299
20.53733454
20.59072816
20.67272166
20.71668267
20.72386033
20.72532058
20.73907711
20.75312867
20.86194849
20.86736399
20.87050022
20.89626892
20.90616859
20.91493351
20.92149786
20.92767849
20.96482784
21.03815904
21.06541308
21.06789091
21.07828976
21.09275381
21.12772518
21.13312894
21.18352971
21.18649712
21.18784978
21.20061203
21.26765689
21.27284770
21.28290044
21.30324937
21.32531879
21.32877735
21.34139288
21.47004228
21.50405950
21.51095912
21.51698100
21.53999096
21.62107606
21.63594543
21.66602077
21.70645308
21.71217319
21.74963127
21.75085575
21.75853159
21.78228607
21.82947778
21.87360429
21.87399806
21.88011396
21.90314592
21.93227192
21.95070037
21.99858463
22.06991067
22.10920607
22.14194704
22.15220883
22.17029308
22.17214287
22.20515805
22.21715590
22.26620295
22.26832299
22.35843600
22.38808633
22.39559441
22.43335759
22.44465397
22.45001711
22.45515658
22.58383794
22.62155104
22.63433253
22.64281215
22.69186474
22.75623855
22.79429362
22.80710749
22.84597704
22.85730292
22.88358304
22.88377387
22.89685720
22.90665784
22.96891706
22.97809764
23.01040649
23.03798182
23.05595521
23.05726151
23.06231881
23.07017173
23.16936731
23.24356123
23.25290870
23.28440327
23.31101418
23.33343149
23.45663457
23.50315024
23.52031923
23.57202584
23.58122716
23.61455078
23.62556763
23.69297693
23.75190283
23.76023558
23.78885433
23.79508150
23.81925516
23.89618255
23.93267608
23.99951309
24.17748355
24.18480161
24.18691524
24.20701044
24.22039649
24.26154111
24.26262264
24.34765896
24.39372959
24.41269023
24.43070047
24.45213600
24.50089674
24.51358283
24.52787695
24.61618942
24.62253355
24.66832222
24.67581518
24.68254782
24.69687090
24.71628592
24.73909466
24.75771242
24.77301990
24.77961865
24.78932964
24.79013446
24.80224872
24.82551363
24.86136926
24.86455243
24.90530827
24.91960602
24.92615069
25.00713618
25.03499202
25.04565212
25.04755540
25.04815508
25.06615633
25.10354754
25.10668505
25.11175093
25.13716579
25.18620124
25.20376727
25.23130435
25.26326398
25.30875639
25.32074033
25.33962609
25.45599582
25.45900599
25.50933558
25.57891176
25.59517603
25.63471351
25.64809583
25.71751742
25.82391827
25.83267517
25.86680174
25.87875477
25.90505678
25.92335958
25.93828668
25.94371703
25.97864304
26.06993853
26.10842680
26.11269439
26.13178556
26.15811490
26.18539646
26.23575272
26.24072430
26.28763105
26.35383339
26.37014588
26.38849465
26.40055596
26.40784643
26.42556382
26.44674920
26.47719344
26.48560219
26.48962118
26.51163286
26.52650232
26.53472999
26.56101428
26.59122960
26.61987377
26.65524568
26.69181918
26.72168737
26.72663497
26.73839822
26.74160956
26.75626552
26.75824184
26.86187699
26.88978179
26.91861649
26.95404461
27.00653519
27.01359411
27.01706327
27.02649022
27.05235357
27.09322692
27.10235949
27.10849046
27.13619344
27.14607124
27.16658652
27.16662988
27.25744198
27.30713008
27.34431009
27.42539852
27.45006354
27.45670397
27.46796810
27.47805945
27.50903994
27.51613072
27.51630616
27.53713829
27.54245477
27.55866122
27.57318058
27.59227405
27.61990245
27.67232322
27.71639460
27.73054270
27.74438088
27.76039459
27.78307614
27.82667526
27.85062975
27.86195317
27.89597537
27.90336822
27.91342317
27.95095787
27.96598865
28.00208013
28.00439805
28.07470283
28.19770264
28.21926157
28.23257807
28.24036730
28.24911471
28.25001982
28.26051411
28.33794289
28.34625105
28.35157011
28.36454649
28.37813354
28.38863023
28.45949241
28.46622056
28.47838538
28.52666286
28.59285427
28.60378944
28.60638928
28.63692568
28.63953626
28.64341923
28.64864158
28.64928380
28.74095599
28.81212612
28.81682063
28.85947067
28.88221315
28.93426240
28.93430779
28.99685837
29.02053248
29.05722375
29.06734912
29.06997496
29.07163944
29.07845448
29.10185414
29.11971769
29.18650948
29.20649832
29.22762215
29.23136141
29.24896272
29.28028860
29.28141887
29.28210503
29.38779831
29.45192055
29.48739751
29.49690813
29.51818733
29.52303477
29.55823767
29.55905925
29.59539945
29.69526541
29.70999152
29.72072732
29.74181347
29.80378118
29.82402558
29.83017560
29.84450678
29.85566921
29.85614208
29.86505197
29.88458301
29.94643870
29.96991157
29.97986354
29.99462737
30.01610602
30.01995957
30.06293780
30.09314499
30.14616016
30.17917526
30.18271811
30.19317723
30.20072771
30.23360362
30.24248791
30.29026275
30.31271929
30.32209164
30.32542544
30.43037372
30.43302351
30.43505584
30.45842450
30.49125493
30.51124297
30.54265936
30.59959447
30.64510436
30.65392603
30.69863459
30.69944079
30.74471118
30.75026581
30.75083046
30.76841906
30.81822729
30.82214157
30.84830988
30.91761151
30.92528545
30.94315109
30.98039847
31.01566847
31.07327884
31.07706310
31.07728739
31.07789635
31.16160113
31.17250129
31.21148415
31.23966162
31.28803169
31.29327756
31.34170102
31.36792179
31.36808892
31.41234268
31.42222430
31.42501651
31.42817399
31.43546660
31.47858194
31.50852160
31.53658220
31.54685356
31.60787492
31.60901080
31.62207083
31.73812064
31.76487284
31.76757767
31.78039085
31.79596324
31.81450205
31.91348838
31.95099615
31.95546738
31.96111230
31.99631295
32.05637824
32.08495291
32.09184312
32.11802891
32.12421074
32.14018400
32.14162237
32.14391574
32.15256519
32.15360924
32.28847120
32.32565708
32.32888514
32.33452462
32.33517765
32.34413533
32.36171396
32.37112116
32.40335214
32.41534814
32.41991294
32.43999453
32.44233768
32.45411532
32.52193140
32.53739631
32.58086122
32.59074301
32.60676743
32.67648454
32.70612898
32.74570751
32.78720368
32.83270198
32.84278835
32.85713976
32.85890278
32.89280758
32.96178376
32.97614871
33.05484016
33.06234005
33.10572317
33.13100427
33.18704351
33.22724136
33.26017191
33.27986593
33.30567169
33.31112522
33.32009582
33.37329456
33.37513121
33.40608050
33.43244391
33.44213811
33.45006652
33.46098487
33.47005431
33.54301453
33.57775646
33.62942339
33.64330177
33.69417137
33.72597645
33.73942955
33.78030447
33.79202565
33.82742121
33.84300648
33.85838849
33.86313513
33.93543710
33.95266947
33.97716702
33.98538268
34.01742217
34.05618795
34.08253092
34.08662546
34.13103730
34.13552089
34.14823593
34.15865398
34.16779110
34.17440659
34.20165450
34.21362795
34.22604539
34.22765390
34.30643005
34.32983464
34.35654778
34.36203032
34.43096533
34.45049774
34.46770433
34.47011732
34.47794350
34.50110249
34.50243546
34.51090623
34.52165596
34.54549004
34.62854236
34.76927692
34.78097984
34.79843657
34.80125762
34.83034701
34.85379446
34.86752252
34.86773087
34.87533339
34.90146944
34.98040771
35.03035856
35.04148633
35.12170840
35.21965346
35.23426164
35.31669076
35.31816470
35.32785686
35.33713538
35.34746740
35.35523700
35.37803885
35.38491030
35.39026484
35.43487280
35.46551836
35.47733915
35.52970530
35.53533496
35.57368582
35.58586776
35.60286022
35.63161901
35.63857641
35.65576716
35.68230528
35.72904122
35.73540337
35.83172871
35.86859373
35.88642729
35.89937489
35.92375980
35.93162245
35.97293753
36.06149917
36.06590559
36.07681434
36.14360336
36.15742320
36.16412590
36.17257868
36.17939301
36.21744594
36.21758467
36.21917917
36.27022934
36.30153303
36.30833397
36.35179832
36.35760531
36.36252322
36.36367408
36.37332320
36.38555341
36.39658686
36.44563396
36.45236570
36.46401296
36.50033535
36.50054633
36.54984803
36.59074138
36.63430815
36.63578698
36.69789566
36.69892745
36.70436903
36.73803198
36.75769398
36.79141740
36.80218691
36.80589433
36.81721068
36.85644290
36.86581321
36.86967766
36.88263764
36.91566061
36.97164396
37.06139814
37.06954290
37.11445167
37.13894620
37.14465836
37.19369788
37.21056321
37.22751215
37.22830751
37.26712999
37.27100166
37.28427285
37.34096531
37.34704555
37.36038530
37.36787350
37.43724880
37.51827456
37.59046720
37.61355794
37.64587763
37.66271412
37.70193388
37.70566940
37.71335090
37.72032692
37.75159490
37.75483418
37.75784695
37.79030958
37.82779490
37.88719545
37.98341462
38.01669050
38.06877397
38.16008492
38.22447085
38.25069086
38.29489266
38.30048127
38.33891885
38.38625643
38.38992632
38.40513644
38.42056850
38.42995087
38.50358899
38.50391722
38.52288658
38.53588634
38.53817277
38.62704530
38.63804044
38.66324743
38.70190213
38.70420627
38.73411368
38.73796633
38.75927445
38.77193697
38.78913335
38.81063788
38.88595694
38.94362782
38.95913227
38.98572162
38.99717045
39.06413936
39.09234643
39.09534800
39.11943299
39.13777038
39.14907454
39.16483557
39.17414918
39.17998585
39.18639875
39.19495820
39.23450819
39.23798508
39.24900357
39.25680597
39.28184409
39.38563100
39.39231459
39.39754779
39.44284390
39.50839121
39.59264459
39.62511950
39.62616718
39.62939678
39.64560804
39.66028204
39.67130168
39.67385847
39.67765029
39.69188631
39.69907259
39.81112386
39.81376022
39.82384545
39.84373503
39.86990605
39.89944375
39.90958353
39.94275362
39.96228733
39.96563014
39.98616544
39.99721344
40.00473488
40.02663951
40.03861657
40.05419906
40.10267579
40.16157077
40.17256239
40.18167621
40.24251501
40.25663124
40.27874446
40.27878097
40.35010155
40.40217192
40.40693170
40.42253880
40.45614109
40.45840690
40.46754325
40.56828050
40.58862004
40.67804522
40.68264948
40.73216473
40.73566060
40.74573074
40.75500944
40.77611044
40.79091817
40.80399980
40.85398271
40.93283856
40.95017196
40.99694341
41.01605787
41.01614418
41.02435633
41.06352439
41.09357358
41.10094694
41.13362548
41.15647926
41.20882630
41.23960898
41.31592068
41.34195060
41.35170630
41.36344410
41.40803956
41.41293616
41.45950648
41.49680842
41.50643005
41.52945263
41.61916399
41.63060123
41.64306452
41.65843329
41.68928381
41.70468523
41.70808615
41.72025536
41.74255183
41.76821071
41.77606574
41.79185712
41.79513693
41.82703763
41.90225811
41.91203338
41.92358237
41.93324640
41.95381698
41.96815415
41.98520771
42.02191566
42.08551423
42.08824443
42.09948867
42.10326776
42.11099814
42.11428870
42.12796649
42.17281902
42.25730534
42.28091638
42.28391686
42.33677501
42.33857287
42.39961968
42.41168610
42.47459302
42.47507653
42.50296908
42.53977413
42.54369483
42.55827177
42.61143545
42.74113433
42.77384099
42.84151353
42.88004977
42.88966482
42.94793229
43.00352231
43.00686145
43.03800856
43.08946629
43.10980526
43.14557982
43.20749519
43.21759639
43.23642909
43.25573063
43.30903136
43.31342075
43.36136039
43.36456442
43.37584238
43.39457536
43.41081342
43.48784813
43.53656752
43.53962518
43.61090851
43.68227891
43.77303916
43.77550733
43.81430400
43.88146346
43.93960087
43.95172083
43.99162582
44.01529080
44.04129032
44.10394898
44.12809126
44.14276555
44.15969709
44.16755301
44.17184560
44.20064376
44.20716389
44.29812960
44.31188624
44.31277177
44.33817149
44.34637724
44.36964289
44.38360587
44.38744173
44.43453985
44.50406780
44.52105939
44.58558091
44.67626739
44.67881597
44.76699966
44.76942596
44.82492916
44.82622209
44.83735946
44.83775443
44.85111062
44.86580770
44.89427708
44.91390434
45.02394575
45.08458539
45.08678714
45.09236702
45.12121956
45.13262800
45.14442017
45.14763323
45.16853486
45.26763062
45.28333359
45.30472406
45.30538902
45.32442017
45.35737568
45.40434880
45.40470249
45.45380907
45.45915836
45.54017660
45.54804089
45.56196302
45.59169695
45.61808440
45.62863380
45.70229660
45.70520466
45.70627743
45.71420102
45.72570414
45.85144473
45.87665844
45.89684197
45.89881459
45.96341633
46.01241690
46.02516494
46.04892412
46.08201579
46.10042761
46.17282220
46.17720714
46.17920789
46.18495188
46.23173720
46.27361200
46.27784518
46.28949493
46.32416686
46.36502711
46.41616130
46.43690052
46.47625429
46.60487273
46.63570859
46.71560750
46.71928270
46.72563613
46.75366098
46.75391417
46.78451060
46.80112685
46.86769343
46.89538030
46.90216438
46.91120249
46.92544373
46.98772269
46.99167753
47.02278483
47.08502174
47.17162895
47.25967589
47.28689838
47.31050323
47.38453291
47.38831057
47.42735306
47.47282826
47.49245515
47.50651122
47.50864755
47.53693240
47.54614181
47.58708417
47.82975515
47.86830233
47.93108467
47.93624957
47.98067369
48.02771779
48.07323917
48.07407866
48.08033794
48.08832075
48.09666970
48.12692715
48.13996951
48.14739957
48.15559951
48.17155725
48.18723169
48.26145069
48.31371139
48.34656485
48.35553874
48.39254788
48.39342489
48.41621430
48.43004681
48.50042117
48.52441629
48.52883664
48.53953025
48.57161291
48.61553355
48.66345925
48.68465710
48.70422926
48.72127369
48.76008958
48.79745448
48.79907799
48.80276719
48.87605486
48.95145081
48.95153873
48.96897145
48.98029287
49.04295086
49.12159279
49.14733401
49.15355974
49.16774109
49.18229890
49.23355393
49.32891428
49.37016363
49.49663237
49.50384136
49.52638314
49.53687516
49.54024384
49.55782710
49.55909079
49.56234747
49.61306485
49.65978007
49.69515496
49.70234792
49.70442819
49.70912388
49.72823616
49.76066445
49.79646895
49.83733925
49.85750684
49.87742509
49.90498357
49.91087029
49.95495989
49.96335653
49.97310247
49.98657642
49.98753041
49.99054858
50.02460653
50.02911064
50.03942351
50.07525871
50.10542725
50.17514716
50.17790283
50.23652781
50.27109651
50.28836430
50.30563538
50.32394192
50.39439726
50.40234006
50.40464324
50.40899369
50.43851455
50.47156202
50.48082642
50.53706867
50.58284637
50.60441092
50.62325103
50.69331378
50.69481894
50.73905798
50.74005480
50.75743927
50.76444436
50.78780318
50.83579680
50.91302972
50.91705987
50.95736418
50.98023637
51.02036546
51.02791682
51.03655828
51.04044333
51.10398041
51.15759741
51.20141677
51.21325715
51.21371883
51.24844509
51.25309294
51.32770426
51.34432456
51.34678992
51.43986178
51.48329010
51.49093967
51.57279062
51.60805882
51.62048426
51.64602598
51.68547381
51.74189080
51.76462241
51.77192131
51.78156833
51.79505042
51.83095353
51.83316002
51.88941280
51.91035192
51.95107059
51.95957892
51.96142123
51.98156649
51.98443946
52.00867143
52.04783724
52.05729254
52.06094641
52.06132973
52.08320120
52.08717892
52.13202403
52.14605297
52.17809981
52.19770618
52.21804089
52.25960818
52.27123748
52.35174916
52.35428118
52.36035496
52.36294628
52.36598070
52.37505465
52.40495151
52.44611227
52.55446704
52.56681558
52.60680597
52.61172088
52.64113867
52.66980823
52.67636926
52.69266116
52.91275361
52.91538476
52.98690256
53.02337471
53.06982198
53.07006730
53.07063491
53.11703778
53.17328514
53.18054569
53.23522894
53.24137116
53.25503388
53.25730020
53.30214872
53.33406769
53.38429184
53.49022749
53.51772291
53.52380990
53.55479727
53.58052049
53.59357521
53.59986270
53.60722120
53.69733784
53.70924337
53.72828278
53.74968099
53.78469399
53.81981326
53.84838280
53.87717786
53.92089503
53.93458005
53.94450891
53.98046119
53.99891495
54.02849820
54.05347043
54.10551190
54.13342462
54.18334341
54.20512380
54.32407923
54.33964293
54.34750821
54.37615195
54.40104109
54.40332386
54.41895745
54.48729421
54.50280711
54.50331971
54.51299847
54.56534036
54.62960314
54.63294000
54.64406548
54.69980573
54.70542555
54.70749239
54.72368035
54.73597114
54.81927985
54.83948727
54.86031331
54.87898823
54.91399462
54.96575737
55.00813088
55.00861962
55.03215449
55.06061827
55.07820343
55.10764666
55.12403543
55.12668636
55.13170328
55.16728958
55.21295097
55.21321202
55.21718971
55.28683894
55.33150567
55.36118818
55.36346670
55.38358044
55.39884115
55.40012199
55.41224917
55.45069968
55.49484679
55.60019206
55.60386098
55.60706619
55.60837235
55.61280323
55.64161079
55.72110180
55.73237123
55.77294712
55.80790705
55.81377835
55.81727195
55.82317129
55.83457216
55.83761002
55.88091486
55.88861441
55.90247062
55.97357905
56.01933553
56.11637002
56.15143080
56.17739751
56.18934800
56.21145265
56.22607309
56.23519639
56.24057555
56.34803825
56.38966163
56.39203006
56.43991175
56.46143487
56.49283729
56.51774172
56.53441278
56.54739087
56.57850998
56.59469801
56.67561600
56.68494211
56.69895438
56.70072399
56.71933409
56.73086604
56.73555847
56.73577538
56.82180417
56.84804862
56.87137199
56.90311562
56.94690584
56.99610981
57.02495541
57.04094033
57.07800135
57.12194895
57.14389876
57.19324945
57.22674502
57.23740643
57.27531264
57.33615967
57.35402779
57.35622586
57.37542301
57.38600341
57.38890620
57.48538338
57.58651967
57.67588070
57.71068928
57.73985526
57.81261345
57.81724900
57.82236603
57.89859490
57.91641735
57.93704216
57.95353934
58.00080849
58.00750884
58.02014613
58.03216525
58.05672158
58.11076659
58.16452724
58.17881318
58.19838571
58.21406088
58.22205471
58.23302478
58.23868422
58.28909945
58.29574711
58.31317855
58.31694156
58.35186145
58.40802425
58.47492308
58.56865928
58.57903678
58.62436081
58.63234734
58.65694533
58.65918947
58.71612316
58.72555451
58.73874122
58.79205051
58.79883086
58.80484992
58.82611673
58.82972527
58.85737584
58.86568418
58.90201958
58.92878746
58.93063292
58.94616772
58.98496673
58.99465416
58.99830555
59.02522712
59.07068558
59.08032931
59.09232543
59.12428552
59.12541374
59.13977691
59.16502006
59.16865183
59.25816808
59.33490877
59.33610183
59.36084103
59.41778379
59.49454422
59.56011930
59.57811961
59.60181956
59.65995744
59.66775866
59.75029147
59.75182677
59.75554874
59.78623724
59.81670212
59.84276323
59.88399079
59.91613467
59.93199169
59.97618361
60.00094670
60.04586334
60.04965709
60.05951882
60.08643390
60.12619328
60.13662086
60.17627401
60.23467338
60.24895543
60.25330778
60.25362235
60.29963001
60.30744843
60.32186336
60.34308878
60.37007341
60.37239941
60.39095158
60.40014725
60.41375075
60.43494385
60.51534484
60.56881568
60.57095254
60.58051054
60.58324683
60.76643468
60.79437474
60.82533614
60.86092685
60.86432457
60.88584074
60.90176397
60.93261782
60.96072394
60.98290147
61.05526688
61.07577028
61.09210404
61.10041523
61.13255576
61.13720361
61.14185820
61.14306539
61.17414428
61.18711748
61.28434431
61.28689240
61.28825148
61.29298132
61.36626135
61.39210070
61.39217805
61.39904573
61.41460786
61.41802342
61.42924034
61.49374514
61.50829270
61.51202280
61.51470950
61.58788961
61.58792530
61.63398325
61.67123261
61.74958585
61.80853937
61.83337589
61.86007901
61.89139641
61.89437443
61.92386795
61.92606448
61.95197558
61.95915966
62.00359561
62.02325314
124.00000000
