0.00344951
0.00722256
0.02012792
0.10438476
0.13694402
0.16279576
0.18628675
0.21086751
0.21239598
0.26974673
0.27410849
0.31487069
0.32453826
0.37648357
0.38423332
0.38475810
0.38486913
0.39770133
0.42318793
0.45065726
0.49233400
0.54024871
0.58503818
0.63879714
0.64481437
0.64543968
0.69585851
0.70435406
0.73658259
0.74226954
0.75918199
0.79681590
0.84421328
0.87087493
0.87654364
0.93543086
0.94741562
0.96760131
0.97779587
1.00378960
1.01116754
1.01476886
1.07405550
1.08709750
1.10248625
1.12780450
1.16859465
1.20535895
1.24568669
1.29782027
1.31341872
1.38196068
1.40845513
1.43975082
1.44678761
1.46151739
1.50141659
1.50449036
1.50924178
1.51552506
1.52481007
1.53085626
1.53696363
1.55001873
1.72934026
1.73264973
1.79775571
1.93147479
1.93868311
1.95062246
1.98537769
1.98837734
2.00795736
2.02811473
2.03179711
2.05716694
2.11710873
2.13145137
2.15154367
2.18787114
2.23013376
2.24505705
2.25394365
2.32187774
2.34857378
2.37196761
2.41134748
2.44297980
2.46058550
2.50497608
2.52394661
2.57695550
2.60311843
2.62157518
2.64736972
2.68709040
2.70656748
2.72410937
2.73078555
2.83620632
2.88403684
2.96873568
2.97439205
2.97803307
2.99008363
2.99230461
3.02120948
3.02570942
3.06360985
3.07280099
3.09292832
3.10608627
3.15276217
3.15518041
3.15743242
3.16880486
3.18018379
3.22656464
3.26898173
3.28850764
3.30899036
3.33874132
3.37533778
3.42165266
3.43287571
3.43529947
3.48157887
3.49402761
3.52607435
3.53190401
3.56183092
3.57798312
3.58266212
3.58408029
3.61863327
3.66710897
3.67669873
3.69687561
3.70715160
3.71418037
3.73746420
3.82079984
3.82783622
3.86007674
3.88164251
3.88610438
3.89462858
3.89494412
3.89613878
3.91699279
3.93312390
3.93939606
3.98044894
4.03381576
4.04186240
4.06203719
4.07581675
4.07672639
4.15852468
4.16082172
4.16452335
4.16931365
4.21179207
4.25559220
4.25619116
4.29019143
4.35699366
4.46444187
4.47938008
4.48882107
4.52549657
4.55535364
4.58407020
4.58840177
4.60105888
4.61581520
4.67676985
4.70726541
4.73172094
4.73409426
4.79472772
4.82835421
4.90280643
4.92824658
4.93220185
4.93226951
5.00747165
5.05927652
5.09849573
5.10747307
5.12113185
5.13055793
5.14828145
5.16901722
5.17287535
5.17502490
5.18679637
5.29700110
5.29981247
5.30823748
5.31786701
5.37990464
5.41504055
5.43726617
5.43804566
5.44362097
5.45058361
5.51949200
5.57183830
5.66052474
5.67688621
5.70462124
5.72025718
5.74746571
5.75318508
5.77583412
5.79454640
5.83157516
5.83773861
5.88896567
5.90365888
5.93041682
5.95571430
5.95973648
6.09670722
6.14398919
6.17794082
6.20624638
6.25873051
6.35798035
6.35967994
6.36469776
6.36841913
6.37640300
6.39246370
6.39737359
6.48204825
6.50435373
6.53117540
6.55805988
6.57272240
6.59253806
6.61969745
6.70876517
6.73766140
6.74413443
6.74845745
6.75249476
6.75728163
6.76888800
6.79800522
6.81586265
6.81697620
6.95386289
6.99208562
7.00134568
7.01066553
7.01150893
7.07642864
7.14325683
7.15647623
7.16318787
7.16371637
7.16462540
7.25810038
7.26957987
7.30556741
7.31846885
7.34024980
7.34229257
7.40717051
7.41302739
7.43123854
7.45689392
7.49218212
7.57778800
7.59038066
7.60725745
7.63100846
7.63440096
7.64049732
7.71145754
7.71826208
7.72220214
7.72252166
7.74577443
7.75747988
7.77245574
7.80346349
7.80358922
7.84631402
7.89849244
7.93087522
7.97505917
7.98029145
7.98614014
8.01171187
8.08824878
8.10145900
8.14321954
8.16317785
8.16681417
8.17103186
8.26109460
8.26898065
8.28774602
8.33335078
8.42354306
8.43705027
8.46211182
8.48935781
8.50057295
8.53368583
8.54443595
8.54759931
8.62219199
8.62831601
8.76032683
8.83387825
8.85608977
8.86795949
8.87669345
8.90661574
8.90762349
8.91852139
8.94383962
8.96240307
8.99226090
9.03380269
9.03924889
9.06019247
9.06107725
9.07627930
9.11439498
9.16021627
9.19215930
9.32211884
9.33803493
9.34841420
9.37977862
9.39526524
9.45468689
9.45905036
9.48261135
9.49413144
9.50325485
9.53264252
9.55626677
9.57200986
9.59115669
9.60644863
9.61326232
9.64310300
9.64924095
9.66852958
9.68242834
9.68684654
9.71214153
9.72071157
9.72696500
9.73514193
9.75121471
9.83635502
9.86795779
10.08846887
10.14152053
10.16374680
10.17812425
10.18069179
10.19537627
10.22760959
10.24245755
10.25541639
10.25739039
10.29820244
10.31932499
10.37086528
10.38295945
10.38906641
10.41726615
10.43349740
10.52531612
10.56835303
10.58643780
10.66362779
10.78664904
10.81490389
10.81985915
10.86052356
10.89586559
10.92575241
10.95899895
11.01280180
11.02016784
11.02735265
11.03155178
11.05708943
11.06587246
11.08947740
11.09062562
11.24195303
11.24500173
11.28492967
11.41095922
11.49567415
11.51051759
11.51263203
11.51699786
11.54466965
11.55546444
11.57196042
11.57576242
11.68773571
11.70335063
11.72062850
11.77419018
11.77448525
11.77771339
11.77827276
11.78845403
11.87746228
11.88888984
11.93998256
11.99283874
12.00677728
12.00771235
12.01106787
12.05506589
12.06728451
12.14239032
12.15262731
12.15451076
12.16640532
12.19964247
12.26173973
12.27275299
12.27697969
12.32135242
12.32165813
12.33143689
12.38732126
12.39284985
12.39522943
12.47824377
12.48444384
12.51388514
12.54960042
12.55177508
12.60064386
12.62636700
12.65821947
12.72309830
12.74456876
12.75989461
12.78274904
12.79340363
12.80130168
12.87283854
12.87654309
12.88746601
12.92029887
12.98044157
12.98975370
13.03454748
13.08606487
13.11300650
13.14431386
13.14661287
13.14709882
13.22656646
13.28060390
13.29040411
13.32903694
13.33459327
13.35259379
13.36673935
13.38139960
13.40403170
13.40677594
13.40698780
13.47167866
13.50510253
13.52297750
13.56657288
13.57383789
13.62728786
13.64397010
13.65964227
13.67909357
13.68739047
13.72879616
13.74831744
13.84141126
13.87080836
13.88005865
13.88706797
13.89963923
14.06574536
14.09269324
14.11159155
14.22845874
14.24775245
14.27326709
14.28580327
14.41241288
14.42113920
14.43767615
14.44525177
14.45053431
14.47197678
14.50238766
14.50879213
14.51851876
14.53891356
14.64202986
14.65550263
14.67250959
14.67725975
14.69264364
14.74918525
14.75823578
14.77413920
14.78990364
14.82754569
14.86974959
14.87282311
14.87548479
14.88037313
14.88241033
14.91524428
14.93364808
14.99132028
15.00153123
15.05222694
15.12374776
15.12462999
15.12546142
15.19690002
15.23802666
15.26995611
15.30443637
15.31073423
15.34057244
15.34389100
15.35229047
15.38785308
15.43556656
15.44122124
15.44504494
15.48566442
15.52520714
15.53655782
15.60640886
15.63364709
15.66324610
15.67452374
15.71169441
15.78543270
15.79688004
15.81558560
15.83731137
15.86352527
15.89109740
15.90075248
15.91735514
15.98956380
15.99999337
16.01560260
16.05519451
16.05787334
16.08267261
16.08277585
16.09381103
16.11756624
16.12402769
16.19782251
16.20665082
16.20716922
16.22910712
16.23039025
16.25977392
16.27229511
16.27307918
16.27333417
16.35313096
16.38215316
16.38820828
16.39225962
16.44752972
16.44941647
16.45167853
16.46119694
16.47178242
16.48943357
16.55604295
16.56962919
16.60057165
16.61666257
16.65427278
16.66679684
16.69287609
16.71892586
16.72845618
16.73115899
16.73261102
16.73906448
16.76538366
16.80875360
16.81567713
16.83738655
16.83933100
16.92863134
16.95458362
16.96184248
17.04622051
17.04915519
17.05323485
17.06571125
17.09057024
17.14108354
17.14545569
17.18397558
17.22314323
17.22693263
17.35558029
17.37567110
17.38733053
17.40622573
17.56923656
17.63280216
17.67666057
17.75286889
17.79366531
17.79449182
17.88602391
17.88933350
18.04523763
18.04551636
18.06546782
18.08955469
18.21572778
18.21835286
18.23441504
18.24178029
18.24944373
18.25402293
18.28576665
18.30280509
18.32378504
18.32721900
18.35526327
18.52194416
18.53542173
18.59065108
18.60519504
18.68547036
18.69181436
18.76793573
18.78748700
18.81568568
18.83064851
18.85048275
18.86328041
18.88164118
18.96187170
18.96199556
19.00664992
19.01613636
19.03007926
19.04246180
19.05688430
19.06043296
19.06918984
19.07860366
19.18376699
19.20033754
19.21271737
19.23775244
19.24625325
19.29704498
19.30025053
19.30216834
19.30281203
19.35911353
19.40663217
19.41440682
19.42453935
19.42870564
19.46268392
19.46813442
19.49899269
19.53211552
19.53929325
19.56808588
19.57559613
19.60793451
19.65182725
19.65297650
19.65826370
19.74411273
19.76849174
19.78271568
19.80021076
19.84251193
19.88754462
19.89047340
19.90402022
19.91642314
19.92802851
19.93270950
19.97114113
20.01580018
20.04782026
20.06207425
20.09437327
20.12793557
20.14795748
20.19202212
20.20720439
20.22489204
20.25690161
20.25767985
20.28124195
20.33771465
20.33802895
20.38138972
20.47425138
20.49471594
20.50103602
20.53330819
20.57923471
20.58483385
20.69960837
20.74096464
20.75814813
20.77784655
20.81172259
20.81515893
20.83554617
20.87169442
20.93705842
20.96292334
20.97193311
21.00170949
21.02748924
21.04423906
21.07593567
21.10542942
21.13312894
21.24579217
21.32956922
21.33182653
21.34695994
21.39766864
21.49410915
21.50405950
21.51332951
21.55777605
21.68365016
21.69785264
21.73792012
21.74450220
21.75853159
21.77765708
21.80303291
21.80891703
21.82080192
21.82815265
21.84204719
21.90150983
21.94377338
22.02843379
22.14750798
22.15761562
22.18679059
22.19068158
22.21014268
22.26219827
22.29501030
22.32737740
22.32881419
22.34991821
22.36142745
22.41257178
22.44465397
22.48941613
22.65533985
22.68392641
22.69696468
22.69936540
22.71068949
22.71955978
22.73741114
22.80710749
22.83655263
22.85115024
22.85476010
22.86153283
22.86546465
22.87825794
22.91529587
22.91671474
22.96527922
23.01996506
23.02918038
23.05510094
23.10227913
23.10846973
23.11304447
23.11342686
23.11496384
23.14538858
23.15494780
23.18487140
23.22870058
23.26806458
23.28792371
23.29419135
23.32156643
23.33505028
23.34928164
23.36522345
23.39522633
23.47003308
23.47789914
23.48397654
23.48552636
23.53959556
23.55966043
23.56317276
23.58715936
23.61904420
23.63946370
23.74971651
23.76614823
23.87704277
23.88652306
23.91925937
23.97870027
23.98692545
24.02354718
24.03550747
24.10884559
24.12538475
24.15364305
24.17748355
24.18480161
24.18691524
24.18877627
24.19317163
24.19389694
24.22096241
24.22692459
24.22827455
24.24671909
24.25115795
24.28852411
24.31478655
24.33022679
24.40111762
24.41291605
24.41881800
24.43134587
24.43678822
24.49114211
24.51268247
24.58449220
24.66832222
24.68247187
24.76232260
24.79705161
24.82193074
24.82551363
24.83730094
24.89289734
24.89731292
25.02873059
25.06099369
25.11031372
25.11801491
25.17750711
25.18299464
25.22457925
25.23358702
25.25689012
25.27109566
25.27656846
25.28084288
25.28996911
25.31861227
25.36051079
25.37824390
25.38628394
25.38881060
25.39428253
25.40964292
25.41608062
25.52396396
25.53612218
25.56900920
25.62250730
25.65397400
25.65799138
25.66327922
25.68093311
25.68771756
25.68864543
25.69773314
25.71958551
25.73550838
25.77665231
25.87184410
25.87432863
25.88368716
25.92271248
25.93441686
25.93719154
25.94829111
25.94944221
25.96050089
25.96383484
25.98841057
26.01368735
26.01619346
26.03330869
26.04782541
26.05533064
26.07662975
26.09786863
26.10248107
26.20463889
26.22973152
26.23863109
26.29601319
26.32680138
26.33558014
26.35972320
26.37544153
26.39237187
26.39355534
26.43249823
26.46162237
26.48036738
26.48413087
26.53281211
26.62227159
26.69858954
26.73053811
26.82424731
26.84308385
26.86313430
26.89385001
26.98457230
26.99411734
27.05235357
27.06616408
27.09126530
27.09751104
27.12437950
27.15457760
27.17556627
27.18854657
27.19237428
27.19672240
27.20501488
27.26006242
27.26019419
27.28788043
27.28936939
27.29824597
27.31216482
27.32933539
27.34833560
27.35244079
27.43837729
27.50088974
27.50989666
27.52696322
27.54538510
27.55663563
27.68288357
27.70862652
27.71267464
27.72366726
27.74329551
27.80977684
27.84117939
27.85513965
27.87742553
27.91342317
27.96428353
27.99809360
28.01912872
28.07912289
28.08981763
28.15955271
28.21704375
28.28947485
28.30853278
28.37900822
28.37901093
28.38886063
28.39446489
28.42670083
28.43021674
28.46697540
28.46875181
28.47400969
28.52100311
28.53375344
28.55412464
28.59095772
28.60378944
28.61036770
28.63750087
28.63953626
28.65933538
28.67876113
28.69816168
28.70927796
28.77131674
28.79454246
28.87285668
28.91024781
28.91289785
28.94430212
28.94536926
28.98148325
28.98587952
29.00543678
29.00622242
29.04090606
29.05423696
29.07845448
29.09648909
29.09707053
29.15132782
29.16830813
29.19500587
29.19908922
29.20431521
29.25672417
29.30477689
29.36925811
29.37950615
29.38352246
29.44578149
29.45801315
29.46663993
29.48062056
29.49054034
29.50137739
29.51099831
29.51294445
29.51689105
29.54760113
29.56074897
29.60424741
29.64076874
29.66424334
29.69767326
29.89352491
29.93171271
29.95801247
30.00969722
30.05621987
30.05994189
30.07273374
30.09157478
30.10789180
30.11243651
30.11867875
30.14454320
30.15529868
30.15822937
30.20900067
30.21836734
30.23852890
30.26894136
30.33020134
30.36229336
30.38833312
30.41918041
30.43334952
30.44220950
30.50548865
30.50736265
30.51366423
30.58266681
30.59838916
30.61634486
30.65811216
30.67703743
30.72392863
30.82098580
30.84502391
30.85292613
30.87467956
30.87622687
30.88351907
30.90277661
30.90395759
30.92369829
30.94454260
30.98039847
30.98993819
31.00926736
31.08202811
31.09024360
31.09996192
31.10417880
31.17571904
31.17840308
31.22017360
31.28581796
31.40834176
31.41187569
31.42501651
31.42817399
31.44662522
31.46234508
31.49416200
31.51719781
31.52974483
31.56575445
31.60248925
31.60660050
31.66983646
31.67143158
31.67768919
31.69559330
31.71793716
31.76487284
31.78983533
31.81450205
31.84007172
31.85532483
31.85553326
31.86889616
31.91756929
31.92758358
31.94433148
31.97758946
32.06353825
32.08495291
32.09120735
32.10310885
32.10904741
32.13017156
32.15535337
32.17355101
32.17461570
32.20561985
32.20923732
32.21988237
32.25098603
32.25335818
32.30055796
32.32852538
32.35746660
32.37536381
32.40335214
32.40422331
32.41142661
32.44524693
32.48049256
32.48395522
32.53168249
32.53476638
32.56053908
32.56120064
32.56412515
32.60824818
32.64660043
32.67550343
32.67622018
32.67948770
32.70806508
32.70926986
32.75234752
32.75668173
32.81570826
32.81973323
32.84620893
32.87023299
32.88541848
32.90521275
32.97099909
33.04381306
33.08791092
33.10014368
33.13461548
33.16561180
33.16869272
33.19336899
33.20720663
33.20723076
33.21486475
33.24817651
33.25412838
33.30358638
33.33394137
33.34602845
33.34839561
33.36786846
33.36985256
33.42001848
33.52540795
33.55684498
33.57347538
33.58157065
33.60999554
33.61869379
33.62942339
33.64810426
33.65533568
33.67300071
33.67459570
33.72597645
33.73500225
33.81168445
33.81519836
33.82268812
33.82879865
33.83500024
33.89552423
33.90116418
33.91815933
33.95774103
33.95828159
33.96292711
33.96731017
33.97076927
34.05415993
34.08662546
34.12199692
34.17759877
34.17894070
34.20600134
34.23431792
34.27823299
34.28908159
34.40092120
34.40149550
34.42124675
34.45049774
34.47110752
34.51622718
34.53428679
34.56457823
34.64072575
34.68007571
34.73726301
34.78411869
34.79222393
34.79387585
34.86596203
34.86690376
34.89091150
34.98662528
35.10746334
35.10940886
35.12732126
35.13769396
35.15934571
35.17563474
35.24356174
35.24521919
35.26868382
35.27888177
35.28453888
35.28886975
35.32785686
35.33912166
35.36283384
35.38195582
35.40089805
35.40955561
35.42190099
35.43440255
35.46659279
35.46927390
35.48850744
35.53304660
35.53533496
35.53598187
35.53730542
35.56431120
35.59203047
35.59505996
35.60921106
35.86911180
35.91920828
35.95035592
35.95563227
35.98088426
36.01949316
36.11032444
36.11521360
36.16921405
36.19874925
36.20565523
36.20884281
36.30833397
36.32776557
36.37344932
36.37904184
36.41500834
36.43598447
36.47748041
36.56264883
36.56872821
36.57395173
36.57870985
36.60689020
36.61436956
36.61970999
36.62176429
36.64629666
36.73823677
36.74993298
36.82835159
36.85720159
36.89617116
36.96000631
36.96222016
36.97266234
36.97850445
37.07501692
37.16363667
37.22612365
37.24447780
37.25064835
37.25556016
37.26796988
37.27046382
37.30192973
37.32556688
37.39587854
37.45589389
37.46567243
37.54792603
37.54967673
37.60016849
37.60210055
37.60292485
37.62313971
37.64588238
37.69209535
37.71564938
37.72786545
37.75365078
37.77570612
37.77776080
37.81817427
37.82418587
37.88830876
37.90940374
37.91133885
37.92044107
37.92949465
37.93823400
37.94638592
37.95330800
37.95569560
37.97366451
38.04043263
38.06112405
38.08653233
38.13480354
38.15426101
38.15496007
38.17969078
38.21179329
38.21656254
38.21940244
38.26018027
38.29119378
38.30115049
38.34190089
38.35443342
38.36252162
38.36709177
38.37005912
38.38625643
38.43477393
38.46775801
38.47328360
38.47872612
38.53817277
38.56097430
38.61390806
38.63762839
38.64259508
38.64794142
38.71788838
38.81076234
38.84021973
38.85280293
38.88721847
38.96076712
38.99325170
39.00319004
39.00374083
39.00682226
39.01316481
39.11943299
39.12837701
39.13419851
39.19721317
39.20222861
39.23450819
39.23936640
39.24961444
39.28078086
39.29632618
39.30056167
39.30742518
39.33728681
39.42828884
39.47268653
39.47278628
39.47987846
39.48324011
39.58939290
39.61134305
39.62009392
39.68779622
39.70312374
39.74976729
39.77498982
39.77808686
39.78673050
39.78695169
39.79327834
39.84774247
39.84945469
39.89020318
39.89729169
39.91083140
39.92027437
39.97439534
39.98524325
40.02371303
40.04300909
40.09428452
40.12385241
40.17256239
40.19675283
40.19766088
40.21575850
40.24097154
40.24251501
40.25416507
40.32023449
40.36228260
40.37848520
40.45614109
40.47981438
40.48613254
40.50809470
40.54194643
40.59066820
40.59446074
40.60930799
40.63379182
40.64926329
40.70463323
40.71966298
40.72441080
40.75239035
40.77428795
40.80677627
40.85167491
40.85751099
40.86598080
40.91774087
40.92826422
40.95198678
40.98393299
40.98844727
41.01067545
41.05009106
41.05546424
41.07280906
41.08999267
41.09408243
41.17077750
41.19435467
41.21178833
41.29028409
41.29694590
41.30065244
41.33196504
41.39048006
41.39230692
41.39364843
41.45055359
41.51131787
41.52299130
41.52926035
41.54944635
41.55910337
41.56957359
41.58058482
41.71520492
41.74081285
41.76896228
41.76973476
41.77978290
41.79845524
41.81003526
41.81757426
41.82703763
41.83521957
41.87479623
41.90988212
41.92518190
41.97504306
41.98130947
42.00966766
42.01909533
42.03757221
42.06112982
42.06664359
42.09428036
42.13124124
42.15710693
42.17083425
42.24450128
42.31529196
42.32874224
42.32937957
42.33593480
42.37455770
42.40200131
42.40547297
42.40659080
42.46088525
42.46276855
42.49046380
42.49441706
42.51225748
42.52620265
42.56099553
42.60726212
42.63517000
42.65138559
42.65287029
42.74467130
42.76652072
42.77930183
42.78826330
42.80007082
42.84160294
42.87350855
42.90679760
42.97033982
42.97077554
43.00837374
43.02814636
43.06926260
43.07647274
43.07922987
43.08235525
43.08414048
43.09197953
43.10596509
43.13362036
43.17002757
43.18842014
43.18955413
43.21217180
43.25792265
43.26983067
43.27551452
43.32132195
43.32639618
43.35225536
43.36992595
43.37047099
43.38712155
43.47578636
43.47592417
43.51099730
43.53656752
43.54188563
43.55807830
43.56644916
43.60772902
43.66426412
43.68227891
43.68543964
43.70767508
43.72123108
43.75148911
43.77376291
43.78199873
43.81430400
43.82015672
43.88509529
43.95643565
44.07770959
44.16480865
44.17702211
44.22786565
44.23523179
44.24408229
44.24532304
44.25992266
44.31544710
44.33647969
44.34319156
44.36693293
44.44961307
44.45957869
44.46204747
44.50055058
44.51260895
44.51774244
44.53655067
44.54681480
44.55561851
44.56705345
44.57302429
44.57891231
44.59031766
44.59308111
44.61974971
44.62881430
44.63805904
44.65168653
44.66414842
44.68166858
44.69046267
44.75662915
44.76804142
44.79733479
44.83421390
44.84048745
44.85555339
44.90892265
44.90972630
44.94519827
44.94735190
45.00502500
45.01609963
45.04333893
45.10072056
45.12174577
45.17004786
45.17097520
45.18144127
45.21756789
45.23030622
45.25085158
45.26915679
45.31681644
45.32852199
45.38011986
45.38673571
45.41873406
45.44250668
45.45121998
45.50699503
45.59487725
45.61174252
45.63507376
45.70717468
45.71809846
45.73593805
45.76335783
45.81928503
45.82002637
45.83714803
45.90971711
46.06514995
46.06601729
46.09702397
46.18056291
46.18182254
46.23005593
46.29437918
46.31961643
46.31967655
46.36502711
46.39782188
46.44948121
46.45272925
46.48506647
46.53536900
46.57039774
46.60305194
46.60871757
46.63785460
46.70966336
46.71560750
46.74130079
46.74917615
46.77807682
46.77960381
46.78713084
46.81173145
46.85935391
46.86371678
46.92084274
46.96775091
47.00932294
47.02881739
47.05432064
47.14788158
47.15120276
47.17376700
47.18650332
47.19835434
47.30229662
47.30292445
47.38445966
47.43642990
47.45505124
47.48148897
47.48424407
47.50260230
47.51233048
47.59736814
47.61177550
47.65284931
47.65933743
47.68484189
47.68962281
47.74024810
47.76342220
47.76611257
47.76840443
47.79331723
47.84000937
47.86337976
47.88177042
47.91963768
47.92039055
47.94979182
47.95810655
47.98075193
47.98375570
47.98448109
47.99756802
48.07374719
48.07446235
48.08411917
48.08954636
48.09376204
48.09450491
48.12586227
48.14025440
48.18797442
48.21445496
48.22543409
48.23815593
48.32651283
48.37904173
48.40051764
48.41621430
48.41848122
48.50042117
48.53470532
48.55891174
48.58784235
48.58797291
48.62972218
48.65476985
48.66387690
48.69780264
48.76990777
48.78574827
48.80066415
48.82309999
48.82967993
48.84469751
48.88581907
48.90302475
48.91805674
48.92609590
48.98380951
48.99469843
49.06930911
49.08680119
49.11230175
49.18229890
49.26131153
49.26353702
49.27788673
49.30992632
49.31008376
49.32189548
49.33101302
49.35620076
49.36294589
49.38662294
49.40453727
49.42055907
49.45821433
49.45835323
49.50341576
49.52487807
49.52638314
49.54861466
49.57799440
49.63096515
49.67693628
49.75093910
49.78163887
49.90498357
49.90701915
49.93101976
49.93906935
49.96331319
49.96872728
49.99076307
49.99886996
49.99974837
50.01822649
50.02094876
50.14328641
50.16201374
50.20998222
50.37373292
50.39857401
50.40299462
50.41492191
50.43370814
50.43448159
50.44634293
50.44697489
50.46189936
50.51259749
50.54637172
50.56168212
50.60600896
50.63996497
50.64666030
50.65319976
50.69396882
50.72315191
50.72423836
50.76936805
50.79958730
50.80860626
50.81034218
50.82977290
50.85661682
50.92924739
50.95059154
50.96702698
50.96925013
50.98922801
51.00835183
51.02553293
51.02707931
51.05184722
51.05669333
51.06199797
51.06850247
51.16530749
51.26273804
51.32777296
51.34432456
51.37417251
51.38883381
51.40148007
51.42486111
51.48364726
51.51969683
51.63171134
51.63374290
51.65044657
51.69241332
51.78225789
51.79598374
51.80222609
51.84428776
51.85384088
51.89055067
51.93551591
51.94903746
51.98156649
51.99031028
51.99266165
51.99279136
52.00631043
52.01432366
52.02220318
52.05117766
52.08489402
52.08980332
52.14534469
52.15155864
52.17123485
52.18096850
52.20361492
52.25122467
52.34079850
52.36969060
52.42643442
52.48782144
52.50291044
52.53353662
52.56742671
52.58096354
52.60872038
52.73923852
52.74258544
52.74858374
52.75272002
52.83708919
52.84294469
52.85598007
52.86457243
52.88607510
52.88782020
52.89636742
52.91535851
52.95632625
53.05247322
53.09214498
53.11365450
53.11634391
53.14126800
53.14232267
53.14505786
53.16819188
53.16889370
53.17322912
53.17932606
53.23522894
53.24993306
53.25429073
53.26266067
53.28251434
53.29357457
53.31326375
53.33023263
53.34771021
53.35101538
53.35181310
53.42927798
53.43013243
53.43396855
53.51539909
53.53527557
53.54077832
53.55479727
53.58007277
53.58996402
53.63574700
53.69617144
53.70189946
53.73425107
53.94597253
53.95769653
53.96966554
53.97430121
53.99621745
54.07928705
54.08276767
54.19356919
54.21911777
54.22727846
54.23127315
54.26985999
54.34249163
54.34505306
54.34830099
54.38335069
54.38624871
54.39758971
54.40174008
54.40640432
54.41492724
54.42124346
54.43248821
54.48066324
54.51827479
54.57631188
54.59591836
54.63756885
54.67907497
54.77478179
54.78888303
54.82832171
54.84360285
54.86168610
54.87388592
54.94807202
54.98072079
54.98318821
54.98602867
55.00750609
55.18640468
55.18970078
55.21284709
55.24343076
55.25441360
55.27667628
55.28397311
55.28507242
55.34313799
55.35787281
55.36211928
55.41224917
55.43364614
55.45249177
55.49342671
55.53122321
55.53810128
55.54674564
55.58274838
55.59318143
55.61835989
55.62262320
55.63085086
55.63112133
55.67659201
55.70059871
55.72706246
55.75327898
55.75605338
55.75674121
55.78990261
55.90641767
55.93204515
55.96721697
55.96818759
56.08568228
56.09688432
56.10890722
56.11637002
56.11752334
56.12920204
56.15904060
56.20344528
56.23301095
56.24884507
56.27914710
56.30221475
56.30548335
56.32607484
56.33624671
56.33759912
56.34211064
56.41814538
56.46276587
56.51774172
56.51836695
56.53320660
56.57440486
56.58933470
56.60506277
56.63908564
56.66492727
56.71427204
56.86047078
56.86186982
56.96084108
56.97552473
57.00687900
57.03278824
57.05205453
57.05233488
57.10017073
57.13065985
57.13481947
57.16858763
57.20484011
57.29234884
57.29970497
57.31247062
57.31460613
57.31771778
57.32744493
57.38328716
57.42335760
57.51414399
57.51459670
57.52639959
57.52822144
57.52990653
57.57018731
57.59708054
57.60681376
57.65420377
57.66014876
57.67818100
57.68147290
57.71068928
57.73190670
57.76243304
57.77754962
57.79120321
57.79897107
57.83304619
57.89283536
57.92053480
57.92643959
57.94455418
57.96059442
58.02739607
58.05657936
58.07318630
58.08746363
58.10864430
58.16452724
58.22484716
58.23297355
58.23302478
58.37316771
58.38744751
58.38960840
58.39491267
58.39800494
58.46873386
58.52734255
58.53007408
58.54286737
58.58992095
58.62673410
58.63681513
58.67860766
58.75889273
58.76295206
58.78086417
58.78480831
58.80407747
58.83775125
58.92785841
58.93988497
58.96993226
59.00219016
59.02522712
59.08107917
59.09848477
59.09948354
59.11175042
59.13922609
59.15920375
59.17038607
59.18942279
59.19831497
59.20809447
59.27055230
59.29590606
59.29820982
59.34958123
59.35924721
59.36166918
59.36993537
59.37109159
59.37110853
59.43929251
59.46282633
59.47743021
59.49927087
59.51880402
59.55968525
59.66766689
59.67732834
59.68005803
59.69008974
59.69200485
59.71311427
59.71406175
59.72337925
59.72626419
59.72789143
59.79427628
59.82603011
59.83169081
59.83230160
59.87221135
59.93199169
59.98666679
60.02702095
60.08711234
60.08926732
60.10285636
60.10707619
60.12525421
60.14440892
60.17447514
60.25435855
60.28229164
60.29477196
60.34589144
60.36105483
60.37048502
60.40454900
60.40728686
60.42350457
60.45829895
60.55975423
60.56073786
60.58949464
60.63592385
60.64202184
60.65670063
60.68730777
60.72643868
60.74954783
60.77970190
60.78005965
60.92514387
60.94355441
60.95927829
61.00157140
61.10229676
61.11260912
61.13662854
61.13962024
61.14606279
61.15827852
61.19628998
61.31847849
61.32821108
61.34157564
61.49796025
61.55238302
61.57988613
61.59029543
61.62569027
61.63415674
61.64364647
61.65194142
61.65780119
61.68209072
61.72651807
61.74243744
61.75731679
61.83782426
61.84934286
61.87376388
61.93656108
61.94190202
61.99094864
124.00000000
