0.02486170
0.07481640
0.10493643
0.11264245
0.11551528
0.16081543
0.21839749
0.27513842
0.39484728
0.40243830
0.41578156
0.41756269
0.44820472
0.46122107
0.49383455
0.50928941
0.59005683
0.63746120
0.65906355
0.67295724
0.69823403
0.72120651
0.76415618
0.79232069
0.84078508
0.86881809
0.90375718
0.94530514
0.98789104
1.14405761
1.22256722
1.22747063
1.28834476
1.31341872
1.32158552
1.35648322
1.36279821
1.37908859
1.44869481
1.48003872
1.52870920
1.53273148
1.57715374
1.61688522
1.62394006
1.65195490
1.68132523
1.69838664
1.73519649
1.73873039
1.74299684
1.74638109
1.77388102
1.79339942
1.79390736
1.79775571
1.88529332
1.89134411
1.89464628
1.90077122
2.00099036
2.01459652
2.01923767
2.02575235
2.03147735
2.06198838
2.06917153
2.07055627
2.08640852
2.08943291
2.15655915
2.17541634
2.18162606
2.21942948
2.25394365
2.28366013
2.30883444
2.30897977
2.31708019
2.32365211
2.38092734
2.42104342
2.49614068
2.54203043
2.54341706
2.57131331
2.58777134
2.61562341
2.65347485
2.66133830
2.66894221
2.68738213
2.71409961
2.74065744
2.75505398
2.75933373
2.76027281
2.83057958
2.88025832
2.88549681
2.91081752
2.96873568
2.97984795
3.02830314
3.04778985
3.09005819
3.11783151
3.12559235
3.13354152
3.21253534
3.26381858
3.27591990
3.32106079
3.39983986
3.44436766
3.47712286
3.49286055
3.54630985
3.55833202
3.55919908
3.62501844
3.76506158
3.79033843
3.82756180
3.88729237
3.92259471
3.93355545
3.93934062
3.94124391
4.00980089
4.06170865
4.08182909
4.08315088
4.12894674
4.14934046
4.15024266
4.15852468
4.16620503
4.16687599
4.17171066
4.17213907
4.19894656
4.23324667
4.24478913
4.31614370
4.34840436
4.37806194
4.42363462
4.44522536
4.44855787
4.45345826
4.48460635
4.50104930
4.50707032
4.52117788
4.55221948
4.59233599
4.66174519
4.75966416
4.82128651
4.83130144
4.84325163
4.85702724
4.85994104
4.86804663
4.87056614
4.90404338
4.95270729
4.98773858
5.06722036
5.07778375
5.12243585
5.12414590
5.17472371
5.20316365
5.20956456
5.22465973
5.23404842
5.28103433
5.29303649
5.31897168
5.34390890
5.38864826
5.39875410
5.41634705
5.46386718
5.51127940
5.55475022
5.56988559
5.57082584
5.61277029
5.62732686
5.63561389
5.63892034
5.65078625
5.71521947
5.75096237
5.76492866
5.77697894
5.81947541
5.84814274
5.88034964
5.88933226
5.89254203
5.89473791
5.92234153
5.93041682
5.94076211
6.00276503
6.01608893
6.02333802
6.02672850
6.03568720
6.07165871
6.08678066
6.09207551
6.12903317
6.17401195
6.19162205
6.20057544
6.22121478
6.24967964
6.26511909
6.30990468
6.36469776
6.38239530
6.39433166
6.40785764
6.41831137
6.42178951
6.43530482
6.45218582
6.48443791
6.49934220
6.54275671
6.54916748
6.57898290
6.62050867
6.66805916
6.68641290
6.70640534
6.73299413
6.75728163
6.81485636
6.82609639
6.83838732
6.87528046
6.91352186
6.97301209
6.99701631
7.00210252
7.01210059
7.02353506
7.04274566
7.04772397
7.06867219
7.09968765
7.10635805
7.12426437
7.13136937
7.14837937
7.26482980
7.27197945
7.30960503
7.32358806
7.33761719
7.34073658
7.35693057
7.35976195
7.36644714
7.41163641
7.43234651
7.47684654
7.47806199
7.53210807
7.54531867
7.55086512
7.56651663
7.57441603
7.62741530
7.63876508
7.72409208
7.78845515
7.85671506
7.86654043
7.92330308
7.97499848
7.98262481
8.01852211
8.04001753
8.06235514
8.08809519
8.11979589
8.12826632
8.17648759
8.18270954
8.29471288
8.33846262
8.34871772
8.39389969
8.45559819
8.48332887
8.51510784
8.55627756
8.58957412
8.61304415
8.61575354
8.62501566
8.62815885
8.63445293
8.72385677
8.75015133
8.81671992
8.82908023
8.87153557
8.87768075
8.89084154
8.89816221
9.00846913
9.03152126
9.03914240
9.06484206
9.08879387
9.11439498
9.13415258
9.15794380
9.17278079
9.17389138
9.19231041
9.19766601
9.19843899
9.22143616
9.25052156
9.25786529
9.29359154
9.29488138
9.37036822
9.43405842
9.45418041
9.45468689
9.46104344
9.48950211
9.49466705
9.52083522
9.59565884
9.60540617
9.60626915
9.61959255
9.68039592
9.69079074
9.71148855
9.78842964
9.80809573
9.81552307
9.82975082
9.83983506
9.91600553
9.94614823
9.95381393
9.95709333
9.95800290
9.99086621
10.01967996
10.07121403
10.07868099
10.08031163
10.12889644
10.16541161
10.20288058
10.20667551
10.20699657
10.22443700
10.22837692
10.23039837
10.23378828
10.28305601
10.34906349
10.37380483
10.42393234
10.52621358
10.54643605
10.54879455
10.56835303
10.58442492
10.60701670
10.61310835
10.62586286
10.63051813
10.63261873
10.63294736
10.72172336
10.74261826
10.77145656
10.78418702
10.79865791
10.80829151
10.85175777
10.87035061
10.93782161
10.95506757
10.98244932
10.99090781
11.03675312
11.04081711
11.06604770
11.12973098
11.15693057
11.21771608
11.24803837
11.29104662
11.30246535
11.31956964
11.34159705
11.36771472
11.37524588
11.38201027
11.39846319
11.42554535
11.46157607
11.50456540
11.54466965
11.56444775
11.57853799
11.58600625
11.59039955
11.59548369
11.64897058
11.66546146
11.69346760
11.70775020
11.75953534
11.78306969
11.80739145
11.87912617
11.88294585
11.90770809
11.91011961
11.91176039
11.99447927
12.02247420
12.06230027
12.08972925
12.13237764
12.14861883
12.15005829
12.15750766
12.18398394
12.19019200
12.19721159
12.24240740
12.25774853
12.31950302
12.37553415
12.37790338
12.42333693
12.46143198
12.49164282
12.50274419
12.57464090
12.60771063
12.62494986
12.68039168
12.72994872
12.73128718
12.76103016
12.77247337
12.77773016
12.78497358
12.84330954
12.85372905
12.86800990
12.94395805
12.95360950
12.95608427
12.97716171
13.00105358
13.00389650
13.00983290
13.04229298
13.05207475
13.07426915
13.08992018
13.10066235
13.12613704
13.12880775
13.17642396
13.18322502
13.26864529
13.27279655
13.28290411
13.38139960
13.41147667
13.41730683
13.43757841
13.46701450
13.51801553
13.54430137
13.54697833
13.59176204
13.61315035
13.64496291
13.65055116
13.67021540
13.68105343
13.76730566
13.77979149
13.86412827
13.86863521
13.88709000
13.95227397
13.98165127
14.00110765
14.06221453
14.09466531
14.16212430
14.17329810
14.18746865
14.23846540
14.24641863
14.25093372
14.26706782
14.26926757
14.34086429
14.39335412
14.40378686
14.49180951
14.49978082
14.52694570
14.55035706
14.55072157
14.69337882
14.69718906
14.71201515
14.73998298
14.74910245
14.82213551
14.85269298
14.87382737
14.98604127
15.00641068
15.01300682
15.02002634
15.04138079
15.05484783
15.07830372
15.08874727
15.11188015
15.11677423
15.12136715
15.13727267
15.17212364
15.18276093
15.25170191
15.25256535
15.31278337
15.31786836
15.36342539
15.36599845
15.37032774
15.42265612
15.42868932
15.49846261
15.50626955
15.50890991
15.53764534
15.56556843
15.58664859
15.58816494
15.61887771
15.62948707
15.64209604
15.65736788
15.66324610
15.67452374
15.73681117
15.79735146
15.79859905
15.83267957
15.86240903
15.86728898
15.87587903
15.88535800
15.88875965
15.96180865
16.00378268
16.00707506
16.08697198
16.09217280
16.14579379
16.19320411
16.19993699
16.20072926
16.21189353
16.26598063
16.27068672
16.31202273
16.42099398
16.44116266
16.47423441
16.51047496
16.54907308
16.56833062
16.58454496
16.65222548
16.72428059
16.77542566
16.79338145
16.80553491
16.80961895
16.81759179
16.83448806
16.86901304
16.97368359
16.98561779
16.98655979
17.00804549
17.00914145
17.06257888
17.11329665
17.11969681
17.12647241
17.13939100
17.15431069
17.16738031
17.19041511
17.19128693
17.21111746
17.32718832
17.34969622
17.37358212
17.38073195
17.38479936
17.40485746
17.41047396
17.44320562
17.49308548
17.50361687
17.53859562
17.61250289
17.62367874
17.63920810
17.65346333
17.69491272
17.74164244
17.75207754
17.75286889
17.75693803
17.77072516
17.78004405
17.82277506
17.84323470
17.84806721
17.90896840
17.92204574
17.92522103
17.95866883
17.97417537
18.00908810
18.02701330
18.08341635
18.08561534
18.12472587
18.13855586
18.19284118
18.22054200
18.25912129
18.33050326
18.35092907
18.36853886
18.39211225
18.40914254
18.43831318
18.46652959
18.48078151
18.51478170
18.56675977
18.59908594
18.62197306
18.62405249
18.66320975
18.66843061
18.67580244
18.68564058
18.68681446
18.71028971
18.73334363
18.74210572
18.80774959
18.85297215
18.86204935
18.86328041
18.91087957
18.92692894
18.93299928
18.94740012
18.95422345
18.96514330
18.99040632
18.99050133
19.01090893
19.05994247
19.06115468
19.07346146
19.11396936
19.14180923
19.14811109
19.25545581
19.25962805
19.30762654
19.32925399
19.37953527
19.39512856
19.42444958
19.50884109
19.53288004
19.54893646
19.55001888
19.55950751
19.57328806
19.58801791
19.59209271
19.59813216
19.60712882
19.61457961
19.72282328
19.76025205
19.76494139
19.85126971
19.86329692
19.87296493
19.89016731
19.91701677
19.92163748
19.95469333
19.96375682
20.00741349
20.02842741
20.04073039
20.04582527
20.04846640
20.04939444
20.06055252
20.07614755
20.11442410
20.12603551
20.12857266
20.24436584
20.25585964
20.30848987
20.32273293
20.34101912
20.35026251
20.38802980
20.42268154
20.43853498
20.48667309
20.57536131
20.57780270
20.59816286
20.61546569
20.67932005
20.69826401
20.70677186
20.74445745
20.78223845
20.81881181
20.82214531
20.85245163
20.86975006
20.87392117
20.89378018
20.91836703
20.95726853
21.06377289
21.06594515
21.10725275
21.11097746
21.12885947
21.15466727
21.18280892
21.25445233
21.28696431
21.30805097
21.33392045
21.36587571
21.41030364
21.45378506
21.46916390
21.49143583
21.49636759
21.49825893
21.51095912
21.52558819
21.56328216
21.62778820
21.65492505
21.70206452
21.74461723
21.75571346
21.79292225
21.79670396
21.80751499
21.80915663
21.82080192
21.83939837
21.85003312
21.85635142
21.87072629
21.87321470
21.87597312
21.88974055
21.89643602
21.91599554
21.91870881
21.94856198
21.95068386
21.97241308
21.97515883
22.04844658
22.06822073
22.11464261
22.12249917
22.13779749
22.14750798
22.16791428
22.17556513
22.18142234
22.18252266
22.18438960
22.20673658
22.21378209
22.21886797
22.24022330
22.25111339
22.25935428
22.27541252
22.38772809
22.39882954
22.43909702
22.50436338
22.54192046
22.57832151
22.60121821
22.61099425
22.62743826
22.62930664
22.67556742
22.70654441
22.70743141
22.71955978
22.73324970
22.74100445
22.86664235
22.91529587
23.01520589
23.05595521
23.08674600
23.09521120
23.10205904
23.14428691
23.15164832
23.17195080
23.27309135
23.29683819
23.32620532
23.36363401
23.36878240
23.39796512
23.40322971
23.43842650
23.46266263
23.46798941
23.48730048
23.51082434
23.51585546
23.52305327
23.54358859
23.56379872
23.58312986
23.63393517
23.63946370
23.66568528
23.72178002
23.74805730
23.81223871
23.82182743
23.92608115
23.97697323
23.99640545
24.03550747
24.04412782
24.07489690
24.10296209
24.14944122
24.16043946
24.18638441
24.19389694
24.22692459
24.35080029
24.35427055
24.38047787
24.41406038
24.44346674
24.46541029
24.46857215
24.51344086
24.51614219
24.53293967
24.56977664
24.57780827
24.60010265
24.61618942
24.61784915
24.62721985
24.63262507
24.65557194
24.68041903
24.72024783
24.72223271
24.73306042
24.75140793
24.78695275
24.79841590
24.83718967
24.85499931
24.86823578
24.92407743
24.92568927
24.92615069
24.93079009
24.94346257
24.94433960
24.96792228
24.99730080
25.03408602
25.11619934
25.17845688
25.21982301
25.22401757
25.23882412
25.25163054
25.26186435
25.26374988
25.33111087
25.35342104
25.37448933
25.40472712
25.40830050
25.41917819
25.43963687
25.44322174
25.45051501
25.46578447
25.47490576
25.51108810
25.60450611
25.62590586
25.63131344
25.64079894
25.66667162
25.72983488
25.76350443
25.81263790
25.82929314
25.86192513
25.88301794
25.90424022
25.92116772
25.97911077
25.99118441
26.00256925
26.03611651
26.06779149
26.09611270
26.11096326
26.15084308
26.16075511
26.16156652
26.17588214
26.20387498
26.21402398
26.28147246
26.30730320
26.31097926
26.32567364
26.34623651
26.37536740
26.39109405
26.40504535
26.42180614
26.44125755
26.45855749
26.46368203
26.50452458
26.54844914
26.57684565
26.60964783
26.72276105
26.72365813
26.72575898
26.72615466
26.78153649
26.83419464
26.85820608
26.90316228
26.90411780
26.94413388
26.94885523
26.95203055
26.95485949
26.95520944
26.99157855
27.04402898
27.08549076
27.16128167
27.16151330
27.16883807
27.17060035
27.20501488
27.20883302
27.21792507
27.22182057
27.22364435
27.23963980
27.29690034
27.29737533
27.30182617
27.35999574
27.39038823
27.39234856
27.41471397
27.43002853
27.43642537
27.43936375
27.44203267
27.47907284
27.49903372
27.51539619
27.51752816
27.53546056
27.54267767
27.54798278
27.58472790
27.64607992
27.68597412
27.69707313
27.72213748
27.74328965
27.74438088
27.75505803
27.75878061
27.82014344
27.83584546
27.84331680
27.89597537
27.90956313
27.97045795
27.99274147
27.99829931
28.01581393
28.02933589
28.04599066
28.04963290
28.06697339
28.14113801
28.16127890
28.16556639
28.16689710
28.18107938
28.21970648
28.25397980
28.28756123
28.28851052
28.33845964
28.34578798
28.34684791
28.41988408
28.44419706
28.55489606
28.56494563
28.58849066
28.59462086
28.60006602
28.65809764
28.68301594
28.72461323
28.73998060
28.75308889
28.75677660
28.82755844
28.84467417
28.87169315
28.87850349
28.90082761
28.94037650
28.96316137
29.02604447
29.07845448
29.10132732
29.11685676
29.15370141
29.16341306
29.17588422
29.20502707
29.22810745
29.26867117
29.28682757
29.28955015
29.30429755
29.31094809
29.45846850
29.46908893
29.48351689
29.48555051
29.49004057
29.54417779
29.56492602
29.57409341
29.60679627
29.64897909
29.65213150
29.66373462
29.66424334
29.66510898
29.72195667
29.76523759
29.77749148
29.79509237
29.79639525
29.80043344
29.80300278
29.83257484
29.85691042
29.86650456
29.95485585
29.97715969
30.04273341
30.07970386
30.10726793
30.21158252
30.22105930
30.22661632
30.23080940
30.23314979
30.29237286
30.29791867
30.29884292
30.31829463
30.36049561
30.40777358
30.41918041
30.45528750
30.46363126
30.48372708
30.50812447
30.53481990
30.54025255
30.54666994
30.55485331
30.63367512
30.65392603
30.66669231
30.66928779
30.67500637
30.76311795
30.78534729
30.78687831
30.80044365
30.83419079
30.85266056
30.87242399
30.88970829
30.90395759
30.95095099
30.97654339
30.99066143
31.01558017
31.02532314
31.03162439
31.04517183
31.06699578
31.19422448
31.23411593
31.23436000
31.24835289
31.26838832
31.28043056
31.32333543
31.33318098
31.39567349
31.48951048
31.53548053
31.59707405
31.67020555
31.69416535
31.71730708
31.74326198
31.76218932
31.80952767
31.82480119
31.87607412
31.89225000
31.95737764
31.95919329
31.97541388
32.04270841
32.06353825
32.10022562
32.13673054
32.18134700
32.24691383
32.25184967
32.26521925
32.27526030
32.33146243
32.37112116
32.37308096
32.38010786
32.38164913
32.39513000
32.48952121
32.49085286
32.51328656
32.51767911
32.54455557
32.57166765
32.68019869
32.68483776
32.73951107
32.75870292
32.77379078
32.77555352
32.81526590
32.82503754
32.87380674
32.89035883
32.90521275
32.96295448
32.97639641
33.00969925
33.01870430
33.05777172
33.15034834
33.19991964
33.25098617
33.25571523
33.27982018
33.34460797
33.35792987
33.39575670
33.42711627
33.44503181
33.46781262
33.47968724
33.55688921
33.61134377
33.68615005
33.68720282
33.71039295
33.82393356
33.88551896
33.89552423
33.90699372
33.95260881
34.00761624
34.04541915
34.15953684
34.17813851
34.24892457
34.24971048
34.28405837
34.32299768
34.36122937
34.37431365
34.44590203
34.47209752
34.47510406
34.51298688
34.52723923
34.53760758
34.61104241
34.62703875
34.63096106
34.63377809
34.65920569
34.68870972
34.70881745
34.76813777
34.85111512
34.90396742
34.91910971
35.05201020
35.07574351
35.11572883
35.12170840
35.13769396
35.16046050
35.16571106
35.23454705
35.34176642
35.37348122
35.37804689
35.45400204
35.47747407
35.48076285
35.51468143
35.53869749
35.54024145
35.54230989
35.56833164
35.61422093
35.62045425
35.63450942
35.65524348
35.66279764
35.66337852
35.71674679
35.71782849
35.72157179
35.72514266
35.72863185
35.72919624
35.73473815
35.73605408
35.74179505
35.76280044
35.76842587
35.80492722
35.81980208
35.84341081
35.84934601
35.89153921
35.91920828
35.93395087
35.97202446
35.98019481
36.01339707
36.06590559
36.11417195
36.12467028
36.12995062
36.15983744
36.16918756
36.18258096
36.19732304
36.20906757
36.25567801
36.27261601
36.27465846
36.28420159
36.28790187
36.31095932
36.32288773
36.34278501
36.38998521
36.42146384
36.43714528
36.45463312
36.46161720
36.47735780
36.52280463
36.54021824
36.54196222
36.59540974
36.64126382
36.66689382
36.69799503
36.81137274
36.85736994
36.90570146
36.91482731
36.95074061
36.95846499
36.97288076
36.98324689
37.01129814
37.02777126
37.07937544
37.08279135
37.09339881
37.14399230
37.16504189
37.20830964
37.22830751
37.22964028
37.28427285
37.29480802
37.33293533
37.35886309
37.36038530
37.41480404
37.46328849
37.49955987
37.52654015
37.54598428
37.55187733
37.57405131
37.57649805
37.60292485
37.61237563
37.62291823
37.64345301
37.64588238
37.65316204
37.66196167
37.67776153
37.70179774
37.75483418
37.76476842
37.78101826
37.90400720
37.91945211
37.92055270
37.92604619
37.93077295
37.95393748
37.95685520
37.96603964
37.99629217
38.03872852
38.04306467
38.06157557
38.08116063
38.17382948
38.17969078
38.18488166
38.19066888
38.20810965
38.22573904
38.24248451
38.34681902
38.36180843
38.40513644
38.47328360
38.51608701
38.55828544
38.56587724
38.60708722
38.60713295
38.61323960
38.63804044
38.64279793
38.65678234
38.66663546
38.73984765
38.74691067
38.81063788
38.81076234
38.81709623
38.82489156
38.83338102
38.85274218
38.92258674
38.98306557
38.98859734
39.04436656
39.07746098
39.09318886
39.09876275
39.11773387
39.12342011
39.13483094
39.14093052
39.15668456
39.15917248
39.16263638
39.20017085
39.20844248
39.20944409
39.22142230
39.26660847
39.33728681
39.35103000
39.35406261
39.37826086
39.47275507
39.59622493
39.62066343
39.68022969
39.68779622
39.69866860
39.71382429
39.74343792
39.74976729
39.77683246
39.83153464
39.89624019
39.96475117
39.96563014
39.99937744
40.01347967
40.03394294
40.09428452
40.10994611
40.11802561
40.15412663
40.18494907
40.18766621
40.20980993
40.22035670
40.22812912
40.26475587
40.26635777
40.27485606
40.29170203
40.30491206
40.31225730
40.32097817
40.34357874
40.43744456
40.44450275
40.45614109
40.46037788
40.46534750
40.56828050
40.59376946
40.59393529
40.60032428
40.63948241
40.69080423
40.74273082
40.81522943
40.87647246
40.90026495
40.90734675
40.91561053
40.91923086
40.92635540
40.93080625
41.02177067
41.03294191
41.03708901
41.04031327
41.12596866
41.19490821
41.25196567
41.25987610
41.27976542
41.29590638
41.33196504
41.38589992
41.39871583
41.40030748
41.43586239
41.45713456
41.48613287
41.49182602
41.56631774
41.59226084
41.63823158
41.65077678
41.65816586
41.74185975
41.74881321
41.74983359
41.75866964
41.76209684
41.80754532
41.81932257
41.82563187
41.93720345
41.93761796
41.99750946
42.04250294
42.06386095
42.08853061
42.08865656
42.11099814
42.12047053
42.14722277
42.25307484
42.25679565
42.26715946
42.26922803
42.27680209
42.32802018
42.33705831
42.37827982
42.39051387
42.39453995
42.39727316
42.41253763
42.45162925
42.45470179
42.49164192
42.49300669
42.51225748
42.53086996
42.59322756
42.62765689
42.64572181
42.67343886
42.67781940
42.70868440
42.71669896
42.75537357
42.76405640
42.78311821
42.80292899
42.81529259
42.84224999
42.84551301
42.86507818
42.86668799
42.86759866
42.89341517
42.96172941
42.97207185
42.97856393
42.97996719
43.00135286
43.03710598
43.05726186
43.05993724
43.12417579
43.13400890
43.13919187
43.20066263
43.23376413
43.24791297
43.26578378
43.30072238
43.39378057
43.40984882
43.43623517
43.51474316
43.55807830
43.57614455
43.57735576
43.59906917
43.69314259
43.70620700
43.75931873
43.80027482
43.82249249
43.83675028
43.87297232
43.87631980
43.90099541
43.91041011
43.93354690
43.94196866
43.99916527
44.00301484
44.01642695
44.03906182
44.04645192
44.07400705
44.08907454
44.12139014
44.12183214
44.14510492
44.19236612
44.22786565
44.22982676
44.24095553
44.25007743
44.38709876
44.40927392
44.42047152
44.43036860
44.43091255
44.43204675
44.44382225
44.47430861
44.49041380
44.49046578
44.49116955
44.51728735
44.53088414
44.55964497
44.57302429
44.58985097
44.59155380
44.62830063
44.64463674
44.69205334
44.70581322
44.73904371
44.76699966
44.85555339
44.87535172
44.91390434
45.00241673
45.01501915
45.01609963
45.01959506
45.06978319
45.07903124
45.14763323
45.15040118
45.24609416
45.28084147
45.33639770
45.41633372
45.44013177
45.49785874
45.51034232
45.53902828
45.54017419
45.75880196
45.77926255
45.78172527
45.79026501
45.87458503
45.88852493
45.91310328
45.92436111
45.94370115
45.94985672
45.96822705
45.97820891
46.02514377
46.03457545
46.03811203
46.12746546
46.13989458
46.23680933
46.24021440
46.29679274
46.38170845
46.40981941
46.41711515
46.42318750
46.44691608
46.51536148
46.51539223
46.56494924
46.60123029
46.60386389
46.63880562
46.68678770
46.69663196
46.75366098
46.75388540
46.78304848
46.81173145
46.85590072
46.87760328
46.89039998
46.94441766
46.96784481
46.99355346
47.01520646
47.02435192
47.03329319
47.04827753
47.08291373
47.08769659
47.10394164
47.11393379
47.13107436
47.17162895
47.22736940
47.35458969
47.37275537
47.38658568
47.43310522
47.47738451
47.49245515
47.51849498
47.54252956
47.55922281
47.59298209
47.59517142
47.62529627
47.64070197
47.64271697
47.69819760
47.69952958
47.70276904
47.72811261
47.74075299
47.77346959
47.77839128
47.84847672
47.87326061
47.90126188
47.98421614
48.01334697
48.06457274
48.07407866
48.08641351
48.09666970
48.10734267
48.17484796
48.18152258
48.21395835
48.23818393
48.24068379
48.24761776
48.27070129
48.28040926
48.29196954
48.34842304
48.35170576
48.36158802
48.41299580
48.43323623
48.46356899
48.47064483
48.48796730
48.51250694
48.53859511
48.55488397
48.57923477
48.66387690
48.67552691
48.68465710
48.74316614
48.77772604
48.81837589
48.84570035
48.84570568
48.85879797
48.86442287
48.86847385
48.88255802
48.88581907
48.88833907
48.95639301
48.98065722
49.00530537
49.01646154
49.03088909
49.13994022
49.16193782
49.18229890
49.21948878
49.22394323
49.25540533
49.34315585
49.39782817
49.39785098
49.50341576
49.55263861
49.55817245
49.56355998
49.56403320
49.57635348
49.58535417
49.62025281
49.62150532
49.63250226
49.63637822
49.68168165
49.69788044
49.70157205
49.74265028
49.76816712
49.77659744
49.78163887
49.82505750
49.83197579
49.83543970
49.89738454
49.91328926
49.91583155
49.95418768
49.95631652
49.96221540
50.00121855
50.00635047
50.00689356
50.02802791
50.03051052
50.03861439
50.05715261
50.08911046
50.09904392
50.11610724
50.12697091
50.14378446
50.14533195
50.20612534
50.23324599
50.26253439
50.27948266
50.31792928
50.32421324
50.37980753
50.39525128
50.47054145
50.49672373
50.51661046
50.52564030
50.53119861
50.56168212
50.58459069
50.60600896
50.62998129
50.63122054
50.64548972
50.65319976
50.75034570
50.76972476
50.77015274
50.78026639
50.78669958
50.79634238
50.82050315
50.82422768
50.82984575
50.85328791
50.91945946
50.98362261
51.10087025
51.11271548
51.14496776
51.18492913
51.19593685
51.20529210
51.20874035
51.21756743
51.37585087
51.37746594
51.41049895
51.42734888
51.45947441
51.46642605
51.46794953
51.48369213
51.60585831
51.61753622
51.64536073
51.66756721
51.67786699
51.69643747
51.73866087
51.78156833
51.80141768
51.81546435
51.82945554
51.87456027
51.89055067
51.89449403
51.90628249
51.92712571
51.94211366
51.98351084
52.05569467
52.06367307
52.06913991
52.12432386
52.18726352
52.21373904
52.24516247
52.28211379
52.30554865
52.31249205
52.33074259
52.37642623
52.37808873
52.46648378
52.48722960
52.50291044
52.52313481
52.52770061
52.53776276
52.55232431
52.66980823
52.67505218
52.69897104
52.69990828
52.70680131
52.74807333
52.75179601
52.76900066
52.77220367
52.84461306
52.87480446
52.88750259
52.94521183
52.94523995
53.01260665
53.01653794
53.04460200
53.05112392
53.06816853
53.09393466
53.12219205
53.13977495
53.18645483
53.23396059
53.25288974
53.27993366
53.30034695
53.31516266
53.34499305
53.35450992
53.35609048
53.37578363
53.49168539
53.50659894
53.65041907
53.66666537
53.69219751
53.76805274
53.78296443
53.80664653
53.81420686
53.84313672
53.85136699
53.85266123
53.87691974
53.92977579
53.99290159
53.99621745
54.01446336
54.02965868
54.07170516
54.08471965
54.12620866
54.13342462
54.18334341
54.18629246
54.19345401
54.21013051
54.22775565
54.27255661
54.28176654
54.28506772
54.37207048
54.38339514
54.38426164
54.38707080
54.40077290
54.45983055
54.46659684
54.48623760
54.48962904
54.51169250
54.53848594
54.54953111
54.57180594
54.60351767
54.61721447
54.65973008
54.70631974
54.70727301
54.70749239
54.73448244
54.74673856
54.75547225
54.83533549
54.88074374
54.90149854
54.98098032
54.99945865
55.00530368
55.03061728
55.08739518
55.09353800
55.09755879
55.10212203
55.10666337
55.11138588
55.12885828
55.13443468
55.14776601
55.20834091
55.24608091
55.28896123
55.30866721
55.37181865
55.37196822
55.39884115
55.40238995
55.40609683
55.41625135
55.49307437
55.50052227
55.52745580
55.54355988
55.58524574
55.61632730
55.64422864
55.66508953
55.67022375
55.72854369
55.79209423
55.79728824
55.81727195
55.83805013
55.86768255
55.92753616
56.00916224
56.01169043
56.05063874
56.08798549
56.16747962
56.31066595
56.31694657
56.33335776
56.35780623
56.39123645
56.39203006
56.40270911
56.42242517
56.42594704
56.46276587
56.47074726
56.47246718
56.52771943
56.65394734
56.67286745
56.71427204
56.74011020
56.78339998
56.78403275
56.79874112
56.83942600
56.84804862
56.91987726
56.98356702
56.98503457
57.00002581
57.00124242
57.11421085
57.12335711
57.19471923
57.26890392
57.27637429
57.30477408
57.32166902
57.34290422
57.35402779
57.41396972
57.50179923
57.51414198
57.56944480
57.60694563
57.66449982
57.67267996
57.71970431
57.78340366
57.78499818
57.84499241
57.87802513
57.89828062
57.89855154
57.90240937
58.02073153
58.02371272
58.03491692
58.04577660
58.08008733
58.08992626
58.10173450
58.12390643
58.19317239
58.22499808
58.23297355
58.23860301
58.24643005
58.26792042
58.27084772
58.30939911
58.31317855
58.37586685
58.37833985
58.54345168
58.56104569
58.61981588
58.64169054
58.65617406
58.68240259
58.71198772
58.82354076
58.88084993
59.00236235
59.05142882
59.10986923
59.11400336
59.12216186
59.14589906
59.16826082
59.21373581
59.23771427
59.25291228
59.28814475
59.30198933
59.32313648
59.35523667
59.37709410
59.37850066
59.38646351
59.39613276
59.39972076
59.41229909
59.43200199
59.45037329
59.49454422
59.51527008
59.54994860
59.57546690
59.58960093
59.59682717
59.59749681
59.74279257
59.79604833
59.82603011
59.83169081
59.83371105
59.83809279
59.84859899
59.85412590
59.87215057
59.90086061
59.97646156
60.05004787
60.06145593
60.06256545
60.10747157
60.13609470
60.15813886
60.20659318
60.21461389
60.26745461
60.29807346
60.31778469
60.33197457
60.33331959
60.33468974
60.36251508
60.36727188
60.36891316
60.37361009
60.37731439
60.39095158
60.41338119
60.51534484
60.55182452
60.55510884
60.59715093
60.61676672
60.67384458
60.73712148
60.74778877
60.84499924
60.86694208
60.89312025
60.90878309
61.01571429
61.01704904
61.08346388
61.10102330
61.11402857
61.11569436
61.12258938
61.13195330
61.14185820
61.14606279
61.14949677
61.15922009
61.16065988
61.17414428
61.19267808
61.23778224
61.24554229
61.25469592
61.28399342
61.28689240
61.28985572
61.29987865
61.32310799
61.36380676
61.38228987
61.40795736
61.41307671
61.44349031
61.49405407
61.49806965
61.50777342
61.52540936
61.55579692
61.59195060
61.59364106
61.60086846
61.60940569
61.67212445
61.67661002
61.69366201
61.69455697
61.70162642
61.72372106
61.80792157
61.80825502
61.80901534
61.83389602
61.85685217
61.90187220
61.94190202
61.94778182
61.96873941
61.98080011
61.98092617
124.00000000
