0.01564348
0.07299226
0.08451859
0.08852906
0.10970839
0.11237688
0.15465049
0.17420347
0.17477832
0.18295353
0.18321733
0.18533158
0.26012488
0.27784494
0.28468272
0.30205927
0.40070191
0.40357778
0.41620407
0.46448346
0.47562660
0.47983608
0.49717343
0.53792220
0.55677824
0.63582877
0.66640319
0.73394056
0.79792764
0.80064072
0.81847210
0.84078508
0.86770008
0.89753964
0.90460444
0.94820760
1.04496086
1.05374036
1.06895513
1.07712698
1.22031148
1.22499702
1.22925692
1.26744278
1.27505598
1.33296592
1.34135766
1.36826749
1.40557962
1.40779847
1.45165438
1.46797883
1.48061847
1.50956254
1.51780299
1.52398152
1.52870920
1.55318478
1.57798972
1.58278223
1.60847358
1.62856805
1.63997466
1.69213168
1.75413262
1.82170312
1.82759526
1.84715915
1.88772175
1.94339859
1.96866484
1.97986310
2.00850518
2.01693078
2.05423522
2.05870198
2.14230257
2.15954764
2.24975163
2.25757551
2.30353252
2.32755638
2.33675997
2.34453827
2.35084261
2.40707873
2.49335586
2.49350615
2.54789961
2.62565967
2.65238410
2.67343812
2.67750910
2.68485468
2.71641585
2.73694816
2.80742447
2.84885696
2.90701139
2.92488760
3.00742377
3.01819946
3.02694895
3.03274210
3.04822240
3.08228469
3.09342379
3.11613555
3.13260505
3.14061120
3.14211297
3.17901968
3.22717663
3.25830608
3.26211451
3.31536169
3.34112291
3.36022631
3.37600506
3.37997246
3.45327360
3.45576876
3.46473267
3.47712286
3.50844960
3.51813493
3.52153679
3.52604784
3.53190401
3.55214942
3.59875587
3.62040954
3.65123047
3.71322853
3.71864533
3.74742934
3.74960585
3.77187707
3.81447692
3.84427827
3.87575887
3.95311135
3.97868224
3.98034242
3.98424481
3.98428892
4.00252201
4.00987325
4.03612759
4.05968927
4.06645349
4.09786709
4.10137950
4.11526812
4.12146733
4.20213513
4.23925306
4.24194999
4.29019143
4.54216617
4.54737729
4.56842556
4.63940717
4.64270619
4.64286748
4.65177502
4.67669697
4.68088778
4.68233172
4.70165482
4.71504930
4.72078222
4.78710766
4.79851427
4.82687703
4.83130144
4.83963564
4.89409110
4.91935920
4.92573376
4.92911625
4.94406665
4.94682817
4.97819285
4.99159721
4.99999702
5.02937957
5.03252602
5.03556372
5.03990872
5.08549840
5.09228600
5.09576323
5.10786280
5.15292008
5.20141097
5.21937759
5.23404842
5.27758401
5.28881646
5.30823613
5.30921115
5.41634705
5.43400552
5.47555354
5.51941929
5.51949200
5.52093749
5.52993033
5.57098877
5.58504524
5.64481492
5.69056503
5.71067050
5.78646537
5.82501230
5.82915163
5.84814274
5.86772231
5.90965888
5.94141489
5.94674368
5.97267241
6.00185342
6.01488947
6.02288939
6.07053847
6.08767533
6.10576648
6.10583651
6.11356192
6.25865670
6.28051078
6.34326710
6.34585972
6.37640300
6.40163768
6.40812736
6.49881219
6.51985604
6.53815065
6.54516042
6.56138578
6.61470792
6.61854106
6.65033899
6.69707696
6.77273863
6.79179549
6.84142511
6.92610973
6.95400799
6.95951590
6.99654063
7.01085416
7.02094927
7.03626542
7.06867219
7.08770017
7.12644002
7.13647851
7.15472380
7.22579678
7.28116622
7.31602989
7.33174830
7.37275579
7.39232271
7.39934131
7.40115585
7.40975567
7.41302739
7.42220185
7.45742234
7.50060177
7.56726135
7.57525862
7.58366728
7.60970531
7.65957179
7.72398563
7.82104340
7.85002300
7.86141993
7.87013353
7.88149229
7.93689631
7.97892187
8.00647969
8.03552550
8.03892428
8.04437644
8.07083155
8.09260781
8.12989078
8.15547621
8.21883677
8.32631625
8.36004822
8.37251876
8.38041679
8.41421878
8.42419083
8.42966795
8.44631885
8.46211182
8.48988661
8.50104438
8.51510784
8.52493743
8.52806858
8.53881535
8.62525552
8.63445293
8.64705442
8.64712873
8.68966446
8.70953841
8.72385677
8.74412445
8.74716089
8.75622449
8.76391120
8.77313734
8.78402626
8.78880198
8.79144001
8.84325950
8.89084154
8.89471808
8.90726937
8.94253035
8.99392027
9.04047928
9.09088274
9.11104486
9.16613910
9.21462465
9.34054536
9.36021222
9.36600982
9.39298625
9.42291830
9.43854419
9.46431310
9.58859047
9.67215320
9.69093792
9.70872320
9.77142567
9.78148830
9.80809573
9.83155587
9.87443739
9.88853761
9.89585737
9.91155491
9.91627798
9.97116248
9.98091705
9.98903698
10.00128596
10.02272604
10.03057528
10.05146686
10.07364008
10.12451160
10.13093721
10.13308995
10.13613946
10.15057798
10.17096145
10.19938590
10.20667551
10.21128869
10.23070066
10.27234042
10.43049230
10.44934349
10.46850225
10.47135205
10.47214081
10.52498831
10.63505194
10.63600513
10.65635162
10.68430152
10.68654115
10.70199581
10.74127179
10.76095560
10.76273621
10.81084185
10.81140993
10.85473906
10.85893147
10.86601540
10.88958248
10.91374751
10.95170872
10.99152406
11.00807278
11.05323613
11.06029816
11.12024950
11.17619233
11.20396871
11.21580183
11.22777131
11.28012997
11.29164873
11.30975096
11.31956964
11.32135402
11.34159705
11.43977459
11.45102367
11.45508248
11.46991641
11.47359269
11.50497843
11.58732120
11.60161420
11.63007834
11.66944950
11.68801266
11.70810749
11.71649902
11.72933300
11.76869125
11.77591005
11.79036937
11.83320516
11.86587500
11.90017680
11.96450827
11.98943546
11.99598754
12.00262558
12.04932458
12.10327109
12.13237764
12.18856165
12.23932838
12.25814398
12.27717895
12.28224008
12.30258355
12.30441020
12.31813759
12.35541270
12.36887917
12.37634202
12.39422384
12.41372946
12.41537607
12.44905316
12.45143940
12.46179756
12.47393093
12.48444384
12.48540869
12.48768587
12.52198555
12.57322254
12.59973876
12.62437415
12.65226653
12.66909836
12.72509366
12.75179116
12.83118830
12.83998615
12.88771963
12.94178458
12.95608427
12.97694215
13.03329819
13.03454748
13.04991742
13.07581861
13.10248318
13.11826817
13.12190537
13.13680591
13.14661287
13.15565104
13.18081630
13.23277710
13.23879016
13.28840703
13.30099885
13.39992230
13.41683688
13.45665817
13.48342562
13.50326898
13.52297750
13.54422663
13.57744362
13.58808237
13.59796260
13.63883398
13.67409324
13.69229230
13.73134545
13.74662566
13.75723441
13.76132158
13.77975654
13.78506410
13.80885075
13.83208557
13.83293310
13.84003034
13.84084612
13.84837368
13.86155433
13.88761886
13.88948865
13.94713561
13.96105771
13.97952728
14.01287739
14.02774610
14.06833875
14.07995572
14.08042074
14.14483092
14.14578507
14.21070550
14.30378106
14.38621053
14.40050098
14.40672733
14.43610358
14.49531069
14.52897876
14.55072157
14.55289318
14.56293827
14.56742551
14.62538328
14.65360156
14.68897936
14.69871371
14.71896892
14.73757996
14.80962347
14.87148811
14.88425841
14.92301054
14.96715336
14.98972211
14.99135085
15.00153123
15.01109727
15.04307301
15.05022996
15.05244299
15.08531941
15.08928076
15.09144378
15.09558483
15.14298408
15.18707934
15.26566769
15.29623003
15.34410065
15.34820377
15.35785853
15.38885364
15.40548322
15.42929252
15.42957397
15.55822237
15.66577132
15.67623777
15.75926483
15.76988668
15.82853167
15.83265976
15.87504348
15.89618356
15.89958029
15.90516205
15.93204065
15.95824595
15.96088849
16.00200169
16.00224699
16.01126392
16.03018373
16.08153806
16.08598908
16.10775838
16.11762492
16.12302515
16.12402769
16.21672431
16.24916387
16.25977392
16.26914862
16.29514266
16.30198759
16.37931420
16.43286490
16.46686965
16.55185797
16.56569628
16.60268461
16.60817113
16.61372765
16.61605936
16.61906843
16.64259458
16.64990209
16.67062703
16.68512540
16.71942264
16.74769821
16.82242555
16.83582936
16.85759379
16.90184703
16.95422902
16.98048429
16.99578526
16.99961220
17.11652238
17.16709733
17.19481050
17.20560156
17.21285067
17.27195850
17.27936226
17.28043669
17.30042791
17.30487908
17.32783985
17.34424494
17.34999807
17.38822344
17.39198898
17.46095690
17.46479407
17.51406912
17.55220600
17.56837555
17.57942670
17.60839554
17.61008278
17.68679125
17.73472663
17.73655352
17.78923261
17.79366531
17.81471713
17.82091825
17.83287837
17.92204574
17.92502070
17.95304605
17.96172023
17.98933359
18.02573806
18.03800075
18.04460072
18.04624033
18.07634088
18.08199509
18.14476897
18.17390377
18.19946864
18.25484854
18.27040022
18.29232271
18.31226759
18.32378504
18.39263208
18.40299734
18.48386488
18.49474541
18.49983482
18.53542173
18.56669686
18.59908594
18.60154353
18.60504518
18.66037646
18.69580627
18.69591968
18.72058706
18.72752353
18.78748700
18.79302719
18.84433480
18.85297215
18.85738652
18.86764841
18.94070033
18.96164085
18.99040632
18.99908689
19.01583268
19.01612233
19.01847241
19.02999613
19.06085156
19.07954021
19.07987874
19.08247256
19.10167931
19.13609670
19.13621984
19.17475566
19.18509641
19.23657656
19.24896717
19.27921556
19.28591020
19.30562797
19.30846119
19.39764770
19.42114123
19.42783770
19.48655087
19.51744060
19.53422782
19.57942884
19.59167786
19.66779152
19.67403505
19.67557852
19.69076992
19.72282328
19.72296595
19.84186291
19.86329692
19.90414747
19.92163748
19.94063659
19.96640276
19.97007556
19.99813274
20.01752123
20.02147556
20.07361267
20.12437234
20.20557454
20.22013485
20.25690161
20.27484866
20.27989858
20.29455688
20.37434708
20.42317931
20.42675715
20.44011847
20.45454823
20.46335452
20.47939546
20.56050725
20.64005014
20.66072387
20.71796786
20.73304201
20.75814813
20.76064776
20.84201407
20.87413509
20.88084663
20.89626920
20.92767849
20.93190921
20.95716144
21.03715411
21.04783471
21.10303282
21.10390581
21.12215981
21.17574104
21.26827187
21.33241654
21.33855316
21.34139288
21.35048795
21.36164208
21.43286404
21.47302157
21.49591194
21.51479004
21.52544992
21.52979801
21.53395817
21.60501381
21.60821234
21.67668597
21.70690420
21.71108544
21.74816140
21.77431479
21.78982096
21.79292225
21.81460531
21.84036084
21.89438688
21.90860898
21.92196221
21.95686786
21.95924014
21.96653017
21.99858893
22.00674591
22.03664465
22.04557418
22.06517749
22.07766545
22.18402425
22.18679059
22.21378209
22.21715590
22.23482256
22.24686701
22.25025487
22.25262231
22.26082935
22.26127055
22.26421516
22.27364588
22.32909776
22.39145542
22.39196414
22.46171460
22.47452076
22.49437460
22.50938656
22.55507756
22.58383794
22.62155104
22.63663418
22.63888794
22.65294122
22.68353684
22.68882487
22.70084187
22.72354509
22.75703910
22.82349020
22.82462110
22.86434696
22.88880418
22.89112598
22.98634609
22.99684652
23.02305572
23.04090364
23.04532487
23.07115179
23.08402644
23.11466521
23.12917687
23.16024750
23.23332983
23.25896523
23.29381329
23.30379398
23.31201044
23.38865279
23.46199132
23.48149675
23.49029502
23.50918242
23.52031923
23.56317276
23.66089635
23.71938134
23.72710599
23.77791133
23.78522269
23.82182743
23.83333336
23.87277456
23.87640967
23.89081003
23.95298095
23.95522861
23.98788310
24.04964357
24.06366938
24.06565664
24.07385230
24.07948902
24.14944122
24.18905406
24.19118631
24.22394249
24.23976105
24.24421859
24.25436030
24.34970004
24.38021710
24.40571990
24.40927297
24.42181452
24.42571828
24.45531674
24.45935259
24.52069521
24.52083828
24.55098368
24.56563629
24.59254755
24.64597626
24.65557194
24.66969143
24.67581518
24.78616886
24.79043126
24.81997211
24.90267879
24.95139620
24.96497303
24.96748523
25.00805682
25.03288861
25.03407768
25.05819621
25.08120930
25.08316857
25.09534159
25.14420901
25.16116681
25.17986790
25.20376727
25.33368689
25.37237119
25.38053492
25.41081955
25.44442597
25.45599582
25.46510843
25.47933484
25.50933558
25.59514281
25.61599762
25.73550838
25.75757911
25.76073251
25.80157806
25.82929314
25.83583442
25.83872045
25.85252575
25.85804731
25.85899321
25.86342829
25.88368716
25.89271826
25.91100623
25.91477775
25.96325879
25.98787491
26.01307589
26.04822667
26.11549933
26.13911245
26.23649797
26.31411764
26.32576375
26.33759718
26.36682310
26.37470760
26.37885955
26.39237187
26.42556382
26.43057343
26.43498059
26.44491174
26.47933685
26.48102031
26.48411618
26.52257333
26.52650232
26.53176460
26.54307740
26.55437385
26.58220746
26.62911947
26.64436508
26.68280025
26.69861479
26.72225442
26.81529670
26.86187699
26.88792998
26.89246751
26.89250830
26.92898154
26.94515414
26.94761475
26.96136354
27.01706327
27.07941854
27.08775547
27.14077141
27.18931880
27.20501488
27.20699735
27.23023463
27.23963980
27.26477060
27.27050315
27.28111672
27.28210353
27.29741905
27.29806512
27.30055770
27.34373873
27.34479505
27.35246035
27.41924424
27.42220337
27.43002853
27.45670397
27.50088974
27.58541940
27.65094811
27.68989639
27.69570663
27.72571677
27.73219268
27.74112917
27.76434410
27.80803281
27.85103077
27.86389236
27.89748283
27.91793836
27.92391830
27.94988247
27.95236542
27.95424605
27.96871727
27.98247098
28.06576330
28.12699305
28.17094357
28.21034059
28.22648939
28.24366283
28.28851052
28.28922761
28.30907154
28.38044926
28.46899448
28.48928653
28.53788559
28.54210301
28.59906483
28.68301594
28.76907603
28.83112706
28.91151243
28.93783632
28.94110196
28.94599411
28.96850090
28.99316186
29.01347921
29.06528625
29.07163944
29.07467344
29.15746495
29.16970577
29.21172169
29.21387347
29.26626839
29.26642547
29.27456577
29.29590477
29.30301009
29.38740098
29.38923841
29.39022601
29.40147305
29.41238366
29.44578149
29.47764595
29.49236613
29.52949197
29.53180861
29.54438764
29.56141046
29.61199413
29.62515631
29.67851423
29.75455073
29.76268039
29.76829051
29.81634749
29.82288300
29.82402558
29.84713818
29.85344713
29.91749908
29.91942311
29.95485585
29.99616943
30.00206942
30.01462844
30.03116062
30.04273341
30.07779761
30.09157478
30.10100253
30.10987035
30.11732354
30.12177431
30.12783551
30.13474429
30.21329220
30.21460054
30.25620322
30.26395989
30.29237286
30.29966148
30.32791389
30.34560055
30.36561308
30.39543334
30.47533796
30.48636490
30.50628450
30.57834318
30.60427961
30.60677666
30.60695881
30.64943253
30.65164558
30.65226648
30.67703743
30.69110453
30.71495992
30.71908338
30.74369793
30.77527106
30.79868228
30.81724747
30.82214157
30.82569828
30.83243673
30.85577881
30.90595603
30.90816740
30.92685128
30.99279062
31.04878585
31.06153338
31.07904253
31.10318689
31.12054957
31.13804763
31.14251410
31.17365810
31.20044773
31.21904075
31.24525962
31.25981942
31.34170102
31.37281708
31.37704136
31.39087249
31.40553460
31.45631632
31.46685226
31.50020031
31.58014744
31.61364840
31.62120934
31.64035766
31.64664219
31.66102984
31.67275522
31.69072483
31.78968386
31.79363578
31.80773772
31.81535727
31.82412042
31.87203047
31.89597157
31.92784385
31.93377570
31.95185886
31.95919329
31.98330784
31.98340522
32.01233362
32.02662336
32.03718279
32.09206529
32.10233607
32.11665343
32.11793157
32.18134700
32.21165116
32.24081289
32.27315523
32.34469992
32.35437424
32.36348016
32.37308096
32.41637749
32.42406840
32.44323310
32.45829522
32.46046584
32.46663061
32.47112474
32.47773828
32.49924693
32.51767911
32.52493809
32.52766225
32.55951029
32.58770888
32.65223906
32.67295587
32.70915828
32.71720815
32.73429310
32.75051491
32.77481693
32.78517439
32.81984458
32.84868778
32.85908192
32.90282475
32.92396469
32.96319311
32.99317563
33.01399626
33.01870430
33.04234888
33.09174482
33.10883240
33.13006445
33.17357593
33.18895169
33.23484216
33.27204668
33.31196251
33.31771864
33.34405323
33.38827464
33.39897461
33.42291682
33.42493488
33.42562038
33.46404678
33.48876887
33.52441576
33.52482943
33.54301453
33.60881995
33.63633401
33.67040565
33.68174452
33.84474353
33.87707092
33.90669535
33.90699372
33.93640846
33.97481908
34.00119854
34.01929647
34.11203868
34.11688149
34.12777259
34.22083392
34.27033144
34.27235678
34.27823299
34.29934545
34.31204318
34.33096870
34.34641935
34.38734651
34.51087440
34.55663978
34.58989283
34.60395275
34.62490879
34.64689220
34.66004337
34.66218016
34.75404264
34.75579536
34.76637062
34.78470206
34.78499149
34.80637339
34.93896063
35.05476793
35.06553780
35.10474963
35.16687267
35.17763859
35.21082207
35.23849623
35.24521919
35.29047297
35.32785686
35.34985393
35.39507062
35.41493628
35.41717856
35.43182345
35.46927390
35.47128287
35.48130414
35.48449327
35.53730542
35.54984332
35.61883245
35.64640941
35.64958888
35.66366197
35.68230528
35.69953489
35.71267769
35.73279315
35.80492722
35.81099318
35.86859373
35.90813384
35.93715978
35.94371041
35.99290619
36.00978077
36.09256631
36.12024376
36.19732304
36.20555841
36.20906757
36.27022281
36.29193899
36.35982386
36.36234157
36.47193028
36.54215616
36.54810070
36.56433359
36.57216593
36.60694242
36.61956666
36.67389936
36.70158827
36.75990974
36.77766123
36.78917173
36.84525263
36.86649381
36.87035802
36.88937157
36.96165970
36.97288076
36.99711061
37.00036911
37.01129814
37.05513123
37.07225339
37.09988346
37.10669505
37.22639029
37.22751215
37.23646576
37.26471874
37.30192973
37.37012168
37.44232346
37.44563879
37.45804094
37.47192201
37.54363211
37.57747345
37.59096546
37.60041943
37.61241458
37.63269465
37.64232915
37.66502543
37.66563748
37.68543090
37.72786545
37.78436648
37.78563167
37.80297013
37.85816893
37.88040957
37.91436337
37.98145466
37.99540482
38.05849484
38.09096289
38.09182176
38.09685808
38.17684677
38.18045793
38.20296779
38.22192722
38.22679830
38.24374472
38.26907943
38.27682330
38.27812238
38.28749056
38.30838009
38.33786195
38.35443342
38.40835134
38.49727206
38.51893027
38.54466021
38.56740604
38.57700418
38.58691358
38.59366068
38.59479170
38.61835712
38.64259508
38.66597695
38.66658525
38.68109300
38.70420627
38.72972606
38.72990321
38.74304242
38.77793728
38.85647757
38.86915769
38.89869985
38.91695669
38.93647483
38.94462536
38.98080149
38.99828590
39.00667809
39.03165456
39.06413936
39.06745064
39.07474693
39.15570471
39.19495820
39.19590356
39.31819901
39.32337544
39.32703707
39.33157275
39.38332543
39.42188161
39.43544851
39.47725989
39.49742686
39.53936811
39.59257162
39.60313472
39.63406658
39.64416197
39.68276957
39.73382260
39.73634213
39.76404983
39.77251137
39.80508438
39.84858065
39.85192807
39.89757107
39.94988091
40.10025518
40.10267579
40.11744902
40.13561164
40.16448498
40.18144022
40.20083540
40.20588805
40.26136894
40.30289089
40.34055291
40.37848520
40.40960506
40.45962547
40.51485871
40.53253747
40.60870922
40.61637446
40.67017630
40.69901987
40.69988519
40.71115076
40.71118786
40.72436396
40.73212609
40.76349577
40.81564672
40.87374584
40.90526637
40.91500736
40.94540301
40.99649049
41.02177067
41.02501882
41.02619824
41.04187731
41.04593195
41.05019483
41.11124534
41.12112060
41.13601274
41.20605703
41.23870912
41.24382222
41.29590638
41.33196504
41.34195060
41.34612829
41.37732050
41.38204382
41.39364843
41.46327170
41.55877883
41.56476799
41.56631774
41.58058482
41.58910282
41.60209881
41.60292868
41.62014706
41.65447934
41.67074154
41.72765240
41.75510507
41.79334382
41.79605557
41.89485378
41.92052501
41.96811710
41.98890400
42.00966766
42.03219414
42.03757221
42.06055051
42.06361551
42.10051842
42.11099814
42.12182660
42.13531325
42.16996689
42.23338827
42.26695072
42.30285969
42.35945911
42.37074094
42.39991161
42.47871460
42.48312106
42.48554615
42.51476933
42.52328998
42.54119310
42.56094100
42.57926071
42.59148767
42.63517000
42.64648179
42.66520296
42.80515169
42.81187719
42.83621503
42.84509952
42.88004977
42.89845683
42.93909665
42.97856393
43.00603284
43.01094076
43.02556766
43.02902511
43.06071615
43.10781001
43.13558652
43.14962483
43.21217180
43.30836064
43.36456442
43.39996271
43.40984882
43.42667177
43.45765286
43.47021922
43.47200468
43.47577133
43.55956829
43.61879927
43.64141324
43.69746987
43.71179749
43.72778982
43.77324656
43.80212986
43.81512666
43.81680223
43.82315897
43.86273087
43.87562114
43.87588373
43.92613498
43.95519671
43.96005319
44.00671347
44.07419938
44.08907454
44.10402733
44.11034176
44.12373117
44.14557911
44.15978767
44.17325111
44.17557361
44.19197887
44.20208510
44.22308110
44.24832900
44.28759787
44.28913213
44.29043793
44.31461972
44.34043559
44.37748498
44.45313525
44.49041380
44.52310052
44.53855057
44.54774573
44.56100003
44.56705345
44.56851633
44.65168653
44.67895590
44.71035855
44.71243382
44.73131124
44.74181213
44.81247854
44.85205981
44.85799452
44.87149575
44.93746089
44.94922715
44.98994273
44.99934096
45.04974844
45.09077903
45.10072056
45.13306091
45.14305201
45.17858827
45.21295990
45.21892753
45.26229084
45.29693450
45.34020975
45.38144546
45.41504696
45.43043166
45.52860573
45.53471201
45.54017660
45.60690818
45.64208880
45.66451826
45.69703587
45.73393006
45.76855065
45.77794459
45.86229529
45.86315859
45.91686343
45.91875356
45.92449777
45.96675347
45.99059092
45.99075271
46.01197534
46.02409436
46.04606789
46.10010828
46.11827093
46.15783355
46.17456414
46.18495188
46.22867910
46.22935529
46.34731061
46.35046778
46.36004607
46.36067928
46.37184198
46.40025241
46.41711515
46.44128446
46.44654242
46.49855318
46.51067144
46.51108507
46.54208561
46.54400518
46.56093643
46.63644377
46.66335268
46.66447158
46.70324762
46.75366098
46.75391417
46.77549140
46.78134798
46.86371678
46.89808655
46.91251922
46.96237840
46.96784481
47.02435192
47.04259492
47.06257457
47.14411809
47.17162895
47.19405778
47.21028054
47.25335955
47.31827301
47.36075380
47.47282826
47.47738451
47.48682367
47.57242640
47.62694271
47.65531353
47.65859957
47.68484189
47.68537767
47.68668322
47.69243870
47.69661466
47.74085193
47.80572426
47.83361982
47.91182505
47.98075193
47.98645138
48.02166436
48.02241400
48.08295346
48.08954636
48.10318507
48.11749680
48.14377692
48.17155725
48.17323011
48.20752041
48.22056327
48.27708699
48.27765820
48.32816748
48.35930754
48.38456900
48.42300597
48.44701064
48.51250694
48.53376131
48.54175280
48.55891174
48.56724843
48.62204424
48.62583572
48.62886073
48.65798912
48.65804209
48.73302030
48.75801375
48.79500642
48.79732431
48.83904475
48.90023794
48.95247593
48.96714374
49.02339444
49.06181166
49.09107698
49.09577766
49.16295200
49.17150081
49.26411160
49.33115362
49.34698622
49.36294589
49.40546104
49.40730228
49.42339772
49.45632711
49.46833741
49.47247490
49.54563032
49.56403320
49.56985139
49.58718588
49.59345926
49.62531371
49.66800948
49.70958338
49.72475012
49.76626460
49.78953547
49.85727712
49.86611572
49.90504417
49.90701915
49.94093992
49.98304286
50.01677741
50.01739058
50.03942351
50.04941823
50.07271371
50.11558881
50.17555395
50.27109651
50.29253767
50.31987538
50.35729396
50.36193630
50.39413717
50.40899369
50.43448159
50.54427283
50.54529271
50.54637172
50.56202536
50.57453051
50.59421001
50.60989258
50.62210018
50.62377103
50.62908409
50.63435305
50.64517455
50.64597891
50.67848169
50.69587438
50.70752317
50.71311329
50.72028041
50.75034570
50.78026639
50.81631281
50.82050315
50.87469288
50.88953464
50.92895988
51.00835183
51.04077122
51.08153779
51.08334532
51.09316815
51.11068255
51.11388548
51.13089359
51.13204831
51.15678644
51.18282940
51.21769887
51.28321287
51.32073437
51.32770426
51.34432456
51.35791444
51.36299074
51.38105174
51.39781124
51.45947441
51.46880454
51.48249127
51.48986781
51.52249604
51.54649239
51.57491204
51.57601502
51.59041199
51.60585831
51.63678251
51.64968175
51.70390503
51.71858339
51.75584560
51.76183500
51.77521218
51.77876108
51.83095353
51.83822291
51.86285532
51.86696273
51.88364504
51.90281225
51.90736715
51.91957872
51.93266047
51.96922411
51.98351084
51.98353673
51.98940398
51.99279136
52.01025341
52.04038979
52.05198364
52.05752765
52.08820884
52.09839369
52.11675210
52.12320283
52.12883036
52.17873280
52.21027143
52.22594207
52.22655395
52.26767474
52.28150535
52.28530601
52.30848027
52.32042757
52.34366231
52.39618591
52.40268410
52.48670591
52.48781163
52.51209775
52.55313573
52.56898575
52.65776487
52.66641108
52.67069388
52.68515998
52.71190135
52.72540419
52.75889847
52.76454470
52.79009676
52.79788099
52.91280421
52.93710527
52.93976189
52.96559469
53.01279318
53.09214498
53.09662884
53.10159693
53.23039899
53.24610208
53.25189176
53.30492577
53.32840646
53.33400956
53.33899044
53.34771021
53.35628468
53.36524506
53.41392511
53.42334971
53.44072649
53.45269784
53.45527644
53.46148945
53.49755822
53.52674188
53.52914885
53.55069370
53.61328159
53.65272354
53.70003790
53.72407174
53.75110162
53.76175878
53.78527745
53.85627945
53.86724718
53.87891447
53.94068589
53.94764576
54.02706683
54.02715926
54.06006924
54.07489346
54.07928705
54.11888810
54.16631450
54.22060939
54.22228844
54.26241866
54.29314797
54.32365108
54.36048136
54.37872699
54.38624871
54.42305840
54.46759415
54.51602832
54.55171558
54.55768654
54.56543191
54.58248305
54.60264908
54.61474794
54.64005761
54.68666205
54.74961392
54.76056256
54.76604854
54.80657034
54.83124897
54.91128195
54.91399462
54.94028737
54.97689149
55.00074358
55.08148621
55.10051077
55.11213521
55.18749038
55.24608091
55.26009340
55.28709595
55.31580399
55.33151662
55.35787281
55.38784766
55.40511945
55.42238476
55.43188762
55.47320004
55.49199310
55.53082015
55.58925182
55.59757311
55.60851524
55.61099417
55.62939257
55.68970793
55.72606383
55.79355064
55.79508790
55.84149459
55.96704937
55.97602131
56.07769130
56.17206690
56.17391110
56.21617862
56.22454271
56.24411205
56.31678044
56.33704885
56.38378479
56.39226034
56.39748515
56.41412315
56.44246255
56.49831055
56.51091326
56.54123713
56.61971610
56.63862489
56.68292477
56.69596051
56.71257270
56.74811490
56.75779846
56.76630473
56.78401666
56.88214107
56.88269428
56.88700639
56.91333434
56.95264796
56.98614259
56.98887523
57.00190834
57.03176846
57.05071013
57.07633382
57.07838297
57.12372457
57.14259806
57.16909539
57.18029380
57.20764792
57.28142038
57.28802902
57.31771778
57.32355462
57.35582867
57.36275075
57.36462638
57.37982831
57.49165868
57.54735828
57.55324021
57.58159406
57.59911786
57.60421511
57.62167226
57.65918196
57.71249226
57.71597272
57.72721021
57.77665437
57.79594543
57.84674006
57.85930388
57.95800420
57.97953371
57.99112945
57.99504739
57.99631343
58.02542937
58.09447150
58.10058874
58.12456992
58.13564553
58.15409527
58.18169689
58.18826438
58.24643005
58.27272327
58.29389174
58.29840498
58.36032412
58.37860837
58.48855370
58.49039074
58.49100656
58.53218191
58.56845598
58.59189549
58.61798826
58.61981588
58.62436081
58.62842909
58.67235028
58.67860766
58.72581834
58.73874122
58.77932651
58.85281413
58.86018903
58.87171650
58.89484533
58.90941429
58.96634446
58.99209653
59.01424131
59.10846765
59.14784281
59.20873094
59.26939302
59.27055230
59.31258765
59.33468307
59.33983784
59.36778545
59.38272982
59.39321150
59.44784398
59.51377801
59.54953042
59.56068609
59.59918862
59.62189959
59.63441420
59.63808279
59.66227943
59.66248664
59.71463786
59.73665820
59.75039224
59.83169081
59.88338428
59.88359477
59.89332929
59.91897320
59.96338717
60.01531055
60.02294879
60.17841586
60.23903693
60.25624646
60.27771681
60.28478078
60.28985767
60.32145663
60.35622476
60.38100775
60.42698965
60.45491673
60.45872703
60.47842973
60.48973907
60.52648268
60.58949464
60.63290267
60.68571347
60.75398626
60.79691067
60.80639374
60.83101378
60.86581339
60.88185482
60.99272416
61.00157140
61.06263423
61.08346388
61.08855469
61.09298856
61.13255576
61.13881614
61.14306539
61.14614019
61.14744341
61.14753832
61.16693399
61.20677799
61.23255107
61.24554229
61.26070260
61.35328573
61.35479246
61.37987581
61.41249907
61.41307671
61.43014840
61.46152839
61.48354090
61.51168770
61.51343365
61.53550247
61.55393187
61.63420324
61.67661002
61.72372106
61.72804825
61.72981502
61.92914604
61.99477520
62.00535346
124.00000000
