0.00616052
0.01226011
0.01606275
0.05817043
0.07923955
0.10512324
0.14246119
0.14661629
0.15880757
0.20090442
0.20308836
0.20813550
0.21014538
0.24796937
0.25414091
0.26262882
0.27336424
0.28182189
0.28582759
0.38423332
0.38475810
0.40243830
0.41351659
0.46861571
0.48173015
0.49470936
0.50396175
0.54246938
0.55538658
0.55782414
0.55980417
0.56037517
0.57900631
0.62380749
0.64942193
0.66476393
0.67508622
0.69547805
0.71515031
0.72213227
0.72339120
0.82141283
0.84399123
0.85918155
0.93739268
0.94530514
0.95812409
0.95919151
1.02904296
1.05200067
1.07241542
1.08709750
1.09091318
1.10466521
1.10880611
1.12486088
1.14579870
1.14780474
1.15163459
1.21426865
1.22848206
1.23156620
1.24786009
1.25468235
1.26587356
1.26939705
1.28834309
1.28834476
1.31529344
1.36059387
1.39625237
1.53273148
1.53288723
1.53576237
1.53877040
1.53931062
1.55260752
1.55921191
1.58505807
1.58556226
1.62849148
1.63956773
1.71130111
1.79550168
1.83018166
1.83212178
1.88529332
1.88850371
1.90343406
2.01290196
2.01961449
2.03179711
2.06065959
2.06391700
2.07074884
2.07738778
2.08640852
2.09118109
2.18313508
2.18636237
2.21218025
2.25787082
2.28303634
2.28487309
2.28679383
2.30693670
2.37002253
2.40323358
2.42178349
2.48443545
2.49516112
2.52637382
2.54374227
2.56663571
2.60737434
2.64257769
2.73258293
2.75505398
2.77480867
2.80890003
2.85367993
2.87020701
2.87852611
2.88051656
2.88201991
2.90925754
2.97984795
3.00156929
3.01375025
3.02133753
3.03449672
3.03945813
3.07763083
3.09798017
3.11097245
3.11485829
3.12187089
3.14061120
3.14326947
3.20016653
3.21253534
3.24609047
3.29292145
3.29511790
3.31536169
3.32401595
3.39983986
3.40332564
3.45392011
3.50782257
3.54137074
3.54802967
3.56387234
3.57403970
3.58909092
3.61059589
3.73025246
3.74328120
3.80841264
3.81373521
3.82079984
3.83926524
3.86711524
3.88864709
3.89848634
3.90055702
3.90142832
3.91505624
3.93337616
3.96288283
3.97283341
3.97391514
4.04673058
4.07341799
4.09062472
4.16452335
4.22710834
4.29316641
4.32393175
4.33349990
4.35748306
4.36566409
4.38391272
4.43721051
4.46002234
4.48882107
4.49598623
4.49850062
4.54883229
4.57921015
4.58259681
4.64696901
4.69103211
4.72029899
4.73656144
4.76989430
4.78070778
4.79158394
4.79755141
4.79851427
4.80325716
4.81931680
4.82117739
4.83174686
4.85257287
4.85818452
4.87814375
4.94514478
4.98533805
5.00472025
5.03593163
5.03728162
5.10520344
5.10968952
5.12155775
5.15810255
5.16326500
5.17472371
5.17572790
5.18986721
5.20141097
5.23733823
5.26161310
5.27181885
5.28837615
5.30365202
5.31788473
5.37092088
5.38548428
5.47107737
5.49110937
5.57098877
5.59006171
5.64742456
5.69232365
5.69818882
5.70657456
5.72860351
5.73259162
5.73327943
5.75691893
5.76471625
5.78849625
5.79049084
5.83416612
5.87363899
5.92169503
5.97144485
5.98352842
5.99307515
6.02352131
6.07032422
6.07498226
6.12724533
6.14466127
6.16052277
6.16264909
6.18931139
6.21450341
6.24287578
6.26176134
6.28156702
6.28260445
6.30602220
6.32387419
6.32492145
6.34376381
6.35438236
6.37354393
6.40580120
6.46105667
6.49881219
6.53815065
6.54638790
6.59618379
6.61007774
6.61208867
6.62050867
6.62204484
6.62981525
6.64089326
6.65542137
6.66481078
6.69268405
6.70876517
6.73141711
6.73594499
6.77068753
6.80303492
6.84310356
6.87152457
6.87747645
6.93173082
6.94878297
6.96020463
6.96743503
6.96886764
6.99385903
6.99654063
7.00210252
7.06238547
7.07642864
7.10661106
7.11569978
7.13136937
7.16875130
7.23694195
7.26168280
7.27181006
7.32624615
7.35976195
7.42709727
7.43234651
7.45855589
7.46663078
7.48174809
7.50027507
7.50618483
7.51898324
7.56276455
7.58492508
7.62660417
7.63585301
7.63838970
7.71826208
7.73762869
7.77245574
7.85389781
7.86209619
7.86355463
7.86945622
7.87217964
7.91016747
7.93345417
7.94541646
7.99187186
8.06672606
8.07890392
8.10044057
8.10145900
8.10596551
8.11022165
8.24580899
8.25353744
8.25673383
8.27282844
8.41169428
8.42914028
8.43900512
8.47143261
8.61941304
8.64074409
8.64208378
8.64925412
8.66616718
8.73430574
8.75015133
8.86781850
8.90762349
8.92043135
8.93920713
8.94790449
8.96178123
9.00799329
9.03914240
9.07215123
9.11770228
9.11800995
9.15380311
9.19843899
9.20373632
9.26903364
9.36861282
9.37003887
9.37022142
9.37146072
9.44842638
9.49931500
9.50668698
9.53240143
9.55407077
9.56083822
9.60213895
9.73591580
9.74887963
9.75739219
9.82613819
9.82652585
9.83340893
9.83983506
9.85002264
9.87608782
9.87943492
9.89418375
9.93014517
9.94330094
9.95267371
10.01165987
10.04625301
10.07121403
10.07447040
10.07842310
10.11602466
10.12663500
10.14769335
10.16374533
10.22760959
10.23341566
10.30225610
10.34026570
10.41354601
10.41422705
10.47214081
10.47905281
10.49603221
10.52973813
10.56547583
10.62949600
10.63261873
10.67856371
10.73141654
10.73754719
10.80479695
10.82783505
10.84996343
10.85473906
10.86330786
10.88355014
10.89351780
10.89739857
10.91332418
10.91374751
10.92763964
10.95225494
10.95506757
10.96244574
10.96780452
10.97492602
10.97506366
11.02579358
11.05289246
11.05937776
11.07425562
11.12058512
11.15101158
11.19054672
11.26785710
11.27367714
11.28012997
11.30975096
11.36600648
11.39226713
11.41089726
11.44852958
11.46991641
11.47188441
11.47359269
11.48132440
11.50273753
11.51800775
11.54552809
11.58780254
11.60833406
11.61467411
11.68903863
11.74959882
11.77227831
11.83259492
11.88626367
11.94741688
11.98076360
12.02311980
12.04932458
12.06230027
12.11201951
12.14835986
12.17041512
12.17693432
12.18856165
12.20077692
12.20721217
12.25465285
12.26899010
12.30258355
12.31325388
12.35541270
12.35626405
12.41835828
12.43451205
12.47512208
12.47963395
12.48739645
12.52059008
12.56769982
12.60216387
12.62101171
12.62515268
12.67647848
12.69220986
12.73827413
12.74660083
12.78087775
12.79234844
12.84310781
12.86653925
12.90112645
12.97004233
12.99561307
13.00561773
13.01033146
13.04126506
13.06502898
13.07884461
13.10148136
13.24798499
13.27709652
13.30335410
13.34025075
13.43290204
13.45459386
13.48489039
13.49610004
13.50510253
13.52870307
13.53014082
13.66585550
13.68654075
13.68963077
13.71250031
13.72581334
13.87518917
13.90291331
13.92336727
13.95453563
13.97042496
13.97786714
13.99847672
14.03123385
14.10392338
14.11580118
14.12454058
14.15745276
14.18746865
14.20007555
14.20455196
14.20970941
14.27431823
14.38056706
14.42909049
14.45927746
14.53662992
14.60213839
14.61674213
14.66131912
14.66820108
14.68802712
14.69741060
14.73682961
14.77861809
14.81694208
14.89624386
14.91256043
14.95919434
14.97306975
15.00659624
15.05002053
15.06080620
15.07157370
15.07859166
15.10915282
15.11866180
15.14298408
15.17429654
15.22368153
15.29262872
15.34431652
15.34479330
15.38785308
15.43284167
15.50471125
15.51011824
15.52520714
15.54411595
15.55997064
15.59079019
15.62875689
15.63708106
15.66082237
15.67918645
15.71332600
15.81609760
15.82206397
15.93390572
15.97809128
15.98769000
15.99699106
16.00973713
16.02864881
16.05775930
16.08267261
16.08697198
16.09514116
16.09552655
16.11762492
16.12752809
16.15714714
16.20259703
16.30198759
16.32210742
16.32411900
16.32992887
16.39225962
16.39335885
16.39369003
16.39968283
16.43800475
16.44449212
16.44941647
16.45025400
16.45189722
16.47423441
16.48943357
16.58921195
16.60478531
16.73077911
16.76074304
16.80875360
16.81138169
16.81245780
16.84652195
16.92514158
16.96085581
17.04213451
17.11329665
17.19788809
17.21460018
17.22314323
17.24520507
17.25884493
17.26045401
17.30954802
17.33622845
17.34867936
17.38280298
17.45851199
17.67791482
17.68327802
17.73018849
17.75224600
17.81906152
17.83524760
17.83710221
17.92175021
17.92502070
17.94376974
17.95166904
17.98589609
17.99624327
18.01891959
18.03951282
18.06558865
18.10230399
18.10755503
18.16219715
18.17670478
18.17710437
18.21195526
18.22243729
18.22542660
18.27040022
18.28591552
18.30468256
18.33621126
18.42371837
18.49003057
18.51376428
18.51601328
18.52235697
18.52322408
18.54692257
18.55828576
18.57082898
18.57643834
18.59437090
18.60124634
18.60964180
18.61628129
18.63245091
18.63819828
18.67541034
18.67876154
18.72442449
18.76121591
18.76405853
18.76416330
18.76754234
18.79814348
18.82011652
18.84037683
18.84867045
18.88998386
18.94949143
18.95202308
18.97544695
18.99078459
19.01007549
19.01847241
19.04167494
19.10397726
19.14494136
19.15403229
19.15508252
19.16658927
19.16683940
19.20040410
19.35899373
19.38732174
19.44533638
19.45169463
19.52445533
19.53097561
19.53121401
19.53720392
19.57439089
19.60305410
19.60397135
19.61894981
19.69076992
19.70757873
19.76954950
19.78812389
19.81050254
19.87425657
19.89874555
19.99405087
19.99531455
20.02082492
20.06194954
20.08441842
20.08912613
20.15487407
20.16066728
20.17013390
20.17976245
20.18474984
20.19901265
20.26266570
20.31650178
20.40371543
20.44351988
20.48515212
20.50786881
20.67843544
20.68174111
20.68641453
20.79281356
20.82804020
20.87977435
20.88084663
20.92456891
20.95113433
20.95408803
20.95726853
20.98364431
21.08054050
21.09909704
21.09972185
21.12050850
21.16777662
21.17574104
21.18352971
21.20414257
21.23681014
21.27192234
21.35048795
21.40336079
21.44034465
21.44609173
21.45424311
21.50867331
21.53395817
21.56064435
21.56320596
21.57540321
21.61038516
21.66882511
21.71405661
21.74602134
21.76260675
21.76291635
21.77277109
21.79292225
21.80751499
21.83450675
21.84456268
21.90117193
21.90623366
21.90792084
21.91504989
21.92417063
21.96139619
22.02687634
22.03599827
22.05499018
22.09648333
22.14805068
22.18834208
22.20853580
22.23497479
22.24883948
22.26747773
22.27518519
22.27564547
22.30271517
22.30583645
22.31972620
22.40798648
22.45189996
22.46189509
22.49326583
22.49851113
22.56083137
22.63693057
22.64001628
22.65310204
22.67178223
22.72135596
22.76716296
22.77863941
22.79447980
22.82708459
22.85730292
22.87582695
22.94760380
22.95861235
23.02367951
23.03708728
23.03798182
23.05018048
23.10152140
23.11478298
23.12341370
23.14847782
23.18384945
23.20583187
23.29419135
23.31457887
23.32763787
23.45105001
23.45701816
23.45716932
23.47720355
23.54662664
23.55548787
23.56379872
23.58436694
23.59732258
23.62556763
23.70422736
23.72710599
23.73925286
23.75248853
23.79531619
23.81697552
23.82690205
23.87757020
23.88435852
23.89534096
23.97191153
23.97870027
23.98411045
24.00695075
24.01058801
24.03550747
24.06080083
24.07091274
24.11534013
24.15937771
24.16384143
24.19118631
24.22577129
24.24421859
24.25373159
24.28930257
24.29857445
24.33022679
24.35080029
24.38942494
24.40665521
24.41570859
24.43721503
24.44961735
24.45213600
24.45732105
24.50404801
24.57228420
24.57698742
24.58506906
24.60024643
24.64906705
24.68247187
24.69687090
24.74266727
24.75318139
24.77241869
24.78770808
24.80363549
24.80433871
24.80825452
24.83421225
24.83730094
24.84757522
24.87890702
24.89146798
24.92169101
24.94346257
24.94683260
24.99376644
24.99523452
25.06640699
25.06994692
25.08364461
25.15453025
25.16388961
25.17610805
25.17620333
25.21099083
25.24097049
25.29415249
25.32719385
25.36114861
25.39692184
25.41575832
25.42042253
25.42437820
25.51450026
25.54188004
25.57201907
25.59654127
25.60320320
25.63471351
25.64933428
25.65693362
25.65799138
25.66928253
25.69066971
25.70277029
25.72806031
25.73328221
25.75846537
25.76949824
25.77807386
25.78996068
25.81870594
25.83487498
25.85107363
25.85211972
25.86192513
25.91054299
25.92605150
25.93245951
25.93507542
25.97038577
26.03731622
26.06521929
26.09831183
26.10215049
26.10248107
26.13050112
26.13349437
26.17118889
26.17198227
26.28144478
26.28645817
26.31411764
26.32229535
26.37292497
26.39056587
26.40096324
26.44870963
26.47512196
26.49110819
26.50616774
26.56101428
26.58086725
26.61038246
26.61590071
26.62980868
26.65280728
26.65524568
26.65881617
26.67885711
26.68795901
26.69680837
26.71621636
26.73943299
26.75181646
26.83249027
26.86176545
26.88191569
26.89261586
26.89815472
26.94885523
27.08009378
27.11070764
27.13995829
27.26006242
27.29079594
27.31869533
27.33529139
27.34479505
27.38169653
27.41666231
27.47224154
27.51101254
27.54078566
27.54538510
27.57321420
27.64295542
27.64463351
27.65889456
27.68181494
27.74141493
27.77548879
27.79012922
27.86892762
27.87790764
27.90005689
27.90347199
27.92466722
27.93834495
27.99334532
27.99779358
28.00647100
28.03948881
28.05444383
28.15658999
28.16127890
28.17756907
28.19845445
28.28532651
28.30670035
28.30853278
28.33173904
28.35314095
28.38809451
28.41449898
28.46697540
28.50214604
28.51432440
28.51983961
28.55492436
28.57034179
28.57093033
28.58525523
28.59285427
28.63750087
28.63953626
28.79157706
28.85220186
28.85392664
28.85881293
28.86658226
28.86802038
28.92399804
28.98127405
28.98186578
29.04707563
29.06734912
29.11112813
29.13465368
29.15746495
29.16042393
29.25231018
29.25775273
29.27456577
29.27886639
29.28210503
29.28455469
29.30505058
29.47011090
29.48351689
29.49236613
29.49535856
29.52001596
29.53895688
29.55224781
29.56485308
29.57656987
29.58550226
29.59539945
29.60943060
29.63187929
29.65937249
29.66541786
29.67535383
29.69394813
29.72072732
29.73451583
29.76202343
29.76373923
29.83284362
29.85344713
29.88547392
29.92368029
29.94784790
29.96353800
30.09433907
30.10789180
30.16825969
30.19068597
30.19759347
30.20565805
30.22978144
30.23564545
30.26935599
30.29793096
30.31063192
30.32706866
30.32949799
30.32956587
30.33020134
30.33962756
30.38264083
30.38972397
30.40777358
30.41270303
30.41822144
30.41918041
30.42443558
30.42556810
30.46375456
30.46649845
30.48814415
30.50696245
30.51886962
30.57672067
30.61965482
30.65164558
30.67256568
30.76742679
30.76841906
30.78687831
30.83042844
30.86892714
30.87242399
30.87250624
30.87333884
30.89672147
30.89891698
30.90389643
30.95671024
30.95743257
30.97845465
30.99066143
30.99283124
30.99418581
31.07159617
31.07431357
31.13299416
31.16837358
31.20184091
31.23264833
31.30111944
31.34957739
31.35513914
31.37402166
31.38372211
31.39614740
31.40517468
31.40993271
31.45146369
31.55568760
31.58532850
31.60305102
31.62120934
31.63871182
31.67137695
31.68726009
31.74248342
31.75328785
31.84670363
31.86019277
31.86471127
31.88598578
31.95546738
31.97885416
32.04673188
32.05637824
32.06682047
32.07781162
32.08492679
32.11081115
32.11793157
32.16143414
32.18134700
32.19890031
32.20097415
32.26296094
32.27765052
32.32058055
32.39421407
32.39665839
32.39925660
32.44901641
32.45829522
32.45871843
32.46176951
32.48049256
32.56053908
32.58168387
32.58425135
32.58633081
32.58950835
32.59452993
32.62985656
32.66635656
32.69707372
32.71835780
32.81111888
32.81732364
32.87104962
32.88064110
32.88770724
32.92259557
32.96200666
32.97099909
32.98611137
33.00679014
33.01080182
33.01399626
33.04649259
33.05005548
33.08118642
33.14948634
33.15857002
33.17592241
33.18448142
33.30453174
33.36972415
33.37329456
33.37513121
33.37556272
33.38895552
33.40349739
33.40572219
33.41821389
33.43244391
33.46697371
33.46781262
33.50708327
33.51758259
33.52996441
33.53170744
33.53785678
33.60965247
33.62179553
33.63191934
33.64940484
33.67817016
33.68283690
33.69635373
33.72827572
33.75005564
33.76219993
33.76991731
33.78030447
33.80118298
33.81237808
33.88188243
33.90583102
33.98050280
34.01985629
34.03448330
34.04142097
34.04796877
34.07495714
34.12644278
34.17606293
34.22404539
34.23733308
34.26964046
34.27823299
34.34506836
34.34682721
34.38245345
34.39806199
34.40063502
34.40735395
34.41387942
34.43258767
34.49048068
34.50138263
34.50899796
34.51090623
34.55985345
34.59378679
34.59629402
34.60698634
34.66877383
34.69047887
34.69245566
34.73863777
34.74309346
34.74370785
34.74917161
34.76298284
34.76482912
34.76813777
34.77799597
34.78285387
34.79561598
34.80495936
34.80637339
34.82467219
34.87929846
34.88078013
34.90061157
34.91079195
34.94721741
34.94737154
34.99527324
35.01252403
35.01896201
35.02581839
35.09465013
35.11982917
35.15294286
35.18437504
35.18519405
35.19353903
35.21082207
35.21433298
35.25506208
35.26685049
35.28174033
35.31067224
35.33713538
35.33909535
35.34746740
35.36143133
35.37307397
35.37923262
35.40677041
35.41454296
35.44339914
35.45909750
35.47712763
35.48850744
35.53563376
35.54638200
35.55204989
35.55220876
35.57726398
35.58009300
35.60500431
35.60662834
35.61779528
35.64647230
35.71735906
35.71761490
35.72246021
35.72440339
35.73299351
35.74179505
35.74417728
35.74953556
35.80387476
35.80667260
35.81858062
35.83409757
35.83902036
35.86764220
35.87869605
35.88151183
35.92258229
35.96068105
35.96662564
35.97109923
35.99942003
36.00794524
36.01339707
36.11866239
36.11954471
36.12240377
36.12476513
36.15615139
36.20226795
36.20555841
36.20884281
36.25652102
36.27649877
36.28611411
36.29304981
36.32610924
36.34210373
36.42520000
36.50400147
36.50694917
36.52302622
36.52739727
36.54923719
36.56924756
36.60421722
36.63049154
36.64933139
36.66493168
36.78341471
36.80706566
36.89803050
36.97924130
36.99711061
37.01129814
37.01543865
37.06632385
37.07225339
37.09436196
37.12359206
37.13704250
37.16085458
37.16489350
37.19369788
37.19721322
37.22830751
37.22963673
37.23494455
37.23646576
37.24701972
37.39739640
37.40194075
37.42698545
37.44733350
37.49991743
37.56026920
37.56375942
37.56395693
37.59592048
37.73355207
37.74285451
37.76476842
37.78563167
37.83850074
37.85624698
37.88268177
37.89054652
37.91945211
37.95509115
37.97142989
38.00197930
38.00333333
38.06877397
38.07826728
38.10598462
38.13299618
38.15020809
38.15093208
38.18348689
38.19213671
38.22373898
38.33637687
38.35234883
38.46237973
38.48169889
38.50680355
38.52153379
38.60808730
38.61939931
38.63242602
38.64259508
38.72990321
38.76723839
38.81320413
38.82212032
38.82442616
38.86298261
38.86608290
38.90081426
38.92791696
38.93647483
38.96923849
38.98996358
39.00667809
39.14510033
39.15148394
39.17386256
39.20222861
39.20897545
39.23059138
39.25059022
39.28088614
39.32337544
39.33419959
39.34315648
39.35548686
39.37059021
39.39488669
39.41006763
39.42193731
39.48616031
39.54126591
39.55567454
39.56571927
39.63861925
39.68734603
39.73968633
39.74338795
39.77641482
39.83153464
39.83562726
40.01081421
40.03182329
40.04484313
40.07570677
40.09034594
40.10994611
40.11032093
40.14186935
40.15271138
40.15412663
40.21011103
40.24097154
40.24136431
40.27548485
40.28890175
40.30286871
40.32466474
40.32934717
40.33455077
40.34357874
40.37517448
40.39721827
40.41099287
40.41120432
40.41144013
40.42932617
40.55827168
40.60870922
40.61716489
40.61735664
40.64921143
40.67654664
40.75721064
40.79091817
40.79449719
40.80061189
40.86206742
40.88200829
40.92218316
40.92826422
40.94370124
40.95080240
41.01133441
41.07146900
41.09408243
41.15401247
41.18494395
41.22459110
41.24772179
41.25987610
41.28437120
41.33196504
41.34096700
41.37192851
41.39193671
41.42021895
41.42134646
41.42406331
41.47728015
41.51520894
41.57975202
41.60439776
41.61779390
41.63060123
41.64306452
41.66740924
41.72690997
41.78828193
41.84899694
41.84995078
41.91410999
41.92688755
41.94691257
41.95743529
41.96936580
41.97110806
41.98130947
42.04050727
42.08416935
42.08551423
42.08906320
42.10713666
42.14306938
42.16390264
42.18623335
42.19281211
42.23147759
42.25525142
42.30491442
42.33593480
42.37074094
42.39453995
42.40392963
42.42267804
42.43280639
42.46461727
42.50491709
42.56099553
42.60047696
42.61097732
42.65197225
42.70355033
42.73706793
42.74833990
42.86569959
42.87467038
42.87532240
42.87667802
42.92443338
42.95561495
42.97207185
42.98362778
43.00399468
43.03330296
43.03485667
43.09331961
43.09890855
43.10980526
43.13528596
43.17578080
43.22337588
43.26888096
43.27524948
43.38712155
43.41817299
43.44052320
43.52227793
43.52665413
43.55350192
43.64985867
43.65528533
43.69694630
43.70767508
43.71045539
43.71640383
43.79661117
43.79719024
43.80212986
43.81426919
43.81833388
43.94009778
43.94748454
43.95789122
43.96450937
44.00898959
44.07017254
44.12718021
44.20335175
44.21991697
44.22483167
44.23767614
44.23832272
44.27351753
44.29274558
44.36734852
44.37701463
44.38519030
44.44961307
44.46204747
44.48432771
44.50055058
44.50578960
44.51889603
44.55386389
44.55518433
44.58300271
44.63888664
44.66957166
44.73927573
44.77507163
44.79733479
44.80325652
44.97251699
44.97462043
44.98569043
44.99271353
45.04871328
45.05776919
45.07386529
45.07903124
45.10667177
45.12340480
45.14669669
45.17624321
45.30394376
45.32637127
45.33309364
45.40955986
45.42656003
45.43361579
45.43975156
45.49250372
45.52043787
45.54156068
45.59052427
45.63088874
45.63390841
45.66451826
45.69940074
45.72500303
45.74210203
45.76335783
45.81299174
45.83401053
45.99600831
46.01769080
46.02882308
46.08311446
46.10004299
46.11941043
46.18495188
46.19426538
46.19685931
46.26560261
46.27361200
46.34042389
46.34374024
46.46478875
46.50680394
46.52157574
46.52190765
46.52832986
46.56731062
46.57539865
46.58801667
46.60995736
46.62092454
46.64920341
46.66515251
46.68197091
46.69802505
46.71586116
46.77897333
46.85917389
46.89621557
46.91056375
46.92307323
46.92544373
46.93863405
47.03937784
47.09277560
47.09694494
47.14069281
47.14605544
47.14784941
47.15040561
47.16834172
47.20419446
47.22441524
47.26167237
47.26998753
47.40467362
47.42620982
47.48148897
47.50045769
47.53765031
47.53997079
47.54659008
47.55545222
47.56363236
47.58708417
47.61336821
47.63143662
47.63290327
47.67751427
47.71601446
47.71821990
47.73281967
47.73554839
47.90094352
47.94006843
47.94469690
47.95177610
47.98067369
47.99427030
48.00237020
48.03543150
48.03860254
48.07127855
48.10785746
48.14021033
48.14383863
48.17155725
48.20945004
48.21089512
48.26457855
48.27627308
48.42784268
48.48108321
48.49182684
48.49857299
48.51366943
48.51467764
48.51594141
48.53319174
48.54118011
48.64332235
48.67697708
48.70422926
48.72340529
48.73001375
48.73248602
48.79088722
48.79907799
48.80077583
48.88581907
48.92948169
48.93526126
48.94005473
48.98380951
49.03215418
49.07914700
49.08482406
49.11693983
49.11734560
49.17773092
49.18095325
49.18366696
49.22545369
49.26452210
49.32410513
49.33961960
49.35261891
49.35778958
49.49157975
49.49252218
49.54402177
49.54899369
49.55161197
49.55862088
49.58397082
49.62000063
49.62324859
49.67737020
49.70523062
49.72185614
49.75241728
49.75819177
49.76401662
49.87044571
49.89075253
49.96954799
49.97310247
49.98013872
49.99886996
50.01822649
50.06902610
50.08000822
50.09686413
50.10361300
50.12030111
50.14328641
50.28836430
50.30459308
50.30563538
50.31015068
50.35852715
50.36193630
50.36763112
50.39173494
50.40464324
50.40834079
50.41396742
50.43611080
50.51573618
50.55049683
50.56202536
50.56976077
50.60298137
50.60858459
50.70896740
50.72053855
50.73674667
50.78611016
50.82064048
50.83369512
50.84806850
50.85224589
50.86512724
50.86676177
50.89520046
50.94345369
50.95059154
51.01992119
51.02364847
51.03861360
51.09147217
51.10087025
51.10193521
51.12825943
51.15041260
51.15472802
51.19387630
51.22681758
51.29494422
51.30162191
51.37310722
51.41913545
51.42559399
51.43945190
51.45542693
51.50116600
51.50237716
51.54093719
51.54815091
51.58894871
51.61753622
51.63481000
51.68305682
51.70390503
51.71602661
51.74458205
51.79934701
51.80105149
51.81610522
51.85384088
51.85824610
51.89095732
51.89538560
51.89692147
51.93865125
51.94787618
51.99613340
52.01071589
52.04414220
52.06345956
52.06346181
52.08240438
52.13202403
52.13281034
52.13353995
52.20638680
52.23940342
52.29253273
52.32139677
52.32685628
52.32808631
52.36618167
52.38567403
52.42312437
52.48512115
52.48670591
52.51657793
52.53682758
52.59162930
52.62342598
52.62631675
52.73048139
52.75212845
52.81617315
52.81776803
52.85834916
52.85924718
52.87480446
52.89860047
52.93190305
52.93690828
52.96441690
52.97120333
53.04084625
53.12788011
53.19628547
53.21268401
53.27475797
53.32814500
53.38346048
53.42060905
53.46121784
53.48275218
53.51772291
53.52172842
53.58720659
53.61328159
53.63691805
53.65890498
53.67219204
53.70697249
53.73260505
53.74968099
53.75236328
53.78967574
53.83704244
53.88725184
53.89895886
53.99891495
53.99893003
54.01557379
54.02862269
54.04173986
54.06593593
54.12273903
54.12447925
54.13140099
54.16972701
54.20431253
54.22422676
54.26673982
54.27021212
54.34092723
54.40006350
54.44603894
54.45983055
54.46449467
54.51853354
54.54377443
54.54571798
54.58413039
54.59050947
54.60264908
54.64868807
54.68692280
54.69670006
54.74186418
54.87502381
54.91889670
54.96916477
55.03120758
55.04266310
55.10666337
55.15044949
55.17737622
55.19048111
55.28683894
55.33495399
55.35357325
55.39264497
55.45249177
55.46007642
55.47791533
55.49201907
55.54059157
55.60499715
55.60708473
55.60831271
55.61223465
55.63617006
55.69722902
55.71729601
55.76100801
55.76673699
55.77294712
55.79599973
55.81624236
55.84571959
55.85929196
55.91257457
55.92559739
55.93402998
55.98417733
56.00931444
56.01842677
56.02037435
56.02075958
56.03836376
56.09536625
56.11449983
56.15518198
56.16329011
56.24991591
56.28407919
56.36833019
56.38641925
56.40154514
56.40430014
56.45239155
56.47164433
56.50322707
56.51106359
56.51757208
56.51922639
56.53747390
56.56457467
56.62130384
56.63409140
56.64102188
56.66351875
56.71993282
56.73086604
56.73261896
56.82159699
56.83333141
56.85801253
56.96084108
56.99309378
57.03062183
57.07595176
57.13868150
57.16453918
57.17437497
57.20445174
57.37777448
57.38328716
57.38600341
57.38890620
57.43522695
57.47802855
57.49356810
57.50157919
57.50387920
57.50475821
57.50592841
57.52899196
57.59276347
57.63432281
57.64819827
57.68050057
57.70439299
57.77754962
57.79618751
57.82236603
57.85979756
57.88658838
57.89828062
57.90240937
57.92578672
57.94974078
57.99385234
58.01790756
58.02371272
58.04577660
58.09882510
58.10590803
58.14029826
58.19062126
58.23302478
58.27272327
58.29840498
58.32705526
58.35138286
58.36588582
58.38744751
58.41114684
58.41188504
58.46873386
58.51668994
58.53458171
58.56231359
58.59883263
58.60672865
58.65918947
58.67034344
58.69765137
58.70333427
58.73156229
58.79515834
58.81069118
58.82972527
58.85281413
58.88451917
58.92487398
59.00031117
59.00876426
59.09916051
59.12049456
59.21025334
59.22298966
59.23841090
59.24703724
59.25104550
59.33490877
59.35523667
59.35646009
59.39321150
59.39509137
59.41035826
59.45508739
59.45557470
59.47452068
59.49566085
59.58544340
59.58704327
59.63606274
59.68424468
59.75015635
59.75090563
59.82205495
59.88612409
59.89274102
59.90733850
59.91897320
59.92636134
59.94290728
59.96738110
59.97472903
60.00140008
60.02661409
60.03948625
60.04586334
60.06256545
60.06549816
60.07224112
60.17749745
60.22471119
60.27252053
60.27953509
60.30264353
60.34410256
60.36512217
60.39056596
60.40379112
60.43402048
60.44857529
60.45069714
60.45714876
60.51066917
60.51419926
60.51686330
60.52168701
60.52579005
60.52648268
60.53268936
60.53669609
60.57267235
60.59195747
60.66003180
60.66310204
60.69224263
60.69328536
60.73933745
60.74193981
60.75680564
60.80124045
60.80599190
60.88150545
60.89312025
60.91070522
60.94271790
60.98236139
61.00346682
61.00375615
61.00720130
61.04536941
61.04775146
61.07171935
61.08729024
61.10136958
61.10414342
61.11288027
61.12134482
61.15026720
61.21098153
61.21302459
61.23820094
61.24786162
61.25516128
61.30887538
61.33261827
61.35882553
61.38128644
61.43070450
61.44080231
61.46152839
61.46607650
61.50541064
61.51427313
61.53874456
61.53935002
61.55864368
61.59935706
61.63398325
61.63683324
61.64468470
61.65194142
61.65856176
61.68782595
61.69537464
61.71047419
61.74119168
61.74605727
61.75400849
61.75828724
61.77173091
61.80477372
61.80853937
61.80896262
61.82477128
61.84422348
61.84617453
61.94715033
61.97500686
124.00000000
