0.02190132
0.03290709
0.06739295
0.10626169
0.12197008
0.14246119
0.17477832
0.21239598
0.25911604
0.27068058
0.29700252
0.40070191
0.43217618
0.49593395
0.50397052
0.54254118
0.63282026
0.63755798
0.63808315
0.64500509
0.75192228
0.89554589
0.90972133
0.91499397
0.94823865
0.96643148
0.97225400
1.01728301
1.02053226
1.06352827
1.10666075
1.14844694
1.24174725
1.25567192
1.31529344
1.33681387
1.33910850
1.34044142
1.35468913
1.35483467
1.36129398
1.38213249
1.45645258
1.46330693
1.49481769
1.52388654
1.56563218
1.60252340
1.63704738
1.67374402
1.72372152
1.80052689
1.80545658
1.85353757
1.87478102
1.87926141
1.94088131
2.01290196
2.04210422
2.06366878
2.07237073
2.09118109
2.10996066
2.11261574
2.12312657
2.14215533
2.19722848
2.20938675
2.41040140
2.41134748
2.48051897
2.49052685
2.49614068
2.52174506
2.52394661
2.55724302
2.61488263
2.64480395
2.65362434
2.67750910
2.69295939
2.77453141
2.82740663
2.86284392
2.88511187
2.88549681
2.88992078
2.93781368
2.96873568
2.99230461
2.99478890
3.04962220
3.06696691
3.07763083
3.13566566
3.14289334
3.14869442
3.15276217
3.30466578
3.30899036
3.34690604
3.38679039
3.41955885
3.47642621
3.50286114
3.52328044
3.53981564
3.54535396
3.54750068
3.56413224
3.62103514
3.70524337
3.71227908
3.72326192
3.80020833
3.81998621
3.83381470
3.83856302
3.84079847
3.84592606
3.86599901
3.89502624
3.89848634
3.93492274
3.96052294
3.96343772
4.01879709
4.07798467
4.14095107
4.16378995
4.17251770
4.27954410
4.30430041
4.35562714
4.36395186
4.37267589
4.39174061
4.39213546
4.42363462
4.43414107
4.46080338
4.46525187
4.50156394
4.51230160
4.52943541
4.52983013
4.55891854
4.59783193
4.63390514
4.65189390
4.66786739
4.71019050
4.77830180
4.78657462
4.84503863
4.93335159
4.99159721
5.02715064
5.02937957
5.03728162
5.05217642
5.12957915
5.17578587
5.19781249
5.27571802
5.30365202
5.30823613
5.31865607
5.34147855
5.35739123
5.37332783
5.41634705
5.44711635
5.47410746
5.49949335
5.52676194
5.55885029
5.56742777
5.56902715
5.68863653
5.70422934
5.72860351
5.73099810
5.73259162
5.74321273
5.76678225
5.78035705
5.79531272
5.80173896
5.83416612
5.90994797
5.94142088
5.96657381
5.97267241
5.98352842
5.98804879
5.99027237
5.99851632
6.05874172
6.06022854
6.07462151
6.09314592
6.17642020
6.18510477
6.20361403
6.23660740
6.24301767
6.28408015
6.35176428
6.45425012
6.46029807
6.49391169
6.50374747
6.50435373
6.53520889
6.57384087
6.60329809
6.61141435
6.65191898
6.66102165
6.66601497
6.70857849
6.74266128
6.81290415
6.87510659
6.87528046
6.98193822
7.06181524
7.06238547
7.09759631
7.14539392
7.16371637
7.18247428
7.21521369
7.22713050
7.29149947
7.47348622
7.47952613
7.48975436
7.49679062
7.53771527
7.63440096
7.63780376
7.64334991
7.68347283
7.70907777
7.92185385
7.93742256
7.94584565
7.96266059
8.01694981
8.05137508
8.07740693
8.08512287
8.09659261
8.19814795
8.21404824
8.24200656
8.27282844
8.29000833
8.33072025
8.38593796
8.40952155
8.42914028
8.43704102
8.45274094
8.46638393
8.51558759
8.53216814
8.55322433
8.55637306
8.57733548
8.58092887
8.68667791
8.76027442
8.78956919
8.80138020
8.80540267
8.85633627
8.87072325
8.87757987
8.89175964
8.91127259
8.99033794
9.00054110
9.05263452
9.06019247
9.07014859
9.14807082
9.14973002
9.15451448
9.15896936
9.16809777
9.23158135
9.25277518
9.27866740
9.31294181
9.34206013
9.36263825
9.36913058
9.40944283
9.42291830
9.50100043
9.50706938
9.51959735
9.58253460
9.60693523
9.63263574
9.67637763
9.68242834
9.68956049
9.71935309
9.74822379
9.77288640
9.95114176
9.99547792
9.99948635
10.00485416
10.02348284
10.03359156
10.06562457
10.07796818
10.11351169
10.12322525
10.15669257
10.21434472
10.24998725
10.30097882
10.32986321
10.37243210
10.39386870
10.40073789
10.40124644
10.41522837
10.42554478
10.44353516
10.44887577
10.51640929
10.52973813
10.53796675
10.56066384
10.62473262
10.62586286
10.62617103
10.68784642
10.70199581
10.72794480
10.78054604
10.78767220
10.78949234
10.80311141
10.82933873
10.84503611
10.87067749
10.91570012
10.96488551
10.98013809
10.99358020
10.99770117
11.06078845
11.06604770
11.10937261
11.13945650
11.16067607
11.17978385
11.23423076
11.33141346
11.36540982
11.38074246
11.43017126
11.45274409
11.45644516
11.46457442
11.47188441
11.49355503
11.52837640
11.54646114
11.56444775
11.57398805
11.58180225
11.64019535
11.65100937
11.67494706
11.68196548
11.70821941
11.72943380
11.83049802
11.85729977
11.86057360
11.88367444
11.88445211
11.91797083
12.09657433
12.18916048
12.26414780
12.27223963
12.27383929
12.31813759
12.32098315
12.32135242
12.33224564
12.34966181
12.38925638
12.41603494
12.44994150
12.48150123
12.51735836
12.58622672
12.62878881
12.63284217
12.66027397
12.72392834
12.72509366
12.74653590
12.92852879
12.93408716
12.95739881
12.95957228
12.96133195
12.98168420
13.01033146
13.01731155
13.01739313
13.02518343
13.03359809
13.05198748
13.07001865
13.10417905
13.15242907
13.16935487
13.17642396
13.19703133
13.21041904
13.24697811
13.25091417
13.26163573
13.26988551
13.29638553
13.29904368
13.37411835
13.40403170
13.41147667
13.41279530
13.42787326
13.50567497
13.51505612
13.51801553
13.55424454
13.56399157
13.62154981
13.62330323
13.63183861
13.67226415
13.68100182
13.70373001
13.74023332
13.74362099
13.75347506
13.77238524
13.77975654
13.78200990
13.81776241
13.87899367
13.88291634
13.91007836
14.02134570
14.02556842
14.03525051
14.05097324
14.08858546
14.11277764
14.11664574
14.13549321
14.15190605
14.16956055
14.17993266
14.19388603
14.22077797
14.28520000
14.28912567
14.29345512
14.29695090
14.41417464
14.42802570
14.42914893
14.51195278
14.51828972
14.55439393
14.60243901
14.61438939
14.67781413
14.69903044
14.72439452
14.73879873
14.74764674
14.78179622
14.79193362
14.80234536
14.80241155
14.84804853
14.85804227
14.86720029
14.87053589
14.89962780
14.90390717
14.91559528
15.00300207
15.01300682
15.04693277
15.05282329
15.05547821
15.06278272
15.06452570
15.08404360
15.14980431
15.18321428
15.19439740
15.22368153
15.29858706
15.30367935
15.31978731
15.33655748
15.36703232
15.41955204
15.46470725
15.52216818
15.53663349
15.56917744
15.59247608
15.65173890
15.66324610
15.66878759
15.67452374
15.70895955
15.71034667
15.71161328
15.71638176
15.72040653
15.72541381
15.74636789
15.77932044
15.79768016
15.82976773
15.85135120
15.90630787
15.91453067
15.91735514
15.93424016
15.95575652
15.99633238
16.01562046
16.10643503
16.14941183
16.15991586
16.20072926
16.27822728
16.28074372
16.29540160
16.31326480
16.32178492
16.34338838
16.37486086
16.39642052
16.41326939
16.45504687
16.53773716
16.53798098
16.56994036
16.57230372
16.61148771
16.64757673
16.64972095
16.65045306
16.65731486
16.67418929
16.67902117
16.69250458
16.73904454
16.76972745
16.78484270
16.78819887
16.82242555
16.82397133
16.82744850
16.83353643
16.84049217
16.87793906
16.90560271
16.90659667
16.91680371
16.92027913
16.92331238
16.96520331
16.96660122
16.97050287
17.00984419
17.01969367
17.02769804
17.09012254
17.12928371
17.15690625
17.15990445
17.18968607
17.20516564
17.21111746
17.25166064
17.30514891
17.33116317
17.34561875
17.34744397
17.40423366
17.42318056
17.46494435
17.51739898
17.54235503
17.56143971
17.59644171
17.68798612
17.72564471
17.72706200
17.73218941
17.75163318
17.75931691
17.76299508
17.78338559
17.79663609
17.80040294
17.80200391
17.80213583
17.82277506
17.83710221
17.89186376
17.91150877
17.91620177
17.92502070
17.93268831
17.93345233
17.99453751
18.00214860
18.06546782
18.07444481
18.08781993
18.17390377
18.19909115
18.20870743
18.21195526
18.21994814
18.23397218
18.33050326
18.33354081
18.36231704
18.37100632
18.39211225
18.49018321
18.54545702
18.60335747
18.62975410
18.64618100
18.76472117
18.78238876
18.80213779
18.82357228
18.83064851
18.83779861
18.84322928
18.86055000
18.94954548
18.95570938
18.96187170
18.96433104
18.97544695
19.01530627
19.02701765
19.02999613
19.11396936
19.12623054
19.14509673
19.22017197
19.29023074
19.31900323
19.32925399
19.35606719
19.37974329
19.39798002
19.44329328
19.47591789
19.50711149
19.52421988
19.53118609
19.54375340
19.54710606
19.55001888
19.62020563
19.64375062
19.65394290
19.67108778
19.67403505
19.68188856
19.70585101
19.72047709
19.76852257
19.76865368
19.76954950
19.77823989
19.78000742
19.93014640
19.95053466
20.00607199
20.04675095
20.08952102
20.09335547
20.12898049
20.15960687
20.18529357
20.18781327
20.19833384
20.19901265
20.30918491
20.32628157
20.39273186
20.40718562
20.44675878
20.54918764
20.55091615
20.56682302
20.59887444
20.65610812
20.65924827
20.68570695
20.72950372
20.74098358
20.74895299
20.75148469
20.76816811
20.78397994
20.78542263
20.81392070
20.82610409
20.87038897
20.88221100
20.95113433
20.96397047
20.96401959
21.01132193
21.01549098
21.05545688
21.06143894
21.07795928
21.15628471
21.21141149
21.22151073
21.27960330
21.32433202
21.33996070
21.34946396
21.36092642
21.36446057
21.37804453
21.40952293
21.42055088
21.45491305
21.50405950
21.51332951
21.61038516
21.63246398
21.64366448
21.65492505
21.66346294
21.68754230
21.71401383
21.72982487
21.74838671
21.76514891
21.82815265
21.84456268
21.86739126
21.93262310
21.98080289
22.00968563
22.01975341
22.06495545
22.06822073
22.10740566
22.12805265
22.16248125
22.16308624
22.21378209
22.21953040
22.22029300
22.22429499
22.30598351
22.32622386
22.34088630
22.36631305
22.42661069
22.45101293
22.46248350
22.53189016
22.55462849
22.62930664
22.67108767
22.69449212
22.69936540
22.70733997
22.74386851
22.75179312
22.75451823
22.78129526
22.80694103
22.89002510
22.98222605
22.99668677
23.05208551
23.06379790
23.06452483
23.07495613
23.10348618
23.12712770
23.16024750
23.16195141
23.18332557
23.23078525
23.25917798
23.27278598
23.37279774
23.38729505
23.39796512
23.40417643
23.42311077
23.49398741
23.49857932
23.50460051
23.50589234
23.56021002
23.56747819
23.59900176
23.65618210
23.68483271
23.69468022
23.71938134
23.73078765
23.73079759
23.73102956
23.79370060
23.81162125
24.11613461
24.17468176
24.17804324
24.18077616
24.22826162
24.24989102
24.25008087
24.26088931
24.27054065
24.28589964
24.28684904
24.31019326
24.31020232
24.31492495
24.41034149
24.51791991
24.52365387
24.55727507
24.60420141
24.65766711
24.66477014
24.71183648
24.73678951
24.79705161
24.82797598
24.88018088
24.88348361
24.89731292
24.89883551
24.90484861
24.92407743
24.94683260
24.99523452
25.00574133
25.02739619
25.07473593
25.09334679
25.17620333
25.17845688
25.23358702
25.25301199
25.25888483
25.27405371
25.36855569
25.40670697
25.43581368
25.57201907
25.58756147
25.60800697
25.61253019
25.61529662
25.63320819
25.63425557
25.64129406
25.66928253
25.68504148
25.68582277
25.68771756
25.72449435
25.73602920
25.78082627
25.78227441
25.81706059
25.82456255
25.83283372
25.85129212
25.89975922
25.92116772
25.92323550
25.95042655
25.95150239
25.95211890
26.00094242
26.06046691
26.07339372
26.09831183
26.11269439
26.13349437
26.14549036
26.15116315
26.17845563
26.18740231
26.23707581
26.28787547
26.31751697
26.37672220
26.40143329
26.51163286
26.51631853
26.56101428
26.58002832
26.63532000
26.66590416
26.75985690
26.76996742
26.78012155
26.79192431
26.82145837
26.82895151
26.84034599
26.85378644
26.87871967
26.89873889
26.94994488
26.99500491
27.02446006
27.04847934
27.05235357
27.05900158
27.06377317
27.07368377
27.15409587
27.23359007
27.23923140
27.24314767
27.24645840
27.27896780
27.30058440
27.30713008
27.31618230
27.32337415
27.32574693
27.35669591
27.35801388
27.35877700
27.37211133
27.38723327
27.41783166
27.45006664
27.45161981
27.50893246
27.55227137
27.57224224
27.59347859
27.61590105
27.62876304
27.68181494
27.71639460
27.79012922
27.83542009
27.84268623
27.84331680
27.91703009
27.93750956
28.00441799
28.02933589
28.06495440
28.12383762
28.12392651
28.13929202
28.18859812
28.20287559
28.20377563
28.20554219
28.21970648
28.23023946
28.30587900
28.30907154
28.34797454
28.37361448
28.39141227
28.41202475
28.41988408
28.43151496
28.44805913
28.46899448
28.52962659
28.53947502
28.56453421
28.64829081
28.70679562
28.76341125
28.81109200
28.82198270
28.82466249
28.82986469
28.84087862
28.85144888
28.93780982
28.95056179
28.96316137
28.96999367
28.99938071
29.04090606
29.08861412
29.17848407
29.18456809
29.18526662
29.20649832
29.21119827
29.27301598
29.27566274
29.28210503
29.36927035
29.47945895
29.48451805
29.48739751
29.53077799
29.53895688
29.63855901
29.71481903
29.72195667
29.75455073
29.82402558
29.83039977
29.85840431
29.85976101
29.86479089
29.87925947
29.89624541
29.93962653
29.96082879
30.07448831
30.09314499
30.14839188
30.16743406
30.16825969
30.17474127
30.27810043
30.27998065
30.35339747
30.35868340
30.39540304
30.40777358
30.43842437
30.49125493
30.61992845
30.64943253
30.66972067
30.68627868
30.70771204
30.72142023
30.74223016
30.76311795
30.77561200
30.77707103
30.87622687
30.89718322
30.94547608
30.98157526
31.04930532
31.08708768
31.09534638
31.12897783
31.13804763
31.16160113
31.19304330
31.19353753
31.20739404
31.23546553
31.23966162
31.28155125
31.28160935
31.31106382
31.33421766
31.35764594
31.39087249
31.40698889
31.41187569
31.42735974
31.45901387
31.51719781
31.51787121
31.53548053
31.57508680
31.57651933
31.57900945
31.58600977
31.62809110
31.63328986
31.68857038
31.69996997
31.79043201
31.79660003
31.80773772
31.87607412
31.87662675
31.91065121
31.93237848
31.97691577
32.01400176
32.02509998
32.03480090
32.04488670
32.05506883
32.09255109
32.10274525
32.12009815
32.12207796
32.12379420
32.13673054
32.14646882
32.14700294
32.36743170
32.40304147
32.40657330
32.42794452
32.43823669
32.50993414
32.52023342
32.52913591
32.58770791
32.61065957
32.63054298
32.63585640
32.67679422
32.69876494
32.71263766
32.72759148
32.73409119
32.81688705
32.84865848
32.90774710
32.94533001
32.96178376
32.96794103
32.98532421
33.00116208
33.11294596
33.18692878
33.19336899
33.22034167
33.23571015
33.27386425
33.27661393
33.31251823
33.32917583
33.34193158
33.34249724
33.35633078
33.36985256
33.39053663
33.42493488
33.43573000
33.50029849
33.51183312
33.52646685
33.53042085
33.54301453
33.59138653
33.62843662
33.62856857
33.62977073
33.67608704
33.70951493
33.72925652
33.73099809
33.75465458
33.86501936
33.91459349
33.95573706
33.97716702
33.98798398
34.00307921
34.01742217
34.06603355
34.08750871
34.09390104
34.16937390
34.17450826
34.19524973
34.23431792
34.23471461
34.26683633
34.27337407
34.27823299
34.33567444
34.34506836
34.35471113
34.36122937
34.40940047
34.44297177
34.47950008
34.49273286
34.52076237
34.60708750
34.67218705
34.68019939
34.69621433
34.73239013
34.74309346
34.74370785
34.74917161
34.80325112
34.84013846
34.85292088
34.88462229
34.90061157
34.92250181
35.12099945
35.12322367
35.12796876
35.15294286
35.20700716
35.21011833
35.23665711
35.26435304
35.28679456
35.29338663
35.29989565
35.30550266
35.31522606
35.43182345
35.46927804
35.47278408
35.49218858
35.50272828
35.51857313
35.55707431
35.58436186
35.60210958
35.62126017
35.63134912
35.64478829
35.64990848
35.66439341
35.70395014
35.71267769
35.72614253
35.74287754
35.76842587
35.78256573
35.78504380
35.81887475
35.82337845
35.84521598
35.86318030
35.86970731
35.89179499
35.90787790
35.93560058
35.94025586
35.94823264
35.97724666
36.00171894
36.02525657
36.05523592
36.07536519
36.08790278
36.11797573
36.18658336
36.24868535
36.27995235
36.28790187
36.29435771
36.35536054
36.36408211
36.37430667
36.37594469
36.41551111
36.42927197
36.47553727
36.47666545
36.48575089
36.53885290
36.62466246
36.63647634
36.64251553
36.65804778
36.66372597
36.66782107
36.67570651
36.67702890
36.70546854
36.73413415
36.73823677
36.75034117
36.79610340
36.79944386
36.80294161
36.84395873
36.87977613
36.91009817
36.92677622
36.96000631
36.99195364
37.00014656
37.05982368
37.06220765
37.06926065
37.17708174
37.19721322
37.21174835
37.26469885
37.27046382
37.30606905
37.31773763
37.32556688
37.42187686
37.45804094
37.49955987
37.50066152
37.51827456
37.53278811
37.55381600
37.55692304
37.55810148
37.56903947
37.59046720
37.59592048
37.62010184
37.62313971
37.69769095
37.70179774
37.70193388
37.71831659
37.73546648
37.78532143
37.83480110
37.83823499
37.86854807
37.91053188
37.91133885
37.92949465
37.93489021
37.97162250
38.02531877
38.02771262
38.02812016
38.04430877
38.05858426
38.12785367
38.13606986
38.14869571
38.17187374
38.17382948
38.27077136
38.29314493
38.31077570
38.34681902
38.35295922
38.41578638
38.42900934
38.44576245
38.50637975
38.56114064
38.56165421
38.61323960
38.61841608
38.63996312
38.65217033
38.67283989
38.74579636
38.78084109
38.82927058
38.85426440
39.03120727
39.10944873
39.14160124
39.16581304
39.18427466
39.18639875
39.20017085
39.24050176
39.35548686
39.38494039
39.39320768
39.41830507
39.45137439
39.53799659
39.55210481
39.55686443
39.57064904
39.57723051
39.60890863
39.64881641
39.65378998
39.72266774
39.72441451
39.74899638
39.79826905
39.87402257
39.87515173
39.88317794
39.93582968
39.95480959
40.07107822
40.11443731
40.17653336
40.23252003
40.27377580
40.28425406
40.35606725
40.38018197
40.38190285
40.40495149
40.42128201
40.46018543
40.49285742
40.51810845
40.52767927
40.56531735
40.58353616
40.58722904
40.59866448
40.60267029
40.61716489
40.71267209
40.76817702
40.77302780
40.77985710
40.80441256
40.88075547
40.95670649
40.96533412
40.96925721
40.98393299
41.01809135
41.04394043
41.06070466
41.15408052
41.15610995
41.19419035
41.28859160
41.30946236
41.31592068
41.38325971
41.39309400
41.44088485
41.48138702
41.49204992
41.50833602
41.51448124
41.52887179
41.52926035
41.56613454
41.56832329
41.60957633
41.63556238
41.64306452
41.64629446
41.71598477
41.74763313
41.76504391
41.78991530
41.82427748
41.82670314
41.84995078
41.85512125
41.91069347
41.92015959
41.93315805
41.94508885
41.98434295
42.03165779
42.05863446
42.09243078
42.11017844
42.13648283
42.13667173
42.13830568
42.15710693
42.18075953
42.23753340
42.33952580
42.45288203
42.45533011
42.47306450
42.49046380
42.54411670
42.56498234
42.57879202
42.59607424
42.60864203
42.64591273
42.64839614
42.67151986
42.75188543
42.75193726
42.76110939
42.76876654
42.87350855
42.87532240
42.93351304
42.95166540
42.95472994
42.95753790
42.97856393
42.98070684
43.02814636
43.05951675
43.15897068
43.16795690
43.21547684
43.24207032
43.26465611
43.26891017
43.27524948
43.27845754
43.34554934
43.37584238
43.43162414
43.47264914
43.48289554
43.52826442
43.66867683
43.69517506
43.70075059
43.70287558
43.74381589
43.76820960
43.77489300
43.78354770
43.80079672
43.81858048
43.88124017
43.92001795
43.92375533
43.97052052
43.97152127
43.99171732
44.00671347
44.00743680
44.03342078
44.03968455
44.06231418
44.09511465
44.10804953
44.11312712
44.12828020
44.15795162
44.19075179
44.22076747
44.30610175
44.32119666
44.33194860
44.38850420
44.40927392
44.45545804
44.46691375
44.48432771
44.48765044
44.51245698
44.55798216
44.59413385
44.61910889
44.62129338
44.64645429
44.71556851
44.72617360
44.77092301
44.77398912
44.83901128
44.85555339
44.87554157
44.88911205
44.98554273
45.02195989
45.10184181
45.10604379
45.12067772
45.12340480
45.12432906
45.12459646
45.13865663
45.20074820
45.20950098
45.23665122
45.30727226
45.31681644
45.32418198
45.32592241
45.33220016
45.37187292
45.49619527
45.53146755
45.57410358
45.58954793
45.65911734
45.71973562
45.76989482
45.77441132
45.82033472
45.83714803
45.92691911
45.94210443
45.96675347
46.01241690
46.03242919
46.04528901
46.11373037
46.23189133
46.27193633
46.29317785
46.32485496
46.35046778
46.42389347
46.46770625
46.48506647
46.49033337
46.49283125
46.49783338
46.54512042
46.58911724
46.59020306
46.65014691
46.68081624
46.71475200
46.71560750
46.74408328
46.78049522
46.79216041
46.80298584
46.82889483
46.83130419
46.88273119
46.91408481
46.93429874
46.97104133
47.05393005
47.13814872
47.14348149
47.15797090
47.16490940
47.16572984
47.20618161
47.22575737
47.22953861
47.24557966
47.25225168
47.26531732
47.28706255
47.28735926
47.33669311
47.33820492
47.41201606
47.43642990
47.44725048
47.49710908
47.51043163
47.57298108
47.57538095
47.57858955
47.61837265
47.65467155
47.66868314
47.74224529
47.79687246
47.86670084
47.87326061
47.89039002
47.92790720
47.95074697
47.96030377
47.96117624
47.97824602
47.98421614
47.98509419
47.98741423
48.02635059
48.03143162
48.04550254
48.04948741
48.05797701
48.07160307
48.08420700
48.09463081
48.12528718
48.23194711
48.24446485
48.25732056
48.25915903
48.35371527
48.36504267
48.37467552
48.39439050
48.42472804
48.51467764
48.56185583
48.57923477
48.58251729
48.64406503
48.72534272
48.74128454
48.75813356
48.76974758
48.77091183
48.80667463
48.82997757
48.86847385
48.89083080
48.93277083
48.98951851
49.01751862
49.06995963
49.14076246
49.17952914
49.22227447
49.25050256
49.30325882
49.38495529
49.39115880
49.39179249
49.41961775
49.49863043
49.54220856
49.55263861
49.55376948
49.55791217
49.58038675
49.66132794
49.66215000
49.67762689
49.73528287
49.74157681
49.79646895
49.87044571
49.88830645
49.92994712
50.03153836
50.06730457
50.09609075
50.11215776
50.14412805
50.17514716
50.20231630
50.20998222
50.22734596
50.23046559
50.23326968
50.26128792
50.32266374
50.33117698
50.37602175
50.38968701
50.39857401
50.40299462
50.43201018
50.44625969
50.54282430
50.54998021
50.60298137
50.61765571
50.67409687
50.75970749
50.82276290
50.84655107
50.85416012
50.87112178
50.92517542
50.93850454
50.94895880
50.98591100
51.04600196
51.05660644
51.11307795
51.16330622
51.16530749
51.26549826
51.27168275
51.32770426
51.35423087
51.37771292
51.41913545
51.42368161
51.45637854
51.50205556
51.50304405
51.50400334
51.51458885
51.52983035
51.54705648
51.64536073
51.66064300
51.66787243
51.69241332
51.72437079
51.72543450
51.77243357
51.78173068
51.78692989
51.92014664
51.96476182
51.98549156
52.01180968
52.03086891
52.04746184
52.09739808
52.13043930
52.18758070
52.22484437
52.24351502
52.24825455
52.25362642
52.25818091
52.26325078
52.26702429
52.30778713
52.31496699
52.33211749
52.37642623
52.38841344
52.42692659
52.45251636
52.46791620
52.48670591
52.55858065
52.57503514
52.60680597
52.61338945
52.64434117
52.66032894
52.67505218
52.69990828
52.74106252
52.74858374
52.78197472
52.81029469
52.81617315
52.83386501
52.83643007
52.84293722
52.91261000
52.93493098
52.93767702
52.94121006
52.94523995
52.98690256
52.98975502
53.01234687
53.07006730
53.07385660
53.08506422
53.09526502
53.10596800
53.12277561
53.22152184
53.25136114
53.25288974
53.26220503
53.26501842
53.28453970
53.30614586
53.35181310
53.35450992
53.36524506
53.39356722
53.39847820
53.42227629
53.44856064
53.46322612
53.47760181
53.49022749
53.54189281
53.55824825
53.55957288
53.57203276
53.59005370
53.62638707
53.63407948
53.64618092
53.67266526
53.68373262
53.71017893
53.75110162
53.76558287
53.95693995
53.96825842
53.97376655
53.99851476
54.00362224
54.02862269
54.04537595
54.10697133
54.13422384
54.13894220
54.14247160
54.21339105
54.23127315
54.25088188
54.33082193
54.34156826
54.34551570
54.40077290
54.40523053
54.45899133
54.46921650
54.48030721
54.48270751
54.48465964
54.56063422
54.56698309
54.57579920
54.63975397
54.66196590
54.77958822
54.79254322
54.86955489
54.88984069
54.89064225
54.90918894
54.91739261
54.92874614
54.98602867
55.00530368
55.00549274
55.00745235
55.02720106
55.06061827
55.07820343
55.09683481
55.11053508
55.24595704
55.24635827
55.29487110
55.30479696
55.31580399
55.34808659
55.43800318
55.56703707
55.56794269
55.57705546
55.59070236
55.62663337
55.64748997
55.68539175
55.69843410
55.75254198
55.81653697
55.89675201
55.89769072
55.97521862
55.98771885
56.01928848
56.02584764
56.05920141
56.09537754
56.12934837
56.16343606
56.17643249
56.25067996
56.26010687
56.31344426
56.31995090
56.38339203
56.54739087
56.62219172
56.63650229
56.64359162
56.77284978
56.78403275
56.82159699
56.84707586
56.85291666
56.86186982
56.86948564
56.88153011
56.89700577
56.89860765
56.91063965
56.92532749
56.92806941
56.98017307
56.99390091
57.00190834
57.00422823
57.01046364
57.01519940
57.04545161
57.10653035
57.11507551
57.14996452
57.16062317
57.16362136
57.16453918
57.16482053
57.16710681
57.18029380
57.18181750
57.21887777
57.28190804
57.30137328
57.32277408
57.34823810
57.40146056
57.40829754
57.42115025
57.47554077
57.47856353
57.49165868
57.51663769
57.52125775
57.54982708
57.56304943
57.58795015
57.60829727
57.64253388
57.65918196
57.68563717
57.71065000
57.72787791
57.76882487
57.78977451
57.92643959
57.94590785
57.94634343
57.97771490
57.99410562
57.99518020
58.02078629
58.02249145
58.17163849
58.18230647
58.23245004
58.23302478
58.27934469
58.28427259
58.35620214
58.38498933
58.38790348
58.41114684
58.47628898
58.58467759
58.60846946
58.64619884
58.66698355
58.66949811
58.67279277
58.67446642
58.67617198
58.68061327
58.69212265
58.69541162
58.70249901
58.73531678
58.75159508
58.79205051
58.82364397
58.84229893
58.87535061
58.91684076
58.93870643
58.98460033
59.03610055
59.05678182
59.07051120
59.08882671
59.11192585
59.14311725
59.15735166
59.39755731
59.40610548
59.45814599
59.48163752
59.50881606
59.62119991
59.63441420
59.66227943
59.69851798
59.75029147
59.75182677
59.83230467
59.92283323
59.93605494
59.95623987
59.98235372
60.00094670
60.05832150
60.09478287
60.11155616
60.12405305
60.12745642
60.14374401
60.15836996
60.24682025
60.24967192
60.34403625
60.34936364
60.37125659
60.39818043
60.40379112
60.41375075
60.52612084
60.57751989
60.64010350
60.69671266
60.71897640
60.72381955
60.83210905
60.84499924
60.85550079
60.91234808
60.96343219
60.97948571
60.99134856
61.05265659
61.08121779
61.09210404
61.10414342
61.13051026
61.13172195
61.13795752
61.20141892
61.21744037
61.22744773
61.23945848
61.28434431
61.29815556
61.30776448
61.35222804
61.38821305
61.41815835
61.49828298
61.50077436
61.51459153
61.54652269
61.54771275
61.57773780
61.59179483
61.61370493
61.63415674
61.64969077
61.66765639
61.68866660
61.69430927
61.70700469
61.76514546
61.79124940
61.81787312
61.84242569
61.85377241
61.93878531
61.94532866
61.94926277
61.96394393
61.96581048
61.97398487
61.97954430
61.99939895
62.00224830
62.02175553
124.00000000
