0.03883662
0.04180551
0.06584678
0.10970839
0.13495472
0.14773195
0.15347713
0.15990950
0.18295353
0.18392434
0.19967840
0.23718615
0.23727709
0.24955300
0.26976647
0.31501086
0.39245695
0.39570496
0.41813248
0.45419158
0.49470936
0.52398858
0.54438506
0.56037517
0.57868235
0.59267758
0.61188970
0.67295724
0.68463307
0.72486344
0.84724756
0.89934612
0.90845187
0.94266428
0.94280962
0.99016988
1.02247562
1.05231879
1.11879324
1.14002424
1.14824214
1.14960012
1.18481106
1.26201156
1.28354891
1.32082695
1.33376386
1.33537584
1.35585699
1.39290743
1.39911397
1.44869481
1.47362889
1.48028905
1.49697400
1.52339282
1.54272923
1.54754946
1.61688522
1.63956773
1.65195490
1.71672477
1.74400467
1.82080902
1.82942397
1.83493505
1.86124450
1.88997117
1.91422205
1.91718119
1.96866484
1.99281971
2.05577344
2.07960845
2.15821873
2.18795733
2.19476069
2.21215871
2.29901578
2.40973592
2.41952027
2.43982731
2.44656799
2.45274645
2.48051897
2.50215031
2.51256370
2.53808052
2.55421293
2.57035322
2.59009149
2.60840437
2.61467153
2.63164240
2.65196699
2.65238410
2.67372030
2.67617858
2.69966113
2.71641585
2.74522493
2.78373696
2.78637079
2.78892006
2.80347182
2.89165204
2.90090985
2.90771067
2.93908180
2.96159952
3.00074587
3.02514798
3.02694895
3.04822240
3.10458591
3.11852147
3.14112980
3.15081928
3.19412425
3.25830608
3.27091373
3.28164893
3.30308604
3.32214721
3.35726496
3.41043731
3.42638725
3.42794506
3.44623526
3.56124886
3.56243647
3.57087617
3.57934292
3.64760106
3.65722143
3.66538866
3.67369001
3.69752218
3.71170888
3.82783622
3.84953418
3.86455102
3.89331962
3.89462858
3.89613878
3.91505624
3.97934989
3.99228947
4.00973756
4.04907379
4.11740245
4.14934046
4.14995781
4.18691580
4.22063344
4.23076452
4.23276466
4.24387699
4.32131980
4.32649919
4.36134710
4.36347658
4.36805311
4.39180136
4.49661228
4.52953432
4.53404908
4.57663480
4.59233599
4.59560227
4.60105888
4.63943087
4.64034335
4.67183606
4.74382239
4.74589014
4.74724147
4.75966416
4.78070778
4.78934734
4.80395641
4.84614480
4.85825403
4.86991886
4.90113330
4.92955716
4.95161736
4.95270729
5.04970603
5.05770137
5.06343212
5.08549840
5.12957915
5.23584341
5.26209137
5.26259446
5.27181885
5.27855229
5.29554286
5.29659935
5.33672893
5.37106208
5.37713439
5.37725225
5.42051694
5.42993546
5.43058251
5.44148432
5.46840586
5.47902223
5.51674336
5.54574393
5.58504524
5.59456361
5.60593278
5.60624698
5.62792126
5.66774208
5.69232365
5.71521947
5.78849625
5.79464318
5.80323655
5.84814274
5.90994797
5.92635719
5.95989894
6.00412055
6.03356268
6.04475733
6.08265523
6.08654830
6.10427732
6.10932431
6.11356192
6.13463925
6.15755608
6.19226225
6.20624638
6.27388722
6.27685396
6.29344288
6.29411512
6.32669646
6.41915762
6.49881219
6.52153163
6.54685209
6.55988439
6.56190870
6.69767001
6.76600538
6.77695573
6.85381035
6.86747413
6.88289949
6.89991248
6.99524913
7.05320805
7.06983227
7.10635805
7.18717901
7.20670627
7.31846885
7.32406006
7.33154542
7.34450037
7.39604664
7.43661507
7.44677423
7.46647199
7.49522322
7.51260334
7.53771527
7.53818344
7.55836536
7.56878846
7.57523411
7.59413216
7.60626585
7.60798422
7.62554581
7.62779597
7.68840978
7.71999601
7.73354740
7.74617265
7.76564251
7.77898857
7.80082176
7.82104340
7.86793832
7.91818657
7.99665290
8.01852211
8.04951776
8.07083155
8.09413120
8.10340395
8.17065190
8.27902659
8.28399855
8.31413341
8.31646580
8.39389969
8.40467470
8.41662314
8.42390291
8.47825864
8.52878626
8.54443595
8.54649874
8.55664170
8.56730379
8.56981967
8.58866129
8.59087824
8.59161813
8.63459221
8.67085973
8.71440344
8.73406425
8.77383335
8.78076817
8.81267198
8.96814135
9.00133234
9.00846913
9.03650975
9.06020822
9.08928531
9.15451448
9.15973822
9.20442565
9.26450029
9.26660334
9.30556418
9.40307608
9.42900267
9.48100701
9.51881154
9.52083522
9.57954550
9.60464154
9.60546826
9.61942147
9.68428406
9.73592652
9.74749214
9.74843557
9.75412148
9.78539180
9.82613819
9.85838428
9.88822445
9.91644978
9.94614823
10.00792711
10.00798316
10.02275608
10.03667372
10.04327375
10.05699035
10.10035772
10.13371166
10.15105040
10.16617378
10.16693986
10.20929337
10.27799371
10.30893154
10.38970232
10.42097446
10.43378450
10.48943364
10.58302858
10.62617103
10.64950023
10.66991523
10.68784642
10.68830419
10.70031200
10.72730221
10.73374205
10.74940171
10.76328491
10.87067749
10.89739857
10.91305956
10.92171327
10.94055867
10.99287548
11.00807278
11.04589533
11.06587246
11.07425562
11.07879970
11.08532532
11.21739101
11.21821108
11.22232472
11.30149482
11.32586133
11.36187186
11.38627202
11.40850473
11.40870322
11.41089726
11.44016298
11.45899358
11.46773518
11.48479394
11.49567415
11.51051759
11.51800775
11.53337950
11.54509346
11.55018265
11.67603802
11.76769294
11.79838082
11.80795171
11.89859076
11.90335614
12.01984630
12.03098041
12.04155573
12.05466774
12.10215603
12.13681638
12.18398394
12.21350825
12.25085843
12.25282255
12.27593862
12.27717895
12.29374225
12.32918513
12.35998999
12.37697648
12.38336027
12.44672315
12.48286207
12.49346301
12.51388514
12.65983198
12.66407757
12.66967134
12.82515375
12.85372905
12.87565759
12.98457675
13.00105358
13.00983290
13.01739313
13.04790194
13.06104650
13.08010551
13.12190537
13.13680591
13.18321668
13.19030390
13.21041904
13.22173761
13.27021891
13.27933861
13.32318136
13.32324435
13.36322739
13.43455011
13.48049334
13.50113225
13.50862721
13.54460492
13.57670279
13.62358838
13.64358451
13.66862946
13.70124579
13.70634749
13.71466298
13.72198079
13.75723441
13.75812412
13.78912171
13.82703066
13.90622427
13.93810159
13.94326050
13.97983990
14.03525051
14.03858327
14.06969652
14.07995572
14.09466531
14.09701734
14.11277764
14.11580118
14.17295082
14.21836312
14.29345512
14.30724471
14.32288604
14.33042109
14.33046918
14.36274837
14.42525274
14.44046431
14.47781626
14.49956127
14.51356967
14.51800680
14.55035706
14.57879836
14.58622609
14.59100561
14.65360156
14.65550263
14.68897936
14.69871371
14.71231273
14.73023683
14.73189255
14.74182520
14.76570656
14.77080779
14.78952430
14.82575317
14.93609373
14.98513510
14.99135085
14.99696159
15.11188015
15.17366903
15.19403216
15.19677176
15.20097154
15.20781986
15.25304363
15.26091614
15.36703232
15.42635445
15.43529127
15.48935996
15.49846261
15.56172966
15.57488187
15.58664859
15.59247608
15.65976525
15.72541381
15.75305857
15.80817586
15.82767679
15.90459983
15.93203628
15.95138933
15.96328146
15.96467658
15.97393907
15.97738561
15.97902318
15.98853426
15.98857123
16.00491501
16.00707506
16.03018373
16.03454213
16.06393565
16.16491805
16.17755611
16.18478013
16.20665082
16.21775486
16.25922879
16.26756406
16.26762287
16.27696177
16.29450511
16.30182918
16.31422099
16.33080969
16.34154046
16.34338838
16.34520183
16.41635861
16.43185251
16.43879157
16.44398782
16.44449212
16.44752972
16.47580090
16.55694433
16.58454496
16.58952170
16.59656713
16.63863318
16.63939747
16.68861049
16.69567835
16.71892586
16.72992876
16.73882356
16.74182873
16.75871551
16.77337277
16.78080744
16.78995429
16.79528549
16.82744850
16.87075215
16.87992365
16.89582145
16.92309363
16.97182918
16.98050454
17.00969843
17.04252393
17.06352448
17.06523324
17.07920828
17.08678447
17.11652238
17.16738031
17.17181081
17.17422331
17.27348561
17.31529328
17.31644699
17.32077985
17.35455125
17.45139936
17.50355777
17.53859562
17.54630376
17.54838851
17.54862315
17.60421270
17.60839554
17.63088730
17.68437262
17.71651019
17.72424207
17.73455463
17.75286889
17.79273597
17.79687581
17.83563004
17.88704378
17.90362143
17.92065667
17.95249804
17.96343781
17.98583557
17.99328987
18.05125239
18.07444481
18.13831641
18.15617318
18.19639491
18.22686049
18.24401557
18.25484854
18.30110748
18.30280509
18.35092907
18.36440628
18.37831481
18.40649849
18.40914254
18.41721380
18.53803799
18.55115661
18.55304940
18.55953542
18.56218373
18.59908594
18.61236908
18.72442449
18.76021095
18.76228532
18.77479114
18.78286541
18.79302719
18.79500024
18.80774959
18.83622307
18.83817762
18.97745905
18.99034869
18.99298609
18.99640469
19.00910706
19.01172662
19.03847244
19.07271133
19.08770362
19.09252097
19.10232744
19.11028417
19.11220067
19.12810882
19.13388921
19.17111330
19.19053795
19.19391816
19.24471137
19.24597162
19.27125193
19.27687855
19.35911353
19.36425808
19.39005773
19.41955054
19.43379981
19.46999082
19.53101361
19.53151744
19.55222130
19.58029769
19.60478784
19.61688195
19.65358550
19.65625662
19.66197369
19.68243117
19.70164340
19.73125494
19.78812389
19.82352137
19.82730666
19.86329692
19.89047340
19.92884470
20.00320306
20.04843456
20.05664527
20.10374242
20.10902449
20.11451305
20.21141015
20.25011454
20.29641316
20.30208758
20.32960385
20.36615883
20.39292952
20.39496965
20.41528154
20.46117495
20.47713820
20.48579572
20.48720312
20.54448891
20.54475916
20.56685143
20.57536131
20.60035879
20.63757253
20.65313352
20.68174111
20.70543300
20.72438438
20.76816811
20.79258676
20.79281356
20.80245345
20.84704819
20.85874991
20.91919631
20.92640516
20.94672366
20.98076922
20.99208929
20.99573307
21.03118262
21.06321092
21.09306339
21.11380592
21.11685155
21.19011385
21.23845116
21.24684451
21.36007148
21.36030552
21.36713952
21.51332951
21.51381131
21.56567191
21.60882804
21.66661020
21.71405661
21.74445004
21.75379493
21.77041337
21.79467903
21.82578537
21.82920202
21.85042991
21.88974055
21.92093289
21.96680362
22.04062268
22.04841812
22.06495545
22.06838177
22.10900997
22.12576687
22.16248125
22.17029308
22.18746542
22.19195751
22.19704175
22.22374680
22.34128965
22.35489201
22.36525895
22.39302260
22.40503592
22.40617889
22.40798648
22.45160911
22.46842028
22.57847615
22.60333820
22.68430074
22.69581651
22.69939299
22.71960523
22.71961037
22.74362640
22.78010695
22.79447980
22.83655263
22.85015700
22.85348360
22.89124336
22.89436174
22.90295698
22.90896852
23.01593400
23.03066147
23.11304447
23.14092393
23.14658794
23.16216617
23.20831445
23.21381351
23.27953902
23.28157699
23.28499893
23.30336028
23.33824714
23.37170291
23.41352602
23.46187484
23.48133191
23.52345536
23.58436694
23.60127820
23.67194196
23.67387921
23.74699754
23.77791133
23.77974967
23.82746915
23.92681516
23.92709422
23.94381052
23.99640545
24.02354718
24.07544658
24.08783017
24.09531692
24.13436400
24.13481199
24.19389694
24.19717247
24.21541645
24.23976105
24.25313290
24.25895258
24.26711396
24.27079126
24.27456958
24.28022767
24.29686445
24.36397059
24.38816188
24.38932972
24.39659780
24.40118526
24.41022351
24.43272982
24.45806134
24.51002571
24.65057108
24.66580075
24.68170026
24.73402498
24.74634579
24.76569072
24.80926792
24.83718967
24.84328831
24.87087246
24.89302458
24.92446789
24.94346257
24.96924551
25.03376737
25.04755540
25.11078452
25.14167966
25.17610805
25.19542253
25.26822244
25.28517817
25.36892683
25.44249788
25.52920403
25.54823754
25.58359312
25.69254018
25.75757911
25.75811587
25.77960133
25.82191810
25.83461030
25.85804731
25.88219554
25.91605719
25.93028925
25.93886794
25.93930120
25.94857316
25.95282927
25.96796170
25.98735227
26.01842869
26.04645599
26.07662975
26.12525355
26.17245261
26.23819697
26.23863109
26.24515456
26.28285033
26.28645817
26.30244897
26.30785439
26.34152192
26.35077497
26.36682310
26.37014588
26.37392852
26.38824968
26.42731549
26.46368203
26.47013234
26.48411618
26.48413087
26.49657367
26.53353170
26.66590416
26.66720924
26.73267097
26.78451315
26.83658866
26.84034599
26.84308385
26.86424315
26.89250830
26.90545530
26.97827546
26.99449999
27.07135255
27.11715191
27.14325788
27.15051039
27.17970245
27.21344931
27.27763949
27.32372181
27.35366533
27.35595793
27.45161981
27.45829605
27.47451921
27.49792991
27.50336655
27.64346787
27.75105249
27.84115041
27.86228870
27.87742553
27.90695134
27.98859302
28.02275907
28.05464072
28.05949832
28.11828824
28.11930143
28.20294106
28.20377563
28.21238658
28.21305134
28.22159187
28.25728416
28.34152988
28.34797454
28.36386243
28.37515857
28.44805913
28.46614518
28.47031549
28.47208379
28.52344022
28.59104840
28.59178272
28.63192272
28.63988138
28.64305189
28.67658897
28.68301594
28.70342923
28.71532399
28.71642483
28.74637451
28.75201909
28.75681918
28.78247392
28.78457399
28.83112706
28.85522980
28.88154955
28.91289785
28.92071245
28.94495005
28.94599411
28.95216165
28.98161970
28.98186578
29.03689056
29.05159842
29.10557498
29.12440155
29.16341306
29.19084965
29.19619817
29.20649832
29.24527682
29.26920491
29.28455469
29.28941932
29.29736532
29.30207210
29.31021752
29.31897124
29.34235822
29.36016442
29.38740098
29.40383730
29.41954732
29.43833763
29.45272024
29.47377247
29.48039035
29.48451805
29.53943658
29.56492602
29.57931901
29.64369696
29.64608403
29.80300278
29.86479089
29.90241283
29.92195433
29.92722764
29.92872369
29.94410286
30.00947556
30.00954358
30.04330229
30.10189589
30.15628836
30.15843511
30.18830231
30.20350396
30.22105930
30.23521407
30.24801947
30.27744424
30.30161197
30.31050361
30.35506461
30.36475613
30.40819953
30.44889049
30.45511153
30.47802361
30.52598013
30.53766997
30.60695881
30.65392603
30.68770947
30.68873087
30.69799027
30.70094812
30.72905145
30.76432607
30.77675303
30.79820142
30.85321127
30.86368560
30.86654784
30.99905224
31.01139979
31.02268898
31.05547850
31.10712173
31.17728794
31.19422448
31.26201873
31.29186889
31.29966366
31.34957739
31.36808892
31.47742901
31.60979423
31.61364840
31.63152348
31.66122484
31.67137695
31.67768919
31.73362264
31.74261542
31.78039085
31.79660003
31.82289215
31.82997429
31.84482059
31.88581175
31.91162189
32.02700521
32.02970086
32.03255825
32.05506883
32.16884351
32.20254700
32.23335632
32.26334986
32.31768305
32.32058055
32.33146243
32.35607396
32.35789068
32.37610133
32.40335214
32.43853337
32.44953432
32.46677511
32.47181666
32.53381245
32.55382381
32.59911907
32.63054298
32.67679422
32.72445903
32.80211129
32.81204555
32.81308024
32.81694899
32.81770036
32.89237817
32.92396469
33.05450977
33.07212719
33.08542146
33.09026476
33.10883240
33.25126820
33.30358638
33.31075096
33.33038107
33.33416221
33.33469208
33.36642186
33.37256746
33.40349739
33.40977908
33.41689636
33.42195621
33.43573000
33.44835946
33.50708327
33.57074790
33.58888474
33.59262376
33.64940484
33.68283690
33.69932051
33.70611949
33.72142375
33.76991731
33.79449107
33.82301175
33.84619634
33.84983298
33.85199871
33.85945908
33.88116359
33.88376356
33.88982334
33.90542961
33.92181208
33.93333869
34.00761624
34.00993463
34.01531492
34.04142097
34.04541915
34.07984943
34.08720677
34.10434941
34.13448787
34.14768518
34.17894070
34.21801346
34.23425162
34.23645499
34.27236712
34.29363596
34.30143833
34.31221312
34.33761151
34.41474565
34.45188091
34.51681162
34.57339759
34.61601050
34.77943707
34.78964010
34.79398406
34.84141249
34.87097997
34.89511966
35.01262237
35.02259120
35.05840839
35.06044332
35.06270316
35.08760088
35.09046868
35.10946944
35.14855379
35.15674905
35.15760558
35.15934571
35.18743828
35.20700716
35.22270741
35.26168907
35.26483967
35.27888177
35.28886975
35.31816470
35.34095062
35.34176642
35.40089805
35.40650537
35.49144914
35.51980717
35.52404896
35.52783473
35.53013668
35.53454494
35.54103231
35.56833164
35.63108408
35.63134912
35.65059251
35.65887463
35.68230528
35.68838440
35.72246021
35.78111678
35.81757580
35.83157532
35.88996400
35.90857403
35.96699779
35.97387408
35.98088426
35.98989503
36.03307414
36.03870174
36.12017340
36.18079948
36.18572421
36.19417114
36.20496088
36.20523563
36.21432408
36.26214213
36.27190424
36.28341258
36.28400962
36.32040936
36.34795022
36.36442778
36.38812460
36.40831915
36.42396554
36.44219449
36.45115251
36.47193028
36.50608118
36.56842859
36.60178436
36.64933139
36.66625657
36.68492723
36.70781256
36.75990974
36.79111008
36.81721068
36.85597916
36.86967766
36.91482731
36.92634810
36.93587239
36.97440354
36.98193483
36.98307151
36.99078163
37.00014656
37.04624264
37.06515395
37.09234807
37.21244112
37.28275361
37.34226188
37.34853358
37.35886309
37.51827456
37.51935483
37.56327272
37.56705774
37.56998570
37.57649805
37.57747345
37.58857875
37.64232915
37.64588238
37.69209535
37.71202332
37.76866977
37.77266680
37.79350639
37.83341483
37.83480110
37.85816893
37.89372617
37.91435666
37.91739211
37.94960827
37.96039284
37.96532768
37.98408053
38.01669050
38.07533333
38.08653233
38.10265918
38.11952075
38.13606986
38.21225406
38.24241428
38.24374472
38.26311784
38.29314493
38.33206540
38.35373094
38.43500363
38.43819327
38.45950029
38.47123889
38.57031993
38.57334972
38.64117332
38.71220136
38.74639075
38.79131106
38.80111289
38.80173921
38.82212032
38.82927058
38.85062748
38.90903688
38.96785142
39.01591606
39.05965795
39.15570471
39.18696952
39.23071556
39.27622822
39.34294048
39.35209345
39.35774067
39.35894427
39.39098106
39.39341616
39.40048484
39.40755426
39.42779868
39.42828884
39.49405667
39.52009266
39.53241679
39.60439036
39.61094385
39.62093200
39.62500766
39.71832550
39.75903408
39.77148021
39.77985076
39.78695169
39.81697566
39.83844036
39.88381564
39.92187529
39.93872431
39.99011410
40.01919132
40.05371091
40.06787409
40.08488030
40.10841515
40.12208288
40.18423018
40.22552528
40.23488157
40.28906074
40.34403816
40.35782085
40.36549414
40.37864367
40.38473574
40.40227491
40.43957159
40.44059564
40.49285742
40.56379916
40.56521938
40.66834993
40.67776274
40.68987234
40.69258565
40.75217925
40.75356262
40.76641590
40.78090112
40.79091817
40.79449719
40.89102946
40.92218316
40.92473341
40.95650608
40.96692982
40.97365811
40.99719248
41.00268697
41.02177067
41.03294191
41.08164716
41.13223459
41.13247537
41.14051797
41.16776529
41.17077750
41.17435515
41.17818819
41.24929870
41.37078400
41.40803956
41.41680496
41.43740354
41.46107141
41.48416270
41.49058687
41.49364386
41.50230095
41.52926035
41.55396871
41.55540470
41.55780868
41.57370504
41.61298392
41.65509023
41.67106296
41.69137974
41.70120585
41.71111180
41.71884254
41.72771908
41.75728518
41.76668756
41.80465441
41.87364617
41.90024185
41.92693092
41.93604728
42.06770217
42.11186769
42.12015227
42.15766041
42.16386292
42.17982108
42.19281211
42.19797086
42.22309296
42.23440062
42.26143621
42.29652154
42.29933617
42.31470602
42.33289541
42.38450051
42.43524534
42.46058915
42.46088525
42.49523198
42.49951274
42.50572621
42.56369987
42.56717071
42.57879202
42.61474395
42.61768515
42.65287029
42.65757478
42.65773848
42.70919826
42.71542170
42.72350824
42.72718838
42.80500977
42.81529259
42.84551301
42.85880646
42.86507818
42.89341517
42.89845683
42.91687336
42.92443338
42.92604576
43.02784147
43.06480512
43.06609970
43.07647274
43.08284470
43.11997981
43.15303286
43.20749519
43.22215824
43.23642909
43.27657181
43.27667542
43.27964217
43.33606409
43.34856020
43.36992595
43.37995854
43.42157606
43.45765286
43.50451767
43.50553795
43.50607116
43.51360306
43.55212935
43.57220624
43.58280124
43.60018363
43.61126534
43.62486678
43.64094744
43.66642785
43.73681430
43.74709160
43.81408824
43.82668130
43.87088038
43.87962451
43.90752401
43.92017177
43.95125688
43.99171732
44.03802694
44.03971811
44.05756937
44.11312712
44.11459978
44.16181380
44.21839342
44.25148202
44.29101068
44.29161689
44.30133476
44.31277177
44.36772171
44.36964289
44.40809083
44.49878169
44.54681480
44.55497809
44.56670767
44.56851633
44.62255250
44.62881430
44.65269503
44.65762373
44.71377341
44.73919304
44.74516543
44.79551461
44.79733479
44.85555339
44.88911205
44.90883156
44.92360557
44.93518715
44.97251699
44.97494409
44.98042061
44.99876963
45.05398352
45.23314402
45.23884138
45.30159819
45.30394376
45.34020975
45.41183670
45.42567929
45.43380853
45.44257186
45.52039168
45.53471201
45.56642229
45.58954793
45.59032936
45.60225054
45.60256607
45.61174252
45.65103230
45.72500303
45.72889968
45.79096077
45.82002637
45.84085279
45.85144473
45.90503264
45.91875356
45.98482553
46.02979895
46.04577790
46.06259315
46.07007793
46.08629093
46.11786598
46.16830872
46.18349724
46.33710340
46.35581528
46.41058497
46.42482962
46.42509881
46.42943705
46.44691608
46.46186055
46.56030054
46.58594303
46.60487273
46.61217154
46.65439804
46.69757005
46.83026162
46.84731330
46.85743803
46.86759583
46.89898569
46.90537784
46.91970217
46.93930173
46.96784481
46.99900000
47.01729600
47.14071385
47.14411809
47.16834172
47.17109748
47.19084300
47.19835434
47.19937976
47.23945285
47.25721607
47.27499598
47.31568338
47.35818376
47.36019055
47.43310522
47.45509086
47.45562971
47.47240243
47.52327618
47.55445634
47.58708417
47.61123327
47.61402264
47.61837265
47.63143662
47.63695261
47.64554369
47.68590522
47.71450081
47.79239947
47.81180797
47.82165567
47.83468267
47.83685193
47.92254295
47.99340742
48.08881041
48.10976363
48.11742865
48.11749680
48.17805747
48.27765820
48.29109663
48.35519199
48.35610313
48.36158802
48.36950501
48.40995647
48.51025083
48.51438841
48.52749860
48.52883664
48.59734345
48.61895965
48.63335333
48.64665305
48.65631549
48.66970295
48.69179378
48.71023088
48.75801375
48.78051729
48.79500642
48.79732431
48.80667463
48.82309999
48.83908286
48.87356454
48.90409092
48.90742277
48.92285655
48.92816235
48.93277083
48.95153873
48.96756106
48.97546425
48.98807642
48.99199732
49.05459331
49.06928854
49.10190692
49.11521180
49.12064645
49.21506676
49.21948878
49.24207281
49.25495172
49.27144653
49.28651970
49.36594429
49.40276916
49.40546104
49.41395935
49.41910559
49.43263973
49.51766092
49.53687516
49.55263861
49.55817245
49.56985139
49.57257540
49.65078154
49.67693628
49.69783835
49.70442819
49.70953266
49.74078285
49.76626460
49.76824339
49.79751418
49.80358712
49.83197579
49.83733925
49.86547711
49.88793714
49.89519016
49.90050728
49.92221712
49.93497245
49.96494255
49.97603372
50.03245383
50.06036011
50.06403460
50.07119199
50.12697091
50.31217682
50.35813994
50.36224400
50.39320912
50.43611080
50.47054145
50.49270406
50.53041977
50.54475784
50.59729594
50.69509423
50.70335132
50.72695595
50.75265091
50.75931085
50.77015274
50.82325948
50.83043949
50.83910995
50.83961485
50.85455468
50.95256874
51.00572727
51.01357682
51.02741424
51.05843042
51.11307795
51.15295528
51.15957387
51.18344260
51.19488500
51.19565120
51.21260811
51.23732713
51.24352930
51.26542211
51.26840034
51.27168275
51.29304059
51.31469196
51.36740517
51.40301997
51.43921788
51.47541493
51.52255551
51.61081842
51.63481000
51.64613096
51.76550519
51.77047898
51.78840046
51.81229347
51.84846910
51.85429146
51.91469356
51.93416920
51.93490714
51.96922411
51.98353673
52.00608363
52.06853205
52.07565370
52.08325439
52.09084973
52.10444326
52.13043930
52.18070754
52.19148782
52.20181118
52.33492922
52.36025986
52.38049143
52.41451124
52.41789281
52.42718605
52.44929759
52.47455176
52.51855354
52.53906550
52.58921969
52.59901729
52.65412410
52.66032894
52.69342034
52.70467460
52.70650867
52.75179601
52.75889847
52.77415998
52.78305375
52.78823764
52.79909740
52.81519471
52.83708919
52.86730931
52.92346095
53.02402713
53.03779544
53.10418503
53.11902232
53.18988428
53.21285986
53.24361039
53.25429073
53.25503388
53.31004760
53.32804961
53.34710176
53.36432444
53.40419178
53.40758080
53.45269784
53.48651950
53.54189281
53.62696032
53.62778766
53.67454806
53.69065978
53.69219751
53.77796884
53.80836883
53.85546446
53.88374564
53.91288451
53.96468765
53.98102263
53.99729031
54.07135156
54.08083196
54.18460823
54.19345805
54.19356919
54.22945309
54.27245520
54.33517180
54.34830099
54.40640432
54.40980870
54.48891019
54.50876696
54.51040033
54.51827479
54.56322094
54.56698309
54.59050947
54.59537069
54.60955580
54.61861070
54.64588440
54.68841423
54.68931278
54.75369689
54.82997985
54.83700556
54.84344222
54.85080981
54.85630436
54.87215958
54.87898823
54.91395293
54.91739261
54.91962866
54.92188309
54.95543226
55.00277759
55.05936789
55.14248189
55.22812718
55.23816707
55.23959344
55.24343076
55.24520136
55.33422700
55.37469762
55.41731949
55.42057186
55.45321883
55.51589373
55.52089635
55.53586709
55.56073246
55.62116565
55.62395886
55.62939257
55.63963643
55.67038211
55.69959469
55.73157045
55.74303085
55.74678179
55.78611623
55.79508790
55.80198386
55.81513282
55.82291180
55.84571959
55.88653608
55.89426026
55.91969079
56.01299542
56.01491073
56.04467625
56.06240995
56.06488884
56.08491854
56.08644611
56.11970583
56.12537238
56.14444903
56.15143080
56.17206690
56.19252628
56.22665354
56.24123954
56.28102789
56.29112009
56.30695636
56.38531419
56.39684355
56.48140396
56.50913771
56.53501943
56.57218263
56.60627651
56.62081622
56.62469966
56.65074096
56.67029622
56.68360695
56.71933409
56.72594706
56.76050411
56.81353428
56.85880621
56.91987726
56.95689686
56.99059939
56.99390091
57.00124242
57.06133503
57.09413955
57.09549555
57.19447379
57.22376426
57.23450918
57.25691425
57.36947471
57.42336298
57.45846832
57.46882938
57.49678512
57.51389933
57.52822144
57.53542918
57.53775489
57.58651967
57.64698477
57.65196080
57.73087109
57.76728138
57.82016131
57.85979756
57.87276578
57.87381608
57.89978733
57.94875730
58.00836719
58.01307177
58.06547189
58.06778337
58.07318630
58.20843935
58.22484716
58.24882834
58.25435343
58.28534352
58.30319426
58.37805865
58.39946924
58.47020712
58.48052756
58.51428321
58.53645631
58.59796233
58.66282029
58.76003850
58.76095543
58.77619146
58.79356560
58.81395020
58.81541193
58.82611673
58.84229893
58.85580137
58.89230928
58.91684076
58.92487398
58.93360857
58.94554344
58.96520118
59.03610055
59.04847268
59.05909076
59.06518276
59.07247277
59.08032931
59.12406537
59.13554340
59.17525624
59.18730052
59.21501742
59.21914784
59.23213520
59.23216454
59.26724473
59.28814475
59.28819704
59.28886055
59.29015431
59.29574621
59.30814357
59.32650230
59.34913998
59.37074431
59.37676987
59.43687906
59.44212791
59.47452068
59.49492154
59.50551709
59.53436395
59.62669481
59.63808279
59.65995744
59.73527260
59.75591179
59.78599758
59.78831804
59.79092529
59.79427628
59.86881993
59.87215057
59.88468525
59.96564105
60.02632005
60.09478287
60.14752350
60.17542431
60.17627401
60.19612386
60.19949327
60.28154496
60.30614946
60.32225435
60.36913422
60.37859306
60.38100775
60.38355639
60.38393456
60.41375075
60.50551043
60.58236228
60.59156414
60.59357883
60.63290267
60.66412650
60.68349430
60.69224263
60.71014961
60.78544515
60.85176869
60.85550079
60.89083230
60.93193218
60.96855783
61.00683609
61.02360553
61.02448949
61.03309204
61.04835280
61.07190206
61.07646676
61.11288027
61.12580782
61.13323776
61.14206820
61.14753832
61.19628998
61.25469592
61.26070260
61.26617084
61.29298132
61.31767225
61.37155141
61.37476033
61.40969349
61.43234568
61.43615211
61.46448223
61.51343365
61.54663758
61.64070872
61.66507457
61.67662191
61.68261205
61.69005455
61.69513872
61.75065871
61.76992485
61.79315163
61.83389602
61.83583720
61.85088406
61.87553867
61.90361368
61.92743020
61.93656108
61.97236581
61.98675162
62.01542994
124.00000000
