0.01363635
0.01895250
0.03471444
0.04180551
0.21643556
0.24177240
0.27423049
0.27831444
0.28611895
0.29044068
0.37333926
0.40070191
0.40929497
0.41586813
0.41766513
0.46307911
0.47450235
0.49284401
0.64491132
0.65111068
0.68348341
0.69230310
0.69823403
0.73962890
0.77481118
0.83796215
0.86665268
0.86881967
0.89713464
0.89817366
0.94823865
0.96812854
0.96936447
1.01152554
1.02455293
1.17419270
1.18783689
1.24568669
1.29782027
1.31529344
1.31744627
1.33628537
1.35609618
1.35815031
1.36614739
1.37289778
1.38213249
1.38263487
1.39818502
1.40557962
1.43204961
1.43853916
1.46680768
1.47501959
1.49334259
1.53877040
1.55321766
1.60569582
1.62489164
1.63577978
1.63956773
1.65195490
1.65219735
1.65573458
1.66096500
1.67497438
1.67749905
1.68713361
1.82911810
1.83107406
1.83656301
1.88772175
1.90236783
1.93021848
1.96150917
2.04210422
2.10808331
2.11280697
2.11968712
2.19391677
2.21945464
2.24975163
2.26794799
2.27388928
2.29337293
2.31480573
2.34952104
2.36519499
2.42178349
2.46577177
2.48364157
2.52666414
2.54174163
2.56833805
2.57482693
2.60027421
2.60311843
2.60737434
2.60840437
2.65334838
2.69273379
2.76027281
2.77641329
2.85705274
2.86484529
2.90701139
2.91118381
2.92495511
2.93062912
2.97439205
2.97803307
3.02499722
3.03945813
3.04822240
3.12187089
3.12258272
3.21039026
3.21138863
3.22912071
3.28164893
3.29507449
3.31421369
3.32961633
3.33874132
3.38853642
3.41043731
3.42336783
3.43370148
3.45019318
3.46649159
3.47712286
3.48157887
3.52153679
3.55833202
3.56854142
3.60688100
3.60739492
3.60980698
3.63426878
3.63748834
3.64760106
3.65682245
3.71626513
3.75919072
3.84869079
3.87884902
3.99415581
4.01173039
4.01851724
4.03405808
4.03727209
4.04556952
4.05883011
4.11745400
4.15852468
4.19488583
4.21420657
4.25456821
4.26210749
4.32393175
4.33174573
4.39076169
4.49013999
4.57741930
4.58621177
4.61020618
4.63390514
4.63481298
4.66655553
4.66868625
4.68539883
4.70137316
4.70165482
4.75898229
4.76832637
4.83042407
4.83242780
4.85825403
4.86333082
4.86937828
4.88056172
4.90427701
4.91441983
4.94561729
4.95270729
5.00346225
5.00694374
5.09576323
5.11938414
5.12080183
5.14828145
5.16190239
5.17718281
5.23074920
5.31304812
5.37552004
5.38548428
5.39875410
5.41634705
5.42830436
5.48130783
5.59720083
5.63291592
5.70740499
5.72860351
5.73649660
5.73957899
5.76210216
5.77126404
5.78331571
5.81178169
5.81991403
5.82159354
5.83416720
5.85489438
5.94076211
5.99139317
5.99379037
6.01931224
6.09314592
6.12731473
6.15489796
6.21183258
6.21575361
6.27934398
6.28212696
6.29435208
6.30681881
6.33259936
6.35967994
6.38239530
6.40270082
6.46794192
6.47463507
6.48443791
6.48635730
6.48665373
6.49934220
6.59636610
6.62050867
6.65542137
6.68548177
6.68641290
6.68752996
6.70663959
6.70876517
6.73649763
6.78472308
6.80911273
6.86564433
6.87152457
6.93882498
6.97415694
6.98329152
6.99836117
7.02253794
7.02853234
7.04607436
7.06245684
7.08012815
7.12426437
7.12474920
7.12704674
7.15471366
7.23738765
7.24100148
7.31130338
7.32036160
7.37448725
7.38869373
7.43078539
7.44677423
7.44769289
7.45689392
7.47323871
7.48677973
7.54323753
7.55836536
7.59456625
7.64104594
7.67751869
7.68383437
7.71292052
7.76219815
7.76997312
7.77245574
7.80665232
7.84209083
7.85997263
7.86945622
7.88102290
7.90868283
7.93184511
7.95178938
7.96111473
8.01391065
8.07306756
8.07839931
8.10254637
8.12826632
8.13048503
8.13417476
8.14411506
8.16683253
8.26091455
8.26580535
8.29258915
8.30994700
8.31510316
8.33921470
8.34824369
8.41421878
8.45182498
8.46703702
8.46782349
8.54245552
8.57169444
8.61575354
8.64007750
8.65943983
8.67323861
8.68384870
8.69536482
8.70809570
8.71108841
8.73646415
8.74412445
8.77811312
8.83315345
8.84325950
8.87551694
8.88980738
8.89285034
8.91738571
8.96833836
8.97514082
8.97747261
9.00531072
9.06107725
9.06501390
9.12585971
9.14973002
9.16021627
9.18359247
9.19083750
9.19657346
9.23394375
9.24918675
9.25052156
9.28985329
9.30894362
9.36517208
9.39419898
9.41010265
9.44923696
9.48713260
9.52619279
9.58694262
9.73378281
9.74721638
9.74822379
9.76619195
9.84312461
9.87535007
9.91627798
9.94512329
9.95928390
9.96273767
9.99066446
10.08566395
10.09856916
10.11602466
10.12663500
10.13079893
10.14951978
10.19537627
10.19561742
10.19938590
10.20452423
10.20521965
10.21120006
10.21177989
10.22443700
10.28305601
10.28513832
10.29920004
10.30925337
10.33188087
10.33600844
10.40139117
10.42445085
10.47361737
10.52432287
10.52841468
10.54891025
10.55111779
10.62506265
10.70199581
10.71939654
10.76680437
10.77059240
10.77921862
10.78689734
10.80054494
10.83585010
10.84503611
10.84776810
10.85927275
10.87500848
10.87904609
10.89351780
10.89739857
10.90031793
10.91740433
10.92514921
10.92570216
10.94129491
10.94817927
10.97861154
11.00807278
11.04326956
11.09258870
11.11300260
11.11339705
11.11833964
11.18841281
11.19647324
11.20164889
11.23042342
11.29544105
11.30851239
11.35133059
11.35418093
11.41059376
11.41095922
11.41585407
11.41809034
11.43017126
11.43329772
11.50497843
11.51263203
11.55326530
11.55867499
11.60739320
11.65879709
11.66944950
11.67480944
11.74683736
11.75166127
11.82447539
11.85863487
11.86836512
11.87405105
11.88888984
11.89145603
11.92507930
11.93714204
11.97189809
11.97974904
12.00677728
12.04483450
12.05410368
12.05506589
12.07215365
12.08296281
12.10766131
12.13601359
12.25658819
12.27241167
12.38602568
12.47515552
12.47683274
12.50178140
12.54131634
12.55646812
12.57672544
12.60064386
12.61538649
12.62101171
12.63284217
12.65590758
12.70908853
12.73398764
12.77119510
12.77240660
12.79234844
12.82043743
12.82149602
12.85028047
12.94006102
12.97716171
12.98898644
12.98975370
13.08606487
13.12345056
13.15468690
13.15578853
13.16591004
13.16962421
13.18798370
13.19708437
13.23005632
13.24578608
13.26909177
13.29904368
13.31092861
13.32318136
13.33080921
13.37038284
13.39034432
13.42787326
13.44493576
13.48089793
13.58980571
13.61197034
13.63253634
13.66509736
13.66585550
13.72198079
13.72937050
13.73675594
13.78947566
13.80681677
13.81274468
13.89508368
13.90932078
13.92187043
13.95279450
13.97036397
14.03097645
14.05081290
14.06885192
14.07731296
14.08042074
14.08371064
14.09346280
14.10623294
14.13907071
14.14609469
14.14900849
14.16551458
14.18520097
14.27970362
14.28596495
14.30687051
14.32186587
14.34458786
14.36992603
14.41594070
14.46724080
14.47762397
14.49407226
14.49727494
14.51254993
14.51851876
14.53110765
14.55224811
14.62538328
14.64586526
14.69750467
14.73879873
14.76614449
14.80962347
14.82754569
14.84007842
14.86566576
14.93215362
14.93609373
14.94220783
14.96715336
15.05244299
15.07435181
15.08874727
15.16808110
15.21993624
15.33113975
15.33655748
15.33901395
15.39707965
15.40425954
15.40779663
15.42265612
15.44012384
15.47610139
15.53473898
15.55995974
15.56679735
15.61012503
15.62051539
15.62060974
15.65173566
15.66896517
15.68842838
15.70080644
15.72624369
15.72688164
15.86847431
15.87279674
15.89923752
15.92373524
15.93203628
15.94060535
15.95044684
15.95138933
15.98162119
15.99718478
16.01126392
16.01645866
16.05661480
16.06046585
16.06865287
16.08314974
16.14719827
16.19675158
16.27721722
16.28777792
16.29180897
16.30182918
16.32992887
16.34154046
16.36504431
16.36968733
16.44116266
16.47158036
16.52522268
16.54907308
16.55185797
16.56729657
16.58433693
16.61906843
16.66660859
16.68647645
16.71449365
16.77385485
16.77511823
16.82441174
16.82744850
16.98511447
16.98884168
16.99966587
17.01519457
17.04753786
17.10342340
17.12451930
17.15103921
17.15397564
17.15578173
17.17024219
17.24859131
17.26045401
17.26058720
17.45136202
17.49879457
17.54862315
17.65871897
17.68646914
17.70432395
17.73018849
17.76939294
17.78004405
17.81625966
17.82779658
17.87743067
17.90362143
17.92183093
17.96582725
18.05808744
18.10281308
18.11223656
18.14007129
18.16164767
18.16610536
18.17390377
18.21153602
18.22054200
18.23872539
18.24534286
18.25641464
18.27193198
18.29599334
18.31798783
18.36988322
18.39263208
18.42371837
18.49474541
18.51162497
18.51797220
18.54542841
18.63316185
18.64762231
18.65640694
18.66493192
18.72808166
18.74830160
18.76085400
18.82011652
18.84002029
18.86593680
18.89882116
18.92603238
18.96364951
18.99437193
18.99500626
19.01090893
19.03847244
19.09645058
19.10290152
19.11220067
19.11846307
19.13609670
19.13821133
19.14811109
19.22025932
19.25740929
19.26697921
19.31321075
19.33172710
19.34038222
19.36668215
19.37836662
19.38266800
19.40955787
19.43864115
19.44123490
19.44329328
19.49472797
19.50351139
19.50590019
19.54644794
19.58029769
19.60007016
19.60279977
19.62443313
19.68188856
19.69076992
19.69958283
19.72007281
19.72569828
19.76494139
19.78548912
19.78882922
19.82486864
19.82730666
19.83859073
19.88751493
19.90730850
19.96555465
19.99251578
20.01440769
20.02183842
20.02880693
20.04843456
20.05209910
20.08128672
20.09143358
20.09437327
20.17965659
20.19550662
20.21257579
20.21853275
20.22317462
20.28124195
20.28680154
20.29290534
20.29641316
20.37561278
20.42699640
20.47612219
20.49120903
20.50022420
20.50370105
20.50629770
20.52473603
20.53544428
20.60672668
20.71014530
20.72823377
20.74299333
20.76858400
20.78542263
20.81754245
20.86194849
20.86749759
20.88295278
20.89541099
20.95063842
20.99487384
21.00819378
21.04423906
21.06789091
21.11097746
21.14198088
21.18008145
21.20414257
21.25132205
21.29548328
21.29789503
21.34139288
21.43623502
21.45863544
21.46397778
21.46916390
21.49825893
21.50396349
21.51279790
21.54263328
21.56320596
21.56556014
21.58739871
21.58764067
21.62903750
21.68147095
21.74445004
21.74596433
21.75869886
21.78878619
21.78982096
21.79558326
21.80021045
21.81146335
21.83939837
21.84255369
21.85042991
21.90314592
21.91172694
21.92924998
21.93876581
21.94983341
21.97130989
21.99306642
22.04601249
22.20853580
22.21100970
22.25184186
22.27129058
22.29898557
22.31465246
22.34119559
22.34737194
22.35489201
22.44897000
22.45797482
22.48592207
22.53742228
22.54176050
22.54221096
22.57832151
22.63848852
22.70157438
22.71638586
22.72855786
22.82349876
22.89777834
22.96527922
23.02305572
23.04079031
23.08081443
23.10503257
23.12181659
23.12760548
23.13887221
23.15757192
23.15759872
23.16250378
23.16936731
23.17195080
23.18976896
23.19290608
23.22113765
23.22484716
23.25374570
23.28895896
23.30764715
23.37204843
23.37587309
23.42311077
23.44952224
23.46187484
23.55292297
23.55548787
23.60127820
23.65903940
23.70297788
23.73771664
23.78858308
23.83578932
23.84005614
23.85941875
23.88078713
23.91968749
23.92644829
23.93267608
23.94045912
23.99951309
24.00186530
24.01020732
24.06861539
24.07817088
24.07948902
24.08014829
24.08926382
24.11746909
24.12036414
24.12116863
24.12765899
24.19118631
24.20670883
24.22309345
24.24723374
24.26154111
24.42693598
24.42796634
24.52178155
24.53648157
24.54517953
24.55633189
24.57352721
24.60010265
24.61073165
24.61990041
24.67178941
24.75022398
24.75771242
24.80363549
24.80433871
24.87984225
24.90520573
24.93854469
24.95452267
25.01389605
25.01801578
25.06036521
25.06721929
25.16116681
25.16127737
25.17137148
25.23278168
25.23348217
25.24097049
25.24567304
25.24602402
25.26034334
25.27405371
25.27716493
25.28278017
25.31168030
25.31221790
25.32848108
25.41917819
25.43963687
25.44249788
25.48758092
25.51866202
25.52396396
25.56230134
25.57647916
25.59507535
25.62306353
25.63320819
25.69348632
25.69555431
25.70832133
25.74024865
25.79284368
25.82113067
25.83583442
25.87454387
25.89471236
25.92116772
25.97038577
25.97374891
25.97911077
26.02648538
26.06730150
26.07317433
26.09110951
26.10215049
26.13240547
26.20023211
26.20316865
26.20463889
26.23125916
26.30515767
26.30735312
26.30911946
26.31234686
26.34000886
26.34816762
26.35299514
26.36477897
26.40143329
26.41966810
26.48548461
26.55189447
26.61038246
26.61052775
26.61612385
26.70742905
26.87384117
26.90316228
26.90545530
26.92089791
26.92545516
26.93277949
26.93449538
26.98299300
27.00456762
27.03384769
27.07144387
27.09322692
27.09629678
27.10687263
27.22364435
27.25463906
27.26006242
27.28301939
27.30411335
27.32787525
27.34514884
27.37211133
27.38389380
27.43837729
27.44203267
27.44310957
27.44950508
27.54384308
27.64463351
27.64816206
27.65303819
27.66640437
27.67277237
27.69646598
27.76209042
27.79571174
27.82561490
27.83073495
27.84268623
27.85747732
27.95410987
27.95424605
28.04599066
28.12392651
28.15658999
28.18107938
28.24606327
28.37109218
28.37368612
28.37738486
28.38483667
28.39348160
28.41988408
28.43081658
28.46875181
28.47031549
28.48890051
28.49458295
28.50398999
28.52103807
28.54481875
28.62727656
28.66086660
28.67427725
28.70573026
28.70679562
28.74341238
28.74727374
28.75097809
28.85522980
28.85947067
28.87040706
28.90962702
28.93707823
28.94590587
28.94599411
28.98501234
29.01569321
29.04587349
29.04886008
29.06997496
29.08331964
29.09707053
29.14474822
29.19709504
29.21172169
29.25231018
29.26642547
29.26832067
29.35784784
29.39765608
29.40866966
29.51294445
29.51570545
29.51689105
29.51818733
29.52303477
29.55415205
29.56074897
29.56364179
29.56485308
29.58295927
29.63279580
29.65713554
29.66541786
29.69175029
29.71146532
29.72354205
29.74568066
29.88350178
29.88547392
29.94047887
29.95341990
29.96282477
29.97599180
30.01005445
30.01828835
30.05678836
30.05919958
30.06192989
30.07552094
30.08132389
30.09131963
30.11243651
30.11732354
30.11877430
30.12619891
30.17957614
30.18795118
30.20333278
30.30760477
30.30827896
30.41897048
30.42119392
30.43461702
30.44220950
30.45528750
30.46363126
30.49365669
30.50267153
30.51140244
30.51867107
30.54307310
30.54411852
30.57136429
30.62254849
30.70671585
30.76627780
30.76814200
30.76841906
30.78844801
30.82098580
30.82139596
30.84502391
30.85577881
30.85739634
30.87751009
30.89054597
30.89891698
30.90389643
30.94060912
30.98157526
30.99834743
31.09057935
31.11830112
31.11964663
31.14251410
31.16781933
31.22712212
31.23586173
31.26791989
31.27949158
31.30111944
31.32463389
31.36681600
31.39614740
31.47341487
31.52977249
31.56773767
31.60656169
31.60787492
31.64664219
31.66102984
31.71793716
31.72030991
31.74903805
31.82029230
31.83995942
31.85338794
31.86626465
31.89597157
31.90062131
31.90953679
31.91162189
32.01400176
32.01704590
32.02662336
32.03653033
32.08396025
32.10459444
32.13170129
32.13673054
32.15862206
32.22205908
32.22561871
32.24913914
32.27276336
32.34045056
32.36993905
32.37532351
32.39291253
32.40947126
32.46991825
32.51115157
32.51529772
32.58168387
32.64631766
32.70243748
32.72445903
32.72741182
32.78044141
32.86887527
32.91914540
32.92968814
32.98725824
33.02009473
33.03054709
33.05005548
33.09650663
33.12551428
33.13116489
33.13656345
33.15488440
33.16791589
33.24046923
33.26477514
33.27105744
33.31196251
33.34405323
33.39053663
33.39575670
33.42562038
33.44380715
33.44835946
33.48639507
33.48671405
33.52646685
33.54301453
33.61869379
33.62500407
33.63360879
33.68400301
33.70177380
33.71736555
33.73500225
33.75465458
33.75821485
33.77341573
33.77924894
33.81691704
33.84299975
33.84648369
33.84681796
33.85945908
33.86964912
33.91815933
33.99160404
34.05050670
34.15953684
34.19657368
34.26797448
34.28980466
34.32742505
34.33456882
34.34049563
34.34386231
34.34764974
34.37716405
34.39210158
34.39806199
34.42803660
34.43632007
34.44132062
34.46217994
34.46358461
34.48272363
34.48947229
34.54134279
34.57651764
34.73701020
34.74177798
34.78142756
34.84141249
34.86042948
34.86931168
34.91319863
34.92250181
34.92286561
34.94658888
34.96524729
34.98662528
34.99527324
35.04068513
35.08760088
35.12732126
35.15662147
35.19164334
35.19195420
35.26435304
35.26483967
35.26852510
35.28197673
35.33883416
35.34337017
35.35131901
35.37881346
35.38156360
35.38910194
35.41576559
35.43131108
35.44141203
35.48850744
35.54339684
35.54583226
35.57363519
35.60587587
35.62727608
35.74179505
35.76781491
35.80246888
35.83743869
35.84042062
35.86732494
35.88416284
35.89381433
35.91133224
35.91428969
35.92649491
35.93715978
35.94823264
35.97387408
35.97595517
35.98728143
35.99130991
36.00864896
36.09572366
36.17988572
36.20121372
36.23467793
36.25819364
36.27465846
36.36520855
36.42355387
36.44190635
36.47191015
36.55715969
36.58375006
36.64426391
36.76311669
36.81721068
36.84576559
36.89175929
36.92201434
36.93695943
36.98928864
36.99275807
37.00839873
37.00865982
37.01320524
37.01543865
37.06498967
37.07905331
37.10752733
37.12434983
37.17128632
37.17886021
37.23547283
37.25064835
37.25558422
37.26899848
37.27100166
37.36658139
37.40444519
37.41070903
37.44232346
37.44439347
37.45220882
37.46740166
37.52192142
37.52489746
37.55413875
37.60210055
37.61355794
37.65560808
37.70582356
37.71009171
37.72786545
37.72899985
37.74789059
37.75873571
37.77570612
37.78025854
37.83163984
37.85121917
37.87169038
37.90940374
37.91339123
37.92044107
37.95496131
37.99557371
38.00868020
38.02391101
38.04043263
38.04428655
38.04964400
38.07201193
38.09431535
38.11950399
38.12955069
38.16437869
38.22679830
38.23144283
38.27084775
38.30020095
38.30143414
38.31451766
38.32283204
38.35541068
38.38109071
38.38879499
38.40969757
38.42892256
38.47899623
38.49343640
38.51015794
38.52153379
38.52923844
38.60604798
38.61390806
38.61835712
38.63902641
38.64117332
38.64268787
38.65183157
38.70548395
38.72905272
38.74380406
38.74693141
38.78136414
38.79229110
38.82861960
38.86298261
38.87511292
38.88565825
38.90437062
38.91871624
38.94049547
38.99281903
39.07328799
39.15183334
39.17297205
39.22131556
39.26079770
39.32976123
39.34815895
39.34942573
39.35477004
39.40655634
39.41270702
39.43502987
39.51382283
39.54059481
39.61094385
39.62066343
39.62616718
39.64126936
39.67292525
39.68276957
39.69833945
39.69866860
39.72866929
39.76960722
39.77251137
39.81213543
39.87071414
39.87881605
39.92187529
39.93790219
39.94096374
39.99011410
39.99250462
40.04219213
40.04546756
40.05804883
40.09798870
40.11956442
40.14450703
40.20518160
40.20588805
40.20830455
40.27838536
40.32348170
40.36294368
40.40696443
40.48482547
40.49794123
40.60032428
40.65092871
40.68126651
40.69703080
40.70463323
40.71202419
40.71926448
40.74678634
40.76669968
40.78036202
40.81448597
40.81565772
40.89159905
40.89695022
40.91442949
40.92434257
40.92913205
41.01549796
41.01912643
41.02235424
41.05008419
41.07280906
41.08272684
41.12087781
41.13241908
41.13674421
41.15118057
41.16246766
41.17435515
41.19169730
41.25821302
41.25966348
41.25987610
41.27306750
41.27367673
41.29021377
41.30907939
41.31136342
41.33305163
41.38291486
41.39617760
41.43557033
41.43766625
41.48613287
41.51845217
41.59269574
41.59858647
41.65033285
41.65557349
41.71262686
41.71770908
41.78249712
41.79760831
41.86941037
41.96808661
41.96815415
41.98005237
41.98890400
42.01909533
42.02937248
42.05078596
42.05080581
42.05994556
42.14306938
42.19415885
42.19695219
42.20324979
42.28394097
42.30285969
42.31629742
42.32024699
42.32514155
42.33575523
42.37827982
42.43917477
42.45162925
42.47237590
42.48464822
42.48936434
42.50311796
42.51499204
42.51903173
42.55016218
42.55431072
42.59904129
42.65564149
42.67306916
42.68933819
42.76799856
42.76875141
42.78316217
42.81258580
42.84112206
42.84142584
42.87242705
42.88825481
42.89231163
43.05868689
43.06989879
43.09890855
43.13108501
43.13362036
43.16807725
43.17412623
43.17578080
43.19413065
43.19878058
43.20455963
43.26888096
43.26891017
43.32426800
43.34661878
43.40916362
43.43560075
43.45390763
43.47592417
43.51360306
43.53656752
43.57220624
43.58280124
43.61916663
43.65092551
43.71128447
43.71728396
43.71884011
43.72778982
43.78590767
43.79661117
43.85852214
43.85980857
43.86946006
43.87012561
43.91136447
43.92125268
44.00671347
44.04610987
44.12183214
44.13636020
44.15795162
44.23832272
44.24539764
44.27193802
44.28759787
44.29161689
44.30442302
44.31031660
44.42732689
44.43164875
44.47568565
44.48056838
44.48088081
44.55580591
44.55672334
44.57302429
44.60008254
44.61461665
44.63869773
44.66546898
44.67583861
44.69254643
44.69415405
44.78302123
44.80325652
44.81891448
44.82492916
44.89432262
44.96079280
44.98092420
44.99088453
45.03255828
45.03850295
45.08231838
45.09077903
45.11422671
45.30536100
45.32165578
45.32763997
45.35975940
45.37010086
45.38911963
45.39714997
45.41633372
45.47658238
45.49558599
45.49716291
45.51034232
45.51209787
45.51941675
45.53146755
45.56301979
45.56949973
45.58954793
45.63556671
45.65911734
45.70002040
45.77515194
45.77794459
45.79967340
45.80326269
45.82397682
45.83942913
45.90753096
45.92270579
46.02353120
46.03457545
46.03853680
46.05277578
46.15404259
46.18056291
46.18225276
46.19787352
46.20154955
46.20471021
46.23173720
46.26924432
46.32274261
46.33179729
46.34688494
46.38654782
46.39865570
46.42227111
46.42943068
46.43209738
46.55724453
46.55968387
46.56064328
46.57081952
46.59306480
46.63025056
46.64434204
46.68828680
46.75876128
46.77400521
46.80112685
46.81146596
46.81173145
46.81887688
46.85935391
46.87898301
46.89143241
46.90382955
46.92307323
46.94193347
46.94441766
46.95493135
46.96659116
46.96775091
47.02435192
47.03375121
47.05152919
47.09874090
47.11956039
47.16714148
47.23881129
47.31303746
47.34139615
47.37094515
47.38232131
47.49144142
47.52367739
47.53693240
47.55850779
47.59101318
47.61177550
47.66398861
47.67552596
47.68537767
47.69510732
47.70925172
47.76840443
47.83424991
47.87469702
47.94146767
47.95074697
47.98075193
47.99290678
47.99527813
48.07973516
48.07993077
48.08140065
48.09615452
48.10170487
48.10433112
48.11157004
48.14021033
48.14383863
48.16701690
48.18723169
48.18862030
48.19668161
48.19827889
48.24688873
48.25419217
48.31371139
48.31387403
48.33241615
48.35258625
48.38065654
48.46288832
48.47423431
48.53760995
48.55527249
48.57483589
48.65248285
48.65494792
48.67552691
48.68525369
48.71331298
48.72244706
48.76488445
48.80667463
48.83594954
48.84887449
48.86862307
48.90396583
48.91028380
48.91365414
48.93206599
49.07226548
49.11784028
49.13875190
49.15037771
49.15937625
49.16295200
49.18095325
49.25340476
49.30621890
49.33756216
49.33828134
49.34698622
49.35778958
49.40126456
49.41715436
49.51669416
49.52928702
49.57817478
49.58616525
49.72086706
49.76500294
49.78163887
49.78772706
49.81251884
49.84258807
49.86773831
49.87044571
49.88471747
49.89075253
49.90314558
49.91237244
49.96331319
49.99110608
50.01647264
50.02094876
50.03752432
50.08218154
50.09472954
50.09810272
50.10158844
50.15061889
50.16684281
50.22840346
50.22902481
50.23652781
50.31987538
50.32908061
50.34857526
50.38029731
50.38289175
50.38951226
50.40973886
50.43793285
50.46469178
50.48008928
50.52826596
50.57004367
50.57527292
50.57618755
50.59421001
50.60427785
50.60948955
50.64597891
50.81465958
50.90233058
50.98984572
51.01286038
51.07483369
51.11388548
51.11770536
51.14106946
51.14127508
51.23805662
51.30091135
51.39781124
51.39935289
51.40148007
51.44224249
51.45376772
51.45637854
51.45703711
51.48249127
51.49305375
51.51516760
51.53108439
51.69221824
51.71576972
51.80599728
51.88105737
51.88364504
51.91623132
51.92712571
51.96476182
51.96720793
52.00891702
52.01071589
52.06094641
52.07565370
52.08980332
52.11114361
52.17178290
52.18494252
52.27295317
52.27945864
52.28755504
52.31883839
52.36988890
52.38042379
52.41688563
52.47880289
52.56994732
52.58096354
52.58921969
52.60525397
52.62256888
52.68515998
52.93772328
52.93976189
52.94375456
52.97140620
53.03543663
53.15073676
53.17603443
53.19261350
53.21942961
53.23098705
53.23633691
53.28453970
53.30981806
53.37622875
53.40536754
53.42060905
53.46931169
53.52404994
53.57803798
53.58052049
53.59719136
53.61336995
53.67798604
53.69053954
53.74158208
53.74994363
53.75263612
53.76558287
53.77829818
53.79145071
53.80211523
53.80314895
53.82690399
53.85344175
53.86470155
53.95376529
53.95479913
54.00497063
54.10551190
54.12940657
54.13945865
54.17734848
54.19924861
54.21530741
54.23151201
54.25582515
54.27108288
54.27825627
54.29468074
54.36134791
54.37778408
54.38611608
54.42483186
54.54395909
54.55295274
54.55717526
54.57485397
54.60351767
54.61617291
54.69213392
54.78040406
54.80697091
54.81895214
54.82120485
54.83579116
54.86572038
54.87388592
54.88747404
54.92874614
54.96767649
55.05531368
55.07370431
55.07963410
55.14820865
55.17816775
55.18640468
55.25891692
55.28959942
55.29112180
55.29558960
55.33267367
55.36226721
55.36469844
55.36476155
55.39023423
55.45321883
55.45486137
55.49342671
55.49445109
55.54674564
55.58326400
55.60216717
55.60637860
55.62262320
55.62305044
55.64961894
55.65706352
55.70683194
55.71502610
55.72606425
55.74203533
55.76673699
55.77156310
55.77312547
55.79355064
55.98996430
56.01123754
56.02584764
56.07852672
56.17182584
56.17222771
56.30436197
56.32607484
56.32931248
56.34654010
56.35022499
56.36855787
56.42612473
56.43595312
56.44766112
56.44823367
56.46445933
56.49151262
56.51757208
56.53991145
56.54360463
56.56383081
56.58449258
56.64102188
56.67561600
56.67978417
56.70554320
56.71427807
56.73742559
56.83365919
56.83942600
56.89077522
56.89700577
56.89872460
56.95246192
56.98963386
57.03070697
57.07595176
57.07663860
57.09041659
57.17210973
57.26750233
57.28142038
57.32744493
57.34430582
57.35402779
57.36073025
57.37257853
57.39569218
57.54661913
57.58795015
57.61469269
57.63723244
57.69274122
57.70582070
57.76216466
57.78340366
57.80109351
57.80933660
57.82456923
57.84795272
57.86310524
57.87238100
57.87360130
57.88001809
57.93607382
57.96302687
57.99034105
57.99847303
57.99863573
58.05378197
58.09447150
58.10590803
58.10831327
58.14402206
58.24373263
58.24505332
58.28153744
58.29574711
58.30734541
58.35138286
58.37860837
58.40046130
58.40804845
58.41114684
58.59201290
58.59260399
58.62137096
58.62436081
58.63553833
58.64617459
58.69929628
58.79934180
58.80484992
58.82292216
58.82438649
58.85737584
58.87091278
58.88506664
58.88755359
58.93834711
58.93908556
58.97059387
58.98281879
58.98805091
59.04252000
59.06341003
59.07636582
59.08107917
59.12049456
59.14521784
59.14784281
59.15820956
59.23975076
59.24199573
59.25858440
59.31020801
59.31375642
59.31397731
59.31823983
59.34224230
59.36507957
59.37709410
59.40610548
59.42549012
59.43786743
59.43847460
59.48469920
59.49927087
59.51591064
59.52137255
59.52783501
59.53515857
59.58958277
59.61127797
59.61511281
59.62457872
59.71976681
59.77436000
59.77769872
59.82205495
59.82878411
59.85341056
60.00094670
60.03619188
60.06256545
60.07200797
60.10217907
60.10707619
60.12619328
60.15813886
60.15836996
60.17684199
60.18287193
60.20295823
60.23493963
60.25435855
60.26475377
60.27821740
60.29366837
60.30438899
60.32137267
60.33157334
60.36105483
60.37007341
60.38980579
60.40014725
60.40381283
60.41338119
60.46361974
60.49292792
60.56073786
60.56103428
60.65477314
60.73560259
60.77257550
60.78005586
60.86694208
60.89312025
60.95806251
60.96855783
61.03170518
61.04254393
61.05317487
61.05535375
61.06206264
61.09210404
61.11260912
61.11501937
61.13682508
61.14159662
61.14206820
61.19974558
61.24920414
61.27977009
61.28399342
61.28842171
61.30420490
61.31061677
61.37616700
61.39862826
61.39904573
61.40329230
61.42475585
61.44349031
61.57024207
61.57030393
61.62204929
61.64855993
61.66507457
61.68782595
61.69016975
61.75065871
61.76227083
61.79120017
61.80354063
61.80896262
61.84132893
61.92386795
61.92914604
61.94295071
62.01337766
62.04256763
124.00000000
