0.00616052
0.00722256
0.05668213
0.10159542
0.10626169
0.11528705
0.13495472
0.15920578
0.17742459
0.18321733
0.25911604
0.26639420
0.26976647
0.27410849
0.27901168
0.30205927
0.30617186
0.33928678
0.38075183
0.39295574
0.43719730
0.43936594
0.49172712
0.49507235
0.50875935
0.55460848
0.61555386
0.63755798
0.64629820
0.65629099
0.75198053
0.76415618
0.78900575
0.79809405
0.80722074
0.83796215
0.84387234
0.85565552
0.86881809
0.87897174
0.91436764
0.92872198
0.98009218
1.01157264
1.02400451
1.02690248
1.07689836
1.09638449
1.11072994
1.12183836
1.12732554
1.12954641
1.13639366
1.18382920
1.33376386
1.35585699
1.36129398
1.37948731
1.39169224
1.44757674
1.45425456
1.45946859
1.56804995
1.59636401
1.65591137
1.69840479
1.70726027
1.73834027
1.74054213
1.77208115
1.78147828
1.78732533
1.84295979
1.86290968
1.87937447
1.88850371
1.90075222
1.90679618
1.97472620
2.00099036
2.02147259
2.03992660
2.04502965
2.07846987
2.11261574
2.13567046
2.15944173
2.16558027
2.23013376
2.23191116
2.23672594
2.24148990
2.26761974
2.27199211
2.30693670
2.31929556
2.34957224
2.35156553
2.37089522
2.45087229
2.45144928
2.50185541
2.50806946
2.51308488
2.51926174
2.59717625
2.61467345
2.63195089
2.65238410
2.67979922
2.68148872
2.73635216
2.76027281
2.76227778
2.76348965
2.77611150
2.77890672
2.79592486
2.82186796
2.82970602
2.85165481
2.90943275
2.96384765
2.97534924
3.07459564
3.08821130
3.11604359
3.12003334
3.21363795
3.23883302
3.24006542
3.26381858
3.27650840
3.38805186
3.39176279
3.43354880
3.53717834
3.55920876
3.56521663
3.57545032
3.61790641
3.64613038
3.65111524
3.66766636
3.68846659
3.71478021
3.71720338
3.72326192
3.76517235
3.79349810
3.84086691
3.84742523
3.87206154
3.96506892
3.97566052
4.05279055
4.11745400
4.12504731
4.12874802
4.14115500
4.16931365
4.19510841
4.20904747
4.26553757
4.27641400
4.27784533
4.30430041
4.35980022
4.37450711
4.38965265
4.40122207
4.41578179
4.51744957
4.52297551
4.53076357
4.53904500
4.53998093
4.54737729
4.65511303
4.74126231
4.77865057
4.78676997
4.83811357
4.84206766
4.87801544
4.89716949
4.96042874
4.96906702
5.05825228
5.07461630
5.14058208
5.18044657
5.18116911
5.26452714
5.27522926
5.28246583
5.31897168
5.36570831
5.43726617
5.50139711
5.54531187
5.55658491
5.57082584
5.59345219
5.59595986
5.63004677
5.65697447
5.75120682
5.75691893
5.76046403
5.76452144
5.78331571
5.81378229
5.81865151
5.85101804
5.85597425
5.90965888
5.92719124
6.04475733
6.05242339
6.05364055
6.08502263
6.11045917
6.11237357
6.12032227
6.12926519
6.16563245
6.19968580
6.24048814
6.24295921
6.24347574
6.25241984
6.28051078
6.28980848
6.29374184
6.30101203
6.30274727
6.34011425
6.34312369
6.35441210
6.38392450
6.40163768
6.44137375
6.54916748
6.57930962
6.57976952
6.61208867
6.61873959
6.65191898
6.66093437
6.67948618
6.68583734
6.73766140
6.80911273
6.94096936
6.97542876
6.97856860
7.00738984
7.02303862
7.03305353
7.08066108
7.13924373
7.14595609
7.16462540
7.18090477
7.19285145
7.19864032
7.20662773
7.21597240
7.24444615
7.40717051
7.41286196
7.48969972
7.53952463
7.53966853
7.62779597
7.63780376
7.68781139
7.77323317
7.77473182
7.86744576
7.88164076
7.93051171
7.95958544
7.96345382
7.97505917
8.00706189
8.03893542
8.07419441
8.08063912
8.08959838
8.14578061
8.16848694
8.19349513
8.21722027
8.22897405
8.25578913
8.32140426
8.36314414
8.51739406
8.52751834
8.53528589
8.54327494
8.54443595
8.56378160
8.58999543
8.64416819
8.64732636
8.72899679
8.74412445
8.80350668
8.80479804
8.80630814
8.83208254
8.84325950
8.90008732
8.90762349
8.97747261
8.98488117
9.01892809
9.02787977
9.07014859
9.07769411
9.12644657
9.14866631
9.18510364
9.20373632
9.24634795
9.25052156
9.25092391
9.25296382
9.29821361
9.34042778
9.34328510
9.36971271
9.43364789
9.44169960
9.44746286
9.45502984
9.49931500
9.54320680
9.54911176
9.56498163
9.56798069
9.57603190
9.58253460
9.59536519
9.59883212
9.60693523
9.62042325
9.74159310
9.76302613
9.78209743
9.81808736
9.85751482
9.86784839
10.00792711
10.02579704
10.09221267
10.09739932
10.10074327
10.28958620
10.28975274
10.31084499
10.31229373
10.34496863
10.35667991
10.40354385
10.41422705
10.43049230
10.45488310
10.45589077
10.48941109
10.50430902
10.50701725
10.51984748
10.52621358
10.62289854
10.62586286
10.67608215
10.68809397
10.73374205
10.78532200
10.80174615
10.81911272
10.85893147
10.86905764
10.88958248
10.91469797
10.92514921
10.94129491
10.95422697
10.95880039
10.96083240
11.00807278
11.02016784
11.03426549
11.03961929
11.06881845
11.08574764
11.16104568
11.16839426
11.18588870
11.20774698
11.29552066
11.30149482
11.30246535
11.32033151
11.32467337
11.34138465
11.34810707
11.41290876
11.42506957
11.43168228
11.51699786
11.54139539
11.63463710
11.64695682
11.69597304
11.70335472
11.76032851
11.80676333
11.80739145
11.84282148
11.86964241
11.89728472
11.90371677
11.92806252
11.94388753
11.94598541
11.96319400
11.98604732
12.03260888
12.04778183
12.13681638
12.15750766
12.18207759
12.21980727
12.25047866
12.28848785
12.30441020
12.31950302
12.33451371
12.34871446
12.36169573
12.37515746
12.38743371
12.41835828
12.42333693
12.50889022
12.54960042
12.55646812
12.63441122
12.63604091
12.68567590
12.69905019
12.69969595
12.70054884
12.71459939
12.79489951
12.83713977
12.84958205
12.85156106
12.87423053
12.91157568
12.94178458
12.95170368
12.98044157
12.99208274
13.00334206
13.10419228
13.17306749
13.18868413
13.19209593
13.22656646
13.26833634
13.28060390
13.29904368
13.30099885
13.30712574
13.30821017
13.33156125
13.41051163
13.44796920
13.44796943
13.49659989
13.50448827
13.50862721
13.56286517
13.57472450
13.59176204
13.63284181
13.64337708
13.66726999
13.69229230
13.69706339
13.72221083
13.74065882
13.75347506
13.75633015
13.82496337
13.86232190
13.87578194
13.94713561
13.94954664
13.95227397
13.97522192
13.97952728
14.04103295
14.04343767
14.09269324
14.09999710
14.12301066
14.12886481
14.20448201
14.25093372
14.27695322
14.28396308
14.29455234
14.31503579
14.34604663
14.35920532
14.41545461
14.44046431
14.44545368
14.54262692
14.55950996
14.61257998
14.61559706
14.63251035
14.63948246
14.67725975
14.73374171
14.80416597
14.80962347
14.82659600
14.88425841
14.90673701
14.96000962
15.00209378
15.03365831
15.05175051
15.06926285
15.07157370
15.11899518
15.16731107
15.18889939
15.20945970
15.23617577
15.24657683
15.25821835
15.33889855
15.34368797
15.34431652
15.35225664
15.39953719
15.42207305
15.44634606
15.45508151
15.45615172
15.46635535
15.48704072
15.49846261
15.57488187
15.57628010
15.65736788
15.75614949
15.78339849
15.80149590
15.83647300
15.85349444
15.87442778
15.88875965
15.90480240
15.90606114
15.91658675
15.94895185
15.96993582
15.99410876
15.99699106
15.99932705
16.00034402
16.01108175
16.01300671
16.14054736
16.15459348
16.33966259
16.44116266
16.45758353
16.49419120
16.51762365
16.54834850
16.58921195
16.64149384
16.65222548
16.65251873
16.68278984
16.68544727
16.68647645
16.70337930
16.71076699
16.73077911
16.73906448
16.75160744
16.76535831
16.80260953
16.80319201
16.85390491
16.87660211
16.88842267
16.92983121
16.96891736
16.98389259
16.98694591
16.99966587
17.01083578
17.01273363
17.06336005
17.24345975
17.26439741
17.32913708
17.35455125
17.35588228
17.39314720
17.42635300
17.43377966
17.45886532
17.50355777
17.51576625
17.51792826
17.52431396
17.52737198
17.57299730
17.58232732
17.59777268
17.60079786
17.62367874
17.64124535
17.64243837
17.66941075
17.72575723
17.76939294
17.78923261
17.79004918
17.80040294
17.81875356
17.83287837
17.88419068
17.89186376
17.91706745
17.92457003
17.98560130
18.01831142
18.03951282
18.07444481
18.07494127
18.10987253
18.14200097
18.15617318
18.16592165
18.20452260
18.20640980
18.25079517
18.26360292
18.29454226
18.29599334
18.30110748
18.32781051
18.36988322
18.38741772
18.39566801
18.41103394
18.41506972
18.47701510
18.49018321
18.55216421
18.55416150
18.62771694
18.67027413
18.67212108
18.72390843
18.73504385
18.75357927
18.78856050
18.81875728
18.91087957
18.92535435
18.93051109
18.93459781
18.97159651
18.97877951
18.97924868
18.99310077
19.00620859
19.07126562
19.07860366
19.11612198
19.15501993
19.17327271
19.23657656
19.30820745
19.32978185
19.33575725
19.34680654
19.39582234
19.39687213
19.39798002
19.40409644
19.40955787
19.43864115
19.46787639
19.48977992
19.49217165
19.55896927
19.56434125
19.60007016
19.60091748
19.60397135
19.60958911
19.62460308
19.62985170
19.73279051
19.73317172
19.75156617
19.78548912
19.80921951
19.81852169
19.82119781
19.82352137
19.83859073
19.85600077
19.89830199
19.91166108
19.92596978
19.93336455
19.95053466
19.95710841
19.96440799
19.96555465
19.97117957
19.97770696
20.02147556
20.03508875
20.07470394
20.19183851
20.19833384
20.20248981
20.23314385
20.25061013
20.25224830
20.25367382
20.36781158
20.37004679
20.40308741
20.41362597
20.41582735
20.42894927
20.43736393
20.44630015
20.54469979
20.55391610
20.60127558
20.61546569
20.65762586
20.66635433
20.67157931
20.67367979
20.72823377
20.75148469
20.76064776
20.77762697
20.78172181
20.79026617
20.81343897
20.81881113
20.89487527
20.93705842
20.95063842
21.17539506
21.19915010
21.21141149
21.24579217
21.24956708
21.25132205
21.25479094
21.25775183
21.30472891
21.32444083
21.33392045
21.34055812
21.37650371
21.42946591
21.45498202
21.45803729
21.50396349
21.52802941
21.53395817
21.54047482
21.62314799
21.64079817
21.66882511
21.69785264
21.72609030
21.75696284
21.77431479
21.77952411
21.78878619
21.79055697
21.84052367
21.85003312
21.85042991
21.87603016
21.89991117
21.90825525
21.93262310
21.98253448
22.02470805
22.03141964
22.07308591
22.09280488
22.09810881
22.14077523
22.17214287
22.19068158
22.21014268
22.25336974
22.35393395
22.44310826
22.44461600
22.48201421
22.51907537
22.52627540
22.53259355
22.54633934
22.56634768
22.61315205
22.62225270
22.65310204
22.72135596
22.73057782
22.82180235
22.90125175
22.90527564
22.92260226
22.96922519
22.97293867
22.98659743
23.01654483
23.02536688
23.06452483
23.06483501
23.13285377
23.14214910
23.17228674
23.17931325
23.18734259
23.19162294
23.19519677
23.22027378
23.22949873
23.29381329
23.29910794
23.32942777
23.34902929
23.35548845
23.44804813
23.45716932
23.52305327
23.56155354
23.58715936
23.59497732
23.59867807
23.62419333
23.62591939
23.62806167
23.65156590
23.67974769
23.77309431
23.79076817
23.80230348
23.82746915
23.85429492
23.87347996
23.90012510
23.91925937
23.94488642
23.94948795
23.96027413
23.96344904
24.01319673
24.02623104
24.03134835
24.13785062
24.15937771
24.17467893
24.17748355
24.22394249
24.22753727
24.26953478
24.29220485
24.31492495
24.32883551
24.40511819
24.43272982
24.44095580
24.45935259
24.50158468
24.51847654
24.56997516
24.59369740
24.67590360
24.69244249
24.71628592
24.73306042
24.76181006
24.78150410
24.81372400
24.88126723
24.89302458
24.95205382
24.98360323
24.98751034
24.99532729
25.00871261
25.03094313
25.06562380
25.07041147
25.07361616
25.07514167
25.08364461
25.10298922
25.12502126
25.13355174
25.15681844
25.17449431
25.21592605
25.23278168
25.24571203
25.27600390
25.29612349
25.30010861
25.47808404
25.48076661
25.53612218
25.57201907
25.59517603
25.59783521
25.62050986
25.63042760
25.63907878
25.64809583
25.66810881
25.68093311
25.78996068
25.79342151
25.83960152
25.84067200
25.86192513
25.87188532
25.88488386
25.90432799
25.94589155
25.95042655
25.96656738
26.00349444
26.01615470
26.04799193
26.04944944
26.05533064
26.05644225
26.09611270
26.09679322
26.12525355
26.13178556
26.15116315
26.18432217
26.19640367
26.20811849
26.22973152
26.29810249
26.30515767
26.32049800
26.36082169
26.40786706
26.44138520
26.46387665
26.46548369
26.47013234
26.53097003
26.54023160
26.54307740
26.61479840
26.62911947
26.63929466
26.66570073
26.67923783
26.68312675
26.69293247
26.70343114
26.71544119
26.71728443
26.73467638
26.74212346
26.77143467
26.78451315
26.83658866
26.83697287
26.84854853
26.90762563
26.90786329
26.90791555
26.93174379
27.04577225
27.05987207
27.08439741
27.09107374
27.09599063
27.10037936
27.12539565
27.16749644
27.23023463
27.25269885
27.27024269
27.28788043
27.30858032
27.34119079
27.34378885
27.35378024
27.35877700
27.42539852
27.52696322
27.54652236
27.58790047
27.65468797
27.67501635
27.70947729
27.75307858
27.83113773
27.83395213
27.84569344
27.86580332
27.86599445
27.87330776
27.92341685
27.94476784
27.98832267
28.00528234
28.06576330
28.10891605
28.14878070
28.15543274
28.15548700
28.20554219
28.21926157
28.22990916
28.23452170
28.30550265
28.30670035
28.33097785
28.35114030
28.35157011
28.36277860
28.36279336
28.36632071
28.41202475
28.41988408
28.44792966
28.45976523
28.47031549
28.48928653
28.51740170
28.53500485
28.53909869
28.58301730
28.62920496
28.66917218
28.68773233
28.71532399
28.76614748
28.77100272
28.84545605
28.87099315
28.90118298
28.94964935
28.96645574
28.96850090
28.98148325
29.01065244
29.01569321
29.04784567
29.08409437
29.09986810
29.14124232
29.14625698
29.21878330
29.22041477
29.24896272
29.28941932
29.30207210
29.32608342
29.36925811
29.37196373
29.39025487
29.40934072
29.42827036
29.46908893
29.50153975
29.51570545
29.52419207
29.53499443
29.53967159
29.55135591
29.56903210
29.56925170
29.59221307
29.63110866
29.63470703
29.64076874
29.69094813
29.72072732
29.76202343
29.77199531
29.77772968
29.78511901
29.79140024
29.80043344
29.82596157
29.84924998
29.85344713
29.87876806
29.88201606
29.89273155
29.90379561
29.94385072
29.94551106
29.96082879
29.97282594
29.98628954
30.00969722
30.01326103
30.04645217
30.04705011
30.12177431
30.20258959
30.20900067
30.22401709
30.23494382
30.27672197
30.31063192
30.31147838
30.32097585
30.36682615
30.39540304
30.47187829
30.49365669
30.49625550
30.51344605
30.53955034
30.60820137
30.69919379
30.74369793
30.77707103
30.85338134
30.87669583
30.92203703
30.93963557
30.95095099
30.99279062
31.02074219
31.04878585
31.05788696
31.08425870
31.09716778
31.09913796
31.13044030
31.18115282
31.21904075
31.26838832
31.32581308
31.32751614
31.33586543
31.35617304
31.40057728
31.42222430
31.44849247
31.49230679
31.49236549
31.52832742
31.55906820
31.56575445
31.64401790
31.65087751
31.66122484
31.66999723
31.68857038
31.72490205
31.73375469
31.74215187
31.76030004
31.76059681
31.78858181
31.80231229
31.81535727
31.84663781
31.86672536
31.86889616
31.91348838
31.97268815
31.97864240
32.00526920
32.00563204
32.03416485
32.05799079
32.08495291
32.11806762
32.16468343
32.18520451
32.20877739
32.22694900
32.31543295
32.31613920
32.34256460
32.41217976
32.43009615
32.45321510
32.45661134
32.45700837
32.46503957
32.46622809
32.46677511
32.49085286
32.49391338
32.53476638
32.54455557
32.56407310
32.58133902
32.58258845
32.65908216
32.67062092
32.67948770
32.69984541
32.71835780
32.73933167
32.74284298
32.75818825
32.80112615
32.83074615
32.83270198
32.86572367
32.86873144
32.87104962
32.88299466
32.93040005
32.94743137
33.05227540
33.05371651
33.05450977
33.07923853
33.08791092
33.09347133
33.11044946
33.12843508
33.16934606
33.20703659
33.25990107
33.26163712
33.26467217
33.29400629
33.33938647
33.41821389
33.42562038
33.44213811
33.46566162
33.61045760
33.65204187
33.68400301
33.68680787
33.69932051
33.72597645
33.77542839
33.81168445
33.85108461
33.88538202
33.90583102
33.91198301
33.97173696
34.00307921
34.03452750
34.03833294
34.04974578
34.12238003
34.15135710
34.19657368
34.20347473
34.21362795
34.24820391
34.28759277
34.33456882
34.34386231
34.38034381
34.39991947
34.40940047
34.41828696
34.44158353
34.44199167
34.50075257
34.50791992
34.51681162
34.51686109
34.53209054
34.58911496
34.65739606
34.65920569
34.69245566
34.73239013
34.73701020
34.74847686
34.75456724
34.81005139
34.82963845
34.83707865
34.84227293
34.88089934
34.94452012
34.94658888
35.01954281
35.02416959
35.03684275
35.06708114
35.20700716
35.26358791
35.36839859
35.36885746
35.40644313
35.41803354
35.44000518
35.44220829
35.47712763
35.48466233
35.49097126
35.49190482
35.53563376
35.54024145
35.58335644
35.59456444
35.64714472
35.64958888
35.85668134
35.88416284
35.89624166
35.91428969
35.92649491
35.92925573
35.92930609
35.93162245
35.97724666
36.01457938
36.01563696
36.07791226
36.09572366
36.09610295
36.13628628
36.18686706
36.21865395
36.23080916
36.24085599
36.25518134
36.28341258
36.36560913
36.36789274
36.41046942
36.41947264
36.43760549
36.45271355
36.49480957
36.50694917
36.53957993
36.58133027
36.68799102
36.69485505
36.69557550
36.70557439
36.73714172
36.83616294
36.85708934
36.93227141
36.96986937
36.99195364
36.99525188
37.00036911
37.06498967
37.08454653
37.09328712
37.09988346
37.14670521
37.17361341
37.17692127
37.20830964
37.23090507
37.30476220
37.30606905
37.30822541
37.33318125
37.36414694
37.39889502
37.40432955
37.43207824
37.44038790
37.44733350
37.47349724
37.48361373
37.48364605
37.52489746
37.54609112
37.55542047
37.55821328
37.56903947
37.58091657
37.59854979
37.60997188
37.62010184
37.67705959
37.74789059
37.78982055
37.81971462
37.83681768
37.83850074
37.84560044
37.88627903
37.92604619
37.96282372
38.00100006
38.02663112
38.02771262
38.10704152
38.15141897
38.15875572
38.16991745
38.22213557
38.28484160
38.30630130
38.33370686
38.38661648
38.38700629
38.42396144
38.42702904
38.42892256
38.42900934
38.45111501
38.45510342
38.47123889
38.49246833
38.49818376
38.50633182
38.60969298
38.61865360
38.65258208
38.67820471
38.68145680
38.69077388
38.71220136
38.72905272
38.75600927
38.76897032
38.83537590
38.86761409
38.87366817
38.92320531
38.94100859
38.98158569
38.98489405
38.98572162
39.00648661
39.01316481
39.05125187
39.06432795
39.07746098
39.19119360
39.20897545
39.22056399
39.22932964
39.23761984
39.24050176
39.24790181
39.27295716
39.34294048
39.35103000
39.35191719
39.38651073
39.45186780
39.47278628
39.51497710
39.55567454
39.56350300
39.63976564
39.67041609
39.68940434
39.78033290
39.84858065
39.86205538
39.87532208
39.89729169
39.90281743
39.91512451
39.94275362
39.96563014
40.01849646
40.02371809
40.02709995
40.03458434
40.03669761
40.04330619
40.05040027
40.12877050
40.15748299
40.20283460
40.21575850
40.23775783
40.27838536
40.28425406
40.34357874
40.35913688
40.37264767
40.37535371
40.43944558
40.45716289
40.45962547
40.48482547
40.51649896
40.54290076
40.58722904
40.59643080
40.61057765
40.61817218
40.63077866
40.63303350
40.64962552
40.65660680
40.71926448
40.72636659
40.74876066
40.80805356
40.81464720
40.87452829
40.90406728
41.01206387
41.06772947
41.08916395
41.09680997
41.11043935
41.15610995
41.17077750
41.18179805
41.18472245
41.26441492
41.27186745
41.28437120
41.30341456
41.33296351
41.33713766
41.34522290
41.37349281
41.39911158
41.40676487
41.51521552
41.59589150
41.63556238
41.66730596
41.68686129
41.71944537
41.74312005
41.74881321
41.81816143
41.82427748
41.84799191
41.92692991
42.05080581
42.09537820
42.13357799
42.14722277
42.18960930
42.19950360
42.28444654
42.32502143
42.33167606
42.37056195
42.38243407
42.40365269
42.40659080
42.43837959
42.45470179
42.49824035
42.61079231
42.65757478
42.72935301
42.76554619
42.76982820
42.96079474
42.96172941
42.96653865
42.98070684
43.01099260
43.02902511
43.05674929
43.07584346
43.14531050
43.16145584
43.17670219
43.21500190
43.24791297
43.31104877
43.34875523
43.37803296
43.40984882
43.44526581
43.45637598
43.46158239
43.47200468
43.50607116
43.54325258
43.57217717
43.58922202
43.60428812
43.62416064
43.62579740
43.62915710
43.63501897
43.72922458
43.73915217
43.76990707
43.85852214
43.88509529
43.90752401
43.91636508
43.91667505
43.92017177
43.94009778
43.95431211
43.96005149
44.02241368
44.03480806
44.04544255
44.05301093
44.10569444
44.11459978
44.18536662
44.22483167
44.25466112
44.32457014
44.38775100
44.39995055
44.40809083
44.44373645
44.44662342
44.46222764
44.49257517
44.50235162
44.57891231
44.60008254
44.69415405
44.73927573
44.81891448
44.81893492
44.83282345
44.85799452
44.86184783
44.91392408
44.96987351
44.97309883
45.02728536
45.09077903
45.09308667
45.09478398
45.15945923
45.34290853
45.34793919
45.37084968
45.38919081
45.41089539
45.42567929
45.47047879
45.49645462
45.55881294
45.56106165
45.57566390
45.61883032
45.62863380
45.63421398
45.66299442
45.67650708
45.69256970
45.70229660
45.72461352
45.77926943
45.80274725
45.80783479
45.81819157
45.88691740
45.99059092
45.99260360
46.02095738
46.02560251
46.02882308
46.03352305
46.14414170
46.17032879
46.21234225
46.23440412
46.25836076
46.26560261
46.27193633
46.29437918
46.32485496
46.39227899
46.42660935
46.43977870
46.44216016
46.46770625
46.52613787
46.56804345
46.65212276
46.66387070
46.66985482
46.67195035
46.78451060
46.87884439
46.89773699
46.92654095
46.96191052
46.98095760
47.00171072
47.02307267
47.02420117
47.06257457
47.07724957
47.10647183
47.11227396
47.12572845
47.15120276
47.19961844
47.25486142
47.26167237
47.32838908
47.33072273
47.35402127
47.38066258
47.40255338
47.42074091
47.46614677
47.51061534
47.53034338
47.58212607
47.61402264
47.65302070
47.65859957
47.69265796
47.71844388
47.71850483
47.72823460
47.73523002
47.83350326
47.84000937
47.86550299
47.91581129
47.93020856
47.98870540
47.99340742
48.03161518
48.03175877
48.17269589
48.18655443
48.20283867
48.25915903
48.25927137
48.26393558
48.27004342
48.35428073
48.38444881
48.38456900
48.41714477
48.41923618
48.44522847
48.45718496
48.48108321
48.53670761
48.54169443
48.57442240
48.67552691
48.69625228
48.72534272
48.82789766
48.89083080
48.89200372
48.94059127
48.94626801
49.02129046
49.08730461
49.12159279
49.14540175
49.15355974
49.15876200
49.15951763
49.19525651
49.23070255
49.24427766
49.25967534
49.31750563
49.33051369
49.41386203
49.43544669
49.44994410
49.45141130
49.46350157
49.52015458
49.58397082
49.63071935
49.63096515
49.63932614
49.67876755
49.70156337
49.70442819
49.72086706
49.78975263
49.86745986
49.91855802
50.00689356
50.03516419
50.04466854
50.09609075
50.09951447
50.11689284
50.12148269
50.14328641
50.17686550
50.20676418
50.21174917
50.26799826
50.36224400
50.38951226
50.46106768
50.47459617
50.48216235
50.53528874
50.56005266
50.56353398
50.57061375
50.60144199
50.60966282
50.62377103
50.62457832
50.69396882
50.72053855
50.72423836
50.75034570
50.85224589
50.93644877
51.00001355
51.00835183
51.01357682
51.05474149
51.13805144
51.14850417
51.16530749
51.23301295
51.23732713
51.26054439
51.28227819
51.30162191
51.32941167
51.33827772
51.34506283
51.35306926
51.38010542
51.45542693
51.51056539
51.54093719
51.55015975
51.61068556
51.61925203
51.66064300
51.68395415
51.73227980
51.77718494
51.79024088
51.90415666
51.92497860
51.96046547
51.97045606
51.99002502
52.08489402
52.09499014
52.11685027
52.11731571
52.18096850
52.19359686
52.20664145
52.25960818
52.27899287
52.32139677
52.34079850
52.35640270
52.36398871
52.40268410
52.42312437
52.42718605
52.42942536
52.48125572
52.48509224
52.52168790
52.55346507
52.57039741
52.57957086
52.60034230
52.61172088
52.62978125
52.66032894
52.73338635
52.74151562
52.77935424
52.78527115
52.88067864
52.90758358
52.96314723
52.98329368
53.01634850
53.02033679
53.02081627
53.02906135
53.03779544
53.06307419
53.10926169
53.11703778
53.12978684
53.16627433
53.17627517
53.30614586
53.31651896
53.37577996
53.40960959
53.46222042
53.46761355
53.49170860
53.52013893
53.52588024
53.53016516
53.53939301
53.55479727
53.62072803
53.66034683
53.67067623
53.69131918
53.69820299
53.72482580
53.76805274
53.81420686
53.84530570
53.85260794
53.86772840
53.87022725
53.87717786
53.89550762
53.97376655
54.00762929
54.02058057
54.05903022
54.10065278
54.10974239
54.11810965
54.13734576
54.22031692
54.23373429
54.24375392
54.27021212
54.27108288
54.31487768
54.35950328
54.38940483
54.40413054
54.40523053
54.40980870
54.43463962
54.44945535
54.46380268
54.47355890
54.49394097
54.50621316
54.51295956
54.54377443
54.56534036
54.57942671
54.58862015
54.67907497
54.72736403
54.72956243
54.73983123
54.74290371
54.79134388
54.80555462
54.83700556
54.84360285
54.86145454
54.89995065
54.95343734
54.97070855
54.97689149
54.98504570
55.00569694
55.03799348
55.05615415
55.07316198
55.19098053
55.23077825
55.23849123
55.25411699
55.28397311
55.29171308
55.33151662
55.38358044
55.38784766
55.47029324
55.47320004
55.49307437
55.53082015
55.58070832
55.58114536
55.59757311
55.62116565
55.62207651
55.67235133
55.67721933
55.69680967
55.71719071
55.74228958
55.75605338
55.77156310
55.78441623
55.85257847
55.85740120
55.87878032
55.88469178
55.90251113
55.96855596
55.97229337
55.97375300
55.98405587
55.98500568
56.00593563
56.03737047
56.04779909
56.10530594
56.10734968
56.11507510
56.11970583
56.14564217
56.15585874
56.17629437
56.18101006
56.23301095
56.24600819
56.25135743
56.26841097
56.27914710
56.28739342
56.30437842
56.33020654
56.33091981
56.33516484
56.35293128
56.40187313
56.43153595
56.44823367
56.45976685
56.47164433
56.47271634
56.51655242
56.52020007
56.55244491
56.63246218
56.66063293
56.70859114
56.72507888
56.75779846
56.76630473
56.83645568
56.86030771
56.92708393
56.95224355
56.96618249
56.97325161
56.98645110
56.99309378
57.01972136
57.10979513
57.11758293
57.16282172
57.16710681
57.19471923
57.21286640
57.23957160
57.25914630
57.27906063
57.36528240
57.37540274
57.39039547
57.39292603
57.42134310
57.45646445
57.49114633
57.51253678
57.54354785
57.54756723
57.55495839
57.63657379
57.64383139
57.65156749
57.65827111
57.65918196
57.66170015
57.67667537
57.68050057
57.77298385
57.77405528
57.89225124
57.89978733
57.91667792
57.93015076
57.93592526
58.00839824
58.05378197
58.06347102
58.10173450
58.11917355
58.14051581
58.14265676
58.15486463
58.18222649
58.19317239
58.22794115
58.32623286
58.32705526
58.35202344
58.40573094
58.41026937
58.42299704
58.51668005
58.53162123
58.57659536
58.65950421
58.69416245
58.70194950
58.76656847
58.76948641
58.78033670
58.81035001
58.81820197
58.82168422
58.82243183
58.82354076
58.88369057
58.91533724
58.91887328
58.93606403
58.94171615
58.94618985
59.01427791
59.03610055
59.05041810
59.05537875
59.05909076
59.07051120
59.09205345
59.09469442
59.16785082
59.19062130
59.20299873
59.33502394
59.35412358
59.35645063
59.38581967
59.39003360
59.40610548
59.41031318
59.42749325
59.43099895
59.47452068
59.47897817
59.48275921
59.49079024
59.49374785
59.57626008
59.59055443
59.62197546
59.63464702
59.71403023
59.71463786
59.72150798
59.72581034
59.73647958
59.73720457
59.80688308
59.81918949
59.83809279
59.83949049
59.85412590
59.86446365
59.88986518
59.90539887
59.92579028
59.93605494
59.94604585
60.08334133
60.09047016
60.13581685
60.14443859
60.16061238
60.19628568
60.20822110
60.21927997
60.22442808
60.25227490
60.26431182
60.28394976
60.32137267
60.33629857
60.37224984
60.41338119
60.48954451
60.55975423
60.57267235
60.59195747
60.63990852
60.67384458
60.72381955
60.73597427
60.77970190
60.79437474
60.80110915
60.83952763
60.85013209
60.86092685
60.86555159
60.88008168
60.89083230
60.89312025
60.89371761
60.92190101
60.95175860
60.96017394
60.96898640
60.96989719
60.99910433
61.02250098
61.08466646
61.12552643
61.16319830
61.23106085
61.29963164
61.41619367
61.45525435
61.51240789
61.52182884
61.56484632
61.58069921
61.58730672
61.59166808
61.59383428
61.63420324
61.64969077
61.70254800
61.72872004
61.72978399
61.79453296
61.83246702
61.84617453
61.87910674
61.88975442
61.92743020
61.92996682
61.93349134
61.94632272
61.96439997
61.96873941
61.98200403
61.98960295
62.02548450
124.00000000
