0.02125959
0.03420003
0.03471444
0.04865006
0.06840817
0.09836561
0.10493643
0.10512324
0.11528705
0.12986573
0.14144572
0.16812911
0.18485532
0.18533158
0.18729772
0.19761478
0.21239598
0.26012488
0.27285559
0.27922912
0.30817504
0.33724592
0.42897031
0.43937328
0.46128543
0.49383455
0.51763176
0.52714891
0.55594924
0.55991338
0.58650968
0.62184862
0.66763119
0.66783914
0.69255965
0.72486344
0.74086845
0.76059983
0.82656710
0.87352697
0.87933329
0.91808393
0.97278585
0.99735106
1.01728301
1.01928795
1.02564827
1.02942029
1.12486088
1.15685574
1.18331591
1.20535895
1.25170832
1.25735619
1.31744627
1.36181208
1.45946859
1.50141659
1.51639143
1.51780299
1.55998089
1.58659195
1.63577978
1.65291741
1.70531431
1.71743469
1.78732533
1.83212178
1.84847801
1.89228979
1.89437542
1.90075222
1.90584268
1.91422205
1.92789795
1.99118651
2.03506786
2.06435997
2.07357718
2.07846987
2.09420813
2.11051986
2.11245536
2.18115348
2.23961737
2.35993562
2.36920531
2.38041519
2.38752528
2.44150189
2.45144928
2.47163823
2.52394661
2.52550719
2.53478645
2.56744528
2.60112495
2.69678854
2.75475862
2.76838217
2.77814538
2.79900222
2.80890003
2.82917392
2.84422267
2.90988096
2.91081752
2.91118381
2.99376610
2.99685614
3.03539281
3.03834991
3.04253192
3.04962220
3.05143267
3.08228469
3.09798017
3.10264659
3.11097245
3.17596564
3.22803937
3.22912021
3.26844080
3.30276075
3.31796299
3.33745713
3.34690604
3.35587162
3.36320226
3.36989503
3.41125785
3.41645256
3.43529947
3.47891420
3.51122832
3.52328044
3.53838541
3.56138343
3.57798312
3.58408029
3.60888111
3.64915907
3.67670673
3.71542763
3.72437834
3.77837973
3.87554773
3.88729237
3.91704614
3.93355545
3.96326013
4.00392583
4.00491342
4.03165922
4.03696991
4.04956269
4.10831552
4.11526812
4.11745400
4.12136760
4.17477341
4.24257892
4.26713485
4.27954410
4.35562714
4.37494592
4.40715340
4.46870448
4.47175419
4.52088901
4.54478663
4.55672473
4.59230685
4.65100811
4.65903615
4.73328022
4.73866006
4.80325716
4.83963564
4.84503863
4.85009166
4.94197740
4.94682817
5.03067992
5.03781284
5.04284182
5.11566495
5.18116911
5.20141097
5.27758401
5.34777854
5.35723599
5.38259144
5.40324862
5.44296381
5.44911374
5.45058361
5.49572913
5.49780647
5.51294222
5.54007102
5.54531187
5.55644934
5.57359005
5.60236114
5.62829964
5.65608547
5.68235284
5.69720104
5.70328063
5.73885785
5.79464318
5.80316995
5.81178169
5.85489438
5.86440815
5.87980058
5.89949965
5.99307515
6.01474626
6.06037229
6.10583651
6.13463925
6.16373009
6.18876569
6.21219724
6.25865670
6.26511909
6.30958512
6.39727701
6.43530482
6.43652039
6.46266871
6.50011213
6.54638790
6.54763772
6.61470792
6.63165175
6.66805916
6.68505958
6.69268405
6.73649763
6.74845745
6.76320429
6.80254657
6.80514766
6.81836625
6.81956866
6.86298118
6.93611542
6.94199247
6.97145871
6.98309909
7.05498561
7.06842894
7.14279375
7.17009699
7.26016048
7.30437332
7.39934131
7.42709727
7.45689392
7.46341477
7.47183599
7.53771527
7.58054466
7.68142142
7.71680442
7.75564407
7.75747988
7.78495524
7.85687592
7.85933250
7.86423753
7.87391239
7.89658283
7.94541646
7.95094967
8.07592635
8.08063912
8.08167002
8.11131274
8.16570234
8.16724761
8.24200656
8.25724020
8.27066089
8.29217341
8.30262024
8.30989566
8.33927975
8.37251876
8.38394045
8.40746029
8.41430123
8.49200501
8.49711699
8.53609923
8.54443595
8.54786365
8.57880718
8.65270890
8.66132267
8.72620406
8.74682349
8.81797744
8.83315345
8.88689866
8.90244102
8.91127259
8.91626946
8.93193111
9.01210901
9.01350844
9.05143831
9.05649708
9.06642548
9.07816021
9.15751889
9.15794380
9.17900516
9.18682315
9.19093728
9.19215930
9.24991742
9.28574990
9.30556418
9.30894362
9.34430260
9.34619667
9.37146072
9.46213451
9.48726854
9.49931500
9.56686858
9.59577992
9.67090390
9.71385643
9.75964504
9.79665136
9.82975082
9.83166106
9.84931250
9.90087965
9.91228340
9.95639091
9.98903698
10.00792711
10.06132372
10.09457390
10.11645639
10.13351530
10.13906907
10.14524476
10.20452423
10.20727485
10.34306944
10.36225705
10.40354385
10.41354601
10.42255289
10.48767620
10.50385500
10.52377690
10.52445160
10.53796675
10.62506265
10.64950023
10.65547136
10.69054520
10.69103900
10.73141654
10.74261826
10.75654523
10.77556642
10.78689734
10.81747400
10.84338900
10.90195943
10.99532955
11.02669806
11.02713995
11.03426549
11.11300260
11.14302561
11.17078393
11.18918769
11.19514996
11.20774698
11.28844548
11.29927716
11.34159705
11.37858245
11.38536499
11.41347590
11.47946005
11.52495548
11.54316408
11.54980629
11.59808447
11.62100796
11.63352801
11.68232941
11.72506647
11.72933300
11.72983329
11.74788606
11.75955055
11.78351797
11.80530096
11.81570074
11.88729975
11.90371677
11.92421045
11.93714204
12.03260888
12.18419974
12.21980727
12.23427453
12.31662720
12.37365255
12.37485236
12.43451205
12.44386253
12.46466760
12.47337744
12.47536854
12.54346641
12.61252770
12.61499877
12.63441122
12.63604091
12.63965497
12.71640181
12.75505593
12.77273557
12.82907665
12.83445359
12.85403640
12.87565759
12.88438203
12.88771963
12.93288775
12.96430694
12.97202417
12.97649940
13.02731611
13.04887698
13.14151641
13.19703133
13.25843629
13.26088158
13.26909177
13.28990116
13.30186061
13.32521966
13.36585793
13.38503667
13.39168621
13.40505223
13.42787326
13.44493576
13.47167866
13.48244011
13.50710500
13.52986649
13.56116497
13.65964227
13.73858451
13.77979149
13.82284148
13.86196913
13.88253133
13.88389209
13.93748414
13.94717356
13.94910621
13.97802641
14.09389319
14.10279886
14.10982610
14.11044757
14.13492486
14.17651413
14.18746865
14.24389812
14.26263100
14.28016735
14.29838122
14.29905322
14.31768123
14.32465760
14.34459538
14.36357061
14.50793776
14.53778720
14.55454334
14.58622609
14.59230665
14.59947290
14.64970485
14.65662957
14.66732094
14.68907178
14.77100345
14.77156990
14.78552802
14.80241155
14.81223853
14.82207637
14.84224846
14.87502073
14.92114539
14.93215362
14.95914036
14.95919434
15.00153123
15.00711395
15.01340449
15.03559772
15.04197505
15.04307301
15.07058079
15.12699798
15.14472500
15.15034207
15.18276093
15.19403216
15.22916002
15.24657683
15.25457467
15.27631675
15.29181427
15.30443637
15.30671799
15.31978731
15.35114604
15.38770160
15.40340635
15.42372753
15.45061240
15.46160664
15.47610139
15.51011824
15.52669227
15.53473898
15.54999898
15.55513540
15.58664859
15.59906953
15.60245334
15.62770986
15.65173890
15.66948590
15.70184440
15.77556004
15.78543270
15.80044798
15.81852775
15.82480454
15.85458476
15.85957395
15.88875965
15.91006905
15.92373524
15.96684150
16.00200169
16.01108175
16.07438871
16.09345081
16.13698502
16.14068448
16.14636151
16.17014018
16.22910712
16.24693984
16.26818809
16.29308135
16.35781828
16.36968733
16.39497711
16.43769006
16.45607204
16.53719376
16.54205254
16.55643957
16.62440000
16.67418929
16.67702724
16.67736605
16.75486873
16.76935448
16.77441664
16.77646490
16.79642738
16.88988672
16.89917339
16.91629734
16.95422902
17.01637528
17.06352448
17.18804088
17.19829178
17.26045401
17.26858022
17.28248933
17.28330146
17.30026940
17.31529328
17.34867936
17.34969622
17.35322631
17.35588228
17.43377966
17.43802974
17.50372806
17.58315641
17.61499795
17.63384990
17.73218941
17.73540142
17.73690169
17.74226100
17.78956116
17.79366531
17.83036630
17.83524760
17.84806721
17.88456233
17.90362143
18.07444481
18.08280680
18.11001740
18.14009320
18.17670478
18.18707835
18.20913223
18.21131313
18.24118190
18.25912129
18.32359099
18.35092907
18.35526327
18.48837966
18.54645244
18.59437090
18.59998257
18.61754758
18.62604688
18.63803256
18.65640694
18.66186633
18.66634263
18.67390934
18.68564058
18.69181436
18.69513942
18.70242873
18.71344527
18.76228532
18.77185855
18.80951555
18.81124963
18.83064851
18.86556404
18.86764841
18.87041391
18.89876627
18.89882116
18.97126097
18.99612873
19.00910706
19.08683714
19.15181359
19.21930970
19.23775244
19.24386556
19.24541033
19.32978185
19.33510738
19.36609338
19.37950529
19.40531580
19.40663217
19.41225673
19.45169463
19.49131142
19.50495424
19.50711149
19.50884109
19.53575419
19.54450653
19.54782649
19.58214045
19.61286884
19.64963075
19.67629376
19.68243117
19.74753278
19.74779637
19.75714423
19.78212670
19.80622228
19.81348432
19.83594364
19.85089576
19.89874555
19.92945956
19.93180058
19.99531455
20.00577189
20.00607199
20.00864663
20.05625260
20.07614755
20.09779760
20.11722286
20.11804542
20.14414789
20.19235621
20.19901265
20.25011454
20.25172806
20.29390722
20.30250319
20.32475539
20.37561278
20.40950905
20.50315526
20.53862939
20.57011108
20.57529216
20.60824970
20.61469291
20.61711422
20.65924827
20.69662928
20.78223501
20.80817485
20.82214531
20.85203734
20.85749220
20.86749759
20.90608386
20.90616859
20.92311944
20.94927355
20.96482784
20.98437890
20.99948216
21.02748924
21.06383517
21.10311214
21.10394552
21.10542942
21.13683644
21.14946319
21.20079124
21.26424360
21.27917441
21.30665186
21.32531879
21.32956922
21.33308081
21.37764352
21.37804453
21.43452532
21.46226930
21.48782788
21.50405950
21.52278467
21.52595038
21.53792540
21.54920131
21.61958635
21.63310973
21.69785264
21.71418749
21.72441462
21.72519627
21.74139782
21.84238934
21.89769821
21.89991117
21.91069387
21.91504989
21.93227192
21.94629169
21.94662794
21.95491968
22.01184192
22.02766133
22.03038050
22.03947721
22.05401032
22.05701933
22.06943301
22.11597800
22.12805265
22.16270119
22.16301415
22.17556513
22.18438960
22.20800083
22.23497479
22.25080997
22.25861394
22.26421516
22.26832299
22.27364588
22.40798648
22.51356720
22.54176050
22.55424286
22.61103799
22.62407854
22.64001628
22.64859950
22.77769393
22.81173508
22.85476010
22.87935087
22.91024520
22.91529587
23.03210927
23.04208944
23.07085375
23.12257693
23.12585187
23.13887221
23.15895238
23.17458896
23.18367657
23.19417814
23.22381967
23.22611749
23.22870058
23.24161463
23.24742446
23.27278598
23.28499893
23.33284039
23.33842708
23.37170291
23.43507553
23.45701816
23.46400470
23.48133191
23.49233774
23.51425002
23.51585546
23.52433318
23.55211833
23.56952483
23.58824777
23.60461498
23.66651310
23.72856137
23.74487477
23.77013419
23.78885433
23.81162125
23.88693984
23.89081003
23.91925937
23.92681516
23.93301821
23.97191153
23.98022866
24.05728320
24.06864451
24.09174627
24.10220843
24.11534013
24.12538475
24.13903559
24.25115795
24.25373159
24.28680042
24.28925620
24.30716078
24.38000898
24.40111762
24.43293941
24.44346674
24.45499002
24.50404801
24.54986356
24.55640919
24.58755715
24.59369740
24.64325950
24.68788113
24.69449474
24.74553026
24.78339850
24.80224872
24.82551363
24.82730556
24.86221444
24.90267879
24.92568927
25.01346396
25.02987823
25.03094313
25.03819950
25.06721929
25.12127508
25.13355174
25.15203846
25.15453025
25.18539314
25.18702640
25.19750940
25.20134002
25.20361194
25.20742969
25.25229794
25.33609447
25.33975251
25.35870388
25.38881060
25.43564130
25.43704082
25.44322174
25.53144153
25.53445179
25.57756190
25.60656184
25.61472978
25.61582366
25.64809583
25.68024045
25.68164913
25.70460233
25.70620307
25.71663720
25.72416193
25.74401693
25.74801545
25.78464930
25.79342151
25.86396029
25.87817495
25.89540361
25.91574811
25.92271248
25.93828668
25.98908070
26.00631112
26.00900374
26.01584656
26.01615470
26.05670809
26.05826762
26.08636857
26.16150421
26.19078134
26.22465902
26.30142687
26.30244897
26.32387477
26.32773483
26.32998130
26.33341282
26.34167289
26.34338383
26.34555088
26.36682310
26.41110602
26.45756472
26.46152195
26.46548369
26.48885616
26.55367494
26.56507707
26.62390317
26.66415344
26.69293247
26.83552881
26.86774147
26.89261586
26.97082685
27.04402898
27.07200261
27.12565787
27.15051039
27.17060035
27.17728323
27.24579159
27.30058440
27.32372181
27.34119079
27.34184058
27.34507956
27.35893732
27.35999574
27.41102595
27.45006354
27.51854260
27.52726374
27.53934029
27.57425115
27.61575370
27.63116070
27.66768359
27.68989639
27.69588995
27.69774722
27.74814361
27.81035085
27.82028388
27.82184917
27.84517502
27.85754156
27.95424605
27.98247098
27.99779358
28.01420526
28.02890735
28.04024978
28.09171431
28.13105888
28.13929202
28.14696690
28.15937479
28.17756907
28.20512586
28.22511631
28.24639636
28.26083937
28.30587900
28.33794289
28.35551544
28.41594938
28.41889071
28.42030441
28.42670083
28.45479590
28.46899448
28.47838538
28.50192410
28.52080404
28.52940758
28.55469000
28.56904777
28.59470833
28.60580279
28.64013072
28.64305189
28.67427725
28.68456141
28.73094841
28.73905325
28.76636021
28.78666032
28.81109200
28.82755844
28.83328074
28.91289785
28.95492076
28.99815525
29.02139257
29.09167966
29.10741183
29.13324517
29.17026554
29.22055917
29.22505901
29.24527682
29.25070173
29.29446652
29.34093756
29.36657325
29.36927035
29.39249224
29.40817626
29.44030636
29.46627952
29.47745138
29.48222711
29.49236613
29.49450944
29.52594717
29.52949197
29.55135591
29.56356766
29.58028868
29.61228609
29.63470703
29.63527536
29.64547697
29.65759374
29.71481903
29.73338471
29.74509393
29.78202992
29.78222492
29.78973001
29.83718229
29.86147844
29.86479089
29.95438321
29.97177734
30.00552014
30.01935029
30.01995957
30.04095305
30.05555580
30.07273374
30.10265724
30.14840534
30.19585907
30.20333278
30.20900067
30.26894136
30.30087422
30.32117829
30.37961623
30.40819953
30.45442531
30.45793865
30.51366423
30.54666994
30.55485331
30.56610504
30.57881188
30.59445048
30.65701626
30.68412141
30.69318087
30.72922317
30.75511827
30.80582815
30.82414074
30.84296812
30.87863147
30.88665904
30.90395759
30.98102874
31.01139979
31.01566847
31.02922597
31.04550556
31.04887550
31.12054957
31.13044030
31.19756761
31.26201873
31.26375504
31.28470922
31.28740311
31.29021244
31.29610731
31.32751614
31.34711595
31.37281708
31.38728258
31.41234268
31.42817399
31.45960684
31.49824240
31.51719781
31.53548053
31.56964966
31.57720881
31.63623476
31.64035766
31.64244851
31.64764091
31.65203315
31.65986678
31.66102984
31.69559330
31.74903805
31.75345145
31.79660003
31.80574577
31.86494153
31.91433903
31.92581861
31.93153372
31.94362668
31.94883624
31.97268815
31.98340522
32.01762306
32.09235453
32.11665343
32.12207796
32.14646882
32.15256519
32.16713342
32.18520451
32.18884955
32.21425964
32.24081289
32.24763556
32.25553039
32.26345177
32.28570702
32.31652803
32.37407586
32.38734588
32.43416984
32.45549402
32.45700837
32.48049256
32.51860554
32.56120064
32.58633081
32.62663484
32.62752833
32.72556141
32.74046964
32.81526590
32.83820971
32.84865848
32.88118861
32.88840245
33.02444509
33.03989098
33.07473390
33.08579527
33.09347133
33.09881920
33.14381780
33.16791589
33.25021243
33.27687039
33.27924586
33.32019069
33.36440196
33.37556272
33.38895552
33.39954337
33.40278150
33.43588689
33.44840270
33.45020993
33.48639507
33.50538506
33.52996441
33.57347538
33.58280230
33.59352417
33.62390105
33.65479058
33.73994465
33.78743944
33.81929973
33.85178423
33.90583102
33.93640846
33.93746098
33.95110107
34.02715572
34.08750871
34.09598596
34.17759877
34.18793877
34.22941764
34.23961455
34.26193605
34.26505982
34.40305723
34.46504301
34.46587790
34.49807232
34.52195315
34.63975793
34.70545936
34.70564245
34.74309346
34.74387576
34.77144928
34.78142756
34.78149350
34.84290515
34.88348435
34.88586912
34.92804828
34.93586196
34.98181174
35.02101854
35.03226971
35.06553780
35.07313511
35.08697762
35.11286524
35.13023009
35.16046050
35.20134905
35.21807365
35.27981285
35.31025665
35.36283384
35.36885746
35.37307397
35.38791442
35.41454296
35.46927804
35.49097126
35.49675266
35.51363709
35.58992822
35.59043029
35.64109620
35.65008762
35.67182020
35.69148501
35.71305710
35.71310730
35.71733435
35.72919624
35.73060506
35.79622769
35.80182865
35.89517605
35.91428969
35.92925573
35.94830541
35.97293753
35.97387408
35.97518864
35.98433695
36.00785520
36.01949316
36.04463323
36.07989850
36.08660430
36.09146458
36.12024376
36.16733157
36.19014713
36.19404559
36.22720211
36.25187332
36.27363207
36.27623959
36.29028572
36.36019600
36.36408211
36.36657093
36.37702539
36.38112812
36.38121441
36.45890332
36.55027289
36.68728030
36.69455766
36.72285215
36.76110313
36.80703891
36.81332072
36.84306161
36.88937157
36.91185113
36.92546505
36.92677622
36.92787601
36.92925910
36.96860466
36.99498967
37.02292477
37.07366107
37.10468515
37.13450426
37.14567292
37.15077789
37.15217991
37.16363667
37.17163569
37.23686080
37.24438032
37.27281105
37.28963463
37.29585454
37.38360024
37.47192201
37.48769803
37.50844822
37.50846988
37.53704740
37.54363211
37.55848980
37.59438095
37.62254447
37.63747557
37.66037635
37.66271412
37.70293881
37.70582356
37.73616260
37.75771080
37.75784695
37.79191044
37.85057897
37.85072041
37.88575403
38.02841537
38.03329641
38.04408788
38.04957517
38.06368237
38.06508194
38.16008492
38.16716556
38.20588364
38.22586957
38.28436630
38.35366429
38.35423953
38.36180843
38.43609472
38.53380152
38.56097430
38.60366632
38.62801640
38.63789564
38.65183157
38.67924604
38.78917921
38.80590583
38.81076234
38.83079927
38.83537590
38.88818364
38.91362165
38.91483640
39.00374083
39.09097222
39.10245917
39.13483094
39.16167890
39.19381891
39.22198381
39.25059022
39.25993010
39.31200704
39.32294031
39.35894427
39.42757873
39.44284390
39.49423447
39.52009266
39.54126591
39.57064904
39.59420039
39.61255780
39.64416197
39.67798704
39.70736975
39.73683008
39.74338795
39.77739164
39.78647380
39.84177831
39.85010796
39.90012963
39.92439535
39.93790219
39.94988091
40.01988360
40.02971102
40.03223192
40.10699406
40.18783023
40.26635777
40.28507860
40.29702880
40.34145003
40.34402322
40.36114580
40.36827241
40.39721827
40.40227491
40.43568472
40.46048125
40.46269635
40.52767927
40.54338351
40.58318122
40.59643080
40.60736073
40.61061648
40.61085725
40.62030917
40.63948241
40.66834993
40.76621315
40.77174665
40.81570877
40.83158647
40.83347780
40.84212890
40.89288466
40.91923086
40.91938093
40.92434257
40.93243129
41.01322276
41.05019483
41.06065698
41.06070466
41.07375499
41.08350352
41.14828414
41.16532126
41.19403755
41.22292707
41.25519754
41.27708340
41.28845892
41.32376101
41.35513961
41.36344410
41.36451015
41.37286435
41.41147011
41.45161090
41.50872685
41.52056346
41.52945280
41.56107578
41.61491901
41.62609175
41.64594376
41.65033285
41.65447934
41.65803028
41.68733017
41.69482892
41.69514206
41.71039039
41.71520492
41.71559716
41.72690997
41.73920994
41.74652437
41.76387683
41.76668756
41.83952727
41.85957200
41.86335829
41.89595178
41.90168825
41.92052501
41.97305490
41.99837585
42.01909533
42.05994556
42.08865656
42.10465617
42.10713666
42.11756300
42.13531325
42.15363517
42.15710693
42.17255367
42.28391686
42.28777183
42.32538486
42.32859479
42.33266229
42.33778890
42.35077474
42.35876710
42.39651015
42.39880253
42.42601478
42.43736797
42.45876420
42.49142361
42.50898568
42.53528955
42.55901382
42.56498234
42.57749002
42.57879202
42.58553260
42.59577017
42.61618680
42.62198305
42.65313516
42.71032752
42.71736314
42.74467130
42.77264888
42.78846444
42.80225599
42.80736988
42.81166403
42.81529259
42.81686328
42.87242705
42.89463921
42.90430401
42.97996719
42.98021215
42.99124097
43.00062652
43.02423631
43.09236123
43.13534143
43.16141343
43.17665276
43.19505934
43.23726486
43.24207032
43.24379852
43.24716532
43.25788156
43.37835605
43.37995854
43.38481248
43.38866486
43.39840089
43.43791564
43.48645332
43.50553795
43.51493901
43.52227793
43.53646132
43.58285466
43.58637762
43.64141324
43.64522550
43.65105704
43.68710878
43.69459094
43.71128447
43.77376291
43.81041888
43.85880860
43.88295251
43.90907251
43.91636295
43.92956318
44.00677645
44.02226395
44.03589856
44.04342762
44.04610987
44.07686976
44.15181149
44.15978767
44.16193951
44.16713901
44.20808324
44.24726302
44.24975624
44.26209254
44.26999359
44.27296489
44.32119666
44.33552103
44.34043559
44.34319156
44.34833547
44.35736066
44.37146115
44.38457886
44.39995055
44.40809083
44.44065736
44.44373645
44.45327277
44.55964497
44.56176190
44.58606323
44.60777949
44.62221788
44.62682483
44.64554548
44.74953938
44.78243036
44.79690207
44.83887924
44.86829657
44.87032486
44.88980109
44.91125718
44.93268988
44.94519827
44.96079280
44.97494409
44.98332647
45.01959506
45.06211818
45.11517190
45.23566121
45.27901833
45.30208912
45.32442017
45.35435770
45.40444502
45.45652023
45.49553399
45.50540893
45.53916885
45.55869305
45.60037269
45.60626922
45.60932472
45.63272184
45.66483855
45.69262770
45.69959147
45.70002040
45.73463781
45.75957576
45.77481852
45.77515194
45.83216478
45.85508572
45.90327965
45.97186783
46.00515588
46.04719746
46.06592300
46.07566124
46.08318130
46.10042761
46.11801046
46.12399527
46.17358170
46.18103555
46.18930540
46.21500081
46.24508694
46.25619479
46.35376739
46.47092353
46.49771534
46.50624188
46.54065894
46.56494924
46.63895947
46.67290876
46.70661011
46.74271722
46.79978663
46.89411595
46.90382955
46.91316033
46.91480939
46.96512855
46.96547178
46.96978235
47.02420117
47.06287364
47.09322046
47.11370474
47.11714155
47.14069281
47.14844265
47.14979149
47.19660449
47.19961844
47.20895765
47.22522125
47.30341860
47.40464461
47.41185370
47.42074091
47.42394017
47.44695700
47.45676466
47.47282826
47.49533221
47.50416110
47.54669315
47.61183064
47.62057374
47.67780694
47.75695903
47.82930271
47.84487280
47.84847672
47.85536180
47.91069028
47.92852825
47.93705294
47.95903654
47.99340742
48.04633346
48.05797701
48.06765946
48.07726659
48.08090828
48.10439839
48.13996951
48.14349675
48.16061387
48.21395835
48.33549306
48.38902458
48.40363857
48.42506181
48.44265439
48.44616853
48.46356899
48.48590445
48.52022169
48.55488397
48.55527249
48.56471404
48.57144946
48.62583572
48.62801595
48.65843554
48.66970295
48.68465710
48.70112727
48.76974758
48.80667463
48.80929487
48.81913468
48.86442287
48.89200372
48.92090749
48.92143550
48.92896739
48.96205971
48.96822186
49.00557888
49.04295086
49.07226548
49.09577766
49.09677431
49.11784028
49.15037771
49.18170848
49.22913503
49.25918430
49.28703990
49.29301178
49.30555624
49.34315585
49.40534336
49.40880797
49.42685654
49.43544669
49.48053496
49.55741943
49.57799440
49.58675217
49.61445160
49.63554696
49.64943284
49.66140412
49.66557589
49.69473751
49.70156337
49.70190554
49.72581628
49.75762255
49.76323708
49.76401662
49.76554773
49.78163887
49.82505750
49.84150474
49.91087029
49.93791862
49.95752092
49.97350183
50.01677741
50.02460653
50.04370132
50.04408509
50.11558881
50.13237744
50.16124057
50.22400620
50.23873222
50.23948009
50.25561350
50.30049685
50.30531020
50.30919188
50.35467442
50.36461466
50.37616956
50.43201018
50.47608973
50.48433927
50.49449869
50.54732818
50.57618755
50.62831685
50.67921946
50.70267563
50.72423836
50.73557044
50.91784070
50.92617073
50.94345369
50.98984572
51.03046917
51.03237095
51.04749730
51.06123579
51.08423010
51.09441590
51.10151752
51.11271548
51.13089359
51.15472802
51.17806960
51.20680799
51.28476439
51.33827772
51.34786876
51.36299074
51.36410550
51.37985754
51.39856968
51.43945190
51.44691103
51.45480867
51.46887082
51.49183320
51.50771534
51.51969683
51.52749249
51.53900204
51.58261966
51.59427083
51.60998612
51.66446976
51.80599728
51.80661816
51.86580606
51.88364504
51.92497860
51.92712571
52.01663470
52.08240438
52.10444326
52.13281034
52.14261133
52.14469268
52.17037200
52.19038879
52.19899902
52.21575316
52.21851979
52.23986451
52.24090720
52.24825455
52.26788455
52.26987122
52.27520184
52.28048675
52.28146972
52.31631513
52.32934105
52.35768789
52.38182409
52.39970206
52.44986410
52.56742671
52.59399994
52.60569926
52.60852072
52.62331946
52.63635754
52.66315261
52.66559043
52.70650867
52.73792287
52.73808871
52.80947278
52.81519471
52.82576578
52.83694487
52.89636742
52.93027464
52.95238278
52.95357535
52.97383725
53.02402713
53.03178642
53.03882193
53.04773506
53.07063491
53.09023036
53.11634391
53.24527286
53.32762322
53.34809571
53.35652557
53.37371378
53.44754741
53.45269784
53.45909776
53.46931169
53.47753119
53.48092217
53.49755822
53.53939301
53.54709803
53.55055786
53.55479727
53.58720659
53.59719136
53.62167675
53.63098919
53.67346414
53.78959036
53.80187152
53.82450602
53.82796061
53.87064546
53.88788807
53.95928604
54.01859777
54.06006924
54.06785210
54.07419550
54.12924175
54.13177647
54.24008104
54.26386857
54.31139617
54.33538999
54.33711066
54.33964293
54.39590649
54.41060511
54.44266928
54.46659684
54.52305943
54.55344499
54.59050947
54.59730978
54.68697432
54.69831399
54.69980573
54.71182421
54.72562649
54.76955235
54.79254322
54.84344222
54.84404348
54.87856125
55.01743042
55.02304950
55.06538411
55.07316198
55.10212203
55.16178377
55.17692931
55.22065509
55.24947250
55.25123306
55.25626080
55.32015177
55.32853820
55.39294639
55.54476673
55.59808421
55.60019206
55.63554686
55.67659201
55.70077260
55.71070446
55.72815046
55.74474016
55.77420536
55.79355064
55.79559303
55.83598598
55.85805638
55.87255282
55.88257285
55.89336077
55.90627946
55.94211755
55.94310714
55.98117487
55.99972579
56.01123754
56.02932025
56.03084471
56.10725702
56.10839260
56.15518198
56.16993106
56.21380555
56.23239869
56.26616676
56.27654680
56.28739342
56.31103322
56.32190928
56.33335776
56.36855787
56.38966163
56.40270911
56.40430014
56.50995857
56.54331926
56.55529468
56.56019410
56.56284707
56.58392867
56.69486309
56.69747451
56.71284643
56.74964628
56.76248068
56.90566297
56.90639495
56.95696478
56.99046353
57.07838297
57.08306130
57.13429800
57.15061232
57.17467901
57.23957160
57.24725097
57.31262123
57.36462638
57.37138615
57.38706845
57.40357297
57.40407870
57.40795191
57.44605897
57.49102817
57.49668078
57.52013152
57.58908623
57.59911786
57.61142340
57.65270015
57.70612839
57.72675415
57.76216466
57.79120321
57.79835813
57.83267345
57.90078660
57.97593732
57.99584194
58.05167429
58.10044400
58.11984088
58.12683126
58.15059084
58.17010917
58.21334147
58.22378534
58.23297355
58.23860301
58.28636114
58.31691301
58.34760238
58.36253242
58.39495128
58.39696783
58.42444742
58.46935362
58.49557873
58.49704662
58.51525541
58.52013928
58.53458171
58.57557994
58.64169054
58.64618884
58.65762289
58.67446642
58.67688757
58.70885783
58.78033670
58.79762274
58.80467836
58.81512684
58.82807950
58.83278300
58.84012529
58.85025359
58.88365318
58.91066643
58.94618985
59.00238491
59.01518943
59.01849818
59.09818342
59.13938466
59.18730052
59.26922845
59.27048570
59.27556006
59.29015431
59.31335477
59.35790823
59.36002363
59.36330237
59.36945259
59.37303431
59.43847460
59.44212791
59.44305480
59.47086238
59.48267771
59.49235869
59.51073623
59.61848690
59.62189959
59.66127253
59.69084184
59.69200485
59.71934635
59.75029147
59.75844146
59.81563696
59.82878411
59.85081792
59.85172562
59.86446365
59.93085774
59.93138084
59.94470943
59.97585947
59.98076044
60.02632005
60.09047016
60.10993375
60.11151543
60.11806452
60.14374401
60.20295823
60.36068053
60.37227907
60.39056596
60.43158456
60.43821959
60.47125671
60.60364962
60.65787020
60.67000208
60.68072714
60.70689887
60.71621121
60.75910684
60.78174816
60.80228826
60.81931943
60.85176869
60.87227132
60.96017394
60.99134856
60.99272416
60.99910433
61.04857526
61.06263423
61.11260912
61.11677482
61.14348269
61.15628877
61.30951041
61.32084024
61.32148803
61.40969349
61.45638299
61.55800541
61.57024207
61.57030393
61.57756963
61.60086846
61.62204929
61.63139981
61.65194142
61.70417476
61.72372106
61.73713438
61.75622810
61.76622585
61.82477128
61.89646145
61.90105367
61.97500686
61.97898965
62.00359561
62.01268828
124.00000000
