0.01781063
0.02604894
0.02912794
0.03290709
0.08008422
0.08253751
0.15478794
0.16279576
0.18392434
0.18729772
0.23718615
0.27423049
0.30187076
0.32633894
0.33489221
0.40125806
0.50144070
0.50991672
0.59146462
0.60092388
0.60801221
0.69189614
0.70043019
0.70840431
0.71368927
0.72868555
0.73721248
0.75450839
0.75540429
0.76873577
0.78900575
0.80064072
0.80878450
0.82391948
0.83187329
0.83287911
0.89638086
0.89934612
0.95400469
0.96733772
0.99419118
1.02569443
1.14405761
1.14844694
1.15302136
1.18634636
1.19721742
1.40631009
1.41699990
1.45282550
1.45457673
1.45590610
1.46797883
1.50796351
1.52092501
1.57967738
1.58850802
1.59922168
1.60748781
1.60847358
1.61623519
1.73834027
1.74246679
1.74594082
1.75531715
1.76675732
1.77583174
1.77671546
1.78064808
1.78732533
1.79591930
1.81383722
1.89228979
1.94592573
1.96701286
2.05716694
2.07074884
2.15119700
2.15152112
2.15154367
2.19612525
2.22165296
2.23672594
2.23821067
2.26940111
2.30121758
2.31705430
2.41520970
2.41619113
2.42685828
2.43966529
2.47454200
2.53291786
2.56411434
2.59183370
2.60112495
2.66616175
2.68703243
2.74721912
2.76473612
2.81603445
2.82856419
2.83413420
2.88025832
2.89748849
2.91353711
2.99376610
2.99637748
2.99799142
3.00111983
3.01872725
3.10505092
3.11852147
3.13656658
3.15518041
3.19711009
3.21024324
3.21082130
3.25476745
3.28407152
3.33874132
3.37800532
3.39983986
3.46169144
3.48161361
3.49377198
3.49733037
3.53297555
3.55214942
3.57934292
3.58570943
3.59243095
3.60579491
3.65704371
3.71418037
3.72326192
3.79086340
3.82756180
3.83255622
3.85390213
3.89632636
3.92259471
3.94147249
4.07672639
4.09166485
4.10555097
4.13513314
4.22063344
4.22332503
4.23076452
4.24285065
4.25123044
4.27124600
4.27722827
4.37746610
4.39076169
4.42984208
4.45940187
4.49865930
4.50908687
4.51230160
4.52222078
4.54283347
4.59783193
4.66174519
4.76779403
4.84680359
4.88841972
4.92955716
4.95429731
5.01756884
5.07915610
5.09397570
5.09570980
5.10318160
5.12210349
5.13298892
5.16505981
5.19781249
5.23784566
5.24333583
5.26161310
5.33008626
5.34170138
5.34331149
5.41631544
5.44296381
5.47107737
5.51372896
5.54007102
5.57183830
5.58132799
5.58598451
5.59992745
5.62829964
5.65473803
5.70604275
5.72025718
5.72778452
5.73957899
5.76399414
5.78641039
5.80905759
5.81512154
5.86705264
5.92426005
5.92841678
6.08663129
6.23008025
6.24182794
6.25168973
6.26977215
6.27778300
6.28408015
6.29378667
6.31351691
6.32492145
6.39061922
6.49717578
6.50865093
6.54438968
6.54916748
6.59290434
6.60817300
6.68607445
6.68641290
6.70511887
6.70876517
6.73811492
6.73849023
6.75607246
6.78320815
6.78775227
6.81485636
6.84343729
6.84716368
6.89706448
6.91350794
6.92900594
6.94500852
6.98659527
6.99701631
7.02886480
7.03626542
7.04390057
7.04772397
7.07947696
7.08012815
7.09398033
7.16045539
7.16182674
7.24781968
7.28280974
7.35912360
7.36644714
7.43078539
7.44066309
7.45742234
7.50060177
7.51420630
7.55917307
7.56380296
7.58492508
7.60612465
7.62370256
7.63105163
7.63293017
7.66167600
7.68781139
7.69398432
7.70959546
7.70994076
7.78356468
7.81902221
7.82454822
7.86202255
7.90082157
7.92330308
7.95348838
7.95958544
7.98263313
7.99187186
8.00422831
8.05227513
8.07496919
8.07726484
8.15160347
8.18523410
8.20629476
8.27890052
8.29000833
8.30938498
8.31128119
8.33857747
8.37363082
8.39317629
8.40849136
8.42138407
8.42966795
8.43626226
8.46404387
8.50152732
8.52848389
8.61304415
8.61609617
8.62046361
8.73646415
8.77771292
8.79898691
8.83208254
8.94019099
8.94103367
8.94790449
8.98481905
9.03650975
9.04712699
9.16608084
9.17639371
9.18005350
9.19083750
9.22147600
9.23547964
9.27588379
9.36542082
9.40877712
9.41957869
9.45742865
9.46998846
9.50048756
9.50625297
9.51959735
9.52606202
9.53240143
9.55586343
9.58694262
9.67922256
9.68235980
9.69339216
9.72733393
9.74721638
9.74815422
9.75230269
9.79982154
9.82186655
9.85313628
9.86784839
9.87908594
9.88423169
9.88989350
9.89653459
9.91600553
9.91627798
9.95267371
9.95381393
9.98027118
10.02382523
10.03042773
10.03883431
10.07407394
10.13906907
10.15474513
10.17757553
10.22855228
10.24518450
10.24759312
10.29307676
10.29820244
10.29920004
10.30893154
10.32729627
10.34026570
10.34512366
10.41004488
10.47135205
10.49877969
10.52973813
10.63051813
10.63365018
10.64518525
10.73141654
10.73209272
10.73916726
10.74333087
10.77049257
10.82858147
10.85425997
10.87445634
10.92763964
10.96123049
10.96484517
10.99358020
11.04787337
11.06418023
11.08090959
11.19054672
11.28356474
11.34810707
11.37478804
11.37629275
11.38047328
11.41630437
11.42142753
11.43859088
11.44212561
11.46118063
11.46506798
11.47383577
11.47470259
11.49664613
11.50194383
11.50497843
11.50598058
11.50945093
11.51051759
11.51179491
11.53625254
11.53859618
11.54466965
11.55326530
11.57996114
11.59026776
11.69110148
11.70810749
11.74388337
11.74683736
11.75166127
11.82451051
11.90312373
11.94388753
11.94643097
11.96319400
11.98604732
12.02782621
12.03324006
12.04127901
12.06944878
12.09600110
12.14561552
12.18332154
12.18856165
12.18916048
12.26953567
12.32277156
12.44009091
12.49346301
12.54131634
12.55339415
12.57569842
12.58598044
12.61054518
12.61661881
12.64596041
12.68631852
12.68964630
12.69905019
12.71459939
12.72864942
12.78357006
12.89197964
12.89914206
12.90899760
12.93515254
12.96659492
13.00334206
13.06757367
13.09724601
13.10633045
13.11016166
13.15578853
13.18150410
13.23164190
13.24677532
13.29718234
13.30099885
13.30834415
13.34065983
13.34597388
13.40505223
13.42816322
13.50510253
13.54689673
13.59674754
13.60182082
13.60346238
13.63424254
13.63883398
13.66223523
13.67604807
13.70373001
13.73134545
13.78249345
13.87548951
13.90291331
14.01487248
14.07032086
14.07076276
14.08495333
14.12454058
14.14738375
14.18458406
14.19533209
14.21548475
14.23301911
14.23645506
14.26720832
14.28580327
14.28685945
14.36639238
14.37246599
14.39444034
14.39989790
14.41828952
14.42914893
14.45378819
14.46397906
14.47921751
14.49635486
14.49665446
14.51315150
14.55035706
14.55638435
14.67506061
14.68907178
14.75320177
14.75427955
14.80962347
14.85761068
14.90403156
14.91136511
14.93364808
15.03959123
15.04693277
15.07048361
15.12618773
15.30131335
15.31073423
15.32063100
15.34951612
15.35708698
15.44122124
15.49059931
15.49755743
15.52769154
15.59150054
15.65976525
15.66266696
15.73138810
15.75614949
15.79973774
15.83267957
15.86847431
15.86866277
15.87854991
15.87877457
15.89656631
15.91658675
15.91735514
15.92126831
15.95229043
15.96993582
16.02138555
16.03882987
16.05775930
16.06393565
16.09019610
16.19235581
16.26227564
16.26866738
16.27721722
16.30889509
16.34520183
16.38339599
16.39038812
16.39358582
16.41020677
16.41326939
16.42436709
16.47580090
16.56947804
16.60055255
16.61046442
16.62286825
16.62484036
16.63931835
16.64372506
16.66135863
16.68244254
16.69319900
16.73882356
16.74182873
16.74877146
16.76972745
16.79642738
16.81058099
16.86901304
16.87660211
16.88010515
16.89418736
16.89531512
16.90418583
16.90821762
16.92546984
16.93694121
16.94374662
16.95435319
16.96891736
16.97767807
16.99220591
17.00600760
17.01813128
17.05989293
17.08773571
17.09041992
17.11969681
17.12632873
17.12847484
17.13136236
17.13378061
17.15103921
17.21428046
17.22328276
17.24893994
17.24894342
17.26606625
17.27936226
17.28043669
17.28946045
17.31444588
17.31662325
17.32901096
17.34681346
17.37978594
17.40976482
17.41861411
17.41971120
17.45851199
17.51175947
17.53276918
17.56496827
17.62458682
17.62507866
17.65773497
17.66694450
17.69896695
17.71780572
17.72088438
17.75119523
17.76939033
17.80959224
17.83502242
17.85377862
17.88381586
17.88419068
17.88750198
17.91331252
17.91843302
17.93268831
17.94367667
17.96399813
17.98466460
17.98657595
18.01915429
18.02292057
18.08067306
18.12353217
18.16174499
18.16610536
18.19364293
18.22189847
18.25402293
18.32751635
18.36882747
18.46652959
18.48492019
18.49218372
18.57059304
18.59429438
18.59850383
18.60274225
18.60519504
18.64762231
18.65011827
18.67541034
18.71930838
18.72116061
18.73840340
18.74759884
18.81568568
18.92603238
18.97553725
18.97745905
18.99034869
19.02512594
19.04426188
19.07098353
19.09151708
19.10111383
19.12623054
19.13181232
19.14596678
19.17327271
19.17710776
19.21093742
19.21930970
19.24896717
19.28357935
19.29680529
19.30693323
19.32129464
19.35766093
19.37950529
19.39413415
19.40663217
19.41652682
19.43170966
19.43954451
19.45412508
19.52411774
19.53101361
19.54450653
19.55867713
19.56106054
19.60584354
19.60793451
19.62257518
19.67004908
19.68055301
19.69547332
19.72630378
19.74411273
19.78212670
19.79176103
19.79844636
19.80340304
19.84855270
19.86249008
19.87157085
19.94063659
19.97598855
20.00987644
20.08910326
20.12603551
20.13618933
20.15468718
20.17371484
20.20091394
20.20248981
20.23710366
20.24259374
20.35129347
20.38943631
20.41582735
20.50129231
20.52882508
20.57011108
20.57536131
20.67151434
20.67451370
20.69388819
20.73304201
20.75961936
20.76472623
20.78397994
20.80092328
20.82471678
20.85203734
20.88221100
20.93987472
20.94169718
21.02028488
21.06594515
21.09644733
21.12050850
21.16567321
21.16831423
21.21558378
21.23845116
21.26027271
21.30472891
21.32576279
21.43272914
21.43988415
21.49814859
21.54173622
21.59357652
21.59863427
21.60151190
21.68584319
21.72438724
21.72452062
21.74450220
21.79621027
21.82306847
21.83298152
21.93939597
21.94870960
22.00802943
22.02741958
22.04044176
22.06822073
22.07463048
22.08089838
22.09300260
22.10281468
22.12249917
22.17897012
22.19195751
22.20673658
22.21635096
22.23010858
22.24397086
22.24425062
22.25025487
22.26832299
22.33018612
22.34183273
22.45613652
22.51573933
22.52644478
22.57814815
22.61099425
22.61103799
22.61689952
22.64053805
22.68430074
22.69581651
22.72953905
22.74362640
22.77377186
22.77710762
22.88879195
22.97172691
22.97177101
23.01444832
23.04940546
23.07789598
23.09733030
23.10678652
23.10871844
23.11710484
23.14658794
23.18860043
23.19438272
23.20157048
23.23466022
23.28431721
23.32763787
23.38626014
23.49512375
23.50108587
23.60301668
23.63089914
23.67315811
23.70027746
23.71507689
23.72574730
23.73175527
23.74487477
23.77899927
23.82835274
23.84155739
23.84984830
23.85533223
23.87757020
23.90474564
23.92608115
23.98022866
23.99476805
24.08649518
24.09531692
24.15386641
24.17205919
24.19317155
24.19717247
24.24183849
24.24742601
24.25683987
24.32566280
24.38345248
24.40830171
24.41022351
24.42737470
24.44346674
24.57780827
24.58504936
24.60010265
24.61073165
24.74336928
24.78955542
24.79989557
24.81340507
24.86136926
24.89982780
24.90705792
25.02444157
25.02749449
25.06099369
25.10941266
25.15187784
25.16363446
25.18539314
25.19240787
25.21765771
25.22616302
25.23492203
25.23882412
25.26283144
25.28517817
25.31047388
25.32527160
25.33794960
25.34535836
25.35837367
25.43275558
25.43345068
25.52643171
25.55313572
25.66810881
25.70832133
25.73260567
25.75366287
25.75811587
25.76350443
25.78082627
25.79852288
25.86859555
25.89649587
25.90158780
25.91163881
25.92323550
25.94589155
25.96383484
25.97045826
26.03349219
26.13816575
26.15656188
26.16945342
26.17588214
26.22278266
26.30570889
26.42221005
26.42252500
26.43902453
26.44627303
26.45122003
26.45218860
26.48911858
26.49485270
26.55437385
26.61560103
26.61992407
26.62227159
26.68727665
26.69293247
26.70539444
26.73635585
26.74212346
26.76379310
26.76445729
26.80257283
26.83419464
26.85228750
26.88191569
26.89246751
26.89809612
26.90986849
26.92697628
26.95498371
27.02429976
27.08458429
27.08597981
27.09751104
27.11892225
27.13793896
27.15457760
27.18003587
27.25151776
27.27853769
27.28586959
27.29749732
27.39234856
27.45006664
27.46137465
27.46211977
27.49339681
27.50314210
27.54384308
27.61584241
27.61805820
27.62201540
27.63116070
27.68181494
27.69911865
27.74328965
27.79216299
27.81640966
27.83802927
27.89597537
27.91342317
27.94343281
28.02888113
28.02908550
28.03695783
28.06576330
28.07484107
28.09368825
28.09768349
28.09790178
28.16081068
28.21926157
28.23361312
28.24911471
28.24929697
28.28481287
28.30864429
28.33319906
28.34850327
28.35491879
28.37900822
28.38216056
28.38863023
28.42282397
28.43021674
28.45976523
28.47637329
28.48708801
28.52045919
28.53456223
28.55469000
28.63553235
28.64928380
28.65540819
28.73998060
28.75681918
28.76127017
28.76636021
28.78917054
28.82106232
28.89529377
28.90118298
28.94515066
29.09145875
29.09167966
29.10557498
29.11112813
29.11294953
29.11724544
29.12236060
29.13416601
29.21282742
29.21806307
29.23156256
29.23396946
29.27605662
29.27963380
29.28583983
29.31085007
29.38352246
29.38426079
29.39386231
29.42812879
29.46922544
29.49236613
29.54907787
29.56485308
29.59353952
29.70495626
29.78222492
29.78973001
29.80378118
29.84525312
29.86147844
29.90009089
29.93320019
29.94643870
30.01636759
30.03735764
30.07018602
30.08762332
30.09041728
30.12699587
30.17555669
30.17957614
30.19282323
30.22401709
30.23564545
30.27825026
30.35761379
30.38264083
30.41270303
30.42934641
30.47187829
30.53903881
30.55107359
30.56932184
30.66928779
30.66948098
30.74839555
30.77637180
30.78534729
30.82211559
30.84360331
30.88796446
30.92310589
30.92377458
30.92528545
30.93181075
30.93233131
30.98157526
31.05914891
31.09867211
31.10712173
31.15933173
31.16781933
31.20972360
31.25649638
31.28147182
31.42501651
31.45901387
31.49334464
31.49802263
31.50427094
31.54441125
31.57816305
31.60342127
31.66344025
31.69416535
31.70271477
31.70758720
31.72030991
31.75345145
31.76150347
31.77596626
31.82480119
31.84961904
31.87203047
31.89680627
31.91348692
31.93033144
31.95457550
32.02512513
32.03166702
32.13945860
32.14980209
32.15037162
32.17425906
32.18006099
32.19620040
32.23550472
32.27315523
32.28917296
32.34413533
32.38857323
32.39987732
32.40335214
32.46155269
32.46499567
32.48281729
32.49440717
32.51394328
32.52978189
32.54029687
32.57919408
32.58766076
32.59905104
32.64233583
32.66809270
32.67247706
32.72741182
32.73409119
32.79273261
32.84138466
32.85864071
32.98611137
33.00116208
33.03739780
33.07473390
33.12186260
33.15274589
33.20720663
33.29039786
33.31537206
33.32136457
33.35209003
33.36726058
33.38078175
33.40082289
33.43071899
33.44661851
33.46404678
33.48331957
33.49408663
33.50027294
33.54860574
33.63086055
33.63212830
33.64367207
33.64463711
33.65081143
33.69892254
33.71928520
33.72158834
33.79102779
33.81168445
33.81929973
33.82519029
33.87467869
33.93167303
33.95110107
34.00993463
34.02715572
34.03833294
34.05609200
34.07170930
34.13632014
34.15679086
34.17163216
34.17673252
34.19754441
34.23961455
34.25140317
34.26786884
34.31811243
34.35757324
34.36778655
34.37781423
34.40570669
34.43410082
34.45356009
34.48362543
34.49807232
34.50176756
34.54549004
34.56495768
34.59111892
34.61321995
34.65920569
34.66218016
34.70730078
34.71816959
34.74694578
34.76637062
34.79141000
34.79828258
34.80495936
34.83760736
34.84001794
34.86754483
34.88058130
34.88348435
34.88800445
34.89173081
34.90146944
34.91350029
35.01954281
35.04645564
35.08224416
35.10364112
35.18569644
35.23454705
35.23651868
35.26987317
35.27155485
35.28576099
35.36283384
35.41096939
35.48130414
35.49071626
35.49144914
35.52935046
35.52936073
35.53563376
35.56833164
35.64394432
35.65030407
35.66024993
35.69715792
35.69953489
35.72246021
35.74791286
35.80981866
35.83409757
35.83914324
35.85966315
35.86764220
35.87405300
35.88642729
35.92649491
35.94142071
35.95469275
35.95541167
35.99122553
36.01556402
36.04006964
36.06375909
36.07151881
36.09541967
36.12109571
36.14198458
36.14360336
36.15434813
36.15615139
36.16186379
36.19212681
36.20551745
36.22988252
36.28611411
36.35536054
36.36764065
36.41976234
36.45236570
36.46161720
36.47191015
36.49176781
36.51166300
36.52458003
36.52997712
36.54984803
36.54996706
36.56486146
36.58407263
36.61422794
36.65387812
36.68506073
36.71165107
36.73162937
36.73823677
36.80706566
36.81412760
36.82836294
36.86581321
36.88783181
36.91482731
36.94861584
36.95504727
36.95869718
36.96752956
36.98341344
37.06220765
37.07745046
37.07911825
37.13894620
37.13927117
37.22963673
37.23110558
37.25473114
37.27100166
37.33721205
37.36756608
37.42698545
37.46328849
37.47580923
37.48297805
37.50105039
37.50389942
37.50701811
37.52248403
37.52477799
37.53247174
37.56099039
37.57146998
37.59005390
37.59863346
37.63301487
37.64588238
37.72279145
37.82583727
37.85751012
37.86888789
37.90188774
37.97135433
38.01659885
38.02370006
38.04408788
38.05849484
38.10365449
38.10681429
38.12278962
38.14251009
38.16968887
38.17938102
38.19641175
38.26907943
38.34667488
38.37704314
38.41414795
38.50358899
38.53586040
38.53588634
38.54124813
38.55181586
38.55829856
38.56237806
38.60708722
38.61044375
38.63762839
38.69714945
38.72990321
38.78917921
38.81779835
38.83905749
38.84021973
38.90700753
38.95654412
38.97054661
39.01316481
39.04581469
39.10218722
39.10325703
39.24961444
39.26660847
39.27022053
39.28746151
39.30028377
39.33465320
39.36195943
39.39098106
39.44397474
39.46911437
39.48171721
39.48699142
39.54044499
39.54187441
39.56344932
39.59264459
39.68624836
39.69138676
39.71832550
39.74070411
39.74342819
39.76699656
39.79636227
39.80046852
39.81697566
39.84800064
39.85630157
39.88234045
39.88658934
39.89624019
39.91719541
39.91820953
39.94226106
39.96601192
39.96876501
40.00524901
40.03861657
40.09026108
40.09428452
40.10392927
40.12317084
40.18494907
40.19249845
40.27601075
40.27769465
40.27874446
40.28890175
40.29779345
40.30116532
40.34044925
40.38978834
40.43890720
40.47053992
40.49495959
40.50325254
40.51810845
40.53090876
40.53826168
40.54714833
40.57451844
40.59376946
40.62357094
40.62586935
40.63754922
40.65443449
40.69988519
40.70621660
40.72826904
40.73130880
40.73318675
40.74273082
40.80492046
40.81259838
40.91336714
41.05967224
41.09314497
41.09968463
41.11124534
41.17818819
41.18179805
41.21505897
41.24481332
41.28016962
41.32344073
41.33716911
41.39060861
41.41855780
41.42737123
41.46184212
41.49058687
41.49460304
41.56107578
41.60581132
41.61779390
41.62511316
41.64369343
41.65304512
41.67088668
41.69554081
41.72295243
41.78439216
41.78584741
41.82427748
41.83521957
41.90224539
41.98211124
41.99630592
42.03210952
42.06664359
42.12684425
42.12845192
42.13124124
42.13830568
42.14626007
42.25525142
42.27680209
42.28391686
42.28777183
42.31554607
42.32024699
42.37074094
42.39961968
42.39991161
42.42417020
42.47209966
42.47751468
42.50296908
42.53086996
42.54119310
42.56241090
42.57879202
42.63577881
42.63910487
42.65621528
42.70919826
42.75239227
42.76421248
42.84130377
42.86769955
42.87350855
42.87532240
42.87609203
42.87964817
42.92322734
42.96303549
42.98070684
42.99564112
43.00062652
43.00603284
43.01066763
43.02423631
43.06480512
43.11997981
43.25142720
43.27823655
43.34875523
43.35744860
43.41373774
43.51001312
43.54116454
43.55653233
43.56099128
43.60018363
43.61907220
43.62469922
43.72043485
43.73915217
43.76756936
43.77775295
43.84167355
43.86121301
43.88185726
43.89334517
43.89443194
43.95643565
43.96011311
43.97228001
43.99097773
43.99162582
44.00671347
44.05756937
44.10434439
44.10618574
44.12718021
44.15181149
44.17926320
44.19644502
44.21045557
44.22503456
44.26431871
44.27834754
44.29101068
44.31188624
44.31642842
44.32803656
44.33647969
44.37146115
44.43091255
44.43141894
44.45703253
44.48088081
44.49547466
44.50667154
44.51676916
44.58558091
44.65168653
44.72271489
44.73018505
44.74897807
44.77216898
44.81729974
44.82622209
44.83584691
44.84288587
44.94018472
44.97997679
44.99534097
45.04440257
45.05784095
45.11486538
45.12121956
45.12619157
45.14232904
45.18144127
45.23237586
45.25925519
45.26027393
45.26915679
45.28514486
45.30472406
45.30937663
45.31029589
45.32482317
45.33309364
45.33424139
45.37816322
45.39114887
45.43793201
45.51156461
45.51239313
45.55869305
45.57566390
45.60037269
45.60256607
45.62863380
45.64119141
45.65105225
45.68862703
45.70627743
45.81543708
45.81819157
45.83714803
45.84620514
45.84641260
45.85422025
45.88289516
45.92436111
45.92449777
46.01436720
46.01765202
46.05365765
46.10042761
46.10162932
46.12992062
46.17032879
46.17358170
46.18618977
46.18671126
46.21567749
46.22903221
46.22978355
46.24841347
46.29437918
46.34512062
46.36489509
46.38567891
46.40333607
46.44040038
46.45597969
46.53629022
46.54926042
46.58123539
46.65317061
46.65526282
46.68836584
46.70134156
46.76974606
46.78277039
46.79845004
46.81748722
46.83887315
46.91408481
46.97313614
47.02177457
47.08592803
47.11370474
47.16080047
47.20917186
47.23408837
47.24340320
47.25024572
47.28703470
47.29984348
47.34194401
47.34967580
47.35634859
47.37116151
47.39002510
47.41775650
47.51233048
47.52150633
47.55850779
47.57981070
47.65957181
47.69786194
47.72046460
47.77346959
47.80971760
47.81212659
47.83567634
47.86315626
47.87526088
47.92410389
47.97088845
47.98448109
47.98509419
47.99290678
48.01230273
48.04356010
48.10203605
48.14377692
48.17155725
48.25414855
48.25732056
48.26837550
48.35371527
48.35610313
48.37904173
48.41714477
48.42631706
48.44522847
48.52045010
48.53670761
48.56471404
48.63335333
48.68958006
48.69625228
48.71831796
48.73302030
48.73991049
48.76001194
48.80185989
48.85759161
48.89083080
48.89760489
48.90904136
48.93526126
48.93929356
48.94787453
48.99930335
49.06995963
49.07392080
49.11019485
49.16051765
49.16365377
49.18284639
49.31155175
49.36033121
49.37760679
49.41442272
49.41715436
49.42339772
49.44538241
49.56355998
49.57440053
49.57799440
49.58718588
49.59806612
49.61306485
49.66812895
49.67876755
49.84413890
49.85041540
49.87828007
49.88285091
49.90776009
49.92175390
49.93725975
49.96300591
49.96872728
49.98368957
49.99192536
50.01068768
50.03149379
50.05769277
50.07447275
50.11610724
50.11615192
50.16684281
50.17946860
50.19249407
50.21174917
50.21458189
50.22400368
50.23948009
50.24315078
50.25816133
50.32500840
50.32582522
50.33543746
50.34857526
50.35150895
50.39201201
50.43028755
50.47619149
50.47767942
50.49895823
50.56976077
50.58575585
50.60529920
50.61174151
50.69543463
50.74592051
50.76444436
50.78445298
50.78611016
50.82304268
50.82324476
50.84226360
50.85468360
50.85707726
50.90994089
50.91804695
50.98349422
51.01992119
51.04757126
51.09146332
51.17182291
51.19482563
51.21834596
51.29143967
51.32267639
51.32272109
51.34932268
51.35859311
51.44781244
51.48249127
51.48880603
51.50810204
51.53979218
51.54705648
51.56747812
51.61198184
51.61925203
51.67786699
51.68911039
51.74189080
51.82680778
51.90628249
51.95548733
51.98508177
52.00608363
52.06685274
52.06913991
52.10530553
52.11763173
52.12562958
52.13104300
52.15700038
52.19770618
52.21570563
52.21804089
52.25154104
52.26658798
52.26953632
52.27058065
52.28935573
52.32944812
52.34648698
52.35195646
52.35384672
52.35808338
52.36988890
52.41678801
52.44611227
52.51558004
52.52641630
52.54817411
52.55267257
52.60115834
52.60866584
52.64434117
52.69893779
52.72864458
52.73537671
52.75022472
52.77220367
52.80898288
52.83750681
52.85078681
52.85696477
52.93678928
52.95673493
52.98329368
53.01054838
53.02703808
53.04603952
53.12870276
53.13165203
53.13888165
53.13977604
53.15073676
53.19375796
53.25639217
53.28867604
53.30373340
53.33023263
53.36285376
53.36954312
53.37577996
53.37760524
53.38312693
53.42092033
53.44948631
53.46162193
53.46398619
53.55040549
53.56737059
53.75110162
53.76042150
53.76805274
53.77650846
53.81516166
53.82450602
53.84530570
53.85582368
53.85710764
53.87627779
53.87699803
53.87770505
53.89562331
53.93458005
53.94911621
53.97114272
53.99994045
54.03496689
54.12273903
54.13126699
54.13945865
54.20431253
54.20601700
54.21013051
54.26299834
54.26656733
54.29460890
54.29775879
54.33853507
54.36969422
54.37778408
54.40174008
54.40520868
54.43169456
54.43248821
54.43977176
54.44945535
54.46580178
54.46659684
54.47556833
54.47828597
54.47895305
54.48796864
54.51253984
54.51602832
54.51853354
54.58413039
54.64838123
54.65111359
54.65685537
54.69980573
54.72267459
54.74904305
54.89071582
54.91399462
54.96008510
54.97168019
54.98318821
54.99261175
55.00569694
55.08427351
55.19804461
55.23816707
55.26450873
55.26812200
55.28881220
55.32373967
55.36118818
55.36378475
55.38042556
55.40512383
55.45839005
55.47354041
55.55079326
55.59808421
55.61034352
55.62262320
55.62305044
55.66949956
55.68539175
55.69722902
55.72706246
55.76510645
55.78200942
55.83124545
55.83595693
55.85625724
55.88469178
55.90703024
55.91653303
55.93938438
56.03084471
56.04766833
56.11752334
56.16128797
56.17451051
56.18518341
56.19252628
56.21380555
56.24514622
56.27481772
56.34602570
56.39300323
56.39575101
56.40774146
56.42612473
56.44246255
56.45460237
56.52203975
56.52700997
56.59663498
56.63021319
56.65279821
56.66255639
56.66351875
56.68292477
56.69486309
56.75160249
56.76830545
56.78401666
56.80029962
56.82180417
56.83073506
56.95080124
56.95742852
56.95848505
56.97879293
56.98517094
57.05205453
57.08084360
57.11421085
57.12004211
57.12335711
57.13848650
57.18876342
57.20176441
57.21108975
57.24485943
57.28802902
57.30654078
57.33661438
57.35402779
57.38677415
57.38890620
57.39349673
57.50268354
57.50779043
57.51253678
57.53093328
57.56181742
57.57873284
57.60681376
57.62173205
57.70295721
57.75682227
57.76216466
57.78766005
57.78918113
57.81261345
57.82365505
57.82737422
57.88250449
57.90573976
57.96260696
57.97753604
57.98934456
58.00839824
58.09447150
58.10173450
58.13711605
58.16470876
58.21285136
58.22378534
58.27094259
58.40802425
58.47381879
58.47457876
58.52301803
58.53069536
58.55417653
58.56231359
58.65692212
58.68300674
58.70333427
58.73572574
58.80429370
58.82742445
58.88084993
58.93304202
58.97727657
58.97909304
58.98787107
59.00031117
59.00308763
59.09951154
59.14784281
59.16502006
59.16865183
59.19062130
59.19993815
59.21160554
59.26819216
59.29844923
59.33618901
59.37108385
59.40610548
59.41045510
59.41778379
59.42507334
59.42749325
59.44436909
59.46734289
59.47228310
59.57623156
59.58586916
59.59797465
59.60627427
59.64930756
59.70780423
59.71545625
59.74355908
59.81701270
59.82603011
59.83949049
59.85384588
59.85412590
59.85959158
59.88874360
59.93848299
60.00094670
60.00996263
60.02117833
60.03370864
60.03556231
60.05107509
60.08873570
60.13128832
60.13256849
60.15969794
60.17627401
60.21083215
60.24640677
60.30861740
60.35412498
60.37141482
60.37321963
60.40360830
60.40735057
60.41811959
60.43070313
60.43890418
60.46361974
60.53707844
60.57381374
60.65435774
60.69671266
60.77358352
60.78300353
60.79408218
60.80743377
60.82830671
60.85390367
60.91296508
60.93298197
60.96343219
60.96898640
61.00346682
61.01765588
61.05254460
61.06504989
61.07035578
61.16979049
61.28985572
61.30887538
61.31399736
61.37532216
61.38755316
61.38821305
61.39132849
61.43889999
61.45561570
61.45873251
61.51579153
61.65856176
61.66548139
61.66962068
61.70700469
61.73694044
61.80256220
61.84348888
61.87742264
61.89346513
61.89646145
61.96546434
62.02024046
62.02175553
124.00000000
