0.00616052
0.00630058
0.01128249
0.06080108
0.09822565
0.27068058
0.28141303
0.40220148
0.41756269
0.49905896
0.50782159
0.52522980
0.56241295
0.57318639
0.57940189
0.58737699
0.61498726
0.63316626
0.63331738
0.63796079
0.66896204
0.67681006
0.67845306
0.74157561
0.74697923
0.74721253
0.75198053
0.77481118
0.85762618
0.87654364
0.94214671
0.97779587
0.98693738
0.98976184
1.04416490
1.10077771
1.10849716
1.14600499
1.21879391
1.28354891
1.29206566
1.31529344
1.35936369
1.36298815
1.45282550
1.49334259
1.50141659
1.50894686
1.51777307
1.61630347
1.63212015
1.64115133
1.69098121
1.71721529
1.74652659
1.79339942
1.82170312
1.90807282
1.93595988
1.98698679
1.99118651
2.01652017
2.06391700
2.07055627
2.07370794
2.09243331
2.14819524
2.17486299
2.18994992
2.19089101
2.20163266
2.20388133
2.23672594
2.27754214
2.34957224
2.44150189
2.45087229
2.46564926
2.47404535
2.50282345
2.52721247
2.61562341
2.65056709
2.67456664
2.67614487
2.69587790
2.74316151
2.76201956
2.77220549
2.77440294
2.80055926
2.80724592
2.83620632
2.88549681
2.88992078
2.89076119
2.90575370
2.90925754
2.96873568
2.99685614
3.02120948
3.03090123
3.06696691
3.16224128
3.20016653
3.22487446
3.24581488
3.27653384
3.28038227
3.32352123
3.36673496
3.37305746
3.39983986
3.43529947
3.43747161
3.44436766
3.51101533
3.52118826
3.55642988
3.57954832
3.60688100
3.64133272
3.64898196
3.64969424
3.66483515
3.66766636
3.71136480
3.71322853
3.77867294
3.78810603
3.81447692
3.83920292
3.83942453
3.84953418
3.88459484
3.91814034
3.94147249
4.01329448
4.02044014
4.03276189
4.05596144
4.07920554
4.20213513
4.20531837
4.21331998
4.24115549
4.24462162
4.26948541
4.27283035
4.32096257
4.35767388
4.44985057
4.45563594
4.47416277
4.52504255
4.54216617
4.56842556
4.58670184
4.61226622
4.64716532
4.73149319
4.76894107
4.78131117
4.79704727
4.80458686
4.83242780
4.83963564
4.89517502
4.95161736
4.97138794
4.98533805
5.00124548
5.00360665
5.03252602
5.03593163
5.04284182
5.04806125
5.05109683
5.06654849
5.07574848
5.11232961
5.11964931
5.14751500
5.15292008
5.17578587
5.18717109
5.22266610
5.24027640
5.27522926
5.30083400
5.33965183
5.37552004
5.37987028
5.38494806
5.38658220
5.48318070
5.56607125
5.64981398
5.70105212
5.71372781
5.77634339
5.84274277
5.85597425
5.87886662
5.93776489
5.93813417
5.94765086
5.96791555
5.97267241
5.97922507
5.98352842
6.03064512
6.06287429
6.11584496
6.12629714
6.15755608
6.16734684
6.30274727
6.31367182
6.33607508
6.34312369
6.36390311
6.46554502
6.51949875
6.52845937
6.56138578
6.61141435
6.61453220
6.61854106
6.65034869
6.65801914
6.68881994
6.80911273
6.82300488
6.85641982
6.88078871
6.88178819
6.89290878
7.01328735
7.04392723
7.05709743
7.06677564
7.07642864
7.09712577
7.10292984
7.11522169
7.15494440
7.18877591
7.19757588
7.22818692
7.28280974
7.33704772
7.35450018
7.35912360
7.38854142
7.39044046
7.43234651
7.45736356
7.51420630
7.58359110
7.62370256
7.71292052
7.71999601
7.72303362
7.73261583
7.74577443
7.86202255
7.89832328
7.93051171
7.98075836
8.00040126
8.00331450
8.00647969
8.03552550
8.06235514
8.08063912
8.12989078
8.16139067
8.16874456
8.17051559
8.17490681
8.18009293
8.19279349
8.20047568
8.21702726
8.24972299
8.27902659
8.34796883
8.37733657
8.39482281
8.47868235
8.54803507
8.58999543
8.64879946
8.65943983
8.73900665
8.75622449
8.76027442
8.83035427
8.85694700
8.89285034
8.90260605
8.91988414
8.94295957
8.96833836
8.99005295
9.02424752
9.02615803
9.03152126
9.03724596
9.07044188
9.07248586
9.10385206
9.15474315
9.17389138
9.19231853
9.19498002
9.20801187
9.27089992
9.28787865
9.29590722
9.29921869
9.36016869
9.40966705
9.45832310
9.53925719
9.54648357
9.57954550
9.60782867
9.65776142
9.68345912
9.68986698
9.69436883
9.73514193
9.73856002
9.77605393
9.79678788
9.83355697
9.85144665
9.85769158
9.87636317
9.88822445
9.89633012
9.93096309
9.96820457
10.02579704
10.04957423
10.05583722
10.06524153
10.08855677
10.15474513
10.15806622
10.20734407
10.22053241
10.24759312
10.26405244
10.27810328
10.29071306
10.32248937
10.35635593
10.35667991
10.39335914
10.42554478
10.43147395
10.44852240
10.47401147
10.48061429
10.48440395
10.48884888
10.49715775
10.54643605
10.58139043
10.58442492
10.61191786
10.62017026
10.63261873
10.64981199
10.65635162
10.71616826
10.75558156
10.79591597
10.80054494
10.80546439
10.80739071
10.87500848
10.95122714
10.96642098
10.96968769
10.97696052
10.99358020
11.00971038
11.05937776
11.07531281
11.11339705
11.11428858
11.17511705
11.20774698
11.24134762
11.34129177
11.35418093
11.38907846
11.48340261
11.52320367
11.55326530
11.56355119
11.58798742
11.63754622
11.68801266
11.74851522
11.76207943
11.79557948
11.83519359
11.84139434
11.88294585
11.88973120
11.94693332
11.95897274
11.96450827
12.01984630
12.11912015
12.13272802
12.13534538
12.13660829
12.14088374
12.15023269
12.17736290
12.19570124
12.19976074
12.22273922
12.25047866
12.29356518
12.34887422
12.36267607
12.40061880
12.41834060
12.43744451
12.47223618
12.47337744
12.49378937
12.50769707
12.58505097
12.62745316
12.62878881
12.64965971
12.65937269
12.66443304
12.66540803
12.71544082
12.74616844
12.78581514
12.78802532
12.79070996
12.83018459
12.87019984
13.01113512
13.01890342
13.04709817
13.10814496
13.14965990
13.15578853
13.23692744
13.25091417
13.31128428
13.32366209
13.36269746
13.38139960
13.43757841
13.45459386
13.46352314
13.47414522
13.47745687
13.48243338
13.51074539
13.51982953
13.66862946
13.66940129
13.67604807
13.70132442
13.70825005
13.71927036
13.75176316
13.75364003
13.76673241
13.80768147
13.82608008
13.83477710
13.84233020
13.84344007
13.86219881
13.87578194
13.90291331
13.93810159
13.96948259
13.97707962
14.04789351
14.05097324
14.11580118
14.11646061
14.15021349
14.29695090
14.31325959
14.41830182
14.42802570
14.45927746
14.46258378
14.46955657
14.47660214
14.47921751
14.48008292
14.51315150
14.59841978
14.60835846
14.60848152
14.66747820
14.70633733
14.77080779
14.78748396
14.80962347
14.86531563
14.89624386
14.92324299
14.94418105
14.96000962
14.96411745
14.98541412
15.00641068
15.05470534
15.09331030
15.10403270
15.12597849
15.13199119
15.17366903
15.20097154
15.20103187
15.20945970
15.25256535
15.26717702
15.28463620
15.29181427
15.31073423
15.34273935
15.35654116
15.35785853
15.42328927
15.46239722
15.46931855
15.49059931
15.50459588
15.53172135
15.53548738
15.53782769
15.58155469
15.58296451
15.59556072
15.60158740
15.65173890
15.65597351
15.67918645
15.69755651
15.72595216
15.74472439
15.75926483
15.77151501
15.77226923
15.77242950
15.77688514
15.78093565
15.78991120
15.79359374
15.80332835
15.82206397
15.83267957
15.87368866
15.89526574
15.89958029
15.90606114
15.98569081
16.02354796
16.05473220
16.10775838
16.12302715
16.12752809
16.23039025
16.24648500
16.26134111
16.26379484
16.27307918
16.31582622
16.33517762
16.38215316
16.38264746
16.39978594
16.41174061
16.50011600
16.51200378
16.51762365
16.58040071
16.58581832
16.63271461
16.64990209
16.69567835
16.70632263
16.70870210
16.79079658
16.85567055
16.89359588
16.90184703
16.94610180
17.00268322
17.05121433
17.07920828
17.08995306
17.09777564
17.16286608
17.17551905
17.21570772
17.28248933
17.32783985
17.33398283
17.34387663
17.34744397
17.35635449
17.37926620
17.38479936
17.43303304
17.43991016
17.44285027
17.52431396
17.52999703
17.53276918
17.57349588
17.57380353
17.57389386
17.59936897
17.60684481
17.62739078
17.64046571
17.64752829
17.67586971
17.69793929
17.73455463
17.73546257
17.75078859
17.75845542
17.79449182
17.82091825
17.83036630
17.88750198
17.91275723
17.96343781
17.96582725
17.99997146
18.00908810
18.04551636
18.04619945
18.08280680
18.13488418
18.13543783
18.19364293
18.20613218
18.21153602
18.23220317
18.25275869
18.25484854
18.36314787
18.37831481
18.41721380
18.42476552
18.42822219
18.43365453
18.43859168
18.45241828
18.45401474
18.50540675
18.55304940
18.57253215
18.60274225
18.63479432
18.64856611
18.65086668
18.66634263
18.66698080
18.69458976
18.70242873
18.70438293
18.73504385
18.79943693
18.83873196
18.83874802
18.84420475
18.86593680
18.88164118
18.90415655
18.90556965
18.93723805
18.94009312
18.94954548
18.96701140
19.01154728
19.06918984
19.07860366
19.09144457
19.12501527
19.13388921
19.13396902
19.14494136
19.20871240
19.20976831
19.22017197
19.23775244
19.25048148
19.28484520
19.28855614
19.33193916
19.33681567
19.36226062
19.36288006
19.36615065
19.38109552
19.41599687
19.42783770
19.42972391
19.45973874
19.46813442
19.47503784
19.47577189
19.48293351
19.48586922
19.49131142
19.56808588
19.57439089
19.60789022
19.76982008
19.80111593
19.80921951
19.84352990
19.85600077
19.86369153
19.89830199
19.89971499
19.93435215
19.94624154
19.94828024
20.01335898
20.02368525
20.07513039
20.08128672
20.08912613
20.11752180
20.13792954
20.14791149
20.15054141
20.20180914
20.20248981
20.22939362
20.24259374
20.30179475
20.31650178
20.33064948
20.36615883
20.45364202
20.45384347
20.53629125
20.57664866
20.59079177
20.62131476
20.64931387
20.78223845
20.81790971
20.86194849
20.86449638
20.89487527
20.89817211
20.92640516
20.95113433
20.97199647
20.98364431
21.04279733
21.04662574
21.15748157
21.17292328
21.18167684
21.19984421
21.21492046
21.24809375
21.25479094
21.27202066
21.27284770
21.27960330
21.28351860
21.31156595
21.36648216
21.37280781
21.39766864
21.40596642
21.44694967
21.46226930
21.46413117
21.49591194
21.54173622
21.54459189
21.55506159
21.57178269
21.60151190
21.64079474
21.65713016
21.67668959
21.72825564
21.77308988
21.77431479
21.82105308
21.83939837
21.84693340
21.87399806
21.87790623
21.90314592
21.94053780
21.95070037
21.96895824
22.00039343
22.00968563
22.07573187
22.18431496
22.18483340
22.18824677
22.19574982
22.21571697
22.25371631
22.29501030
22.36694455
22.38835549
22.40537280
22.42661069
22.44073317
22.45189996
22.48407239
22.63402348
22.63821293
22.64147688
22.66086009
22.66863981
22.67108767
22.68745619
22.72138320
22.73789578
22.79394149
22.80694103
22.84734547
22.91024520
22.91274103
22.93242503
22.96564694
22.97293867
22.97809764
22.99495257
23.00466899
23.02305572
23.04758535
23.05018048
23.05175085
23.07017173
23.11521431
23.12917687
23.18487140
23.37587309
23.37996692
23.38626014
23.48149675
23.48185065
23.48972074
23.52023404
23.53820231
23.55292297
23.55941517
23.59285821
23.62852549
23.71126151
23.73502653
23.74679163
23.79508150
23.81789208
23.87492129
23.99713136
24.01277853
24.01467310
24.02354718
24.08754338
24.11135731
24.17748355
24.20670883
24.22039649
24.26953478
24.28428537
24.29857445
24.32119248
24.35080029
24.41010713
24.41406038
24.43210103
24.45362341
24.50538722
24.58449220
24.61250923
24.65057108
24.74627520
24.75914014
24.80061862
24.85809031
24.86455243
24.86511571
24.88499447
24.91960602
24.92615069
24.98751034
25.03010255
25.04565212
25.04755540
25.05469524
25.05970794
25.10298922
25.10354754
25.10941266
25.12385045
25.17265133
25.21675467
25.22047977
25.25086628
25.25274969
25.25396080
25.26285766
25.30338683
25.38543346
25.38791586
25.40868260
25.41608062
25.43345068
25.47808404
25.50659601
25.54050006
25.55910835
25.61472978
25.64809583
25.64933428
25.65505523
25.65799138
25.68164913
25.70065994
25.72870473
25.73619853
25.80157806
25.82929314
25.84404564
25.88219554
25.88368716
25.91477775
25.91541370
25.94944221
25.98787491
26.01825258
26.02700979
26.03632705
26.05316015
26.05899260
26.08274334
26.12418703
26.14549036
26.15958366
26.18432217
26.18466878
26.21429583
26.23649797
26.25014262
26.28795293
26.31234686
26.32513515
26.36251780
26.38762123
26.39237187
26.40536038
26.41091867
26.41703257
26.42742633
26.44138520
26.46659136
26.50253691
26.51865048
26.53068683
26.53657843
26.54881065
26.57526939
26.61399318
26.65432150
26.69181918
26.72191611
26.73053811
26.75987757
26.78017822
26.82895151
26.82929638
26.83349582
26.84879305
26.86929102
26.96843151
27.04402898
27.08775547
27.17497310
27.18071483
27.23359007
27.24826529
27.26966288
27.28034678
27.29264629
27.33873525
27.40226565
27.41783166
27.43642537
27.44203267
27.45161981
27.62322836
27.64489375
27.65094811
27.72213748
27.75307858
27.76948982
27.77685011
27.78732952
27.80237241
27.82667526
27.91101113
27.95755904
27.98039553
27.98859302
28.00647100
28.02275907
28.06219080
28.08283324
28.11552460
28.12383762
28.14100876
28.18692766
28.27200727
28.33097785
28.44048201
28.45217893
28.45949241
28.47591040
28.49044450
28.49138635
28.53456223
28.53602944
28.53608811
28.56227771
28.57558349
28.58597638
28.59315252
28.61031940
28.61448624
28.66086660
28.66941262
28.67876113
28.68301594
28.70598106
28.70679562
28.80696224
28.81559723
28.85080468
28.85947067
28.89309745
28.96316137
29.04090606
29.06917702
29.08422565
29.09262207
29.12440155
29.14124232
29.16341306
29.16541456
29.16830813
29.19008875
29.27963380
29.28866373
29.31897124
29.36547322
29.37208603
29.39428595
29.48747668
29.49004057
29.50137739
29.62353860
29.62913255
29.63279580
29.64897909
29.65759374
29.65841537
29.73895521
29.77022086
29.78313233
29.83180255
29.86361497
29.87124847
29.92722764
29.94643870
29.94997946
29.95485585
29.96589286
30.04590026
30.05678836
30.06498244
30.06757317
30.13057274
30.22884319
30.27998065
30.28905484
30.32209164
30.35761379
30.35868340
30.36089496
30.41982627
30.43486205
30.51344605
30.56932184
30.60564531
30.61173946
30.68641779
30.74223016
30.75127606
30.76814200
30.77336462
30.82235467
30.82430527
30.87669583
30.87751009
30.88665904
30.91517841
30.92234089
30.99724971
31.02044062
31.05914891
31.06312068
31.11727839
31.14086487
31.19683501
31.19756761
31.20044773
31.20764835
31.30787859
31.31554289
31.32647162
31.39614740
31.46121354
31.46241593
31.49707005
31.49732687
31.55733798
31.60660050
31.60901080
31.62120934
31.63871182
31.68588604
31.69416535
31.71637108
31.81595406
31.94941937
32.00659202
32.04595555
32.04735054
32.08650877
32.10310885
32.15704541
32.16139396
32.18822641
32.19638618
32.21988237
32.24700394
32.24894221
32.24913914
32.25089190
32.31282502
32.43853337
32.45871843
32.55163094
32.55407303
32.66484503
32.67247706
32.70612898
32.71220430
32.73060772
32.74570751
32.79761385
32.80078271
32.87899734
32.89237817
32.93275297
32.94743137
32.97180467
32.97340175
33.02300073
33.07166021
33.09650663
33.09932959
33.11204535
33.13100427
33.21947523
33.21981283
33.26017191
33.27419138
33.28924821
33.30358638
33.30610766
33.33720499
33.38827464
33.39428563
33.40560162
33.41711246
33.47005431
33.48479966
33.49028460
33.50240627
33.52482943
33.53593009
33.63005594
33.67384094
33.67837531
33.68868323
33.70260667
33.71982739
33.75005564
33.80098576
33.80573278
33.84474353
33.85199871
33.88318887
33.96478510
33.99922077
34.01929647
34.03895513
34.04022796
34.07440198
34.07917455
34.09598596
34.10107130
34.11092868
34.11799974
34.19917000
34.22320411
34.24695959
34.26193605
34.27140562
34.27310598
34.29913252
34.30044206
34.30777670
34.34515580
34.37870552
34.39089040
34.39523707
34.41828696
34.48634591
34.57850529
34.58741851
34.64818204
34.67238629
34.73546106
34.74309346
34.74846833
34.75657118
34.78964010
34.84467934
34.84612741
34.86752252
34.88089934
34.88586912
34.90396742
34.93788588
34.94737154
34.95207008
34.95967389
35.04234011
35.07044916
35.08660567
35.23802326
35.28308145
35.31055772
35.31067224
35.34337017
35.37881346
35.42332568
35.44000518
35.44100032
35.45273763
35.47404186
35.47734907
35.48210750
35.51857313
35.52079405
35.54702886
35.54984332
35.59043029
35.59456444
35.60197849
35.65887992
35.66024993
35.68928426
35.72901657
35.72904122
35.73605408
35.77832103
35.86764220
35.87820651
36.06254543
36.07536519
36.08670680
36.08831463
36.09241034
36.16538041
36.20880478
36.22720211
36.25069208
36.27623959
36.28558446
36.28611411
36.29193899
36.30053079
36.34934947
36.40263142
36.40952880
36.41046942
36.41823663
36.41870585
36.50476361
36.50921273
36.53957993
36.54021824
36.62466246
36.67151675
36.67389936
36.69922961
36.75385667
36.75603851
36.77828075
36.80504302
36.85027496
36.87869788
36.87934655
36.90596562
36.92677622
36.97850445
36.99078163
36.99498967
37.01589492
37.05031833
37.05313734
37.05513123
37.05798364
37.08077580
37.09339881
37.09446358
37.12578732
37.16504189
37.17436086
37.17692127
37.21056321
37.25556016
37.27878190
37.30635783
37.30682634
37.32913915
37.43579791
37.44456752
37.47116259
37.47349724
37.48361373
37.50061233
37.51827456
37.52465751
37.55187733
37.62615482
37.66271412
37.69740109
37.73616260
37.73635115
37.75275120
37.75310787
37.76866977
37.79191044
37.83480110
38.02391101
38.03852437
38.05929612
38.09431535
38.09472385
38.10704152
38.20091219
38.23811900
38.25235937
38.26018027
38.33250540
38.40649534
38.46775801
38.49382233
38.51608701
38.53588634
38.55181586
38.59353242
38.60604798
38.64225839
38.65853821
38.66733797
38.76990772
38.79043801
38.79786760
38.87651686
38.89937574
38.94668703
38.97054661
38.98171260
39.02127000
39.07474693
39.11943299
39.14907454
39.15148394
39.21861324
39.25993010
39.28085338
39.29797749
39.33419959
39.33728681
39.41006763
39.48699142
39.51141814
39.58174999
39.60838692
39.62939678
39.63235438
39.66427075
39.70175918
39.70736975
39.72199276
39.72845658
39.73784563
39.78264042
39.79074605
39.79435754
39.82639307
39.84373503
39.86990605
39.87134344
39.88427057
39.96601192
39.96655783
40.00452671
40.02663951
40.10717745
40.18225311
40.19533590
40.19829202
40.21926793
40.24136431
40.31926136
40.40898393
40.41323899
40.43976727
40.45313713
40.45840690
40.48160035
40.49150936
40.56969034
40.59448787
40.59998273
40.62030917
40.62343371
40.63303350
40.64921143
40.65505353
40.68518588
40.73318675
40.76498582
40.76848115
40.84248871
40.84978572
40.85167491
40.86166985
40.86397766
40.87678141
40.91442949
40.97026152
40.98779232
40.99581345
41.03185129
41.05519413
41.15599381
41.16776529
41.22831648
41.29548564
41.29800745
41.34522290
41.37902843
41.38750839
41.55225121
41.57773365
41.61660282
41.63796470
41.68629699
41.73167601
41.73512988
41.75517478
41.79334382
41.87883229
41.91532575
41.94863102
41.95231403
41.97388020
41.99630592
42.06055051
42.06112982
42.09393032
42.16196342
42.23013410
42.25144213
42.26929277
42.28272837
42.29402761
42.30718822
42.32766618
42.33952580
42.40365269
42.41803547
42.41911258
42.43837959
42.45780521
42.45876420
42.47871460
42.53249848
42.56241090
42.56439452
42.57877568
42.65564149
42.74113433
42.75521904
42.79100514
42.81258580
42.81529259
42.83882258
42.98763126
43.02189002
43.03222380
43.07510221
43.14814946
43.16762350
43.17765377
43.19784404
43.29526604
43.30948455
43.31889718
43.32523371
43.33821403
43.36079183
43.37835605
43.40126737
43.44986651
43.46638478
43.47258424
43.53656752
43.55666687
43.57735576
43.60428812
43.60843473
43.61126534
43.63468593
43.66336320
43.70287558
43.71179749
43.77303916
43.78907985
43.86273087
43.86575176
43.89901644
43.93548441
43.94217911
44.04342762
44.06706780
44.09852495
44.20641889
44.22076747
44.22483167
44.22503456
44.26431871
44.27351753
44.31277177
44.31421708
44.34185796
44.35550923
44.43204675
44.45545804
44.47381086
44.47443276
44.49251016
44.63869773
44.66159842
44.66452715
44.66538164
44.68754442
44.74953938
44.75853758
44.78103387
44.80849689
44.83827467
44.86829657
44.88150089
44.99644446
45.01607739
45.02043378
45.03535495
45.08648119
45.08934856
45.10749307
45.20133272
45.26032783
45.26651339
45.26757246
45.37859288
45.42864091
45.46581092
45.49037579
45.49558599
45.50780458
45.50835663
45.54923578
45.55080149
45.55323112
45.56642229
45.57829423
45.58837339
45.63390841
45.63556671
45.66483855
45.74480571
45.81299174
45.81984282
45.82291219
45.85144473
45.86691699
45.92436111
45.93752788
45.95534784
45.99614634
46.01594402
46.02095738
46.05282025
46.08375036
46.08629093
46.10004299
46.10010828
46.11233504
46.12611375
46.15333133
46.15876815
46.22749410
46.25709377
46.26496104
46.34290333
46.35727820
46.36067928
46.39227899
46.43690052
46.48467104
46.51637584
46.54926042
46.58594303
46.65212276
46.71928270
46.72000896
46.77488542
46.77578575
46.78049522
46.81355748
46.83964361
46.84569059
46.88104463
46.89544627
46.89782498
46.91056375
46.93593710
46.97855278
46.99510487
47.01621831
47.04326310
47.09277560
47.09796773
47.17186431
47.17324127
47.17901099
47.18650332
47.20895765
47.20917186
47.22351543
47.22391127
47.24748221
47.35017150
47.38445966
47.38831057
47.40321124
47.41753348
47.50045769
47.50737220
47.56951035
47.64004518
47.68590522
47.69819760
47.77839128
47.83205652
47.92284721
47.93475951
47.95698680
47.97719688
48.08295346
48.08420700
48.12494890
48.16224562
48.20126578
48.21160955
48.21269451
48.23652454
48.30900654
48.32581835
48.36328626
48.40051764
48.41289693
48.42396396
48.50895758
48.51783596
48.54386092
48.55951926
48.56471404
48.57984781
48.61340667
48.66345925
48.71651805
48.76934932
48.80895704
48.84813824
48.85343144
48.87605486
48.92434686
48.95435447
48.97783914
49.11784028
49.15198307
49.15355974
49.15876200
49.16740679
49.19527603
49.22464724
49.22913503
49.25918430
49.28801195
49.33051369
49.38771693
49.44939154
49.47033525
49.48375186
49.50384136
49.51643986
49.59806612
49.59885758
49.67762689
49.70483153
49.72723723
49.78176952
49.79468456
49.82873809
49.84024324
49.84246381
49.85354337
49.86032172
49.88793714
49.93443425
49.94196137
49.97454169
49.98925446
49.99793685
50.00278303
50.03681719
50.06817621
50.07433823
50.08574903
50.09802588
50.15245916
50.16407397
50.17038951
50.17555395
50.18199471
50.19249407
50.26574724
50.30089484
50.33117698
50.34394877
50.39525128
50.39665831
50.42797674
50.52564030
50.52603615
50.62831685
50.64597891
50.68694055
50.69543463
50.70709436
50.71850254
50.75034570
50.76269699
50.76972476
50.94895880
50.95144074
50.96593104
51.02553293
51.02832525
51.12121842
51.15600331
51.15759741
51.16330622
51.19778707
51.19858364
51.24369803
51.24590995
51.24596150
51.30885159
51.32538049
51.37985754
51.41989415
51.43193269
51.44214855
51.45216074
51.45405937
51.47155307
51.48364726
51.49093967
51.49438307
51.49509256
51.51522664
51.63235467
51.64602598
51.64828685
51.66633913
51.66787243
51.67494563
51.68395415
51.74764987
51.77488205
51.79024088
51.82945554
51.85326854
51.85381793
51.87383182
51.88120583
51.88333737
51.90744323
51.93266047
51.98156649
51.98639669
52.03868568
52.13836730
52.15292515
52.25572140
52.26325078
52.28530601
52.34276081
52.37210652
52.37505465
52.50490799
52.50830601
52.53682758
52.55099655
52.57067114
52.60115834
52.62019425
52.63635754
52.65083205
52.65864064
52.69266116
52.73338635
52.73838540
52.76084337
52.76371665
52.78197472
52.78823764
52.79275819
52.82119409
52.83452742
52.83670609
52.88132086
52.93710527
52.94153692
52.95704517
52.96441690
53.02703808
53.09175202
53.13214548
53.16116040
53.18316525
53.23039899
53.24711504
53.28867604
53.29911538
53.30292172
53.31875134
53.33362170
53.36577037
53.42227629
53.49976190
53.50659894
53.51772291
53.53734779
53.53762393
53.55055786
53.55957319
53.59357521
53.61638977
53.63367729
53.73626073
53.75539252
53.79722662
53.80314895
53.81424298
53.83946520
53.84838280
53.84987106
53.85806703
53.92205535
53.92387713
53.93949119
53.94068589
53.94286483
53.94844748
53.96317121
53.98886790
54.01781869
54.04069953
54.04173986
54.05619042
54.09223369
54.16345826
54.17419127
54.20189373
54.20601700
54.22990760
54.23373429
54.24197800
54.27021212
54.29468074
54.33853507
54.36904764
54.38335969
54.42483186
54.48891019
54.50153967
54.51136727
54.53368431
54.53772097
54.54395909
54.56423584
54.56792579
54.59100364
54.60854140
54.61603221
54.65685537
54.70896049
54.72515099
54.73534779
54.75824709
54.76229456
54.78040406
54.79134388
54.80164566
54.81299703
54.86831668
54.87856125
54.89765071
54.94677599
54.94807202
54.97622254
54.97830323
55.00277759
55.02639332
55.03799348
55.09683481
55.15527817
55.19515365
55.23077825
55.24116239
55.28832999
55.33321923
55.33495399
55.37196822
55.47034890
55.57486859
55.58524574
55.58612541
55.62939257
55.64913438
55.66423619
55.68660430
55.68950907
55.70175400
55.73888198
55.74803719
55.78003146
55.78441623
55.81377835
55.87842419
55.90641767
55.90770882
55.96515942
55.99489167
56.06227770
56.07706940
56.13430874
56.14615492
56.15518198
56.17182584
56.18490947
56.18534152
56.24057555
56.28098788
56.30714383
56.32370418
56.34646870
56.36217535
56.40154514
56.40651916
56.41900829
56.45460237
56.48523730
56.50995857
56.51774172
56.56457467
56.61283784
56.62566047
56.63862489
56.64041101
56.66243832
56.68608141
56.76630473
56.80029962
56.82159699
56.82717713
56.86548496
56.87948112
56.88453737
56.89723025
56.90818565
56.92731265
56.98503457
56.99777625
57.00190834
57.00923124
57.01972136
57.07752688
57.09057397
57.12194895
57.15061232
57.17183197
57.19032900
57.20303219
57.26653335
57.26915940
57.31771778
57.32277408
57.33662098
57.34290422
57.35648009
57.36009164
57.38890620
57.39971769
57.48151346
57.48413718
57.51389933
57.56944480
57.60421511
57.60694563
57.60829727
57.62453865
57.67926990
57.68234969
57.74086969
57.75694107
57.77754962
57.83232214
57.85139463
57.89661228
57.90744024
58.00468219
58.01324036
58.02179032
58.03586449
58.06803901
58.12390643
58.12582418
58.22075527
58.25321170
58.29797392
58.35605257
58.36256098
58.37088160
58.37543785
58.39696783
58.42654799
58.50711195
58.53458171
58.60736802
58.63933297
58.69665842
58.70333427
58.70563385
58.71568881
58.73531678
58.74421306
58.76003850
58.76295206
58.81717016
58.81820197
58.82243183
58.90538906
58.91188135
58.93908556
58.98496673
59.01082458
59.01721053
59.03971316
59.04989321
59.07636582
59.11192585
59.14784281
59.15735166
59.16473070
59.22279656
59.23213520
59.25104550
59.25214629
59.25291228
59.28814475
59.31502708
59.32115781
59.32710834
59.35924721
59.44269285
59.45005792
59.55968525
59.57786661
59.59080316
59.59749681
59.59797465
59.60099162
59.61260434
59.62189959
59.69084184
59.70271639
59.70780423
59.72029610
59.73527260
59.78833700
59.80373724
59.83146663
59.84313901
59.88874360
59.89419830
59.91960202
60.02545929
60.02740178
60.03169076
60.15836996
60.16061238
60.17172562
60.18362995
60.24544440
60.28409176
60.29388611
60.31112026
60.36524046
60.38293398
60.38345119
60.38537608
60.38980579
60.45069714
60.45305110
60.48422598
60.51120017
60.56881568
60.57261873
60.58051054
60.61686661
60.62075557
60.65435774
60.65477314
60.65487650
60.68258176
60.69030128
60.75680564
60.76150700
60.78005965
60.82798045
60.83491732
60.86694208
60.98685311
60.99594510
61.04056465
61.05254460
61.09842411
61.13051026
61.13617338
61.14206820
61.15729207
61.18659391
61.20400558
61.23152982
61.25431396
61.30901559
61.32793466
61.40617625
61.42311555
61.47605062
61.51579153
61.54531882
61.61873194
61.69288347
61.81415891
61.83530653
61.87376388
61.89077219
61.89254264
61.90233533
61.91526630
61.92359608
61.92996682
61.94727351
61.95905687
61.96439997
62.01456593
62.01542994
124.00000000
