0.01055322
0.01188334
0.03064067
0.03420003
0.09519151
0.18740725
0.21839749
0.23421085
0.23539009
0.25417541
0.31205514
0.32453826
0.35906525
0.36962324
0.51482138
0.53252925
0.55619321
0.56241295
0.58650968
0.59005683
0.60917950
0.61535383
0.62242385
0.62493375
0.63502561
0.72328265
0.73754277
0.78044431
0.78900575
0.95400469
1.01476886
1.12486088
1.19464726
1.23209080
1.26201156
1.32193390
1.33024593
1.33765226
1.34732101
1.38645898
1.39169224
1.43750275
1.45820531
1.48766630
1.52194370
1.55318456
1.59869754
1.61363717
1.63614710
1.63959317
1.71626847
1.73007274
1.76520806
1.77285116
1.85073154
1.88529332
1.93464205
1.95144153
2.01290196
2.01652017
2.06198838
2.07846987
2.10902432
2.13212664
2.14953025
2.18320341
2.22568276
2.24170740
2.28207213
2.31668534
2.33298624
2.37002253
2.40567064
2.41109999
2.44094331
2.52218291
2.56384844
2.60840437
2.63360024
2.64486206
2.71409961
2.74619377
2.75933373
2.76062430
2.80347182
2.84422267
2.85367993
2.87266080
2.88041571
2.89691357
2.89748849
2.90149061
2.96602249
2.97956214
3.10608627
3.14211297
3.19480598
3.21082130
3.22682315
3.23256855
3.27548641
3.39706299
3.40967057
3.42336783
3.54996611
3.63426878
3.65111524
3.68490386
3.73226064
3.80841264
3.84953418
3.85945935
3.87290260
3.88756081
3.91814034
3.92259471
3.95539222
3.97146631
4.00696486
4.00756586
4.00987325
4.03905367
4.05419230
4.06529001
4.07672639
4.10831552
4.11235598
4.11721445
4.14137305
4.14850939
4.20501531
4.24194999
4.25332801
4.26492805
4.27812793
4.28572023
4.30241538
4.38029433
4.40966675
4.40980546
4.44351495
4.48882107
4.51048988
4.52808736
4.57808872
4.59233599
4.61415822
4.62581987
4.63175939
4.70137316
4.74126231
4.74724147
4.75255388
4.76832637
4.77830180
4.78676997
4.84870984
4.86665803
4.89266156
4.91441271
4.94464761
4.94682817
5.00360665
5.01984123
5.02937957
5.11566495
5.13870286
5.19052914
5.23784566
5.25132234
5.26084842
5.27123228
5.27571802
5.28216872
5.30615263
5.33008626
5.34331149
5.35723599
5.37987028
5.42252253
5.47410746
5.52005290
5.54181264
5.56795629
5.59972156
5.61277029
5.61895147
5.64496657
5.67379148
5.68235284
5.72860351
5.76010515
5.77697894
5.87852964
5.91438128
5.96516188
6.03946852
6.08663129
6.09703295
6.10427732
6.14214306
6.14994840
6.16563245
6.16734684
6.16898622
6.20911527
6.22692173
6.25858872
6.28902995
6.31367182
6.32714445
6.35438236
6.37020372
6.37087327
6.38084635
6.39496099
6.40273443
6.44294345
6.48204825
6.55081546
6.59165113
6.60197767
6.60893940
6.68985253
6.73594499
6.76028432
6.76378549
6.78083301
6.78414374
6.78430298
6.82293131
6.86738268
6.87152457
6.88078871
6.88632647
6.95522703
6.96069298
6.98329152
7.00738984
7.09467863
7.10876229
7.15826781
7.17009699
7.18684501
7.19165187
7.19763209
7.20385646
7.20387960
7.30133848
7.30781483
7.39044046
7.42106708
7.45414863
7.45619820
7.45847602
7.48834449
7.49309318
7.49679062
7.57857995
7.64524611
7.66879892
7.70222058
7.71586422
7.73354740
7.74126975
7.78495524
7.78871589
7.79525467
7.80358922
7.88724953
7.89593662
7.89789069
7.93184511
7.93826921
8.00422831
8.01694981
8.07572377
8.14230619
8.16832114
8.20629476
8.21722027
8.25223755
8.26249250
8.27066089
8.29172948
8.29695239
8.33154415
8.34267828
8.36957952
8.37533385
8.40849136
8.45616160
8.51510784
8.55664170
8.58021141
8.58769383
8.62525552
8.70263060
8.70299485
8.72385677
8.73646415
8.77463007
8.79089795
8.91626946
8.92883010
8.97629545
9.03152126
9.04521015
9.04792648
9.17641622
9.21684558
9.23337177
9.24799195
9.24821789
9.27866740
9.28787865
9.33702134
9.38689187
9.42702085
9.45905036
9.48713260
9.50260528
9.50548563
9.50625297
9.53264252
9.55687441
9.57374953
9.58253365
9.58868235
9.59577992
9.59722359
9.60626915
9.62230618
9.62773257
9.68116244
9.73856002
9.78842964
9.81653877
9.86615745
9.86795779
9.87893374
9.90625465
9.96152306
9.98488516
9.99086621
10.04719623
10.07447040
10.12208141
10.14152053
10.16834653
10.17945946
10.19201274
10.20395761
10.20452423
10.21210037
10.21960733
10.28792067
10.45299961
10.48739222
10.51421150
10.53741254
10.58342515
10.60896132
10.62506265
10.62949600
10.63034346
10.63505194
10.66362779
10.68126403
10.68430152
10.70180789
10.70520416
10.70725176
10.74261826
10.74373957
10.77657841
10.78156839
10.80379006
10.84229249
10.87719204
10.91305956
10.91332418
10.91620973
10.95710084
10.99910858
11.07425562
11.13115361
11.23797106
11.26387981
11.26663397
11.26898394
11.29104662
11.31420014
11.34042642
11.37858245
11.43719162
11.49534417
11.49664613
11.50677218
11.50945093
11.57363437
11.57996114
11.58180225
11.58600625
11.58987210
11.64622651
11.66546146
11.68773571
11.68801266
11.70775020
11.83026312
11.83049802
11.83320516
11.90142693
11.90371677
11.91873040
11.91970020
11.96842110
12.02711030
12.03363508
12.03925768
12.06187012
12.07234831
12.08588573
12.10121258
12.13075266
12.15451076
12.18408933
12.19880983
12.22755049
12.23842176
12.34614669
12.37003654
12.37963287
12.41897696
12.43393789
12.43672580
12.52278753
12.62224448
12.63604091
12.66858467
12.76103016
12.76499104
12.82043743
12.88771963
12.90117796
12.93515254
12.94452160
12.95195312
12.95360950
12.96297531
12.97212424
12.98975370
13.01033146
13.07429777
13.10417905
13.13769629
13.19486694
13.25091417
13.25980428
13.27021891
13.27933861
13.28840703
13.29040411
13.30712574
13.33080921
13.33168299
13.35694667
13.47414522
13.47745687
13.49032505
13.50264875
13.50927097
13.51780816
13.52654588
13.56116497
13.56913213
13.58043559
13.60251247
13.62513551
13.65964227
13.78234718
13.78249345
13.79810306
13.82547245
13.82703066
13.83143822
13.83191332
13.89078234
13.89963923
13.95919044
13.99485320
13.99816165
14.07032086
14.08042074
14.08690760
14.13095461
14.18161968
14.19739880
14.25093372
14.31117300
14.31768123
14.34604663
14.34976778
14.35136968
14.36639238
14.38204546
14.39919252
14.40050098
14.46724080
14.49727494
14.50282100
14.56559709
14.60267584
14.61438939
14.62542537
14.63695635
14.64144386
14.64202986
14.67725975
14.69061632
14.69689975
14.80836517
14.82754569
14.84804853
14.85115394
14.85804227
14.87525499
14.97190126
14.99048541
15.01656353
15.01742912
15.01943670
15.06080620
15.06133760
15.08215016
15.08404360
15.10986653
15.11188015
15.14652792
15.14980431
15.17427351
15.30099131
15.43197001
15.55995974
15.57393071
15.57878781
15.59906953
15.59972398
15.66577132
15.72040653
15.72113275
15.73997437
15.77226923
15.78055179
15.78509208
15.81572512
15.85622943
15.87442778
15.88334466
15.96589323
15.96978536
15.96993582
16.00034402
16.00306214
16.01568687
16.02663850
16.03454213
16.10496196
16.11122744
16.11320095
16.12531928
16.14056205
16.15459348
16.16805300
16.21951753
16.24765871
16.26762287
16.29967972
16.31582622
16.35273442
16.43555622
16.44997620
16.45590119
16.51788051
16.54907308
16.63371183
16.66895761
16.68861049
16.69287609
16.73861666
16.76538366
16.77441664
16.77542566
16.80319201
16.81138169
16.82441174
16.86966697
16.87966734
16.90405910
16.92863134
16.92983121
16.95422902
16.98705964
17.00689277
17.01006689
17.01083578
17.08773571
17.13257290
17.14460827
17.16237881
17.22770738
17.24529467
17.28175253
17.29659275
17.32901096
17.33398283
17.34336843
17.34375621
17.34681346
17.42085087
17.42999604
17.44607622
17.50422459
17.51638540
17.54433443
17.65822205
17.66465687
17.69793929
17.69986780
17.70421432
17.78923261
17.79851507
17.80040294
17.80709066
17.81035474
17.86396831
17.86742803
17.89271123
17.89590757
17.94565500
17.96399813
17.98279940
18.05071631
18.17390377
18.21572778
18.24534286
18.28850389
18.30011275
18.31226759
18.32687786
18.32721900
18.38038513
18.38498393
18.38741772
18.42371837
18.45241828
18.50610903
18.52235697
18.54160318
18.58303687
18.58612622
18.62975410
18.68293871
18.71065497
18.76508200
18.81889442
18.82054350
18.85518387
18.94906405
18.96724005
18.99014171
19.05278339
19.07589242
19.08150757
19.08745633
19.09111397
19.11385751
19.15501993
19.17710776
19.20871240
19.23281634
19.24541033
19.31159368
19.32096847
19.35144508
19.39764770
19.40959520
19.45245905
19.46328430
19.48977992
19.53257860
19.58715167
19.58801791
19.60478784
19.66829961
19.68851637
19.79844636
19.80735253
19.82214233
19.83855970
19.85089576
19.89016731
19.90582027
19.94118096
19.94381086
20.04550205
20.07324827
20.08912613
20.09198868
20.09335547
20.13792954
20.15468127
20.18171260
20.21020603
20.21257579
20.24299108
20.25011454
20.25469297
20.25904468
20.29028604
20.29634766
20.35368263
20.36689628
20.36840791
20.38561072
20.38879692
20.39962778
20.42398636
20.42699640
20.42872767
20.44113800
20.49840085
20.56685143
20.57529216
20.57536131
20.58346478
20.62200676
20.64183728
20.65378524
20.70386312
20.70567949
20.73576841
20.82471678
20.85917521
20.91032451
20.92149786
20.94927355
20.98076922
21.02966797
21.05808851
21.09499423
21.11021069
21.14018214
21.14718957
21.18008145
21.24684451
21.26765689
21.30950711
21.32718791
21.42417837
21.43609614
21.45498202
21.51279790
21.51479004
21.53143907
21.53175056
21.54878832
21.56556014
21.56883551
21.57540321
21.58005319
21.58764067
21.59806854
21.60821234
21.61781895
21.63038580
21.64079817
21.69785264
21.70712930
21.71404757
21.72825564
21.75015334
21.78187654
21.78228607
21.79115801
21.79621027
21.82460018
21.87072629
21.93594372
21.96139619
21.97962124
21.98941794
22.02862184
22.07698271
22.10147877
22.10502863
22.17110796
22.19697176
22.21560875
22.21571697
22.23008669
22.23707522
22.24985631
22.25025487
22.25207285
22.25336974
22.31831801
22.32638729
22.33943500
22.36903373
22.37460864
22.38835549
22.40296951
22.40587472
22.41101694
22.42661069
22.47602833
22.52584938
22.53742228
22.54745074
22.58031325
22.66086009
22.68430074
22.68588016
22.71960523
22.72354509
22.85476010
22.87935087
22.90527564
22.90639431
23.12257693
23.15023940
23.18384945
23.18508625
23.23078525
23.23678457
23.29683819
23.33507083
23.34642619
23.36360589
23.40322971
23.43014048
23.44952224
23.53581351
23.55703864
23.56626568
23.58089675
23.59216704
23.59285821
23.60127820
23.61072420
23.62289109
23.64457270
23.65622575
23.69818901
23.69963879
23.72747696
23.74620748
23.75556235
23.75774871
23.82411374
23.86300576
23.88013807
23.90720053
23.94446970
24.13875675
24.14326467
24.22753727
24.24183849
24.25859026
24.26352900
24.27858308
24.31070249
24.31230460
24.31914512
24.37359951
24.41269023
24.49486249
24.56285961
24.60342598
24.66366970
24.66626828
24.67120932
24.67885202
24.69913306
24.73254654
24.75140793
24.75405533
24.78339850
24.78955542
24.80825452
24.92568927
24.96277317
24.98320227
25.01346396
25.06099369
25.11922293
25.13483421
25.14420901
25.19077926
25.20376727
25.25687010
25.30010861
25.46628925
25.50933558
25.53314110
25.54940428
25.55313572
25.57028167
25.60462301
25.62050986
25.64129406
25.65799138
25.66579104
25.69066971
25.73418871
25.74809614
25.81737748
25.82456255
25.83347824
25.86680174
25.87258541
25.87463416
25.90505678
25.92249965
25.93028925
25.94229300
25.96050089
25.96559773
26.03349219
26.05899260
26.12591520
26.13413739
26.16982016
26.23743913
26.24647001
26.34338383
26.37544153
26.41179774
26.43484340
26.46368203
26.48102031
26.61612385
26.66057146
26.66169715
26.66802786
26.70120657
26.71981908
26.72509123
26.77410499
26.86381721
26.87871967
26.94971831
26.95485949
26.98836821
27.01850089
27.02255416
27.02987951
27.06770928
27.09841526
27.12204695
27.12437950
27.14680226
27.16151330
27.18360970
27.19167774
27.19672240
27.35646032
27.39318440
27.40113365
27.43936375
27.50088974
27.50893246
27.56199993
27.57425115
27.57829508
27.61674868
27.66014790
27.67859959
27.74814361
27.79160833
27.80985971
27.91342317
27.94190697
27.94487697
27.94582493
27.95236542
27.96044386
27.98832267
28.01345056
28.05440021
28.06495440
28.09455644
28.12009654
28.12699305
28.14113801
28.14980202
28.15515052
28.16556639
28.18859812
28.20466929
28.27132943
28.28922761
28.28947485
28.32466447
28.36507397
28.37368612
28.46697540
28.47056720
28.48364211
28.50810498
28.52666286
28.56374514
28.57893283
28.58301730
28.62410241
28.64780885
28.70206753
28.71992844
28.72381131
28.75133983
28.75201909
28.75584051
28.77163659
28.81559723
28.83328074
28.85071676
28.86971691
28.88665827
28.95658546
28.98042092
28.99132359
29.01612259
29.02536959
29.04024570
29.06146276
29.07747266
29.10619500
29.12139919
29.14862991
29.22128284
29.25672417
29.26867117
29.28488358
29.31094809
29.31897124
29.34608689
29.36925811
29.41621193
29.43443653
29.46759301
29.51318349
29.53176823
29.53180861
29.69239156
29.75918294
29.78490966
29.81634749
29.81684358
29.84491562
29.85209157
29.85614208
29.90009089
29.91355444
29.97685925
30.00969722
30.01610602
30.05555580
30.10189589
30.11967854
30.21416300
30.26143620
30.26751864
30.27801496
30.28905484
30.32097585
30.35803251
30.35868340
30.40819953
30.41289352
30.48383159
30.50628450
30.50736265
30.51867107
30.60695881
30.64509568
30.65164558
30.65701626
30.69109310
30.75511827
30.76043819
30.77637180
30.78395164
30.80186545
30.82967197
30.84150043
30.84296812
30.86574773
30.93181075
30.99946152
31.01230301
31.03685002
31.09813825
31.10684730
31.12054957
31.14879080
31.20764835
31.23522052
31.26538807
31.26838832
31.30598519
31.39567349
31.45322454
31.46701124
31.46767904
31.48990111
31.49824240
31.52832742
31.55121660
31.58640744
31.64076090
31.67838603
31.76231767
31.76748234
31.86672536
31.87203047
31.87466805
31.88036221
31.92758358
31.94883624
31.97691577
32.04302436
32.08635643
32.14949653
32.15037162
32.20923732
32.21922615
32.30186489
32.33589467
32.36194039
32.36308662
32.36993905
32.39331082
32.41476312
32.43042058
32.44901641
32.45713157
32.46499567
32.46644303
32.49237260
32.50062061
32.54813406
32.61065957
32.67686099
32.69707372
32.74046964
32.79636413
32.81694899
32.81746202
32.85039550
32.86034905
32.88840245
32.93450282
32.97099909
33.01301160
33.02113805
33.03970822
33.04381306
33.08179665
33.15034834
33.15479575
33.16561180
33.20726357
33.21976793
33.23484216
33.24339534
33.27924586
33.30453174
33.34942620
33.35506904
33.40414390
33.44482679
33.44835946
33.49028460
33.49245286
33.54458568
33.55765719
33.56029983
33.63108503
33.68065673
33.69529790
33.71258427
33.71484285
33.72158834
33.73076958
33.76219993
33.79449107
33.80842607
33.82973900
33.88188243
33.97481908
34.01445176
34.04796877
34.05003742
34.11034673
34.12962285
34.13680123
34.16377121
34.16918454
34.17450826
34.22571859
34.25765576
34.26218120
34.30643005
34.32983464
34.33686111
34.36203032
34.42165967
34.44847349
34.46494581
34.48778494
34.49011942
34.49167155
34.56227897
34.56620959
34.64266464
34.69212589
34.74716507
34.75822647
34.84001794
34.84577360
34.86754483
34.89511966
35.04908582
35.05201020
35.09354793
35.11321342
35.12099945
35.13702397
35.13828411
35.16922412
35.20885622
35.21713328
35.21807365
35.22436445
35.24432851
35.27384886
35.28679456
35.31416412
35.31830658
35.35196032
35.42787341
35.43131108
35.45184310
35.46877264
35.47107581
35.52248404
35.52754466
35.54702886
35.55278775
35.56715966
35.61252579
35.64647230
35.69888902
35.71305710
35.72514266
35.72919624
35.73279315
35.73473815
35.77380279
35.78504380
35.78667527
35.78862638
35.80384191
35.90954969
35.97387408
35.98893442
36.04969162
36.09247508
36.09900971
36.12240377
36.14632227
36.20199126
36.20884281
36.21758467
36.22720211
36.25652102
36.28215130
36.34795022
36.38812460
36.41539314
36.43511301
36.43714528
36.44239589
36.44648349
36.47904340
36.50137766
36.54021824
36.54052956
36.54518185
36.56814648
36.57216593
36.57870985
36.58039181
36.60580398
36.61593005
36.67640190
36.73826486
36.76904457
36.77368704
36.79111008
36.80544689
36.85736994
36.86967766
36.87517898
36.90687838
36.91039801
36.92684668
36.97266234
36.97288076
37.01129814
37.01167978
37.02292477
37.05031833
37.08718504
37.10254237
37.12069532
37.17128632
37.17886021
37.22830751
37.23430495
37.23456675
37.23494455
37.25556016
37.25642301
37.35353178
37.37012168
37.38691824
37.40015065
37.46185900
37.47008515
37.48121261
37.50929159
37.54609112
37.57146998
37.60210055
37.60292485
37.63307391
37.66583719
37.71840648
37.73616260
37.75275120
37.81752699
37.82779490
37.83850074
37.84438575
37.84541357
37.84967296
37.88719545
37.92055270
37.93517634
37.97135433
38.01040446
38.10733864
38.13851901
38.15141897
38.15875572
38.23375164
38.25749376
38.26490198
38.27812238
38.28034947
38.28265683
38.28644475
38.28767144
38.31396644
38.32283204
38.32322320
38.33845345
38.35236371
38.38107566
38.39801993
38.42056850
38.44576245
38.45950029
38.49727206
38.50095015
38.50491724
38.50626962
38.51015794
38.57986758
38.58788841
38.59283909
38.60708722
38.60713295
38.62619476
38.64117332
38.66410634
38.66733797
38.71615966
38.73461656
38.74254453
38.77297888
38.77679267
38.83673712
38.85452896
38.87482137
38.89016944
38.89911305
38.92320531
38.93674956
38.99621072
39.01459220
39.03120727
39.05898089
39.08405731
39.09234643
39.10270386
39.12258367
39.18460643
39.20222861
39.22198381
39.23798508
39.23952599
39.24698299
39.32845335
39.35536362
39.37312210
39.42170773
39.47278628
39.48274053
39.49739770
39.52429923
39.54213455
39.55567454
39.56350300
39.61112434
39.63080823
39.68276957
39.68940434
39.71832550
39.73382260
39.74087278
39.79559438
39.83567590
39.86589031
39.87451843
39.88948566
39.91589317
39.94944831
40.02371809
40.04229123
40.04330619
40.05566989
40.41664639
40.42253880
40.43884816
40.43944558
40.51920067
40.55751986
40.56224765
40.56855095
40.58353616
40.63032121
40.63033777
40.63077866
40.64903670
40.65026268
40.69703080
40.76739036
40.80441256
40.82197285
40.82560991
40.82630675
40.82972088
40.89084804
40.89336371
40.89912145
40.90406728
40.91336714
40.93568226
40.95237426
41.04151182
41.06079034
41.07375499
41.07519494
41.09357358
41.10220083
41.14051797
41.15355891
41.16532126
41.21930916
41.25284956
41.29458104
41.30297766
41.32509810
41.38845647
41.42406331
41.42724389
41.44088485
41.53081364
41.55910337
41.57370504
41.59333008
41.65816586
41.65898638
41.66309948
41.69554081
41.71039039
41.72690997
41.74255183
41.78212258
41.78841993
41.78991530
41.79436000
41.80659845
41.84516657
41.84575774
41.90660622
41.92347183
41.93445393
41.95282609
41.95587158
41.96844327
41.97167308
42.00396741
42.00465362
42.03070848
42.05741135
42.07389722
42.08906320
42.10363064
42.10416100
42.14377373
42.26604867
42.26715946
42.28394097
42.32502143
42.37152392
42.42267804
42.43524534
42.43917477
42.48464822
42.49142361
42.51295109
42.53937398
42.54148852
42.55111497
42.56439452
42.56993158
42.60214740
42.66326992
42.67852424
42.76405640
42.84112206
42.86769955
42.87873715
42.88610320
42.89310344
42.91338941
42.92550271
43.07584346
43.08946629
43.09145591
43.09890855
43.10781001
43.17670219
43.18318016
43.27219625
43.27551452
43.28937235
43.32323640
43.36456442
43.39659102
43.40110504
43.41081342
43.42055734
43.43677464
43.43791564
43.46539563
43.47264914
43.51886348
43.53929294
43.66301974
43.67267517
43.70730115
43.71009526
43.72507331
43.73036575
43.76697340
43.77647261
43.81184709
43.81858048
43.83070985
43.86575176
43.89498694
43.89643413
43.99171732
44.07686976
44.11312712
44.12942361
44.26431871
44.31031660
44.32808649
44.35736066
44.36772171
44.43052711
44.43164875
44.43577325
44.45873204
44.48765044
44.52312855
44.53761449
44.55118890
44.57654653
44.61956702
44.62255250
44.63928845
44.64463674
44.64645429
44.71016899
44.74516543
44.75630846
44.78553978
44.80112576
44.82371307
44.84174225
44.89188229
44.98569043
45.02323703
45.07484901
45.07819448
45.08403593
45.11620229
45.11752099
45.12181927
45.13716563
45.14591094
45.16788263
45.21064379
45.24413599
45.24487234
45.30536100
45.32496360
45.38147355
45.45727515
45.45915836
45.46215986
45.49553399
45.52063004
45.56301979
45.58837339
45.66755327
45.69256970
45.69327061
45.69959147
45.73167204
45.78325125
45.81357914
45.82117100
45.83942913
45.85424175
45.87521046
45.89265516
45.89460456
45.91264665
45.91310328
45.91425778
45.93446961
46.00036573
46.01698292
46.06030837
46.10455911
46.10960118
46.22903221
46.32283868
46.32571456
46.34731061
46.35581528
46.36354506
46.43188366
46.47439702
46.50185775
46.52832986
46.54065894
46.59290083
46.65526282
46.66447158
46.68034680
46.70638937
46.71475200
46.72046598
46.72563613
46.77960381
46.78099741
46.78713084
46.79216041
46.81665397
46.81677898
46.83887315
46.85771560
46.90046151
46.92544373
46.96191052
46.96277228
46.96547178
46.98474409
47.00534559
47.00957611
47.14785141
47.15797090
47.17376700
47.19405778
47.19835434
47.20419446
47.20917186
47.22077619
47.22953861
47.24059811
47.26605047
47.27223696
47.28689838
47.28725084
47.31730668
47.31786349
47.32697268
47.38353806
47.41185370
47.46752662
47.47240243
47.47276013
47.51233048
47.53765031
47.57981070
47.61140886
47.65957181
47.74061977
47.81212659
47.83424991
47.85004835
47.91557670
47.93017936
48.03810160
48.07127855
48.07298977
48.07374719
48.08295346
48.08411917
48.09463081
48.10170487
48.12692715
48.14873898
48.15732994
48.16318976
48.23244247
48.24068379
48.27815128
48.27934162
48.29597040
48.29897516
48.38065654
48.38806410
48.43393084
48.44522847
48.46494009
48.52451640
48.52940230
48.55805421
48.57442240
48.57483589
48.58251729
48.64882431
48.70064387
48.73602459
48.76008958
48.77622244
48.80667463
48.81133818
48.84891915
48.87009345
48.91495841
48.92948169
48.93649198
48.95153873
49.04141375
49.06995963
49.08482406
49.16193782
49.19595477
49.24268389
49.33756216
49.34040556
49.34777981
49.40487828
49.56718400
49.57198623
49.58675217
49.59316447
49.59664030
49.60913003
49.62246577
49.66071722
49.66426617
49.68007524
49.68844518
49.70061449
49.70721761
49.71583225
49.77568255
49.78953547
49.79480721
49.82846256
49.85715905
49.86095462
49.86611572
49.87845542
49.88285091
49.92243901
50.03153836
50.05260330
50.05781684
50.14000824
50.14258167
50.19249407
50.20392813
50.32500840
50.44697489
50.47084823
50.47298959
50.49093819
50.52787326
50.52826596
50.53241460
50.53528874
50.58459069
50.58621265
50.58807773
50.63435305
50.65345138
50.67749280
50.69432254
50.74651903
50.81368849
50.82422768
50.82783459
50.83538876
50.83579680
50.85328791
50.92733582
50.95312471
50.96076977
50.98005016
51.03861360
51.06850247
51.08380384
51.19019051
51.28499971
51.33668143
51.34759487
51.34942919
51.35747937
51.37417251
51.40152895
51.42018995
51.46445299
51.55769331
51.60805882
51.63481000
51.67919135
51.68305682
51.69294802
51.70110799
51.76049943
51.77771534
51.78579998
51.81073454
51.84428776
51.85854928
51.90537508
51.90836170
51.93552968
51.96476182
52.06110733
52.06876716
52.09139545
52.09695687
52.22260963
52.27739265
52.29648627
52.31496699
52.38338830
52.39970206
52.41792234
52.52297191
52.57536603
52.60212878
52.60525397
52.65083205
52.65941620
52.67720649
52.72422299
52.77487991
52.81617315
52.88522952
52.89860047
52.98448929
52.99024861
53.05106965
53.13165203
53.16414724
53.23955305
53.24389236
53.25275057
53.25429073
53.25503388
53.29324101
53.29864205
53.29911538
53.37205909
53.38736991
53.47708315
53.48100107
53.49437390
53.52172842
53.52914885
53.57484296
53.58052049
53.58720659
53.65380118
53.66280590
53.72482580
53.75110162
53.75783116
53.76160739
53.76175878
53.79101357
53.87022725
53.87064546
53.88182039
53.88693626
53.89845503
53.91156508
53.93263275
53.93516168
54.01151643
54.04069953
54.05254660
54.10697133
54.13051050
54.13400756
54.16696990
54.17672910
54.20423827
54.21910500
54.24375392
54.26863719
54.32365108
54.38335969
54.42193776
54.45334757
54.47355890
54.49655525
54.54969639
54.62574164
54.65111359
54.71143911
54.75369689
54.77336141
54.84404348
54.85579056
54.88714001
54.88773484
54.88878964
54.89995065
54.90149854
54.91144960
54.91208891
54.95096524
54.98327505
54.98575894
54.99261175
55.00530368
55.00694726
55.03341709
55.03799348
55.04628444
55.05872250
55.11213521
55.12745649
55.17008298
55.19804461
55.35821768
55.38751831
55.44712016
55.48637608
55.49445109
55.54566329
55.54817554
55.58631143
55.59757311
55.69534301
55.71089258
55.75423655
55.77156310
55.78046687
55.78857663
55.79264594
55.83598598
55.84763714
55.88376282
55.88413684
55.90380881
55.91966623
55.92434937
55.92664531
56.00048335
56.02914380
56.12494009
56.17643249
56.20259706
56.25089121
56.28291989
56.28552766
56.29960645
56.30221475
56.30562165
56.33704885
56.34425820
56.34646870
56.38786680
56.38891541
56.40430014
56.44823367
56.45460237
56.48431429
56.51655242
56.52700997
56.52808091
56.55529468
56.61435547
56.65425821
56.67453510
56.71451546
56.73780958
56.74819037
56.75392893
56.77793829
56.79665969
56.79874112
56.81751760
56.84937873
56.93230605
56.95004352
57.02654707
57.10979513
57.17446937
57.22212798
57.28043695
57.30137328
57.31411838
57.32373254
57.32479456
57.39286154
57.43428469
57.50121038
57.55983034
57.59911786
57.65852435
57.78499818
57.83970616
57.85947466
57.86482384
57.87276578
57.92578672
57.92643959
57.92830215
57.93906538
57.95871877
57.99311005
58.00750884
58.05659111
58.10245463
58.14985099
58.15409527
58.17606290
58.20414890
58.21784652
58.23868422
58.28153744
58.34769893
58.35605257
58.36032412
58.36588582
58.37088160
58.41026937
58.41770955
58.46301273
58.47020712
58.51352238
58.52694074
58.53069536
58.63335348
58.67617198
58.69495091
58.70253235
58.74419879
58.75159508
58.75671453
58.87171650
58.92733773
58.94734772
58.99830555
59.01012179
59.05498915
59.05537875
59.08399159
59.12147166
59.14391600
59.18675972
59.21431709
59.23505238
59.23534175
59.24940771
59.27048570
59.28819704
59.31502708
59.32844611
59.33073246
59.34850531
59.37074431
59.38672421
59.39509137
59.42708748
59.42841990
59.43687906
59.44794381
59.46734289
59.71976681
59.77654488
59.78623724
59.80122188
59.88399079
59.89551851
59.90733850
59.91175376
60.01531055
60.02716525
60.03772442
60.06628012
60.12372873
60.16689330
60.19021354
60.20794702
60.21439278
60.23265576
60.25176035
60.33331959
60.37239941
60.42350457
60.45714876
60.47362483
60.49040638
60.50800096
60.51785283
60.55129187
60.57751989
60.59429908
60.61686661
60.64349245
60.68617259
60.68730777
60.74820361
60.78165072
60.80110915
60.80277249
60.80743377
60.82640627
60.82997093
60.84499924
60.88274550
60.89065176
60.90871804
60.95175860
60.96523022
60.98685311
61.01704904
61.08292881
61.09516837
61.12907803
61.15628877
61.17930085
61.18512629
61.19502587
61.25528915
61.28419168
61.28734434
61.28842171
61.31399736
61.32526539
61.34067882
61.34524364
61.36380676
61.37513853
61.38268143
61.50794252
61.51294268
61.53496552
61.63679485
61.64607753
61.69455697
61.70417476
61.70905772
61.79711393
61.87159592
61.87819611
61.89807087
61.90187220
61.95718894
61.96950960
124.00000000
