0.00630058
0.01606275
0.03653597
0.04432470
0.10409650
0.11879070
0.14557283
0.16752459
0.17762614
0.19201657
0.24240429
0.26026270
0.27665676
0.35645501
0.46122107
0.49383455
0.49717343
0.50397052
0.52522980
0.52563598
0.55945227
0.57318639
0.59350319
0.61482461
0.63116210
0.63316626
0.66763119
0.67006522
0.69585851
0.71541735
0.77991270
0.81069222
0.82366489
0.83189781
0.84018803
0.89554589
0.89638086
0.92526507
0.93073254
0.93918192
0.95479157
0.97967288
1.02569443
1.03480488
1.10077771
1.11873846
1.11946243
1.12732554
1.12780450
1.17824321
1.19846082
1.21851865
1.35068248
1.36129398
1.39089629
1.39615087
1.40541805
1.43759374
1.44678761
1.46867026
1.49799096
1.50124984
1.50956254
1.53075332
1.56182881
1.58278223
1.60100070
1.60885958
1.62549145
1.64506018
1.65465644
1.65932606
1.72934026
1.75748931
1.76675920
1.79068671
1.84496573
1.86515414
1.87937447
1.88997117
1.89064129
2.01693078
2.09243331
2.10194706
2.10525145
2.13212664
2.16324926
2.19476069
2.20008596
2.21470852
2.23232073
2.23428757
2.23574628
2.24350012
2.30693670
2.33298624
2.36198454
2.36659945
2.48135708
2.56605173
2.61574720
2.63670555
2.67372030
2.67750910
2.73691587
2.75446019
2.75902220
2.76429655
2.76473612
2.77863048
2.84713217
2.86935291
2.89014601
2.89691357
2.92488760
2.94675205
2.97966395
3.04253192
3.05728428
3.06132550
3.14833376
3.17457505
3.19653070
3.36022631
3.36647143
3.36989503
3.41589929
3.42638725
3.43354880
3.45206753
3.46473267
3.49402761
3.53656592
3.55408831
3.57002844
3.57087617
3.57934292
3.57954832
3.60081272
3.61909736
3.73636079
3.81171435
3.81224673
3.84062913
3.84742523
3.92259471
3.95814925
3.97440119
3.97557970
3.98881434
4.01979379
4.03405808
4.04996484
4.06738831
4.08182909
4.10971733
4.11526812
4.11745400
4.12894674
4.13394799
4.13513314
4.13889243
4.18715446
4.21493395
4.22710834
4.26424290
4.26507057
4.27641400
4.27954410
4.28292468
4.29019143
4.36566409
4.37268456
4.42079447
4.45291612
4.49865930
4.53297881
4.55773092
4.61415822
4.63570532
4.63793924
4.64716532
4.65708245
4.66362471
4.68049630
4.68608831
4.69469355
4.73738064
4.80452651
4.82687703
4.83367206
4.84040959
4.84503863
4.84614480
4.94363037
4.96042874
4.97043856
4.99682921
5.01655379
5.03035639
5.09034725
5.10786280
5.14889492
5.22030337
5.27571802
5.34170138
5.34750766
5.39875410
5.42945690
5.44646353
5.45840865
5.49381009
5.50783241
5.57861291
5.61619512
5.63831557
5.64772670
5.66354962
5.68516907
5.72681168
5.74523730
5.76452144
5.81906818
5.83190319
5.86437140
5.87261016
5.88023240
5.88933226
5.95989894
6.02369752
6.11806757
6.12724533
6.13044200
6.14466127
6.17609934
6.17830123
6.18092614
6.18876569
6.20624638
6.27580825
6.29806157
6.30718858
6.32387419
6.32635264
6.32669646
6.34516096
6.36619436
6.39034186
6.40163768
6.40643036
6.45838283
6.47116196
6.47463507
6.49306099
6.57384087
6.58425051
6.61600041
6.61600068
6.64140728
6.67813006
6.68505958
6.78272801
6.78737550
6.80309236
6.81836625
6.89290878
6.89298813
6.93802470
6.97542876
6.97856860
6.98043211
6.99385903
7.01376536
7.05498561
7.08558135
7.16094039
7.16955374
7.17009699
7.20215870
7.21521369
7.24444615
7.27922938
7.28116622
7.37680734
7.45815838
7.48218161
7.52769799
7.53335359
7.57523411
7.60792558
7.63212871
7.69465344
7.72155439
7.74126975
7.74373272
7.80346349
7.81381225
7.81533000
7.83187979
7.86654043
7.87391239
7.87694485
7.89832328
7.92185385
7.93068020
7.96345382
7.97320381
8.03544618
8.11785480
8.24026714
8.27153563
8.32848574
8.33921470
8.36004822
8.40122721
8.44136924
8.46833955
8.47825864
8.52493743
8.52806858
8.53845402
8.58071729
8.59577635
8.62501566
8.62703086
8.64879946
8.64943875
8.65022493
8.66209133
8.70809570
8.72882953
8.72938932
8.73128679
8.74682349
8.83822555
8.86795949
8.87551694
8.92585115
8.95121610
8.99033794
8.99226090
9.00133234
9.04712699
9.05136641
9.06444701
9.08134564
9.08393571
9.09154822
9.12621866
9.12673428
9.17641622
9.19843899
9.20956854
9.21487792
9.39770347
9.40325541
9.44414092
9.47783572
9.47934325
9.49141368
9.49146929
9.51959735
9.54320680
9.56498163
9.62042325
9.64038979
9.67215320
9.73784749
9.76855281
9.83166106
9.86059186
9.91644978
9.95886662
9.97158377
10.04065608
10.04719623
10.11151918
10.12707228
10.17514450
10.17655980
10.21343731
10.23341566
10.23783742
10.24245755
10.25321161
10.28055404
10.31043352
10.33236432
10.34528532
10.37249440
10.38194366
10.39704165
10.41202347
10.43349740
10.45640632
10.46850225
10.48430938
10.48739222
10.49715775
10.51764054
10.52184232
10.54583633
10.63329313
10.66390114
10.66991523
10.67521175
10.68126403
10.69776983
10.73291038
10.85893147
10.86052356
10.87218806
10.87351582
10.87445634
10.89879012
10.90038731
10.93058190
10.96707242
10.99367687
11.00063636
11.06029816
11.06604770
11.06881845
11.07129046
11.07134172
11.09258870
11.21580183
11.31420014
11.31956964
11.32135402
11.38623667
11.39226713
11.41008929
11.46457442
11.47946005
11.49538121
11.50456540
11.55018265
11.55982542
11.63840400
11.66944950
11.73402839
11.73734141
11.74135210
11.74940731
11.79993740
11.79995056
11.96176404
11.97592440
12.04932458
12.11035297
12.13688985
12.19976074
12.27593862
12.29211465
12.32765230
12.32918513
12.37485236
12.39333699
12.40310138
12.42472927
12.48420193
12.50274419
12.51392005
12.63695696
12.64004065
12.66838470
12.68631852
12.71443368
12.79567960
12.81486023
12.88075767
12.95667254
12.99480826
13.01739313
13.06754213
13.07025527
13.09677541
13.12880775
13.13405762
13.13592866
13.14592667
13.14965990
13.18681141
13.23112119
13.27297191
13.27907261
13.28937598
13.34065983
13.35362130
13.35805170
13.41604755
13.46174357
13.46352314
13.63178548
13.63883398
13.66397912
13.66726999
13.69263760
13.76944302
13.78249345
13.83143822
13.90291331
13.95060158
13.98994565
13.99181487
14.00866725
14.01147198
14.01287739
14.01864723
14.02774610
14.06105246
14.07064619
14.08776675
14.19200117
14.23175019
14.25651477
14.32494654
14.40708252
14.43767615
14.44593622
14.44711768
14.47087779
14.47450577
14.50793776
14.51509233
14.53662992
14.53891356
14.54205297
14.54262692
14.55950996
14.56742551
14.57559411
14.57605751
14.63475715
14.81317873
14.81847717
14.82208642
14.85115394
14.85761068
14.90124092
14.97658190
14.98513510
14.99880300
15.00209378
15.00711395
15.05222694
15.08874727
15.10515750
15.11646964
15.23879175
15.28978186
15.31030209
15.34097556
15.35771781
15.37063987
15.42635445
15.44504494
15.45508151
15.49846261
15.51105471
15.51879577
15.53036234
15.55397034
15.55643316
15.57003060
15.65597351
15.67467983
15.71327207
15.72629374
15.72643210
15.73559364
15.80332835
15.80817586
15.84633876
15.86627030
15.86866277
15.92655911
15.96589323
15.97902318
15.99338405
16.01108175
16.02138555
16.03893861
16.05531418
16.06865287
16.07438871
16.20428566
16.22175449
16.24765871
16.26598063
16.27309402
16.28410398
16.28777792
16.33080969
16.34154046
16.43496751
16.46460076
16.46614089
16.46615511
16.49105124
16.70900474
16.74010254
16.74048158
16.75798573
16.75871551
16.76361446
16.78681351
16.80035297
16.82902217
16.86265339
16.89359258
16.89531512
16.92514158
16.93989446
16.98694591
16.98884168
16.99961220
16.99966587
17.00969843
17.04753786
17.08005456
17.08016759
17.12928371
17.14045216
17.14545569
17.15892346
17.17427764
17.29555015
17.34794526
17.35019666
17.39349803
17.39706864
17.39786027
17.47277192
17.50422459
17.51638540
17.51980286
17.54563966
17.58560730
17.60839554
17.62507866
17.64263563
17.71254119
17.72394188
17.75224600
17.79008513
17.80200391
17.89131415
17.94286011
18.00136236
18.01155949
18.01580606
18.03562140
18.03800075
18.09562645
18.13831641
18.15333412
18.16405908
18.23112454
18.23220317
18.23367179
18.28576665
18.28591552
18.29711589
18.31183509
18.31475184
18.32751635
18.34358483
18.36314787
18.39009342
18.45588768
18.46595097
18.48926281
18.49710059
18.52251877
18.54545702
18.57042771
18.59467623
18.63803256
18.67419081
18.77185855
18.77873507
18.79163918
18.81875728
18.83397316
18.91043411
18.94131031
18.97145792
18.99034869
19.00713346
19.03075444
19.03847244
19.03928063
19.07019745
19.07346146
19.08407823
19.09151708
19.11385751
19.12004754
19.16834199
19.18489867
19.18862832
19.20996737
19.22014939
19.25055524
19.30973748
19.32925399
19.35144508
19.36425808
19.41511812
19.47641803
19.49361946
19.52520926
19.53575419
19.53720392
19.56657537
19.57939855
19.60782932
19.67629376
19.69516080
19.72561719
19.75587296
19.78972074
19.79486217
19.84613832
19.85126971
19.85558949
19.91166108
19.91467133
19.92802851
19.94173458
19.96207747
19.96700203
20.01286825
20.01654863
20.07513039
20.12401783
20.15210782
20.18119445
20.22740329
20.24375903
20.26867211
20.29290534
20.34815410
20.36342491
20.39962778
20.40653746
20.55372028
20.60097989
20.63452479
20.65185695
20.72260210
20.74098358
20.75312867
20.80203171
20.82610409
20.87921627
20.88227001
20.89626892
20.95459320
21.04423906
21.07238707
21.08260449
21.09043591
21.15886886
21.18649712
21.20981118
21.24956708
21.27284770
21.29890826
21.32388337
21.36030552
21.36691119
21.42417837
21.47536920
21.48958825
21.67257830
21.67483724
21.69785264
21.72825564
21.78314702
21.80695086
21.82815265
21.83450675
21.85794618
21.88974055
21.93594372
21.97181480
22.00644270
22.02483632
22.05667220
22.06943301
22.08762736
22.12805265
22.18679059
22.19068158
22.21953040
22.24797637
22.25910334
22.27518519
22.28524836
22.32328166
22.32636921
22.36525895
22.43509298
22.44310826
22.48171442
22.49835218
22.50436338
22.53455326
22.54176050
22.54803148
22.59533670
22.63663418
22.63725768
22.65891493
22.66891854
22.68340729
22.70609469
22.70812906
22.74045104
22.74375348
22.79447980
22.80291668
22.83340874
22.90558409
22.91024520
22.92903152
22.96527922
22.98169900
23.03798182
23.04079031
23.11338238
23.12444190
23.12585187
23.14214910
23.14504345
23.20378235
23.23541868
23.30959862
23.38865279
23.45431861
23.58089675
23.61455078
23.67763083
23.69421203
23.70422736
23.71938134
23.72779274
23.74679163
23.75434849
23.75556235
23.75951425
23.79508150
23.85533223
23.85638404
23.89081003
23.91207909
23.91709858
23.91968749
23.94045912
23.95522861
23.96719700
23.98714681
23.99417326
24.01703284
24.07683821
24.14051793
24.14326467
24.18393968
24.18918275
24.20186365
24.20472617
24.22692459
24.24723374
24.29220485
24.32848947
24.37928873
24.43451295
24.45409460
24.50034159
24.56997516
24.60786978
24.73678951
24.75963043
24.80645723
24.90520573
24.91204966
24.94683260
25.00713618
25.00758489
25.01346396
25.02189007
25.04535621
25.05970794
25.08462378
25.08863223
25.09895352
25.11623913
25.15187784
25.23278168
25.26170149
25.26280616
25.26321718
25.30751369
25.31463027
25.31807564
25.32462733
25.33331072
25.33493962
25.36205651
25.36278086
25.38842253
25.40026540
25.42125077
25.42324889
25.43766569
25.45900599
25.46744811
25.49160369
25.49412207
25.52007995
25.52920403
25.63425557
25.64660768
25.64972095
25.65772886
25.66996134
25.73037797
25.79922708
25.83461030
25.85656290
25.86396029
25.89958152
25.90432799
25.91376491
25.93522911
25.93828668
25.98896781
26.01735373
26.01842869
26.03139720
26.07339372
26.09110951
26.10642018
26.12304915
26.17643967
26.28532920
26.34000886
26.36589621
26.37292497
26.37885955
26.38198040
26.38592779
26.38824968
26.40504535
26.42252500
26.45192519
26.46368203
26.46643094
26.48413087
26.50173130
26.53469057
26.55164342
26.56471167
26.56765360
26.63168739
26.63532000
26.64373817
26.64994841
26.67846371
26.70483584
26.85378644
26.85543933
26.87502803
26.93925242
26.94937662
26.97827546
26.98457230
27.04388966
27.08439741
27.17823106
27.22094342
27.23252869
27.27050315
27.27395734
27.28034678
27.32337415
27.37910276
27.40271526
27.43211947
27.47224154
27.48898585
27.57767097
27.67979877
27.70947729
27.74566453
27.76091370
27.76434410
27.79655697
27.82014344
27.83395213
27.83676748
27.90511646
27.94190697
27.95282031
28.00441799
28.01505903
28.03695783
28.05444383
28.08772499
28.09296841
28.14766355
28.15466242
28.15914643
28.16348023
28.17649601
28.17735989
28.20405124
28.21034059
28.21974964
28.22648939
28.30293842
28.30550265
28.34868345
28.37833843
28.42282397
28.46333652
28.46839726
28.48809756
28.53368494
28.53896044
28.54507821
28.56419790
28.63953626
28.65177375
28.79073543
28.82014394
28.82339714
28.88665827
28.92233298
28.95498238
28.95555977
28.99289021
29.06264387
29.08541367
29.09262207
29.14188809
29.14625698
29.16188109
29.19383541
29.19709504
29.19908922
29.20431521
29.21806307
29.24527682
29.24843484
29.24896272
29.26626839
29.28746615
29.30227126
29.34235822
29.41062226
29.48666988
29.48957683
29.51689105
29.51797650
29.53078406
29.55224781
29.60891442
29.66038668
29.69536279
29.74181347
29.78609056
29.81293668
29.82417175
29.86166407
29.86735280
29.86883051
29.88745019
29.93654089
29.94512714
29.98689647
30.04095305
30.04419583
30.13452988
30.26124370
30.27672197
30.27801496
30.32209164
30.33909256
30.43270827
30.44788207
30.45891817
30.47533796
30.50054380
30.53370056
30.53903881
30.66353907
30.74467978
30.74944423
30.76043819
30.77746132
30.83243673
30.83914550
30.86317675
30.87318961
30.89249893
30.92528545
30.92837821
30.93331507
30.94420205
30.97602694
31.06711307
31.08086279
31.20024309
31.20786273
31.26838832
31.30824534
31.31477528
31.35513914
31.37372095
31.38667049
31.40900964
31.41081523
31.42553587
31.42579220
31.45634073
31.49334464
31.59707405
31.62809110
31.68588604
31.70122974
31.72150337
31.73362264
31.76059681
31.79216064
31.79660003
31.80102009
31.80470914
31.80938537
31.82252544
31.83774370
31.85263213
31.86889616
31.87203047
31.88303364
31.89746428
31.95902205
31.97864240
31.98658520
32.04637720
32.08492679
32.09235453
32.09255109
32.10059074
32.12730189
32.13017156
32.18520451
32.21425964
32.22844772
32.23335632
32.24766851
32.28672438
32.30186489
32.31652803
32.37664152
32.37829788
32.39655098
32.40080108
32.40673997
32.46738603
32.48824107
32.49334459
32.50030818
32.50993414
32.52172243
32.53739631
32.56120064
32.56867373
32.63729237
32.70247357
32.71379147
32.72759148
32.73951107
32.74167543
32.77146159
32.79761385
32.80057940
32.82503754
32.86518887
32.89280758
32.94107088
32.95621855
33.01301160
33.01782335
33.02648875
33.03970822
33.08042465
33.15165118
33.17622660
33.18895169
33.23963495
33.33465344
33.37069527
33.37602733
33.38611676
33.40572219
33.45701636
33.45981925
33.45986605
33.62996738
33.64548017
33.67817016
33.68400301
33.70487345
33.71039295
33.71484285
33.73994465
33.82393356
33.82445596
33.85762059
33.86931279
33.88429567
33.89961170
33.92963412
34.00258014
34.02850325
34.09390104
34.12049228
34.15953684
34.22404539
34.23431792
34.30872425
34.35299408
34.41793041
34.44470848
34.52076237
34.55039613
34.58741851
34.58830461
34.59481046
34.59584612
34.64627206
34.65119680
34.69047887
34.79828258
34.80495936
34.85978833
34.87212315
34.88800445
34.91319863
34.93269354
34.93397641
35.02909747
35.06708114
35.08626522
35.11309801
35.11722128
35.14509652
35.15210370
35.18569644
35.22270741
35.26648524
35.28197673
35.32827624
35.35769859
35.38491030
35.41423934
35.42787341
35.47107581
35.49675266
35.50445792
35.53836218
35.54103231
35.54230989
35.59022000
35.59994768
35.60500431
35.63688585
35.63807814
35.64647230
35.66187353
35.79520720
35.79789771
35.80281045
35.81812388
35.81980208
35.87508348
35.89604779
35.91303720
35.94025586
35.94132637
35.96981934
36.02401060
36.03909293
36.03962864
36.05198294
36.07989850
36.11879922
36.13956927
36.16918756
36.25652102
36.27733742
36.32581530
36.33257974
36.33819989
36.34210373
36.36560913
36.40831915
36.40952880
36.45291565
36.46387911
36.50575611
36.51166300
36.54975576
36.55027289
36.57296595
36.60043317
36.62443898
36.63085070
36.66226632
36.66909844
36.68097078
36.80504302
36.82683900
36.82836294
36.84548161
36.84839123
36.86447079
36.87609582
36.93227141
36.93385113
36.97067934
36.97706928
36.97881385
37.01114034
37.01224678
37.01543865
37.04510362
37.07905331
37.08943929
37.09410367
37.09988346
37.10286271
37.13894620
37.15077789
37.15907899
37.15930923
37.16504189
37.21188351
37.21856986
37.23686080
37.23961844
37.24204011
37.36038530
37.38786801
37.46919368
37.48577832
37.48769803
37.51822199
37.53798950
37.59475304
37.59722540
37.60969467
37.64637521
37.66563748
37.70154874
37.70566940
37.70873788
37.75310787
37.77776080
37.81338150
37.81817427
37.85944020
37.91435666
37.98408053
37.99208769
38.05405138
38.05468517
38.05907883
38.07144298
38.08280531
38.16639121
38.19266129
38.20060333
38.20422188
38.24343555
38.25775754
38.27189549
38.29012114
38.30603628
38.31749053
38.33553214
38.35423953
38.41666723
38.43203327
38.45620292
38.46590231
38.47872612
38.48554277
38.49818301
38.50626962
38.53488719
38.61558112
38.62526338
38.63832999
38.64259508
38.67283989
38.74850892
38.78486859
38.83356152
38.84359877
38.85242272
38.85604478
38.89869985
38.94100859
39.00667809
39.02464592
39.05025505
39.11698495
39.12172179
39.12406123
39.12611431
39.15570471
39.15703133
39.17998585
39.18088009
39.21399949
39.23158272
39.30539441
39.32792631
39.35103000
39.38332543
39.39872865
39.40836639
39.44066539
39.44834985
39.48062209
39.49649202
39.57666526
39.59622493
39.60084064
39.60350638
39.76960722
39.78214932
39.81775223
39.83844036
39.84858065
39.89071585
39.89624019
39.90281743
39.92021607
40.03394294
40.03823319
40.04449245
40.06256070
40.12208288
40.20830455
40.24074246
40.25630632
40.27199051
40.29729735
40.29779345
40.31790303
40.34711246
40.45840690
40.60451249
40.71416094
40.73089565
40.73765590
40.74138777
40.75511506
40.82972088
41.01067545
41.03569730
41.09329867
41.13223459
41.13674421
41.17024710
41.24775073
41.33495404
41.39861355
41.40486859
41.41018326
41.41293616
41.60581132
41.70120585
41.70572333
41.71558761
41.73426134
41.73988195
41.74149405
41.74652437
41.85266497
41.92107085
41.97167308
41.98130947
42.04050727
42.12015227
42.12182660
42.13830568
42.18960930
42.21491973
42.26929277
42.28444654
42.33197699
42.33414782
42.33938819
42.52620265
42.52767017
42.56094100
42.56719996
42.61618680
42.66342982
42.73706793
42.74291003
42.79174016
42.82453688
42.82791829
42.83738706
42.91470115
42.92550271
42.93565659
43.00352231
43.07535268
43.09145591
43.12075703
43.14962483
43.25142720
43.26983067
43.29765629
43.32426800
43.34940213
43.37995854
43.42382156
43.44031646
43.45790882
43.47919961
43.48289554
43.50803520
43.53277913
43.53962518
43.54994197
43.55653233
43.69360228
43.74381589
43.79830065
43.80212986
43.80958554
43.81725736
43.91412489
43.93548441
43.94217911
43.94774733
44.01186385
44.03458064
44.05311417
44.07017254
44.09893599
44.10402733
44.10569444
44.10653037
44.16666923
44.25586375
44.26999359
44.32803656
44.33993112
44.34080506
44.34637724
44.35929211
44.39336151
44.43164875
44.46394114
44.49407215
44.59214478
44.59587520
44.61140551
44.66928891
44.79300830
44.81375731
44.81678037
44.81891448
44.93362085
44.95707385
44.96987351
45.11182075
45.12927758
45.13930553
45.14092054
45.14763323
45.15672682
45.19285773
45.21295990
45.22300565
45.24032330
45.26842183
45.29054622
45.31964386
45.32165578
45.32840656
45.37859288
45.41202461
45.49485037
45.49558599
45.49844222
45.50067711
45.50339756
45.50715978
45.51357416
45.57881220
45.59970359
45.60196272
45.60368283
45.61503361
45.61883032
45.65971880
45.71809846
45.72646766
45.73596793
45.74210203
45.78466434
45.79596028
45.80854325
45.81732924
45.83264984
45.83942913
45.87113214
45.89061805
45.90626775
45.92436111
45.96443912
45.96506063
45.99059092
46.01769080
46.02979895
46.06940368
46.07282228
46.08671977
46.10739124
46.11190322
46.11373037
46.11826334
46.11941043
46.18181202
46.21234225
46.23542785
46.29639614
46.30476786
46.31849568
46.34138392
46.37184198
46.41422188
46.41487305
46.42169116
46.43209738
46.43333770
46.46091643
46.47603330
46.48943865
46.50031734
46.52963752
46.56494924
46.56804345
46.60478435
46.65014691
46.66927795
46.68217869
46.74408328
46.75366098
46.81125204
46.81633709
46.84569059
46.85223768
46.87807089
46.89707420
46.89968802
46.90382955
46.96547178
46.97084549
46.99510487
47.03274430
47.04259492
47.05851039
47.07167517
47.09694494
47.12434734
47.18440218
47.25486142
47.29984348
47.30292445
47.33686003
47.39250581
47.40581922
47.43651118
47.49558840
47.49703243
47.53756138
47.53997079
47.55445634
47.58957559
47.61355134
47.66398861
47.67990052
47.70408650
47.74024810
47.75959482
47.78391681
47.78587084
47.80601053
47.83361982
47.83685193
47.85300512
47.86550299
47.92078886
47.94237687
47.94714837
47.98421614
47.98645323
48.01486176
48.01967916
48.07257344
48.07374719
48.10868980
48.11212705
48.12751925
48.19706379
48.20945004
48.23194711
48.25732056
48.26837550
48.28382413
48.29981737
48.35410668
48.35930754
48.38809820
48.39254788
48.40585209
48.42169923
48.43160843
48.45197882
48.47423431
48.48184684
48.49803362
48.54175280
48.54666756
48.57789386
48.62972218
48.63025492
48.63347924
48.65109527
48.65813876
48.69057307
48.69364399
48.74128454
48.74998973
48.76934932
48.80929487
48.87679465
48.88255802
48.88833907
48.93909874
48.96714374
49.05153208
49.09932149
49.11784028
49.13064178
49.18229890
49.18989877
49.21948878
49.24226619
49.25964971
49.26550885
49.26567672
49.28544395
49.30195579
49.34698622
49.37016363
49.37729300
49.46350157
49.51054365
49.55437592
49.57385407
49.58675217
49.59568651
49.60981183
49.69081687
49.71583225
49.72458925
49.73914962
49.76242442
49.77044221
49.77568255
49.78313714
49.84150474
49.86032172
49.96494255
49.97321526
49.97984624
50.03149379
50.06240397
50.06479994
50.08092022
50.09472954
50.09802588
50.10654467
50.11457547
50.12418569
50.12697091
50.13237744
50.14236160
50.14328641
50.16201374
50.18699478
50.20998222
50.26128792
50.28836430
50.29942051
50.30814851
50.36193630
50.40299462
50.40681079
50.40681241
50.40973886
50.42109436
50.43362466
50.50478404
50.54504335
50.54998021
50.55584187
50.56812356
50.57617465
50.62109302
50.62908409
50.63871585
50.64597891
50.70335132
50.72028041
50.77015274
50.77852901
50.78851452
50.83331148
50.83579680
50.88417040
50.93791711
50.94345369
50.96036230
51.00944191
51.02791682
51.04762261
51.05039716
51.06699731
51.13805144
51.17915277
51.18674440
51.20015805
51.20186396
51.31755206
51.33668143
51.33827772
51.35306926
51.35747937
51.37260301
51.37273673
51.38105174
51.40301997
51.41294975
51.42656238
51.44214855
51.44843077
51.50400334
51.52884432
51.59644179
51.72543450
51.76186173
51.78374355
51.83882620
51.86580606
51.89866949
51.91847328
51.93416920
52.01038709
52.02469953
52.04976499
52.15339965
52.17778044
52.18396608
52.22260963
52.25362642
52.26309695
52.28584248
52.30848027
52.34941247
52.36595083
52.45251636
52.47096630
52.48241566
52.53221740
52.54124346
52.56742671
52.64871144
52.68817359
52.69289533
52.69713936
52.70467460
52.71285201
52.74258544
52.78149239
52.79009676
52.83643007
52.84775478
52.86104517
52.86457243
52.88750259
52.89452015
52.94121006
52.94366872
52.95673493
53.05112392
53.09995724
53.10395956
53.11150460
53.13378302
53.13664410
53.18645483
53.20710227
53.21390561
53.24587124
53.25746703
53.30453126
53.34462747
53.34510242
53.40591830
53.46148945
53.46322612
53.47303222
53.48325822
53.50365551
53.52013893
53.52935674
53.53016516
53.61236399
53.62799121
53.65890498
53.67266526
53.69505467
53.70127190
53.77115995
53.81546724
53.83961844
53.85260794
53.85806703
53.88016397
53.94764576
53.94822350
53.95020986
53.95532611
53.95544060
53.96126443
53.96443978
53.99893003
54.02181933
54.05468861
54.06487964
54.10375991
54.13734576
54.15974092
54.18629246
54.21856152
54.22405301
54.23123031
54.30740044
54.45773816
54.51040033
54.60344836
54.65973008
54.79185422
54.82735473
54.83533549
54.89299311
54.92620641
54.94635953
54.95539775
54.98504570
55.02177779
55.03443444
55.06311463
55.06653813
55.07678291
55.09402305
55.15704728
55.19515365
55.23570075
55.25311222
55.31580399
55.33422700
55.38358044
55.40238995
55.44827442
55.51939584
55.53089917
55.60286927
55.64961894
55.65706352
55.66800855
55.66943783
55.67022375
55.67735148
55.70208319
55.70621702
55.72706246
55.75045167
55.75143274
55.77420536
55.83740627
55.85740120
55.86144302
55.88863700
55.89211895
55.93665714
55.94981768
55.96336066
55.96540834
55.97357905
55.98985207
56.00048335
56.05370502
56.05434871
56.05920141
56.16257863
56.17169963
56.17206690
56.18083346
56.18581982
56.21853292
56.23914999
56.25856722
56.27214990
56.29731101
56.31344426
56.33538012
56.35022499
56.36855787
56.40430014
56.40596485
56.45976685
56.50654385
56.51138920
56.54561180
56.54704313
56.56259725
56.56810629
56.59432348
56.61399656
56.64332259
56.66255639
56.74011020
56.81032262
56.83077953
56.92731265
56.95080124
56.96765532
56.99777625
57.00079497
57.00452000
57.03176846
57.13116196
57.19161211
57.20630661
57.23732719
57.24337639
57.25914630
57.30654078
57.32392764
57.35622586
57.37606608
57.43357310
57.43490670
57.44358903
57.45567480
57.46186737
57.49682966
57.50597188
57.51404489
57.56779986
57.56815122
57.57741180
57.60681376
57.65246864
57.65395509
57.65918196
57.72558027
57.72775391
57.80038363
57.82367136
57.92725571
57.93807627
58.05081830
58.05549355
58.07863675
58.16078518
58.16326804
58.18169689
58.20882348
58.21334147
58.23872332
58.24436308
58.28380750
58.30939911
58.34792319
58.35463819
58.35605257
58.40717805
58.43667970
58.46720587
58.48789834
58.51668994
58.55240484
58.56292633
58.57591424
58.64531848
58.75056447
58.77619310
58.79205051
58.82292216
58.82972527
58.84615227
58.88111037
58.92342294
58.93988497
58.97244047
58.98496673
59.02695397
59.03614497
59.06341003
59.08882671
59.11615259
59.13225838
59.14006498
59.16514584
59.27195319
59.31530912
59.34913998
59.35238818
59.38646351
59.42549012
59.43646057
59.45508739
59.46494457
59.47263614
59.49413840
59.51014530
59.51952383
59.64241250
59.67528789
59.69846125
59.70780423
59.72029610
59.72264415
59.72451453
59.77436000
59.77464981
59.83527840
59.84859899
59.85412590
59.85636702
59.85959158
59.88610256
59.94290728
60.01470077
60.06578487
60.09444892
60.25777122
60.27026291
60.27365183
60.27929849
60.27953509
60.29750823
60.29807346
60.33197457
60.33820298
60.35412498
60.43070313
60.46068764
60.46242631
60.47207145
60.47362483
60.48973907
60.50064858
60.51066917
60.60364962
60.69824848
60.70275400
60.70888160
60.76673628
60.80639374
60.83751863
60.89065176
60.91678200
60.93611321
60.94491834
61.01740330
61.01902853
61.07190206
61.11501937
61.13188992
61.14306539
61.14744341
61.17993533
61.23945848
61.29551738
61.31600883
61.32858535
61.37987581
61.45363344
61.45416279
61.50507108
61.52182884
61.57582480
61.59935706
61.64607753
61.65173533
61.68184510
61.76158380
61.79120017
61.80853937
61.81812879
61.84132893
61.85560534
61.88085478
61.88912707
61.89800940
61.91914242
61.92793969
61.93349134
61.96490620
62.02325314
62.02892774
124.00000000
