0.02636168
0.11224376
0.14773195
0.18148772
0.26012488
0.32456953
0.33960609
0.35469924
0.35906525
0.36679860
0.37333926
0.42518349
0.42811111
0.46128543
0.52602563
0.53252925
0.54024871
0.54263823
0.57163499
0.58193452
0.61997730
0.63582877
0.69734007
0.72328265
0.73777577
0.74662550
0.79792764
0.82904819
0.86456353
0.87783323
0.95919151
0.97225400
0.98693738
1.07712698
1.08598641
1.10248625
1.10849716
1.13571672
1.16148685
1.20898086
1.21851865
1.28022494
1.28643837
1.29850228
1.31590124
1.32326870
1.33637036
1.33681387
1.35648322
1.36181208
1.37948731
1.38275209
1.38661655
1.46867026
1.47501959
1.51967952
1.65349664
1.70839521
1.71222466
1.71230458
1.78064808
1.79390736
1.79405482
1.82908856
1.90102276
1.92828545
1.93021848
1.93366135
1.94753907
1.94974495
1.95404479
1.95569471
1.97012330
1.98603896
2.02842441
2.02876749
2.04210422
2.04682666
2.05717060
2.05870198
2.06198838
2.20008596
2.21945464
2.23672594
2.24466899
2.25757551
2.30897977
2.31668534
2.32017748
2.33880123
2.35513376
2.40683719
2.45835320
2.51256370
2.55057037
2.56663571
2.57217496
2.67341849
2.68485468
2.71317576
2.73117930
2.75012065
2.76160426
2.86259955
2.88403684
2.91974157
2.92289457
2.97534924
2.99478890
3.03715727
3.14241305
3.16224128
3.17304829
3.17457505
3.19412425
3.24579956
3.26211451
3.28401723
3.29642352
3.30300368
3.33874132
3.36022631
3.41043731
3.47806006
3.53094382
3.57287530
3.57433717
3.58266212
3.61059589
3.61781062
3.67479807
3.72292662
3.75946036
3.76212005
3.84943532
3.86007674
3.86455102
3.86672280
3.87094116
3.90464992
3.93337616
3.93934062
3.96288283
4.03845857
4.05187327
4.05596144
4.06203719
4.13446074
4.13513314
4.16931365
4.18590036
4.18842341
4.21420657
4.22400543
4.29667777
4.34840436
4.35748306
4.40131866
4.43743965
4.45940187
4.46279839
4.46621895
4.54478663
4.57188842
4.61415822
4.65756750
4.68233172
4.69898217
4.69935336
4.70395642
4.71857731
4.72592186
4.72749413
4.76523120
4.76717676
4.80827064
4.82103622
4.87091796
4.91220566
4.91498706
4.91659564
4.94816987
4.98189058
4.98585550
5.02328145
5.03401644
5.05559392
5.17704682
5.18649537
5.20279256
5.21937759
5.23053837
5.26259446
5.27079372
5.31788473
5.32135475
5.37106208
5.41084439
5.44967776
5.48832213
5.49572913
5.51555850
5.56795629
5.57098877
5.57861291
5.59006171
5.65473803
5.67615526
5.70831562
5.81991403
5.87754535
5.96516188
5.96564537
5.99027237
6.00050267
6.00743122
6.07564711
6.18875575
6.23730911
6.29378667
6.30990468
6.30991606
6.40270082
6.44496987
6.47196512
6.49342847
6.53117540
6.53325783
6.54916748
6.68752996
6.70663959
6.70876517
6.74038255
6.74995846
6.76358867
6.77206974
6.78526081
6.79915179
6.80514766
6.83041139
6.97347315
6.98914566
6.99208562
7.01210059
7.11501371
7.12821402
7.13647851
7.16009931
7.18717901
7.19864032
7.21672263
7.26999419
7.29257093
7.35450018
7.44769289
7.46663078
7.48243169
7.49080291
7.50214356
7.51327729
7.51383671
7.57379991
7.61537547
7.62370256
7.65925609
7.70473382
7.76900552
7.77070308
7.77221564
7.80203468
7.81278462
7.87872423
7.88108752
7.94451631
7.97206561
8.04437644
8.05227513
8.07948704
8.10145900
8.11448424
8.12575290
8.14164060
8.15735377
8.16543358
8.16683253
8.20342399
8.22037199
8.22595603
8.23635267
8.24632380
8.26109460
8.27282844
8.28592639
8.31851296
8.38010493
8.38078677
8.41746052
8.41842435
8.43704102
8.44219219
8.46211182
8.47314519
8.52192966
8.52856072
8.55773908
8.56718726
8.58387878
8.59830149
8.59992755
8.66600259
8.67323861
8.72899679
8.78994712
8.81519537
8.83315345
8.85633627
8.87757987
8.88436813
8.88833314
8.92187586
8.92536841
8.93113933
9.03765421
9.05026148
9.07044188
9.16058719
9.19231853
9.19470151
9.24918675
9.26091226
9.30564317
9.33892062
9.36913058
9.43992073
9.46278275
9.46447164
9.48042193
9.61942147
9.63359419
9.65266460
9.68948834
9.72071157
9.76855281
9.79982154
9.81289742
9.87132347
9.87269962
9.90625465
9.91155491
9.94595891
9.97116248
9.98488516
9.98903698
10.00372620
10.03236708
10.11588465
10.15311895
10.22053241
10.23219531
10.24998725
10.30004550
10.30181698
10.31046243
10.35635593
10.40323804
10.41726615
10.43049230
10.48608626
10.48810855
10.52126752
10.52515549
10.56522624
10.63294736
10.66128714
10.70354401
10.74330784
10.81084185
10.87420906
10.87500848
10.87582265
10.89130261
10.90399718
10.95899895
10.96968769
10.97383340
11.00161762
11.02353694
11.05937776
11.11208771
11.17078393
11.20725232
11.22527736
11.23069872
11.23889783
11.25610910
11.31152956
11.31677092
11.35819794
11.39846319
11.42322044
11.42518888
11.47534418
11.58335948
11.58987210
11.67797604
11.69597304
11.80739145
11.81494048
11.89715908
11.90770809
11.92537219
11.94598541
11.96930507
11.97226413
11.99193339
12.05373144
12.09367707
12.09842141
12.11091995
12.11941103
12.18856165
12.20570327
12.25282255
12.26957260
12.31253143
12.37790338
12.39333699
12.41537607
12.42120185
12.43393789
12.53968591
12.55928430
12.57672544
12.60064386
12.61661881
12.65590758
12.69223907
12.70337179
12.73398764
12.79834083
12.81311521
12.83440941
12.85156106
12.88136420
12.92852879
12.95957228
12.96659492
12.97672983
13.01360128
13.09149765
13.09950345
13.13698551
13.16323774
13.18086751
13.22656646
13.26706638
13.28769273
13.31323557
13.32177866
13.33827533
13.34629951
13.48089793
13.50710500
13.51074539
13.58980571
13.59176204
13.63593568
13.64128554
13.66509736
13.66940129
13.74362099
13.75812412
13.81274468
13.81758643
13.82951368
13.83208557
13.84543057
13.88745352
13.91802589
13.92180236
13.94326050
13.95919044
13.95929169
13.97592219
14.02556842
14.06574536
14.06626629
14.27695322
14.30140014
14.31618285
14.33753542
14.40186556
14.41183887
14.43153097
14.43266429
14.43660580
14.43809339
14.45198515
14.48959993
14.49531069
14.50599605
14.53110765
14.53743792
14.56163709
14.58150582
14.59947290
14.61674213
14.64144386
14.72927447
14.76570656
14.79092205
14.81694208
14.81887680
14.88521337
14.97570085
14.99132028
15.00209378
15.00682188
15.07435181
15.09518601
15.12042982
15.12618773
15.14054931
15.17869368
15.21612641
15.33113975
15.33655748
15.37996582
15.38785308
15.46011596
15.46846849
15.55011431
15.64948377
15.67633365
15.69733636
15.70184440
15.78662585
15.80044798
15.81308454
15.81572512
15.82767679
15.84514832
15.85349444
15.86543051
15.91479512
15.96207832
15.97785710
15.98769000
16.00034402
16.01425950
16.03186213
16.03215613
16.04326817
16.08481075
16.12752809
16.14068448
16.15521388
16.16149858
16.22531020
16.24187840
16.25072307
16.29644172
16.31202273
16.31582622
16.32293790
16.35225597
16.39975107
16.44593872
16.45413862
16.48032954
16.54573178
16.54834850
16.55185797
16.58040071
16.60431910
16.62580333
16.63599634
16.63714915
16.65207385
16.67164405
16.73852977
16.74911568
16.76223643
16.76535831
16.81245780
16.81789361
16.81799652
16.93020348
16.94610180
16.96520331
16.97181201
17.00314276
17.00596055
17.02769804
17.04313020
17.06571125
17.09400092
17.10187370
17.11357796
17.16237881
17.19398497
17.26439741
17.33128908
17.35722155
17.40708831
17.43007113
17.56128720
17.59893106
17.61218845
17.61624939
17.66022172
17.67666057
17.68458165
17.68798612
17.74378420
17.75306482
17.77314412
17.79366531
17.80213583
17.90571419
17.90609678
17.97927919
18.00920587
18.02487784
18.03951282
18.04953705
18.16174499
18.16592165
18.18707835
18.18922616
18.20988160
18.22162585
18.22485948
18.22820160
18.25079517
18.27193198
18.28576665
18.28591552
18.30897613
18.33400372
18.35072772
18.49446441
18.49983482
18.50744844
18.54727897
18.55216421
18.56859773
18.62197306
18.65736006
18.66843061
18.69181436
18.69591968
18.72058706
18.78107760
18.82816059
18.83340105
18.83622307
18.88907261
18.91911007
18.96055215
19.04043407
19.04426188
19.07126562
19.12810882
19.16582124
19.17111330
19.18172289
19.19783219
19.22304536
19.33389623
19.33510738
19.40531580
19.42259194
19.42444958
19.45083114
19.50020456
19.50190840
19.51506967
19.52257996
19.54789812
19.61847253
19.62843340
19.66922215
19.71407874
19.74779637
19.78922761
19.81393841
19.83859073
19.87084871
19.91961338
19.93197018
19.94705089
20.00864663
20.01440769
20.01654863
20.03972697
20.10902449
20.12857266
20.18923181
20.25469297
20.25690161
20.28680154
20.30753400
20.43049605
20.49884122
20.50012818
20.50181430
20.51918969
20.57780270
20.59933193
20.61002057
20.61356653
20.64962809
20.66152405
20.67522709
20.76252937
20.79281356
20.81113160
20.82115094
20.91534153
20.97932055
20.98284413
20.99208929
21.01688210
21.07034729
21.07617227
21.07828976
21.12097612
21.12588064
21.18198290
21.29462598
21.29474345
21.29890826
21.35751281
21.39638705
21.40396150
21.43623502
21.46794259
21.53199590
21.55106989
21.56328216
21.58164961
21.62261633
21.62314799
21.70454235
21.75698586
21.76296076
21.82206635
21.82256872
21.85402609
21.87321470
21.93262310
21.95070037
21.97181480
21.98920559
22.00546174
22.02741958
22.06822036
22.09952859
22.11597800
22.17110796
22.25433847
22.26641606
22.32597380
22.33177159
22.35798225
22.37138051
22.38265706
22.38430676
22.38772809
22.44465397
22.51131304
22.55424286
22.64053805
22.69619812
22.73324970
22.73623504
22.74375348
22.74802402
22.83340874
22.84921125
22.85730292
22.88684137
22.90197539
22.90229843
22.96922519
22.97172691
23.04244262
23.11118791
23.16499283
23.16754429
23.19381040
23.20631019
23.28195299
23.30336028
23.32302910
23.39522633
23.40492508
23.40512443
23.43014048
23.47720355
23.57517841
23.59063605
23.60461498
23.63946370
23.69421203
23.70309056
23.74679163
23.75190283
23.76023558
23.94301598
23.95298095
23.96344904
23.97594030
23.98285841
23.99323355
23.99476805
24.03279816
24.03348649
24.05490654
24.10597887
24.12838462
24.16011740
24.17804324
24.21331076
24.26960148
24.40927297
24.41512419
24.43686752
24.49150338
24.49716668
24.51157007
24.62359329
24.62619683
24.65766711
24.67178941
24.69687090
24.69814780
24.71516625
24.76232260
24.77623107
24.78327395
24.88829588
24.96478421
24.97991685
25.09069666
25.10298922
25.10430773
25.13283932
25.13716579
25.16363446
25.30941739
25.31861227
25.34041370
25.35837367
25.40472712
25.41917819
25.45389651
25.49630483
25.53870585
25.54187164
25.54940428
25.57170548
25.62479094
25.63042760
25.68310289
25.72004566
25.73531639
25.78045227
25.78464930
25.79922708
25.81320670
25.81572387
25.82605142
25.85129212
25.85666952
25.90075207
25.93433395
25.96142803
25.98908070
26.03611651
26.07662975
26.10685407
26.24072430
26.28532920
26.30735312
26.35383339
26.39355534
26.40517930
26.41110602
26.43425436
26.44003895
26.46368203
26.46643094
26.51953171
26.53472999
26.61356468
26.67363292
26.69014779
26.72072458
26.75985690
26.77672958
26.80484515
26.82145837
26.83419464
26.84308385
26.84854853
26.86424315
26.87871967
26.88452251
26.90545530
26.92115756
26.95211782
26.95485949
26.96265243
26.96946064
26.99130289
26.99411734
27.00653519
27.02673240
27.08009378
27.09841526
27.12720226
27.15397447
27.20629906
27.25842144
27.26019419
27.26076182
27.27306491
27.34119079
27.35380637
27.40895212
27.44795899
27.45006354
27.45116180
27.46569774
27.49776404
27.49903372
27.52041625
27.53196734
27.54126119
27.55146214
27.55474101
27.58284679
27.65303819
27.65855416
27.71666864
27.74112917
27.74329551
27.76043956
27.77380373
27.84331680
27.87045035
27.93834495
27.95236542
27.96598865
27.99080764
28.00300812
28.09686357
28.11552460
28.15509214
28.16445527
28.18542180
28.21875705
28.24792591
28.25402943
28.27473183
28.30670035
28.32904983
28.34868345
28.38369590
28.38577916
28.41889071
28.47338693
28.52888378
28.53375344
28.61121559
28.61448624
28.64928380
28.67876113
28.71642483
28.74955524
28.76636021
28.77059547
28.79687169
28.86071849
28.87064600
28.91046755
28.93663140
28.95498238
28.96319175
28.96999367
28.98851615
29.00296349
29.01612259
29.01778925
29.02489628
29.02604447
29.04707563
29.07691339
29.12728498
29.17437527
29.21387347
29.33843905
29.40140896
29.47744830
29.48185262
29.48298591
29.48739751
29.52594717
29.61731851
29.69335661
29.69536279
29.73822500
29.88553068
29.90241283
29.95438321
29.99945789
30.09786772
30.12729384
30.13205510
30.14441794
30.21158252
30.22978144
30.27825026
30.48814415
30.53013355
30.54307310
30.55144705
30.55208297
30.55492682
30.56932184
30.58139585
30.60592607
30.62031707
30.62811217
30.65226648
30.68627868
30.68873087
30.72227727
30.74235388
30.79512798
30.82139596
30.84413185
30.86403616
30.92255580
30.93007415
30.99496682
31.00328949
31.01986470
31.02532314
31.04320988
31.05268382
31.05566588
31.08708768
31.11584056
31.12897783
31.13314676
31.16351128
31.23501050
31.29186889
31.29871216
31.30584185
31.35640275
31.39986464
31.41841216
31.42038627
31.42903472
31.45032813
31.52832742
31.54918836
31.55098089
31.56602342
31.60979423
31.66257815
31.71324067
31.79180472
31.81117634
31.82289215
31.84663781
31.88598578
31.89680627
31.91005089
31.91455211
31.92758358
31.93153372
31.94941937
32.00563204
32.03166702
32.03533872
32.04924368
32.07221416
32.07262441
32.09120735
32.09629120
32.10459444
32.14949653
32.23564100
32.26001123
32.26886498
32.28258095
32.30055796
32.31786468
32.35513101
32.42475051
32.43823669
32.46046584
32.47929114
32.48409424
32.49391338
32.52351615
32.53021183
32.54063316
32.54619219
32.54716783
32.59250068
32.60305132
32.62813268
32.66771021
32.66809270
32.68261757
32.69348129
32.69472801
32.69984541
32.70446251
32.71235363
32.73409119
32.74167543
32.80112615
32.80425848
32.81111888
32.81970906
32.82824271
32.85544094
32.88845316
32.89524495
32.94533001
32.96788122
32.98532421
33.03459994
33.07430965
33.08542146
33.09208549
33.09347133
33.09650663
33.12185616
33.18722324
33.24405900
33.26031350
33.26289552
33.26641951
33.35742592
33.36705940
33.37556272
33.40349739
33.41690953
33.46715871
33.55383655
33.60437457
33.60965247
33.65479058
33.69581946
33.76059424
33.77230995
33.78809718
33.85548749
33.85881995
33.86112961
33.87549882
33.90254066
33.90419360
33.94994844
33.95828159
33.98294927
34.11824117
34.19657368
34.20455511
34.21362795
34.22083392
34.24820391
34.27136972
34.29363596
34.39881538
34.40063502
34.44078497
34.44132062
34.49453255
34.52723923
34.56620959
34.64689220
34.70383693
34.75579536
34.76298284
34.86302155
34.88056091
34.88692663
34.94333495
34.96841047
34.96911152
35.02259120
35.02322382
35.09236710
35.11658899
35.12130706
35.13369895
35.15137449
35.20403144
35.24267855
35.29215033
35.29621373
35.30550266
35.31416412
35.34731861
35.35523700
35.39448441
35.41454342
35.50325633
35.52079405
35.55278775
35.59625886
35.61883245
35.68467801
35.68838440
35.69327171
35.71418989
35.71761490
35.74320609
35.80384191
35.81757580
35.83530363
35.85966315
35.86369638
35.89245419
35.91303720
35.92602189
35.92649491
35.97423484
36.01240075
36.02156454
36.02341260
36.08920614
36.13589128
36.13956927
36.15017292
36.18546601
36.20199126
36.35057780
36.35366796
36.35536054
36.37793436
36.40878205
36.42146384
36.44190635
36.46068766
36.47016624
36.49539290
36.50191864
36.50921273
36.52280463
36.53957993
36.56433359
36.56983818
36.59277134
36.60689020
36.64326472
36.64704424
36.67959967
36.70476829
36.74856595
36.77766123
36.79007445
36.79597528
36.80544689
36.84548161
36.88084361
36.97850445
37.08912199
37.10086471
37.17361341
37.18952611
37.23932974
37.25558422
37.32556688
37.34023752
37.46019934
37.52465751
37.52477799
37.52869977
37.55420970
37.64306851
37.75365078
37.75460908
37.75954185
37.80232392
37.82583727
37.83480110
37.85057897
37.85944020
37.86854807
37.88719545
37.88933347
37.93517634
38.02370006
38.11952075
38.12584464
38.13361686
38.13983181
38.15875572
38.17938102
38.28559425
38.33845345
38.45409200
38.50399574
38.52153379
38.59517366
38.66756912
38.75600927
38.78486859
38.80087763
38.81324400
38.84021973
38.85604478
38.87482137
38.88721847
38.90081426
38.91124983
38.92320531
39.00667809
39.14105577
39.14637426
39.15719397
39.16581304
39.23126440
39.27295716
39.31819901
39.32509934
39.35477004
39.44397474
39.46904127
39.51044341
39.51859719
39.52481489
39.57953609
39.63080823
39.65985310
39.65986062
39.67523441
39.67798704
39.73968633
39.78673050
39.78695169
39.80849809
39.81534582
39.82018111
39.83431398
39.85192807
39.90822783
39.95480959
39.98521030
39.98524325
40.00619858
40.01849646
40.02727439
40.03332087
40.07124825
40.09753396
40.18405995
40.21041849
40.22254826
40.22552528
40.24806133
40.28890175
40.29702880
40.30539579
40.31946337
40.35651073
40.37848520
40.39661279
40.43568472
40.43957159
40.44945538
40.47609305
40.51409092
40.55827168
40.56106206
40.56855095
40.57849317
40.60930799
40.61637446
40.62357094
40.63663715
40.64470886
40.66635978
40.68264948
40.70110385
40.72115053
40.72359940
40.80677627
40.82972088
40.84044500
40.84441826
40.85311041
40.86397766
40.89756354
40.91223111
40.91923086
40.93837120
40.95336933
40.95790302
40.98779232
40.99661666
41.01067545
41.02647194
41.06079034
41.06698814
41.14872443
41.14889354
41.15028280
41.22446117
41.23766093
41.24775073
41.25966348
41.27352749
41.29518780
41.35287547
41.40831795
41.50230095
41.50339409
41.51769106
41.52056346
41.52390851
41.52505792
41.54549804
41.55125115
41.55658777
41.56107578
41.56248152
41.57644091
41.58303059
41.59111382
41.59200919
41.59617212
41.61779390
41.64611538
41.65898638
41.68733017
41.71558761
41.74081285
41.75851712
41.78545728
41.84935532
41.86030667
41.91532575
41.92778067
41.92855031
41.95223105
41.98211124
42.03070848
42.09948867
42.11329827
42.12362176
42.13282649
42.13764089
42.14534098
42.14584010
42.15766041
42.18488531
42.19950360
42.20248363
42.20662077
42.32473740
42.33289541
42.34603473
42.50640426
42.51995727
42.52385384
42.55086750
42.58498724
42.59765980
42.65053246
42.65138559
42.68559941
42.69893278
42.70738632
42.72220217
42.72325299
42.76799856
42.76931494
42.82412566
42.83360581
42.86759866
42.87070188
42.92076508
42.92550271
43.02811337
43.03222380
43.03715015
43.08946629
43.12075703
43.12932223
43.13192310
43.15015802
43.18942499
43.19763067
43.20066263
43.22179762
43.22922891
43.23726486
43.25792265
43.26578378
43.28315814
43.29152028
43.31917697
43.36008238
43.37584238
43.39378057
43.40158192
43.41070830
43.41819490
43.41961165
43.45149531
43.51819375
43.52826442
43.53272721
43.55756046
43.60154982
43.65182230
43.65410391
43.65528533
43.72922458
43.73912647
43.74192400
43.74365431
43.74770271
43.77966389
43.82325475
43.91136447
43.91873760
43.94217911
43.95643565
43.98007847
44.01529080
44.11459978
44.12183214
44.13641166
44.16585642
44.16692528
44.22503456
44.24408229
44.29892074
44.32634907
44.34043559
44.35339155
44.39079058
44.48056838
44.49257517
44.52715083
44.53782558
44.54537835
44.55964497
44.58558091
44.59413385
44.60068623
44.60669493
44.62221788
44.64463674
44.71129272
44.75630846
44.75853758
44.78413536
44.83697037
44.87755796
44.88980109
44.89765286
44.89844008
44.93208345
44.94018472
44.95052289
44.97309883
44.98364238
44.98994273
44.99522102
45.02354598
45.08277692
45.22112189
45.23314402
45.28031706
45.30538902
45.32763997
45.40444502
45.42379690
45.43043166
45.43286218
45.45652023
45.45831508
45.46182658
45.49671838
45.58954793
45.61174252
45.61973531
45.69603519
45.69703587
45.71769713
45.71973562
45.73527357
45.74143737
45.91827744
46.00036573
46.00987256
46.04929684
46.06030837
46.10457735
46.10739124
46.11230590
46.15404259
46.17282220
46.25251597
46.27981004
46.29578506
46.32485496
46.32722900
46.36207043
46.41929392
46.43209738
46.44357800
46.46478875
46.48943865
46.49783338
46.57937648
46.65159126
46.66414639
46.69492167
46.70661011
46.74227792
46.76016663
46.77488542
46.84150433
46.87118717
46.87182674
46.87259720
46.87629204
46.87729620
46.92544373
46.99167753
46.99870385
47.02315459
47.03846961
47.05025987
47.09322046
47.10584094
47.14493358
47.15705328
47.17483797
47.17680784
47.17904967
47.25486142
47.27499598
47.33669311
47.36544199
47.36740879
47.40212475
47.40338615
47.48148897
47.50260230
47.58249426
47.63309040
47.63736268
47.64004518
47.64271697
47.64554369
47.69243870
47.70781735
47.70980257
47.71323280
47.75587782
47.79275988
47.81255161
47.83468267
47.88473222
47.90410580
47.90571845
47.97719688
47.99093818
48.00237020
48.00589462
48.04047657
48.04431441
48.06626507
48.08295346
48.09376204
48.10185702
48.11749680
48.12494890
48.12671739
48.18630991
48.27337777
48.27578760
48.31095823
48.40462540
48.41447785
48.42398808
48.44522847
48.45197882
48.45718496
48.48653733
48.57442240
48.59801342
48.60471371
48.65301477
48.65798912
48.70501678
48.74069419
48.76399007
48.78574827
48.80667463
48.85759161
48.85879797
48.86295088
48.86808736
48.87605486
48.90380909
48.91495841
48.94059127
48.97151928
48.97933139
49.03265367
49.04141375
49.06631394
49.09677431
49.16193782
49.17952914
49.22208238
49.27144653
49.27724159
49.28177166
49.28319400
49.28962722
49.38236312
49.40172922
49.41012631
49.41715436
49.42527109
49.47724706
49.48123868
49.55680752
49.56234747
49.56278654
49.58525895
49.58625998
49.63071935
49.64490937
49.65650247
49.66215000
49.70061449
49.74671022
49.75565759
49.76422761
49.84867419
49.89519934
49.91278899
49.96485892
49.97603372
49.99886996
50.00689356
50.04027136
50.04883515
50.06298717
50.10198458
50.14412805
50.21259738
50.21829319
50.25324701
50.28452143
50.28668363
50.29253767
50.30394893
50.38496083
50.39198012
50.39201201
50.41585367
50.44044931
50.47764734
50.48823264
50.49449869
50.50783708
50.51529960
50.53041977
50.56812356
50.58621265
50.63122054
50.73139569
50.79797512
50.82064048
50.82220697
50.82422768
50.82629619
50.82783459
50.88436807
50.88835123
50.96076977
51.01277981
51.03861360
51.12009637
51.12287232
51.16627128
51.17182291
51.18282940
51.18674440
51.19019051
51.23805662
51.26273804
51.36740517
51.38872444
51.39905279
51.49393742
51.50392975
51.54175548
51.54229222
51.59789361
51.61856784
51.66633913
51.69085870
51.69436331
51.72401234
51.74936477
51.76902739
51.77876108
51.81046698
51.86968928
51.91386594
51.95558177
51.96216077
52.03055787
52.04414220
52.05198364
52.07886275
52.08320120
52.12834593
52.13171178
52.18494252
52.19905108
52.20638680
52.23270570
52.24351502
52.24656650
52.26983095
52.35961465
52.38042379
52.42312437
52.44004254
52.50490799
52.54332806
52.56364278
52.57738706
52.60034230
52.65403384
52.66980823
52.67720649
52.68027781
52.68401010
52.68515998
52.72422299
52.74760133
52.87457697
52.88362340
52.89006455
52.90519713
52.90755613
52.91697773
52.92578767
52.94153692
52.95238278
53.05038389
53.06325687
53.06982198
53.11223181
53.12207078
53.14745378
53.16116040
53.19375796
53.24027877
53.24466223
53.24527286
53.28919995
53.29860306
53.30042921
53.31326375
53.34462747
53.35500185
53.44863868
53.47152216
53.48275218
53.53619525
53.53702582
53.55370762
53.55846806
53.56838063
53.63407948
53.66011154
53.66273572
53.70425482
53.76690525
53.80642066
53.82142809
53.87717786
53.90525604
53.97114272
53.97151896
54.01151643
54.04537595
54.06432723
54.07039634
54.08351023
54.12574816
54.12620866
54.12940657
54.13126699
54.16261713
54.22092821
54.22422676
54.23045494
54.23494804
54.25582515
54.30740044
54.37207048
54.37626933
54.38049342
54.40332386
54.43755194
54.47766405
54.70019322
54.72368035
54.74186418
54.74904305
54.82735473
54.82783413
54.85630436
54.89966764
54.94807202
54.97689149
54.97770525
54.98094456
54.98516461
54.99485209
55.01174203
55.01743042
55.03454566
55.06192946
55.09402305
55.17008298
55.24198633
55.24635827
55.30852051
55.30890313
55.34294628
55.35197565
55.35342282
55.35932702
55.35934466
55.36469844
55.38314129
55.41692750
55.42580008
55.43773677
55.46129860
55.47029324
55.51419803
55.59075386
55.63112133
55.63804386
55.64810555
55.68929437
55.69746965
55.70208319
55.72706246
55.73812275
55.75529670
55.75573259
55.84958791
55.86101722
55.89502736
55.89769072
55.92132477
55.94828054
55.97191971
55.97655319
55.97806387
56.01002967
56.07852672
56.09639902
56.10645690
56.14379732
56.18111196
56.20607648
56.24123954
56.26290030
56.28094533
56.40051854
56.40872120
56.46445933
56.51091326
56.53171591
56.54012953
56.55711998
56.56019410
56.62469966
56.64102188
56.66715841
56.68360695
56.76050411
56.78401666
56.79544395
56.82110192
56.82609948
56.84521503
56.88214107
56.92116996
56.94117469
56.96447134
56.98556337
57.04511376
57.05503459
57.05658482
57.09621009
57.18649025
57.19447379
57.23861116
57.25412784
57.31444078
57.33615967
57.37138615
57.38890620
57.40165280
57.41631161
57.45795936
57.49473712
57.52639959
57.53542918
57.53775489
57.53866472
57.53970640
57.57741180
57.59920606
57.61142340
57.67891932
57.70612839
57.73920634
57.75694107
57.78499818
57.84101159
57.85135148
57.87360130
57.87576344
57.87997622
57.88291357
57.92725571
57.93807627
57.96442751
57.99112945
58.00468219
58.11645051
58.11984088
58.12185503
58.15443045
58.17444864
58.18169689
58.22075527
58.28534352
58.29986142
58.31694156
58.42139868
58.42444742
58.43896464
58.44167057
58.48186244
58.48855370
58.50026111
58.52301803
58.52427588
58.52464074
58.53121172
58.54028280
58.57160879
58.67034344
58.67426923
58.71198772
58.76003850
58.76112060
58.78183079
58.84869414
58.86257509
58.91580037
58.96489305
58.97543494
58.98281879
59.00238491
59.01119325
59.01396184
59.05909076
59.13172951
59.13743550
59.16966129
59.17822257
59.21914784
59.27031755
59.30576560
59.38160496
59.42708748
59.45887887
59.47221327
59.48469920
59.48765898
59.55879878
59.58268804
59.59539441
59.61260434
59.63091604
59.64027975
59.65995744
59.71311427
59.71934635
59.72789143
59.74660423
59.75196003
59.77765887
59.82214680
59.82981676
59.83809279
59.84669756
59.84799913
59.85172562
59.88280619
59.88612409
59.94290728
59.94598453
59.95623987
60.03302483
60.03619188
60.10217907
60.18362995
60.20142977
60.22471119
60.30264353
60.31112026
60.36251508
60.40771982
60.41112933
60.42258576
60.47274751
60.47928626
60.49123432
60.51419926
60.51729627
60.51885508
60.56103428
60.57059893
60.57145827
60.65240683
60.68349430
60.69263190
60.70888160
60.71621121
60.71636327
60.73597427
60.78261997
60.82102978
60.83674833
60.83726945
60.85228046
60.87037661
60.88364003
60.89065176
60.93931639
60.97777709
60.98417432
61.06206264
61.07077765
61.17414428
61.23609476
61.24693230
61.29023517
61.31061677
61.32821108
61.33418510
61.37415080
61.52540936
61.54663758
61.54771275
61.55864368
61.56205609
61.62569027
61.77173091
61.77692886
61.80256220
61.83583720
61.84402342
61.88665459
61.89047802
61.89139641
61.89390282
61.91773352
61.92386795
61.95197558
62.00633253
124.00000000
