0.00394648
0.01895250
0.01956253
0.03653597
0.06078546
0.06543393
0.10384573
0.10522428
0.15153811
0.15880757
0.16204931
0.16812911
0.18634699
0.21239598
0.24645136
0.25627409
0.26285731
0.30186653
0.30817504
0.31501086
0.39295574
0.40937244
0.42459762
0.43246668
0.43936594
0.45499542
0.46291204
0.50397052
0.53570916
0.55538658
0.56336345
0.57940189
0.63116210
0.63684047
0.71152570
0.78896153
0.78900575
0.81720567
0.82656710
0.85770647
0.85945173
0.86881809
0.87295297
1.04496086
1.04891575
1.09091318
1.10248625
1.14844694
1.16768278
1.20199329
1.21172228
1.24259261
1.33599423
1.33681387
1.33815496
1.33910850
1.34206189
1.37225271
1.38880789
1.41045865
1.44167890
1.45946859
1.51940330
1.53984436
1.56447578
1.58278223
1.72442484
1.74054213
1.75928448
1.77208115
1.82305890
1.83018166
1.88663652
1.90075222
1.90236783
1.90343406
1.90591354
1.93586552
1.93600504
1.96886238
2.06391700
2.08888692
2.09959781
2.10762851
2.11052433
2.18313508
2.19853156
2.21304187
2.25787082
2.28847678
2.28966550
2.30233300
2.38400176
2.38752528
2.48135708
2.48154009
2.49614068
2.50096291
2.50282345
2.54150313
2.60985659
2.63195089
2.64257769
2.66616175
2.67614487
2.68945525
2.69775853
2.75926214
2.76838217
2.76892035
2.77456054
2.78439081
2.87400613
2.87819820
2.88590291
2.89076119
2.90090985
2.91081752
2.92107764
2.93851499
2.94711961
2.96159952
2.98637509
3.02120948
3.05559013
3.08116805
3.08330107
3.08394112
3.09292832
3.11852147
3.12003334
3.12682880
3.17304829
3.20898370
3.22626678
3.26605671
3.29542376
3.30308604
3.30321913
3.33745713
3.34690604
3.36755115
3.40332564
3.43236817
3.48252775
3.48880803
3.52615268
3.56854142
3.57002844
3.60980698
3.61059589
3.73226064
3.73722807
3.76517235
3.76659739
3.82772983
3.84869079
3.85869735
3.87929406
3.89502624
3.93337616
3.96239317
3.97724272
3.98034242
4.04556952
4.12325398
4.14060182
4.20828032
4.20904747
4.24527531
4.26496295
4.27869662
4.39729108
4.46050311
4.47175419
4.53904500
4.54747202
4.58354165
4.61504487
4.63888754
4.65708245
4.67381463
4.76523120
4.79709260
4.85818452
4.86987062
4.90280643
4.90283566
4.90429357
4.98351820
5.03067992
5.04126022
5.09034725
5.10156104
5.10786280
5.12210349
5.15081086
5.15701721
5.17718281
5.25992394
5.32361100
5.32796259
5.34704300
5.44579259
5.51284882
5.52279036
5.52315672
5.56755352
5.59345219
5.59435992
5.62792126
5.64470870
5.67698261
5.70604275
5.75298203
5.76046403
5.80379595
5.81130325
5.81828973
5.82896177
5.87754535
5.88034964
5.95529545
5.98179200
5.98212680
5.99139317
6.00185342
6.01780142
6.01931224
6.06001641
6.06037229
6.08127670
6.16776496
6.19632811
6.20361403
6.20882297
6.22366845
6.39673743
6.54516042
6.54763772
6.62967208
6.64785823
6.65034869
6.68800808
6.69767001
6.73849023
6.79900048
6.80254657
6.80911273
6.83174252
6.87167255
6.88329733
6.88679532
6.91350794
7.04390057
7.06181524
7.06361148
7.06748267
7.14398089
7.19864032
7.20555299
7.20824524
7.21692871
7.24799658
7.33174830
7.34439080
7.35871348
7.37448725
7.43143205
7.45855589
7.47243884
7.49135213
7.49679062
7.52373005
7.54765508
7.54781303
7.59456625
7.60251476
7.63100846
7.63932447
7.67052916
7.68347283
7.79525467
7.87013353
7.90868283
7.94790800
7.95348838
7.98131236
8.01517843
8.02117274
8.03582894
8.04936392
8.06129733
8.09412718
8.10800999
8.12575290
8.13586876
8.14731958
8.16317785
8.21939044
8.25673383
8.27066089
8.28725380
8.30989566
8.33608186
8.38988195
8.50087932
8.52308290
8.53528589
8.55513291
8.56551588
8.56964843
8.59705795
8.60845731
8.64063424
8.64074409
8.66591861
8.66616718
8.68662247
8.68794916
8.72002520
8.73098410
8.76654464
8.81371025
8.86490315
8.88689866
8.91127259
8.98338454
8.99226090
9.01350844
9.02662332
9.10343766
9.16058719
9.19766601
9.20126889
9.20566462
9.22599991
9.23690914
9.24864547
9.24918675
9.26985659
9.33084846
9.33637136
9.33949090
9.34042778
9.39770347
9.42834255
9.43405842
9.45626731
9.46524839
9.51629273
9.52619279
9.60107434
9.61586773
9.61942147
9.75860658
9.77408562
9.79327817
9.79663954
9.85002264
9.86210114
9.90087965
9.91228340
9.98027118
10.02861804
10.07796818
10.09457390
10.09729346
10.10299273
10.12663500
10.13364006
10.14775764
10.18204396
10.20452423
10.21371545
10.21937218
10.28214743
10.30297783
10.31046243
10.31229373
10.31595941
10.31831549
10.42315599
10.44934349
10.48061429
10.53563781
10.60701670
10.62827257
10.68242274
10.68809397
10.70308711
10.70725176
10.72433479
10.80311141
10.81455051
10.83901986
10.89024075
10.92123689
10.92859034
10.96780452
10.98592696
11.02353694
11.04337514
11.05011520
11.05753667
11.09490781
11.17978385
11.26898394
11.29415562
11.31148658
11.32033151
11.41008929
11.42554535
11.42893326
11.43447066
11.44359204
11.47188441
11.50362796
11.55752110
11.58780254
11.58994305
11.66879685
11.67118330
11.68801266
11.76119893
11.88402549
11.89465470
11.91011961
11.91188838
11.94345106
11.94643097
11.94741688
11.97256694
11.98882559
11.99738224
12.05958346
12.13075266
12.21576574
12.23773962
12.27223963
12.30796534
12.34513957
12.36715716
12.39889416
12.44386253
12.45643278
12.47083556
12.48574105
12.50178140
12.50274419
12.51049787
12.52915518
12.63184829
12.66909836
12.73827413
12.74140355
12.76103016
12.77119510
12.88552767
12.89771261
12.89914206
12.89964351
12.90203713
13.00334206
13.03454748
13.04184196
13.04498028
13.07107291
13.08606487
13.10417905
13.10419228
13.12264092
13.14777489
13.16442609
13.16962421
13.17985483
13.20031090
13.25050516
13.27021891
13.27297191
13.32366209
13.34065983
13.34597388
13.35772623
13.36585793
13.42414327
13.43455011
13.48049334
13.53745608
13.57383789
13.57677930
13.60251247
13.63284181
13.66551925
13.67409324
13.73323541
13.75266982
13.83653234
13.85749633
13.87578194
13.88709000
13.94713561
13.99816165
14.00242131
14.01936194
14.11277764
14.18598429
14.22914040
14.26926757
14.32288604
14.42525274
14.42802570
14.42909049
14.46096797
14.49956127
14.56545213
14.63475715
14.64144386
14.66634946
14.67844983
14.69689975
14.70359489
14.71145196
14.73105923
14.84968702
14.85469857
14.85804227
14.92324299
14.92687919
14.93061362
14.98420978
14.98715278
14.99880300
15.00960065
15.08857877
15.11050666
15.15952411
15.20172895
15.21110040
15.30042562
15.34459657
15.39779749
15.43318001
15.44998828
15.49183021
15.53036234
15.54463592
15.57631164
15.58145477
15.59972398
15.66153378
15.66577132
15.67623777
15.70250740
15.71099175
15.71169441
15.72113275
15.72688164
15.80230719
15.80517099
15.82206397
15.83417062
15.88535800
15.89937129
15.93168794
15.93955238
15.95229043
15.96993582
16.00225140
16.05824295
16.07636636
16.08063250
16.08598908
16.08721562
16.12531928
16.14954835
16.18125872
16.20912198
16.24693984
16.26031270
16.26598063
16.28464516
16.30000637
16.30889509
16.31582622
16.34617944
16.35005883
16.39975107
16.44449212
16.47158036
16.47580090
16.49363997
16.51120270
16.51299887
16.55185797
16.56994036
16.61169073
16.67702724
16.67902117
16.68572702
16.69287609
16.71892586
16.73863628
16.76538366
16.78819887
16.81799652
16.85567055
16.86302695
16.88401270
16.90840777
17.05770982
17.06750299
17.14545569
17.17618157
17.19547672
17.20560156
17.21909516
17.22146031
17.24771330
17.28394041
17.28535034
17.31529328
17.33701440
17.35907290
17.37919849
17.38733053
17.51362926
17.61309650
17.61825283
17.62878148
17.63168647
17.65131677
17.75207754
17.81520345
17.84806721
17.88602391
17.89186376
17.89271123
17.92457003
17.92502070
17.94286011
17.94376974
17.96399813
17.96916476
17.97838111
18.01420014
18.04375493
18.04953705
18.06728197
18.06814229
18.09844654
18.13020016
18.15427045
18.15829409
18.20452260
18.23369033
18.24178029
18.28608190
18.32714863
18.40091372
18.42791363
18.47637030
18.48926281
18.55585971
18.73612733
18.76754234
18.78114999
18.82820803
18.87041391
18.88164118
18.89349976
18.90793024
18.92357962
18.92579801
18.93115533
19.04654161
19.07585079
19.09111397
19.15398865
19.16039308
19.20938199
19.22930667
19.25163053
19.26697921
19.27055227
19.27194688
19.30973748
19.37636500
19.38389061
19.39512856
19.43100244
19.44188132
19.44893983
19.46752186
19.47577189
19.49899269
19.52411774
19.59683122
19.70427450
19.71383421
19.74355135
19.79168207
19.81783684
19.83815786
19.84251193
19.86387140
19.89659211
19.90949353
19.92802851
19.93435215
19.94245996
19.94828024
19.98698513
19.99341000
19.99852018
20.02880693
20.03134145
20.04104554
20.10023717
20.10246979
20.14890253
20.15468718
20.20049634
20.24261894
20.26306596
20.32475539
20.36712829
20.36717660
20.41362597
20.41582735
20.42699640
20.44351988
20.45364202
20.49840085
20.49939612
20.50276874
20.51296384
20.51328115
20.55307388
20.57373631
20.61114076
20.62997376
20.63617789
20.67599790
20.71509220
20.75148469
20.75691771
20.76851580
20.77643222
20.79861509
20.81566370
20.87921627
20.88052530
20.89626920
20.90872494
20.91919631
20.92358448
20.94672366
20.94886416
20.95408803
21.04663732
21.09266782
21.09972185
21.09974622
21.11809237
21.16614600
21.16777662
21.17824527
21.18280892
21.26027271
21.27917441
21.28290044
21.29854529
21.37752205
21.51332951
21.51479004
21.66602077
21.68418617
21.77041337
21.79847576
21.84190681
21.88781868
21.90256249
21.90913125
21.94983341
21.95055828
21.98253448
22.01781296
22.04062268
22.06822073
22.07766545
22.07965374
22.08984745
22.09810881
22.16967319
22.17556513
22.18142234
22.18834208
22.19195751
22.22921400
22.24985631
22.26832299
22.27364588
22.29887075
22.31811789
22.33018612
22.34128965
22.37359688
22.39196414
22.40503592
22.41266912
22.49663157
22.51954995
22.53251571
22.54176050
22.54274526
22.62155104
22.66470689
22.73132060
22.74045104
22.79429362
22.83492611
22.84162770
22.84734547
22.89436174
22.95492007
23.07154527
23.11052757
23.15600359
23.16499283
23.22113765
23.23658816
23.28195299
23.28818941
23.32648265
23.34517543
23.40417643
23.43635823
23.47344390
23.47618534
23.52031923
23.53162641
23.53840056
23.60301668
23.61835321
23.61874922
23.62277469
23.63880605
23.66568528
23.73121813
23.74793288
23.74805730
23.77894744
23.78038393
23.80075828
23.87277456
23.88078713
23.94446970
23.94488642
23.99938658
24.00255449
24.02146788
24.03753402
24.07127884
24.09915306
24.10744624
24.17127081
24.19770264
24.22452577
24.22930932
24.23967846
24.24742601
24.25157007
24.25436030
24.27054065
24.28930257
24.34765896
24.34970004
24.37928873
24.38345248
24.41010713
24.42129823
24.43157242
24.51465713
24.51536147
24.51803553
24.53158769
24.60350876
24.60651006
24.61250923
24.62155036
24.64126189
24.65928965
24.66704900
24.71398897
24.74658294
24.80324724
24.83076355
24.93854469
24.96842850
25.02805254
25.03502954
25.05168459
25.05448576
25.07076977
25.07272336
25.07473593
25.10078268
25.18667857
25.23348217
25.25824453
25.26034334
25.26784131
25.30696356
25.30961555
25.32412127
25.33111087
25.35763310
25.37237119
25.39497052
25.41081955
25.41252298
25.44957227
25.45727579
25.46331465
25.51108810
25.52396396
25.53179287
25.53612218
25.54050006
25.57665694
25.62621209
25.63042760
25.63131344
25.63320819
25.71457521
25.72449435
25.74129280
25.75366287
25.78169117
25.79126521
25.84067200
25.88879353
25.89798421
25.90505678
25.91171523
25.91506729
25.92605150
26.00900374
26.01736227
26.05261205
26.06105204
26.10215049
26.15879290
26.15958366
26.17402126
26.24149598
26.35333858
26.36682310
26.38433401
26.41530895
26.42180614
26.44627303
26.47629806
26.50402498
26.52240700
26.55811608
26.58220746
26.65524568
26.67363292
26.68438133
26.69181918
26.69964979
26.71704935
26.72575898
26.76445729
26.77255101
26.86204624
26.86430074
26.89246751
26.94937662
27.02446006
27.04059209
27.05499556
27.08549076
27.10402804
27.12315881
27.16396708
27.17255840
27.21344931
27.24350406
27.30055770
27.32506772
27.32574693
27.35999574
27.37710517
27.40764188
27.42539852
27.43211947
27.43936375
27.46569774
27.57795544
27.58063827
27.60311375
27.61674868
27.63089315
27.65303819
27.65609145
27.67718204
27.68157812
27.69588995
27.76645314
27.77597062
27.89218279
27.89761284
27.90347199
27.94582493
27.96044386
28.01505903
28.04007373
28.05158757
28.07216271
28.08028954
28.11520453
28.14100876
28.15955271
28.21034059
28.24639636
28.24934091
28.26911062
28.28134712
28.30333266
28.31751902
28.36771774
28.37368612
28.46614518
28.54481875
28.60580279
28.65838053
28.67658897
28.70679562
28.73752151
28.75584051
28.79454246
28.91046755
28.96645574
28.98587952
29.06997496
29.07164392
29.08861412
29.10291603
29.16198600
29.18526662
29.19900665
29.22810745
29.23136141
29.32161874
29.35351731
29.40209725
29.40260348
29.42072617
29.47014445
29.48298591
29.48555051
29.48747668
29.54417779
29.54732654
29.54907787
29.58028868
29.58947450
29.59978938
29.65547000
29.66193466
29.66557359
29.68739387
29.69335661
29.70999152
29.72072732
29.72832713
29.74412124
29.75038542
29.79701030
29.85691042
29.87272258
29.90241283
29.92413934
29.93654089
29.97189694
29.99337779
30.01873916
30.02947726
30.03517045
30.06285279
30.07136293
30.09157478
30.09804640
30.11531478
30.12494622
30.19095647
30.20900067
30.21121210
30.21416300
30.23080940
30.29265557
30.31639358
30.32182091
30.33413521
30.33424872
30.33589446
30.38972397
30.41472667
30.44788207
30.48354320
30.49004399
30.51611058
30.55191701
30.57672067
30.60564531
30.61245477
30.61326500
30.64510436
30.64588964
30.67430929
30.69110453
30.69559322
30.69919379
30.71682582
30.74944423
30.75179961
30.76814200
30.77561200
30.87580408
30.92528545
30.93054377
30.94315109
30.96578869
30.96828789
30.99670775
31.00356042
31.00823921
31.02301919
31.03170117
31.03435156
31.05268382
31.06563035
31.07688391
31.07904253
31.09996192
31.13658282
31.14878777
31.34170102
31.35640275
31.37281708
31.39929517
31.42196864
31.49591630
31.50927681
31.54918836
31.56707784
31.57287619
31.61904869
31.64764091
31.67275522
31.67343902
31.67832138
31.70175634
31.71324067
31.76777538
31.79581542
31.81135626
31.85492765
31.89717106
32.01607099
32.03255825
32.08945274
32.09884178
32.10541829
32.12009815
32.16426545
32.16713342
32.18343101
32.28570702
32.28744354
32.30055796
32.30229820
32.33321249
32.34332107
32.39665839
32.43458238
32.46644303
32.47739489
32.48244775
32.49085286
32.50177777
32.52023342
32.52351615
32.53748654
32.54211906
32.54811067
32.56480477
32.57218485
32.66809270
32.67679422
32.70926986
32.76648140
32.79981980
32.81688705
32.88299466
32.88541848
32.92901711
32.95621855
33.01037208
33.02648875
33.03054709
33.03140470
33.04320205
33.04381306
33.06234005
33.14701017
33.21928807
33.27107603
33.27924586
33.31112522
33.35209003
33.36705940
33.41737684
33.47194385
33.49736933
33.52482943
33.54413179
33.58993987
33.60761582
33.64810426
33.74826203
33.80176360
33.81168445
33.88134453
33.88188243
33.95573706
33.97641435
33.99922077
34.00183400
34.01841366
34.01998376
34.03554992
34.04796877
34.07207969
34.08897030
34.10192884
34.12962285
34.14996053
34.16048798
34.17386054
34.17606293
34.23431792
34.24971048
34.26193605
34.34210088
34.36144942
34.38734651
34.42124675
34.42473486
34.44158353
34.50243546
34.50268867
34.50791992
34.53939928
34.54649453
34.59918706
34.63865433
34.65101795
34.65920569
34.67403912
34.79141000
34.79288521
34.81094953
34.84985730
34.85306357
34.85425902
34.86596203
34.88018413
34.89298967
34.90815073
34.91319863
34.91657235
34.95463619
35.04541174
35.06044332
35.09354793
35.10344763
35.14523096
35.16703843
35.23326491
35.27981285
35.28174033
35.31816470
35.33316095
35.34176642
35.40650537
35.48850744
35.51630266
35.52079405
35.52936073
35.56158212
35.57368582
35.57726398
35.59022000
35.60827356
35.61422093
35.66439341
35.68762369
35.70873676
35.73102411
35.73473815
35.74552330
35.75682146
35.80384191
35.82145151
35.91133224
35.97557889
36.00700089
36.01749232
36.06149917
36.06682376
36.09256631
36.11797573
36.14396627
36.17961687
36.18079948
36.19923234
36.21432408
36.22771927
36.25331504
36.28980899
36.33991008
36.37702539
36.40299330
36.41675249
36.42146384
36.44101623
36.45374239
36.46161720
36.48000074
36.51905323
36.52023581
36.52647265
36.54810070
36.56486146
36.57314653
36.58133027
36.59696044
36.60694242
36.61315619
36.61956666
36.62843169
36.63290608
36.66226632
36.66689382
36.68791493
36.76817644
36.80821467
36.90437103
36.91786420
36.96222016
36.97850445
37.01589492
37.03998589
37.06782461
37.09175158
37.13704250
37.14639809
37.16363667
37.20557814
37.25474847
37.33931633
37.34023752
37.34704555
37.44435694
37.45182638
37.51293062
37.57990284
37.58064894
37.62254447
37.73098927
37.74680884
37.75460908
37.78684358
37.89372617
37.91098172
37.93348994
37.93489021
37.93517634
37.94160838
37.94291894
37.99557371
37.99851561
38.00197930
38.01538545
38.05849484
38.08444999
38.15141897
38.16845927
38.17382948
38.18348689
38.19266129
38.19573154
38.27077136
38.29219318
38.31544647
38.32355450
38.38691637
38.39131360
38.43500363
38.47197077
38.52107907
38.57412188
38.57983812
38.58135158
38.59348593
38.62619476
38.66658525
38.71788838
38.75263852
38.78221205
38.80173921
38.81807678
38.84021973
38.92004752
38.95492294
38.97328122
39.01785217
39.04898036
39.05791299
39.06109943
39.10270386
39.11698495
39.13021509
39.14849049
39.16046282
39.17357851
39.18088009
39.18455689
39.19119360
39.19634155
39.22599085
39.29401080
39.33117661
39.38563100
39.40655634
39.40883524
39.41850470
39.42193731
39.43742077
39.50897755
39.55210481
39.59673405
39.64126936
39.69188631
39.71204512
39.78249222
39.78695169
39.78808846
39.94063194
40.02323861
40.06550845
40.12003271
40.13699988
40.16098847
40.21926793
40.27199051
40.27485606
40.29430055
40.32023449
40.33268550
40.34689459
40.36386897
40.36827241
40.39100224
40.39527177
40.39721827
40.40095026
40.44408219
40.49041778
40.49285742
40.49393044
40.49794123
40.56379916
40.56782892
40.59446074
40.61735664
40.62343371
40.64884816
40.66483347
40.67358405
40.72436396
40.89102946
40.93416821
40.93828240
40.96919913
40.97918635
41.00471626
41.01105121
41.03185129
41.05009106
41.08272684
41.10140080
41.11102293
41.17048490
41.23626175
41.27478240
41.32101810
41.34729671
41.35739449
41.38692810
41.39309070
41.41702500
41.42593763
41.42737123
41.50230095
41.52831357
41.64369343
41.64892690
41.68024113
41.68657898
41.70987068
41.71786188
41.74255183
41.78249712
41.81752362
41.87883229
41.88156464
41.88477506
41.95587158
41.97929308
42.02191566
42.04050727
42.08630941
42.08634338
42.12333777
42.12362176
42.13282649
42.21158872
42.26501493
42.28666003
42.29933617
42.36213063
42.39608669
42.47459302
42.51735339
42.55663768
42.55763425
42.57742999
42.63493792
42.71032752
42.73623952
42.76182637
42.80007082
42.85483556
42.88895513
42.92076508
42.93669575
42.97033982
42.98393583
42.98427451
43.00508582
43.10781001
43.14814946
43.15303286
43.27260457
43.29221898
43.31917697
43.35225536
43.36079183
43.39156651
43.51563194
43.59229112
43.60550084
43.62469922
43.63403645
43.65105704
43.66426412
43.67122669
43.72559313
43.74752650
43.81041888
43.81430400
43.87962451
43.90784629
43.91636295
43.91783852
43.92956318
43.95789122
43.96011311
43.98790120
43.99916527
44.07657467
44.08985623
44.09893599
44.12061628
44.14276555
44.15299018
44.20196631
44.26703027
44.27193802
44.27973307
44.29954340
44.32418009
44.34638042
44.35062961
44.36773577
44.43204675
44.49697830
44.52066255
44.56176190
44.58300271
44.60770016
44.62145248
44.63869197
44.69046267
44.69616858
44.71239840
44.71495214
44.73991588
44.75630846
44.79012968
44.80242883
44.81891448
44.81893492
44.85111062
44.86018856
44.87564106
44.88580333
44.89188229
44.92814088
44.93268988
44.95541339
44.95902498
44.96148844
44.98788776
45.00598598
45.01352288
45.02728536
45.07819448
45.08449828
45.08783491
45.09464809
45.09557875
45.09865780
45.11555288
45.13973092
45.14092054
45.17942118
45.19890818
45.25570657
45.26858197
45.34793919
45.37859288
45.41873406
45.44338994
45.45594919
45.45926978
45.46847059
45.47165303
45.48256478
45.50038273
45.55881294
45.57001015
45.57152595
45.57442704
45.61503361
45.62466110
45.64411158
45.65103230
45.69569459
45.81191370
45.83256078
45.89265516
45.89881459
45.90753096
45.91078423
45.91508347
46.01267909
46.01764066
46.05365765
46.06030837
46.07248507
46.08883679
46.10441394
46.10960118
46.11093625
46.15333133
46.19685931
46.22474403
46.25850189
46.26468305
46.28563505
46.32712432
46.33710340
46.34374024
46.37818463
46.39259645
46.39596822
46.40248203
46.40981941
46.49283125
46.50680394
46.51043261
46.52199730
46.60458211
46.60490472
46.60983993
46.66279345
46.68197091
46.75911680
46.80289972
46.82587713
46.84150433
46.87118717
46.89538030
46.94998004
46.98762871
47.03995295
47.04361600
47.08502174
47.10584094
47.17026867
47.26531732
47.27710577
47.30972602
47.34009462
47.38132830
47.44083051
47.44537993
47.44786524
47.45562971
47.46614677
47.48148897
47.50118190
47.52367739
47.52805033
47.60518819
47.74701369
47.74843006
47.78645100
47.79331723
47.79826766
47.83640649
47.90227647
47.92410389
47.95781818
47.97088845
48.02241400
48.04431441
48.07446235
48.13976131
48.14025440
48.15260900
48.28843786
48.30209737
48.37585649
48.39342489
48.39438661
48.40110587
48.40585209
48.42169923
48.44429721
48.48110626
48.50874426
48.55245850
48.55951926
48.58675708
48.62010540
48.62859211
48.65631549
48.70112727
48.71331298
48.80185989
48.97226612
48.97546425
49.00584223
49.02047434
49.03265367
49.03677720
49.13064178
49.14733401
49.22055363
49.22464724
49.38236312
49.41442272
49.41670992
49.45542791
49.50718451
49.50987342
49.51570187
49.54967956
49.55782710
49.55985558
49.57863072
49.58169650
49.60083375
49.62025281
49.62121706
49.63250226
49.65650247
49.67693628
49.75137252
49.84326614
49.85563314
49.86537962
49.88650704
49.89738454
49.93101976
49.93928600
49.96327264
50.00962850
50.03477740
50.04415933
50.05769277
50.06902610
50.08000822
50.09373068
50.10349064
50.10816650
50.12349668
50.14369362
50.17038951
50.30049685
50.31217682
50.31792928
50.37480279
50.39327537
50.41046051
50.47084823
50.47459617
50.48433927
50.49445451
50.50198722
50.58862949
50.60427785
50.62834152
50.63366203
50.65345138
50.65421136
50.65476247
50.65601651
50.66382275
50.66826665
50.67848169
50.74065502
50.74298601
50.74592051
50.76269699
50.78325612
50.82276290
50.84428648
50.89520046
50.95277861
50.95736418
50.95787574
51.00418375
51.03448509
51.05028123
51.06571487
51.08410475
51.08704134
51.11271548
51.12690526
51.13204831
51.14100198
51.14652714
51.15541257
51.15678644
51.18006084
51.18674440
51.19858364
51.21886475
51.29865545
51.30162191
51.30885159
51.32643719
51.34932268
51.40301997
51.41835648
51.45703711
51.48249127
51.53923060
51.54229222
51.55440352
51.57717831
51.58931974
51.60998612
51.62270592
51.66064300
51.67542472
51.68547381
51.69522511
51.73474894
51.73983499
51.74189080
51.74936477
51.78518442
51.80222609
51.84846910
51.89095732
51.89692147
51.90468081
51.94787618
51.98025557
51.98242106
51.98508177
52.01020433
52.03055787
52.04191625
52.06110733
52.10680714
52.11595473
52.12204455
52.17312780
52.18070754
52.25848554
52.35786831
52.40127921
52.40777322
52.43788481
52.46648378
52.48489528
52.49703853
52.54961755
52.55822296
52.63207457
52.65009799
52.73007597
52.80868223
52.82969003
52.83694487
52.85260590
52.85510874
52.88362340
52.90403949
52.92836034
52.93027464
52.94521183
52.97104648
52.97938967
53.02906135
53.09175202
53.09424553
53.10101323
53.13165203
53.14745378
53.15615530
53.16889370
53.18069346
53.21456506
53.21540157
53.25275057
53.28453970
53.29324101
53.31326375
53.38736991
53.38844991
53.41138075
53.43587015
53.46552183
53.46761355
53.47611432
53.48094863
53.48275218
53.48325822
53.49553345
53.52013893
53.52935674
53.67251942
53.67346414
53.74968099
53.80925037
53.80955928
53.81981326
53.87699803
53.88788807
53.94286483
53.94822350
53.95112677
54.05281262
54.07928705
54.13207881
54.15081827
54.17734848
54.18325069
54.20512380
54.25278284
54.44945535
54.49480184
54.49520237
54.50621316
54.53848594
54.56018598
54.63008521
54.66423911
54.68198042
54.68931278
54.70660149
54.71681037
54.72852900
54.77478179
54.78888303
54.84464151
54.85991227
54.88773484
54.92626968
54.96306765
54.96995116
54.97689149
54.97701308
54.98476860
54.98665205
55.00530368
55.02639332
55.14820865
55.19098053
55.20601180
55.20610697
55.22611115
55.25541620
55.26812200
55.28023528
55.28507242
55.30866721
55.32358103
55.35793685
55.36476155
55.40238995
55.49079217
55.49696830
55.50117184
55.51060497
55.51419803
55.54932398
55.57150710
55.60837235
55.63554686
55.64685264
55.69320960
55.69534301
55.78857663
55.79565952
55.79599973
55.81125825
55.81716673
55.82196009
55.86407004
55.86969858
55.93384043
55.95205906
55.96227536
56.01002967
56.01928848
56.01933553
56.03467183
56.05262594
56.07174648
56.11242229
56.12628982
56.15904060
56.18581982
56.20196923
56.24880196
56.25046472
56.28098788
56.28407919
56.34328050
56.37033084
56.39748515
56.41139259
56.44355190
56.46673538
56.57850998
56.62602158
56.63391789
56.64673979
56.70072399
56.73261896
56.74075936
56.78232953
56.81118595
56.81353428
56.84490703
56.84803214
56.84804862
56.89723025
56.92116996
56.95224355
56.99059939
57.00422823
57.05658482
57.07633382
57.12298012
57.16274161
57.17840304
57.25914630
57.26643768
57.28190804
57.28935872
57.29279333
57.31411838
57.33662098
57.36009164
57.36462638
57.46620639
57.46967860
57.47802855
57.50179923
57.51404489
57.51864274
57.54982708
57.58795015
57.59911786
57.61322834
57.65726281
57.70768182
57.71065000
57.77405528
57.84101159
57.89130007
57.90120483
57.94767886
57.96420759
57.98813612
58.01177480
58.07241327
58.10718668
58.11843828
58.12371823
58.12456992
58.12957761
58.13696368
58.13879396
58.14029826
58.17010917
58.18826438
58.19494391
58.22794115
58.28153744
58.28594725
58.29061574
58.34429111
58.43084629
58.43264934
58.47492308
58.60172740
58.60468529
58.61626463
58.70885783
58.73149681
58.76095543
58.82292216
58.82807950
58.86230253
58.86568418
58.90116141
58.95126033
58.96206756
58.97654227
58.97846156
58.98151650
58.98250136
58.98496673
59.01748609
59.03862569
59.04745507
59.04847268
59.05706915
59.11192585
59.19897850
59.20863761
59.28819704
59.29454314
59.29574621
59.30364223
59.31335477
59.31397731
59.33855548
59.39323279
59.39909091
59.47743021
59.48025985
59.51108081
59.53559900
59.56375331
59.68126343
59.69204112
59.72363521
59.74660423
59.74857958
59.78623724
59.82981676
59.85711994
59.87996959
59.99697173
60.00482745
60.07200797
60.10201626
60.10684533
60.13535152
60.13780732
60.14125093
60.23467338
60.28154496
60.30264353
60.31769969
60.33723156
60.34403625
60.36512217
60.36913422
60.37224984
60.41338119
60.42250588
60.42811687
60.43874403
60.47902076
60.47928626
60.56646467
60.57916425
60.69671266
60.72029004
60.76001141
60.78005965
60.78165072
60.83932556
60.84536960
61.07577028
61.09298856
61.09951778
61.10447581
61.20656425
61.24933471
61.27413843
61.37616700
61.38762484
61.38788004
61.41459221
61.45561570
61.56800703
61.63398325
61.63683324
61.68866660
61.70417476
61.74605727
61.82477128
61.84563275
61.87887523
61.88912707
124.00000000
