0.03437846
0.05027102
0.05226473
0.07533834
0.09723481
0.11811195
0.17420347
0.17988256
0.23680720
0.24240429
0.27831444
0.28458589
0.28666955
0.31162872
0.32456953
0.39100548
0.41434863
0.42156327
0.46448346
0.46989364
0.48465339
0.55283962
0.60218060
0.64491132
0.66020650
0.66271556
0.67157531
0.69189614
0.71152570
0.72868555
0.76638794
0.82426769
0.83189781
0.87033948
0.88178927
0.89713464
0.89930954
0.92552348
0.94412029
1.01157264
1.02564827
1.09916628
1.11879324
1.13723378
1.16351741
1.16695027
1.17561850
1.19257418
1.26137431
1.27505598
1.31803992
1.32131146
1.36279821
1.36383075
1.36494017
1.40124345
1.40779847
1.42120862
1.43853916
1.43892925
1.48938338
1.49697160
1.55620375
1.58278223
1.61911598
1.63577978
1.70359960
1.70839521
1.71130111
1.71757643
1.73885768
1.82911810
1.84471565
1.85511560
1.86046252
1.86429507
1.87926141
1.91839717
2.02575235
2.03162862
2.05117630
2.05567617
2.09057460
2.10194706
2.13864557
2.14521925
2.14895568
2.18795733
2.20931418
2.22835348
2.24148990
2.29932092
2.31929556
2.33880123
2.34857378
2.37582889
2.39091915
2.40509047
2.43966529
2.46564926
2.48051897
2.49376334
2.49853333
2.57217496
2.57407364
2.60840437
2.62565967
2.64486206
2.69678854
2.78315997
2.80890003
2.85367993
2.95757254
2.95830241
3.03090123
3.04809562
3.04822240
3.10117642
3.10505092
3.12356762
3.14833376
3.19108674
3.19653070
3.23662204
3.25476745
3.25481793
3.29612257
3.36755115
3.37527290
3.37777083
3.37980294
3.41645256
3.45904800
3.48157887
3.50844960
3.54996611
3.57969448
3.61109463
3.73025246
3.75754674
3.85953620
3.88383109
3.90448447
3.91401103
3.94552897
3.97236037
4.01148321
4.02011397
4.02245996
4.05883011
4.09166485
4.10971733
4.14993910
4.16778905
4.18604476
4.20213513
4.21980686
4.22523652
4.24035693
4.27466922
4.36395186
4.40884337
4.42394243
4.43230818
4.45563594
4.52943541
4.52953432
4.53008705
4.60414765
4.60525550
4.61810388
4.62261709
4.63764123
4.64936570
4.66410635
4.68539883
4.68989754
4.74589014
4.85994104
4.90427701
4.91441271
4.92824658
4.93851287
4.98116385
5.00907699
5.01735977
5.02542766
5.04789924
5.04970603
5.06144709
5.11938414
5.11964931
5.16326500
5.23919100
5.29467877
5.30380177
5.30823748
5.31624111
5.31788473
5.31910967
5.33915135
5.35030477
5.35592545
5.40019375
5.40082884
5.40332947
5.41634705
5.43726617
5.44148432
5.47681589
5.54595039
5.54901149
5.59345219
5.62829964
5.63831557
5.66437326
5.69015513
5.73649660
5.80379595
5.85810899
5.89177376
5.92481681
5.93440675
5.96377066
5.96564537
5.98179200
5.98212680
6.03120643
6.03306306
6.07919065
6.08072571
6.09582870
6.11383185
6.12731473
6.13463925
6.14516067
6.17388242
6.21341381
6.23206066
6.30101203
6.30294004
6.32387419
6.34876639
6.36983021
6.47196512
6.64140728
6.66102165
6.68583734
6.79576942
6.84064939
6.84936237
6.85710964
6.86738268
6.97480139
7.02101721
7.10312452
7.12844795
7.15164977
7.16045539
7.16318787
7.16723159
7.16875130
7.17383377
7.18717901
7.23813559
7.28373709
7.30024204
7.32358806
7.32535325
7.34439080
7.37810558
7.38924620
7.39623077
7.41566209
7.44890107
7.49318431
7.50386999
7.50618483
7.51260334
7.51420630
7.52289230
7.55772360
7.56726135
7.56962410
7.58492508
7.60389466
7.62554581
7.64268040
7.70023306
7.76900552
7.77898857
7.83229510
7.83586710
7.85002300
7.86423753
7.87391239
7.90588006
7.92630665
7.94307857
8.00883261
8.04001753
8.08054910
8.09492175
8.12933103
8.12989078
8.16543358
8.20342399
8.22783549
8.24200656
8.25735485
8.48108577
8.48759705
8.57219265
8.62831601
8.64732636
8.67368248
8.71358649
8.71398004
8.79860197
8.86807702
8.89789914
8.91458457
8.91936858
8.95759692
8.97388470
8.98481905
9.06003816
9.07044188
9.07610293
9.07769411
9.08099623
9.11381177
9.17639371
9.26903364
9.29304381
9.30305289
9.33582735
9.34879327
9.39836650
9.41680264
9.44647709
9.46821294
9.46998846
9.48726854
9.49534893
9.57061651
9.60213895
9.64685744
9.68345912
9.72790822
9.74921839
9.77641483
9.81435088
9.84134656
9.85598078
9.86784839
9.87943492
9.89330231
9.91197780
9.92694032
10.02468825
10.03042773
10.05152611
10.10902070
10.13079893
10.14769335
10.19938590
10.20353663
10.20391259
10.22563627
10.23070066
10.23260263
10.24379851
10.29582423
10.30181698
10.33188087
10.34306944
10.41354601
10.41834438
10.43147395
10.45131822
10.45540645
10.46338217
10.47905281
10.52041983
10.54128402
10.63294736
10.65547136
10.67521175
10.70180789
10.70190803
10.72172336
10.73374205
10.73748271
10.75558156
10.79405284
10.80739071
10.88431808
10.91570012
10.96740695
11.01173608
11.02353694
11.04857480
11.07425562
11.10058299
11.15693057
11.20315259
11.24546723
11.25236148
11.25963750
11.26541835
11.26548419
11.30348934
11.33217492
11.33459167
11.35819794
11.38576369
11.42554535
11.43454455
11.45102367
11.47325935
11.47359269
11.49996944
11.50497843
11.53625254
11.64695682
11.66773485
11.67118330
11.69083592
11.69121512
11.75845019
11.77419018
11.81570074
11.84784130
11.85498902
11.85568700
11.89807155
11.90952016
11.91442215
11.92537219
11.94014129
11.95897274
11.96319400
11.97865057
11.97935329
11.99048584
12.01984630
12.12343788
12.16401670
12.16640532
12.22792471
12.24137371
12.26173973
12.29374225
12.30838901
12.32470043
12.34020728
12.34838819
12.37265188
12.38925638
12.42251503
12.42333693
12.46285758
12.47337744
12.47683274
12.47824377
12.49938378
12.53804523
12.54219802
12.63441122
12.63949433
12.64375946
12.66716874
12.76499104
12.80502952
12.81837079
12.82108208
12.82110795
12.83118830
12.83992191
12.85585410
12.90348067
12.92508307
12.95739881
12.97961572
12.99003106
12.99948398
13.00872385
13.01578337
13.09276675
13.10419228
13.14592667
13.15578853
13.18894904
13.19142504
13.24150718
13.26125829
13.27505075
13.28290411
13.30186061
13.35039367
13.35941838
13.38503667
13.41624800
13.45459386
13.47311507
13.47883033
13.48089793
13.48593533
13.54420681
13.56467208
13.63475270
13.68755211
13.78234718
13.80960958
13.86219881
13.90622427
13.92754290
13.94910621
13.95929169
13.97357708
13.99628760
14.00242131
14.01147198
14.02142037
14.03799554
14.05172580
14.06679814
14.12860859
14.14900849
14.16148351
14.17565152
14.19934331
14.19984104
14.20429760
14.22845874
14.28299495
14.34583595
14.39953938
14.42928832
14.47197678
14.48567644
14.55224811
14.62805106
14.64970485
14.66820108
14.69264364
14.70220953
14.70359489
14.72784256
14.72900624
14.76391711
14.77156990
14.77270934
14.78313744
14.80429693
14.83509766
14.89385216
14.93560575
14.97266909
14.98234681
14.99135085
15.03528514
15.03779520
15.09144378
15.10102608
15.10396746
15.11314907
15.16601661
15.18063177
15.25560349
15.26091614
15.26283974
15.27391061
15.27631675
15.28261905
15.30951691
15.36599845
15.44805631
15.53304971
15.54181838
15.56346151
15.56568829
15.58816494
15.58963534
15.60262706
15.60832740
15.65617486
15.66082237
15.69539330
15.70895955
15.77932044
15.80044798
15.80949769
15.83647300
15.84629124
15.86627030
15.90630787
15.92315593
15.92512480
15.93895520
15.99226796
16.01074325
16.03109119
16.06880177
16.07190309
16.09217280
16.16962393
16.18478013
16.23182309
16.24648500
16.25072307
16.28154735
16.28204433
16.29514266
16.29644172
16.30000637
16.32293790
16.39968283
16.42436709
16.43879157
16.46081429
16.51200378
16.54074852
16.57919025
16.58245366
16.64746730
16.68278984
16.69287609
16.74331805
16.76223643
16.77337277
16.79079658
16.79338145
16.87793906
16.89917339
16.90537653
16.91492953
16.91590882
16.95422902
16.98518879
17.00768618
17.04213451
17.09000109
17.09140799
17.12890803
17.15395317
17.15431069
17.15578173
17.15990445
17.18018979
17.18255949
17.19398497
17.19525387
17.23171809
17.28110488
17.29531719
17.33137609
17.44285027
17.46343081
17.50230278
17.52431396
17.52754788
17.58315641
17.59154848
17.62672008
17.64121738
17.64648367
17.73455463
17.75369383
17.77796551
17.79663609
17.80959224
17.88933350
17.89427029
17.93825650
17.96172023
18.01210039
18.01437851
18.06768333
18.07012005
18.07062305
18.08228182
18.11001740
18.11055915
18.12057209
18.17420144
18.17919976
18.19946864
18.23367179
18.27336555
18.31650424
18.31798783
18.41103394
18.49201072
18.50610903
18.57253215
18.58675095
18.59487462
18.59851583
18.60519504
18.60964180
18.61755764
18.62292435
18.69708720
18.79452639
18.80851764
18.80951555
18.81225176
18.81427346
18.82034954
18.84420475
18.90779542
18.94556727
18.96055215
18.97161642
19.02117316
19.04012516
19.04456203
19.07427749
19.14756597
19.15807626
19.16039308
19.18489867
19.18717142
19.19594274
19.24322241
19.28484520
19.31154681
19.38109552
19.39373243
19.45973874
19.51506967
19.54456914
19.57942884
19.58801791
19.59142381
19.59584335
19.59683122
19.62617410
19.65358550
19.66197369
19.69760765
19.76286568
19.78271568
19.81439347
19.83164351
19.86365313
19.87024471
19.91701677
19.93663298
19.94655199
19.98216306
19.99341000
19.99405087
20.11549834
20.12313477
20.17324279
20.20248981
20.21450334
20.21738013
20.22013485
20.22789866
20.25469297
20.27268922
20.28261140
20.29327656
20.29604278
20.36840791
20.39926030
20.46907882
20.48982494
20.54492361
20.57529216
20.61170685
20.71668267
20.80805888
20.80817485
20.87649807
20.90201449
20.93987472
20.95866253
21.01908997
21.05808851
21.07495060
21.12772518
21.18167684
21.18565605
21.19070637
21.25832225
21.27063597
21.30670362
21.30950711
21.34571818
21.36092642
21.36446057
21.40052757
21.43988415
21.45803729
21.46226930
21.52278467
21.62314799
21.66145471
21.78355867
21.79418359
21.80284106
21.80497483
21.82256872
21.83477509
21.87226168
21.91599554
21.92041306
21.97962124
21.99306642
22.00325508
22.05095843
22.05240549
22.08089838
22.18210840
22.18431496
22.20915650
22.21372263
22.26421516
22.27364588
22.29473598
22.30779477
22.35393395
22.39302260
22.42684106
22.49835218
22.50436338
22.53251571
22.53989437
22.54257169
22.60333820
22.63433253
22.66011122
22.66653817
22.81831888
22.82349020
22.90255710
23.04208944
23.08582433
23.09316237
23.09733030
23.10728729
23.19578918
23.20157048
23.21156885
23.30254013
23.32591345
23.34752376
23.36043996
23.39796512
23.42013742
23.44714338
23.45735809
23.46805238
23.51082434
23.54358859
23.57630158
23.57929822
23.61259237
23.64841956
23.67315811
23.70433676
23.71722022
23.77974967
23.78030659
23.82427852
23.83723077
23.84019804
23.84958481
23.85717742
23.85941875
23.87347996
24.01326562
24.04722255
24.06256664
24.06954746
24.10280831
24.13959362
24.16604575
24.22577129
24.26088931
24.28925620
24.29529127
24.31019326
24.31070249
24.40456868
24.40511819
24.41555885
24.43210103
24.44961735
24.45935259
24.48218434
24.52577775
24.54091650
24.55345725
24.55455139
24.60940331
24.64906705
24.70213640
24.70780410
24.71185398
24.78395146
24.88348361
24.90520573
24.94301128
24.96188501
24.96924551
24.98751034
25.05819621
25.06036521
25.10447124
25.11619934
25.14066947
25.14167966
25.15453025
25.19077926
25.22457925
25.23358702
25.30875639
25.31168030
25.36205651
25.37113899
25.37149613
25.39449019
25.43564130
25.45727579
25.54179469
25.55313572
25.57756190
25.60462301
25.61562994
25.64079894
25.64485924
25.66203795
25.75721214
25.78383141
25.81870594
25.81871473
25.82113067
25.83583442
25.88461053
25.92236337
25.93968509
25.99976810
26.02648538
26.04090618
26.04645599
26.05309519
26.11452506
26.14488605
26.21295635
26.27427502
26.28110689
26.32680138
26.34934532
26.40786706
26.41530895
26.44138520
26.45806318
26.53657843
26.61399318
26.62424413
26.68438133
26.72509123
26.74212346
26.78884345
26.79499394
26.82459552
26.84167073
26.85756055
26.93038591
26.93164811
26.94761475
27.04577225
27.08458429
27.08549076
27.10874158
27.25358301
27.33056675
27.34056731
27.42539852
27.52596483
27.54207904
27.55795958
27.55866122
27.59312907
27.60444488
27.61264975
27.65197085
27.66880810
27.71623502
27.74112917
27.79660297
27.80985971
27.81640966
27.84117939
27.90336822
27.94190697
27.94736657
27.95446623
27.96044386
27.98045089
27.99229220
27.99662245
28.00439805
28.04599066
28.05762360
28.09790178
28.15515052
28.17185347
28.17661743
28.20405124
28.22717054
28.26856552
28.38162019
28.43081658
28.43675896
28.45813925
28.46614518
28.48364211
28.48928653
28.49138635
28.50192410
28.51717352
28.52146763
28.59462086
28.59874172
28.63757867
28.71532399
28.78666032
28.80235851
28.85063987
28.90781085
28.91151243
28.93951225
28.97143328
28.98501234
29.01023183
29.05771607
29.13423634
29.14625698
29.17026554
29.17437527
29.19900665
29.24667634
29.25261522
29.26920491
29.27566274
29.34019317
29.35908972
29.42811901
29.48351689
29.48739751
29.56485308
29.61228609
29.66557359
29.68675876
29.70761526
29.73675002
29.73740651
29.74654813
29.78096139
29.82288300
29.82491800
29.86218003
29.86812342
29.88201606
29.88350178
29.95216200
29.96501430
29.98836233
29.99797167
30.01462844
30.01873916
30.06961599
30.07273374
30.07502837
30.13057274
30.14454320
30.14616016
30.18795118
30.19317723
30.22803455
30.24248791
30.24390995
30.26143620
30.26395989
30.26751864
30.29237286
30.30006724
30.34394514
30.36049561
30.37810388
30.43248303
30.44148480
30.51203308
30.52808851
30.59445048
30.62094159
30.65164558
30.71366528
30.71495992
30.72144803
30.76414810
30.76814200
30.79654886
30.81385529
30.84137834
30.87110156
30.91276345
30.91776685
31.13991605
31.15039204
31.16322919
31.21159533
31.26201873
31.29001656
31.29871216
31.30657960
31.30824534
31.38667049
31.45146369
31.47684273
31.48747047
31.50852160
31.58640744
31.64664219
31.65087751
31.69137130
31.74326198
31.76764682
31.77437365
31.78337517
31.78983533
31.79632320
31.81398046
31.89824841
31.97425807
31.97758946
31.98633662
31.99267780
32.00038507
32.02512513
32.03416485
32.05826045
32.10233607
32.10541829
32.11665343
32.12171533
32.16884351
32.22354611
32.24763556
32.26345177
32.36993905
32.38638223
32.39987732
32.40867270
32.41211808
32.41637749
32.44584928
32.47951576
32.51091250
32.53381245
32.53455589
32.54813406
32.61794472
32.64132586
32.64631766
32.64856593
32.71263766
32.72466235
32.84861724
32.86371029
32.93450282
32.95362058
33.08496814
33.14835124
33.24528787
33.29237632
33.32153249
33.32459918
33.38895552
33.44503181
33.45986605
33.47005431
33.50029849
33.55268914
33.55383655
33.55790556
33.67225311
33.68283690
33.68720282
33.69756353
33.71359463
33.72158834
33.79449107
33.81691704
33.82742121
33.84681796
34.01847110
34.05424568
34.07391409
34.14183866
34.18015194
34.19657368
34.20455511
34.22276588
34.27140562
34.27823299
34.28980466
34.29036877
34.36122937
34.37897864
34.38600500
34.39991947
34.42165967
34.46587790
34.46770433
34.46801134
34.48362543
34.59918706
34.65933311
34.70959248
34.71727739
34.72410868
34.78499149
34.81532598
34.82583832
34.85541777
34.86042948
34.87533339
34.92159074
34.92804828
34.93896063
34.94757699
35.03587688
35.08676806
35.09355285
35.13769396
35.16922412
35.16934817
35.17211123
35.18031298
35.18862768
35.23427592
35.31416412
35.37804689
35.37887792
35.41423934
35.41454342
35.45894684
35.52493730
35.53747479
35.54483302
35.54638200
35.57726398
35.60726577
35.60921106
35.65025503
35.66366197
35.80667260
35.83726906
36.07428385
36.09541967
36.12024376
36.21898344
36.22771927
36.23467793
36.25107169
36.25836232
36.26727927
36.27649877
36.27733742
36.28135482
36.29538578
36.29758848
36.29783653
36.29922759
36.36442778
36.40299330
36.42459062
36.45463312
36.48862240
36.52302622
36.58133027
36.61041475
36.62443898
36.63647634
36.69628951
36.70974398
36.73787346
36.74558206
36.75852650
36.77178646
36.79007445
36.79597528
36.81833671
36.85027496
36.93587239
36.94550210
36.95504727
36.96307645
36.97440354
36.99275807
37.12069532
37.15393918
37.16489350
37.17886021
37.21174835
37.26269678
37.27878190
37.29294175
37.29582962
37.29678272
37.32189767
37.38245026
37.38309615
37.45182638
37.48361373
37.53278811
37.61313711
37.61965278
37.64587763
37.70179774
37.73546648
37.75873571
37.81868961
37.83341483
37.85936379
37.94638592
37.95509115
38.01659885
38.01669050
38.04306467
38.05623804
38.09096289
38.09759454
38.12415198
38.20346103
38.25775754
38.29423780
38.33370686
38.34859291
38.36709177
38.38661648
38.39345732
38.40378570
38.42760013
38.45510342
38.45950029
38.48180107
38.50399574
38.54124813
38.56165421
38.56194708
38.58244942
38.59366068
38.61984365
38.63473968
38.67868173
38.69387594
38.71788838
38.72069416
38.79131106
38.83356152
38.84565727
38.85151904
38.85242272
38.88015336
38.88595694
38.91871624
38.92377252
38.94462536
38.95547143
38.97328122
38.99621072
39.06745064
39.09318886
39.10880123
39.13691559
39.22056399
39.22429554
39.23936640
39.38965787
39.39488669
39.40755426
39.42779868
39.43742077
39.44834985
39.48817069
39.50456458
39.51497710
39.56350300
39.56571927
39.57953609
39.58011234
39.59420039
39.60663754
39.62601031
39.64560804
39.76391476
39.79508547
39.81112386
39.84945469
39.88234045
40.02371809
40.04012466
40.06145674
40.06256070
40.11955545
40.12844772
40.13801806
40.16002465
40.17405831
40.19229019
40.20283460
40.21926793
40.24819258
40.26290255
40.27874446
40.29729735
40.34055291
40.35913688
40.37803777
40.38190285
40.38229037
40.40095026
40.40693170
40.42535775
40.44255663
40.48160035
40.48482547
40.53253747
40.54128002
40.54170803
40.56521938
40.56828050
40.58180926
40.62698374
40.64849009
40.71798151
40.72216105
40.73212609
40.73622644
40.74766746
40.77611044
40.77985710
40.79186850
40.81522943
40.83176205
40.83232362
40.83388307
40.84044500
40.84175592
40.84248871
40.84978572
40.86397766
40.93827124
40.95336933
40.97026152
40.99661666
40.99681865
41.02702127
41.06352439
41.09894440
41.11841692
41.15211498
41.16353203
41.21178833
41.25519754
41.28859160
41.29288101
41.42724389
41.43557033
41.43586239
41.52681426
41.52831357
41.54667914
41.55909623
41.57644091
41.69659781
41.71196908
41.72295243
41.73833543
41.76369648
41.79759102
41.81752362
41.84995078
41.86364392
41.88477506
41.89281865
41.92693092
41.96006355
41.97504306
42.00917680
42.05638528
42.09393032
42.09414186
42.11099814
42.13764089
42.14377373
42.14534098
42.16713798
42.17325500
42.19025911
42.19695219
42.21491973
42.28091638
42.30269683
42.32285669
42.39727316
42.51034160
42.51485618
42.55431072
42.56088231
42.64428566
42.64591273
42.67151986
42.67306916
42.81975827
42.84670457
42.86627536
42.87477245
42.87667802
42.88264703
42.94663067
43.00237323
43.00508582
43.03485667
43.08483279
43.16193592
43.18942499
43.19505934
43.20473378
43.21759639
43.25280647
43.25792265
43.26888096
43.27112924
43.35979679
43.36009447
43.36519677
43.37708954
43.50849325
43.51081832
43.51128193
43.63130455
43.63468593
43.66301974
43.70463203
43.71128381
43.74752650
43.74770271
43.76756936
43.78149983
43.81858048
43.86089133
43.86731157
43.92503803
43.93199550
43.94993351
44.00072184
44.00585340
44.01355293
44.02208968
44.03968455
44.05812360
44.06125820
44.06231418
44.07698018
44.07770959
44.09559647
44.10180541
44.10863503
44.15299018
44.17702211
44.17882555
44.17968611
44.18602827
44.21839342
44.24726302
44.25923058
44.26269673
44.27799429
44.27893633
44.28363455
44.28913213
44.33322974
44.33740475
44.33993112
44.34833547
44.39176574
44.39779913
44.48975870
44.49430153
44.49878169
44.55147925
44.55295914
44.55597922
44.59308111
44.63288232
44.64643381
44.67626739
44.80027395
44.86018856
44.87149575
44.87755009
44.87755796
44.95396654
45.04767063
45.09295019
45.09478398
45.11422671
45.17352597
45.18137212
45.18945665
45.25570657
45.26571426
45.27077558
45.28170175
45.32418198
45.35712440
45.36651962
45.39689691
45.41472249
45.41873406
45.44566687
45.47047879
45.48392103
45.49644893
45.50270191
45.59554889
45.60117266
45.60690818
45.63507376
45.66243846
45.69612697
45.72549370
45.72727059
45.73043126
45.74001594
45.75880196
45.80326269
45.81602089
45.82516745
45.89915506
45.91310328
46.01241690
46.09518839
46.10125791
46.11230590
46.17181129
46.19096922
46.25593697
46.25649840
46.30788588
46.33720740
46.33986012
46.34731061
46.35751845
46.41436411
46.46258822
46.50854510
46.52695757
46.60175889
46.64121851
46.64750002
46.65450261
46.74216063
46.75755960
46.77147512
46.78049522
46.84569059
46.88423534
46.93429874
47.01632069
47.01992292
47.02278483
47.08229787
47.09190690
47.09874090
47.12185830
47.19937976
47.22953861
47.23408837
47.26764949
47.27499598
47.28832620
47.30162735
47.30978383
47.31568338
47.32716889
47.42180765
47.46444613
47.47465148
47.47738451
47.50187590
47.52150633
47.54764309
47.55922281
47.56363236
47.61140886
47.64395776
47.65284931
47.71450081
47.73281967
47.76263871
47.78301943
47.81255161
47.83468267
47.85536180
47.86315626
47.86670084
47.86743184
47.86912354
47.93752075
48.01486176
48.02666867
48.04311956
48.07374719
48.08140065
48.08420700
48.12929397
48.16561689
48.16738499
48.24616725
48.26031825
48.26145069
48.33728819
48.36583633
48.36994484
48.38456900
48.41299580
48.49182684
48.51783596
48.62204424
48.62828207
48.65567475
48.67074292
48.69222925
48.69625228
48.77858988
48.82997757
48.94626801
48.95153873
48.97225517
49.00965513
49.13983893
49.20580118
49.25495172
49.26378898
49.28177166
49.32410513
49.34539225
49.35261891
49.37836216
49.39646619
49.40276916
49.46416769
49.47614367
49.51538844
49.53258721
49.54899369
49.62000063
49.67762689
49.68007524
49.68168165
49.68552241
49.70154374
49.70688780
49.73381414
49.75819177
49.76747982
49.91859640
49.93827782
49.93906935
49.96485892
49.97883667
50.00233328
50.03876392
50.06817621
50.09373068
50.09428835
50.09518511
50.13215639
50.14034368
50.14236160
50.21132693
50.22316348
50.22400620
50.27800938
50.30902908
50.35852715
50.36920927
50.38310041
50.39136711
50.39857401
50.43028755
50.44634293
50.50034468
50.50458665
50.51862312
50.58807773
50.61072228
50.70896740
50.71752219
50.75034570
50.80219620
50.84526566
50.87400790
50.88150535
50.91804695
50.98858519
51.02934052
51.04856781
51.08334532
51.09146332
51.11769695
51.18763067
51.20874035
51.28806262
51.29865545
51.32272109
51.34442094
51.34759487
51.35339596
51.36912836
51.38883381
51.42377453
51.42965063
51.44506112
51.49393742
51.52884432
51.66324438
51.72572518
51.76462241
51.77192131
51.80599728
51.84183270
51.90281225
51.90582270
51.94160532
51.96749287
51.97930013
52.00819975
52.02597652
52.03114677
52.06132973
52.08903582
52.12432386
52.15339965
52.16264727
52.16289127
52.20093235
52.20361492
52.21078805
52.24217937
52.26953632
52.30020197
52.30848027
52.31187314
52.32693669
52.35384672
52.36612719
52.39872632
52.44929759
52.48211801
52.50291044
52.52141468
52.54817411
52.56481472
52.56742671
52.62397907
52.65131951
52.67720649
52.69289533
52.69893779
52.70978488
52.75533999
52.76732741
52.82119409
52.87016317
52.93190305
52.93678928
52.97185376
53.00288369
53.02279561
53.02533554
53.02613030
53.02919017
53.06982198
53.13888165
53.14928865
53.16137426
53.19501873
53.20188929
53.22058438
53.25365886
53.25429073
53.26197850
53.38573466
53.41710496
53.42334971
53.43396855
53.46148945
53.46874392
53.48100107
53.48651950
53.52935674
53.53140036
53.53348400
53.59719136
53.65272354
53.66938901
53.73232476
53.75110162
53.75596574
53.76212814
53.76520665
53.83316882
53.85546446
53.86888817
53.92394079
53.92923556
53.93516168
53.93946750
53.94911621
53.96877929
53.99290159
54.01557379
54.02284063
54.04525961
54.05254660
54.12940657
54.15634633
54.21911777
54.23975254
54.24964156
54.25330924
54.25583257
54.27761145
54.43695353
54.49520237
54.60597449
54.60790230
54.61234904
54.68819353
54.73448244
54.73655267
54.74274932
54.81927985
54.82832171
54.83700556
54.88984069
54.90149854
54.93945937
54.95060067
54.96008510
54.98327505
54.99813430
55.00750609
55.02304950
55.03501390
55.12745649
55.13170328
55.14248189
55.14618511
55.18820502
55.19796431
55.28959942
55.29031632
55.30752404
55.35210060
55.35310146
55.37898937
55.38751831
55.39449098
55.39527090
55.39693124
55.40037121
55.43409472
55.44827442
55.47034890
55.48239343
55.49342671
55.50924893
55.52745580
55.56703707
55.65572964
55.66423619
55.68060431
55.69722902
55.70621702
55.73206655
55.79264594
55.79355064
55.80552566
55.81377835
55.81727195
55.82294086
55.82718236
55.87584863
55.87842419
55.90655482
55.92058773
55.93433046
55.94456973
55.96521702
56.00095494
56.07306588
56.08740139
56.17629154
56.19964666
56.20594133
56.23239869
56.23914999
56.31678044
56.32607484
56.34646870
56.38531419
56.39818216
56.42449543
56.42896028
56.52466533
56.52468890
56.53991145
56.54971852
56.54993411
56.57945600
56.59027061
56.64167027
56.71427807
56.71993282
56.72637965
56.74683090
56.76630473
56.84707586
56.90621112
56.93230605
56.94117469
57.00687900
57.03176846
57.03457683
57.04094033
57.10369453
57.12194895
57.14739617
57.16351486
57.17480326
57.17840304
57.32479456
57.33174225
57.33662098
57.40452401
57.40635201
57.41595994
57.44255752
57.51122141
57.56304943
57.57448724
57.58266637
57.58832500
57.63183157
57.63631990
57.65173112
57.69426118
57.70854625
57.78340366
57.81474815
57.86310524
57.88101047
57.90212209
57.94590785
57.94634343
57.95891115
57.96420759
58.02357683
58.05047239
58.06355072
58.13879396
58.15739792
58.21406088
58.22998406
58.25472818
58.25479276
58.29336606
58.32619665
58.39557083
58.39946924
58.40168521
58.43084629
58.48603099
58.48829180
58.52695570
58.53162123
58.53645631
58.55110773
58.55240484
58.58064214
58.63234734
58.63933297
58.65694533
58.70333427
58.77694680
58.81395020
58.81929638
58.84012529
58.84036252
58.90177212
58.92180205
58.94171615
58.97846156
59.05402381
59.08933741
59.13225838
59.16502006
59.18942279
59.23505238
59.25858440
59.30198933
59.32525333
59.33073246
59.38672421
59.39152062
59.42974394
59.43388175
59.48189274
59.49548432
59.50383545
59.52352913
59.52778340
59.53479258
59.54953042
59.59699570
59.64508370
59.65647585
59.69936916
59.72451453
59.72789143
59.82878411
59.86881993
59.89332929
59.89551851
59.91604338
59.93605494
59.97587806
59.98235372
59.98361417
60.00996263
60.07224112
60.13535152
60.15813886
60.16577805
60.21721841
60.27730389
60.35574227
60.37007341
60.37048502
60.42287197
60.42880933
60.42896056
60.47991267
60.52968543
60.53508014
60.58324683
60.60633720
60.63360820
60.64349245
60.64612114
60.72029004
60.72806796
60.76678702
60.80840853
60.83932556
60.97891178
60.99910433
61.02250098
61.05265659
61.11758598
61.13106885
61.13195330
61.13720361
61.14949677
61.16568258
61.19563773
61.19628998
61.21744037
61.22744773
61.28630713
61.30234611
61.32858535
61.38091572
61.47408846
61.50171513
61.52030312
61.54941922
61.55393187
61.57756963
61.59383428
61.63139981
61.63415674
61.67662191
61.69369200
61.69921365
61.70700469
61.71294085
61.71452424
61.89150910
62.00686441
124.00000000
