0.18196882
0.19607596
0.20472577
0.22290216
0.23941455
0.25513160
0.31140522
0.33023813
0.33295669
0.42890883
0.44177976
0.45104394
0.46114124
0.48273936
0.54481627
0.56246868
0.62257501
0.64845084
0.65169414
0.66890598
0.67070137
0.69400328
0.73853482
0.78716570
0.81368198
0.81877215
0.82939068
0.84400049
0.85848459
0.90542524
0.97911136
0.98354481
1.02018615
1.04187513
1.08060999
1.08445220
1.13497246
1.15971087
1.16811988
1.20789615
1.21084996
1.22760538
1.22970691
1.24732171
1.25347034
1.25864526
1.28217409
1.36015304
1.36602088
1.36608321
1.37111270
1.37219783
1.41299307
1.43744543
1.50885152
1.52658161
1.54125893
1.54861375
1.55502192
1.58451258
1.67475414
1.67698463
1.67734230
1.71270450
1.72223033
1.73005305
1.83998683
1.84776616
1.86200702
1.87243876
1.88015294
1.89799556
1.92918355
1.94744016
1.97786509
1.99037384
1.99378560
2.00900725
2.01818518
2.10308866
2.11904336
2.12809822
2.13793452
2.17361966
2.20674778
2.20828284
2.22711535
2.28939393
2.29480603
2.29652355
2.31405847
2.40090051
2.43358082
2.52368650
2.53623728
2.55753878
2.57899730
2.60956888
2.61841426
2.61936436
2.62242316
2.62836054
2.64221392
2.65744049
2.73348747
2.75813232
2.78066883
2.81511921
2.87767725
2.98363336
3.00847768
3.03485971
3.05924582
3.07299587
3.13270554
3.13657995
3.15432341
3.15984908
3.21304269
3.28007067
3.36963062
3.38505800
3.41473172
3.41677322
3.43342591
3.43357982
3.44929579
3.54818122
3.56244146
3.61015047
3.63730813
3.66420727
3.72004447
3.81599016
3.82305367
3.82500985
3.82741337
3.83506001
3.84429293
3.85786936
3.87133975
3.87241276
3.91991031
4.00266210
4.02287460
4.02736394
4.03252635
4.16638458
4.17575307
4.18030142
4.19376729
4.19997557
4.27038533
4.28288346
4.29245507
4.29406670
4.31847466
4.32734481
4.33346418
4.36519034
4.43557780
4.48375494
4.48671971
4.49639013
4.53041060
4.55479646
4.60554466
4.63746499
4.65574093
4.65607126
4.66207060
4.69751455
4.72037515
4.72990349
4.74426569
4.79025874
4.79989457
4.80190203
4.80555399
4.82680977
4.86240369
4.86434662
4.86900625
4.89581274
4.98394476
4.98757858
5.00449511
5.00820801
5.00841028
5.01615502
5.01980091
5.02652382
5.03810962
5.12180357
5.12658816
5.18254582
5.19578133
5.20831109
5.24108993
5.25822547
5.26108989
5.28800598
5.35737352
5.36906149
5.37072719
5.38675373
5.45474972
5.49604635
5.50147767
5.52746090
5.52902987
5.53609191
5.53820729
5.56814108
5.56958061
5.59754003
5.63958880
5.64105298
5.65533807
5.66937826
5.67388527
5.68164150
5.69124250
5.72935926
5.73881356
5.74609543
5.75612457
5.75773041
5.76537311
5.77287503
5.80125879
5.83491876
5.86444016
5.87487505
5.88768329
5.90883039
5.91978732
6.09090327
6.13778988
6.20521310
6.24418373
6.37174937
6.38518162
6.41087822
6.43189633
6.44620958
6.50077845
6.50780678
6.54411948
6.57544892
6.58692507
6.61666854
6.62867089
6.63784971
6.66354970
6.74238757
6.74731416
6.75593997
6.83986125
6.85382276
7.06959762
7.09116602
7.09410047
7.09738172
7.09873466
7.11391247
7.14830211
7.14913075
7.21914903
7.32424772
7.33900294
7.34106333
7.36188875
7.36714180
7.36971220
7.44105732
7.44540092
7.45726059
7.48735436
7.50132329
7.51765524
7.56720240
7.58322903
7.65010941
7.65612521
7.66346515
7.76548209
7.77406106
7.80497586
7.89318742
7.92437426
7.92783011
7.97920312
8.01505371
8.02207766
8.10274816
8.10569868
8.11242958
8.31380796
8.31539000
8.34143771
8.34479416
8.37304960
8.38650844
8.40029295
8.42369813
8.46349348
8.46727106
8.47903016
8.48110597
8.50299920
8.50414289
8.50765319
8.51000807
8.51650390
8.52097858
8.53047875
8.54991984
8.54994050
8.62011220
8.62904030
8.64264421
8.70641521
8.71831858
8.74280505
8.76126696
8.77272889
8.77493880
8.79559279
8.79877812
8.80637606
8.81846981
8.85830946
8.88284554
8.90052015
8.92178578
8.95800068
8.98384808
9.04690278
9.05039763
9.10465550
9.16147572
9.18292031
9.21425735
9.22410868
9.23895775
9.25075449
9.35498927
9.39325098
9.42914331
9.44681601
9.50372299
9.56618721
9.60335421
9.61232143
9.65038275
9.66416191
9.69655201
9.70588044
9.76091983
9.82306983
9.83195541
9.86741812
9.90000645
9.90229403
9.95145550
9.97994478
9.99603460
10.05326077
10.09226844
10.10855464
10.12759762
10.17152272
10.17638731
10.17891289
10.19819271
10.20043446
10.21832925
10.27081626
10.28829603
10.34467328
10.39390680
10.39689171
10.40186084
10.40804060
10.45538858
10.47382508
10.47650805
10.48222191
10.52131800
10.52863751
10.55230180
10.55319551
10.62093572
10.63091860
10.67804653
10.72214028
10.74915117
10.76982325
10.77522139
10.77919905
10.78918570
10.79735011
10.83395132
10.86426782
10.86912463
10.87390681
10.88153730
10.88510256
10.89925415
10.90940108
10.91522778
10.91717386
10.94261161
10.94282885
11.04396081
11.10665954
11.10745926
11.13826912
11.16351701
11.18319651
11.20292823
11.21250407
11.23162621
11.29258547
11.31020310
11.31328437
11.31857990
11.33909000
11.37117536
11.43413050
11.50763496
11.52666210
11.54696600
11.65113194
11.69371654
11.70218820
11.71339156
11.79547039
11.79632274
11.83650410
11.89029386
11.90334363
11.92738582
11.97103681
11.99285838
12.01193106
12.07682599
12.09989749
12.21056269
12.21249543
12.21638132
12.21798556
12.26855440
12.28785328
12.30580412
12.30585527
12.31500743
12.32643116
12.42859707
12.43437450
12.63927296
12.66009505
12.67441097
12.72079125
12.72177556
12.72444093
12.73026161
12.74922707
12.79524199
12.81389775
12.81892328
12.83199894
12.83374092
12.86530967
12.87375525
12.91985297
12.98676699
12.98830865
13.02849824
13.05384426
13.05901431
13.05917760
13.07126841
13.08440062
13.09276229
13.09721705
13.10050998
13.10744354
13.13532171
13.19907757
13.20609815
13.21665891
13.23528012
13.24080994
13.26949824
13.27079370
13.29166415
13.30588663
13.32145905
13.34816969
13.37472888
13.39331256
13.41925841
13.44903369
13.55066246
13.58766820
13.58815692
13.60041724
13.61703753
13.63543823
13.65921970
13.68769777
13.69498816
13.70454743
13.70822443
13.80045773
13.80200457
13.86329798
13.90138969
13.91709999
13.93765476
13.93966265
14.01963125
14.06030280
14.07429640
14.14630592
14.16980541
14.23090137
14.23156002
14.25992158
14.26960822
14.27370949
14.27911495
14.28401852
14.28517203
14.28868296
14.30197536
14.31376848
14.32203655
14.32916707
14.34283904
14.43529928
14.45432786
14.49156972
14.50157044
14.51509595
14.57474103
14.57506211
14.63824588
14.64098062
14.65839485
14.70038812
14.74500786
14.76249834
14.76490172
14.77668975
14.81496471
14.82749114
14.83737174
14.84257958
14.88331886
14.88921951
14.90224957
14.94848940
14.95416112
14.96589650
14.97836256
14.98352739
14.99729376
15.00134852
15.02238611
15.18888906
15.24157165
15.27891944
15.29840980
15.32973703
15.39279476
15.39448069
15.40424493
15.44502340
15.45043200
15.55057393
15.56660051
15.57697692
15.60747351
15.62625950
15.62798056
15.63587251
15.64412831
15.68204348
15.70518105
15.71982561
15.73232983
15.75211791
15.76903649
15.79234591
15.81169163
15.81193648
15.82374047
15.82418657
15.82646610
15.88237166
15.91260973
15.92705356
15.96455162
15.96727339
15.97091372
15.99327400
16.00776098
16.03522227
16.04071426
16.04128523
16.06776462
16.09224287
16.11560332
16.13187147
16.14404236
16.15056607
16.19184118
16.21681128
16.26561817
16.27887938
16.31198183
16.31664784
16.33744326
16.37032665
16.43629769
16.46964851
16.48367743
16.48612038
16.50101189
16.50349373
16.51138303
16.51274097
16.53356130
16.56032008
16.57961627
16.60152865
16.61737336
16.62276275
16.66915942
16.70077900
16.74197846
16.76921155
16.79851461
16.81683920
16.83949598
16.84720000
16.88402236
16.90165211
16.93860495
16.94811476
16.96387291
16.99313399
17.00531045
17.03816871
17.04710309
17.08469073
17.09657989
17.10887558
17.14116127
17.16461057
17.17246418
17.21556931
17.21915781
17.25920179
17.27561801
17.28333030
17.30671758
17.31193129
17.35774774
17.36781747
17.36845293
17.38804076
17.58767033
17.59161008
17.60231541
17.63379038
17.65916417
17.67609706
17.74313443
17.77938921
17.82325699
17.82424859
17.90045505
17.93612248
17.93758689
17.94791720
18.02047643
18.09492061
18.10520329
18.10925102
18.15177947
18.15997339
18.17193621
18.18574227
18.19405944
18.25373880
18.25850526
18.31514121
18.37331597
18.37605377
18.38442284
18.45328735
18.47525499
18.51316638
18.52998119
18.57471717
18.57779822
18.59974975
18.61870438
18.68460202
18.69313675
18.73106398
18.73295935
18.75860708
18.80903666
18.81735861
18.91775340
18.97765818
18.99647231
18.99976411
19.01746006
19.03270668
19.05744369
19.13756195
19.15590640
19.15879395
19.16840954
19.30957924
19.31497377
19.39532547
19.40719538
19.41203035
19.44048345
19.49073256
19.51685223
19.55233395
19.58419450
19.59503828
19.59824587
19.60566590
19.63395205
19.67279576
19.69815684
19.78023489
19.79960586
19.80524479
19.81868153
19.89522038
19.93729848
19.97133930
19.98826871
20.02244928
20.04287448
20.09199387
20.09546297
20.11891933
20.18240572
20.18330812
20.21343180
20.23368650
20.27152112
20.30941259
20.32043004
20.39184150
20.48257050
20.48424849
20.48873439
20.49509628
20.50461725
20.51451588
20.52198538
20.57942443
20.59357178
20.64426299
20.65365376
20.66396765
20.69566585
20.75302985
20.76407486
20.82023297
20.83999076
20.85341741
20.86510223
20.90842536
20.92400033
21.01899298
21.02454977
21.02615647
21.08623223
21.08643556
21.12482747
21.14656522
21.14795875
21.18485743
21.26473615
21.27949101
21.34060231
21.35133719
21.36147727
21.38030478
21.41449771
21.44473889
21.45685137
21.54664414
21.57103435
21.60139921
21.62447217
21.65974042
21.70276185
21.74755685
21.75770457
21.75939274
21.76949872
21.77159612
21.83704577
21.86395501
21.93659535
21.94470137
21.95597140
21.96506933
21.96917360
21.99508616
22.01102042
22.06679414
22.07428782
22.08623871
22.11548161
22.12639592
22.19106786
22.22681823
22.24436419
22.25132718
22.25975570
22.43131637
22.45855285
22.47947006
22.57654134
22.60385181
22.62411551
22.68831912
22.70153129
22.73442101
22.83236307
22.83636857
22.84245849
22.88197871
22.90754698
22.92030242
22.92090093
22.94760428
22.96138346
23.00981743
23.02253206
23.10682319
23.16550070
23.17363744
23.19539169
23.20905107
23.21080350
23.21450934
23.23010364
23.30505575
23.32280867
23.33108153
23.39177776
23.45209708
23.51302469
23.63384223
23.65819670
23.72003169
23.75722947
23.84073863
23.88441180
23.88450445
23.94628357
23.96217691
23.98017710
23.98491797
23.99476347
24.01344474
24.08303821
24.08486722
24.13132336
24.14221360
24.14267182
24.14821720
24.19309505
24.20971172
24.21509608
24.29563350
24.37158062
24.38299922
24.40260974
24.46771877
24.51029761
24.53443419
24.64264677
24.67419758
24.70809084
24.71025961
24.72364550
24.72405442
24.77377882
24.78872623
24.86134212
24.89281877
24.89286318
24.89712042
24.99001122
25.00767082
25.01175167
25.05468799
25.10248559
25.10498042
25.10532544
25.11126204
25.12542282
25.12734150
25.13346523
25.17424278
25.19566409
25.21576479
25.28094055
25.28532336
25.28569935
25.31428233
25.37982101
25.40613557
25.40777305
25.41475891
25.42200701
25.42319329
25.45520779
25.58384585
25.60817046
25.75253596
25.81437031
25.84869734
25.85791150
25.87057303
25.88059838
25.95965973
25.96380090
25.97855522
25.99537709
26.02658294
26.05348487
26.07182006
26.07317709
26.08079455
26.10609418
26.12680010
26.13470729
26.13553834
26.14559941
26.16122863
26.17116327
26.21946453
26.22407996
26.23316958
26.23497086
26.32077947
26.33348359
26.34147492
26.36482489
26.36818098
26.37860428
26.38053906
26.44353478
26.46122593
26.46758585
26.47024249
26.47782656
26.48148648
26.54987280
26.56441533
26.59384921
26.59620191
26.62955563
26.66186080
26.71362898
26.71828831
26.73874484
26.75319426
26.77931998
26.79077787
26.90832278
26.90988044
26.91883281
26.92328431
26.94914079
26.96311658
26.99575751
27.03149514
27.20432534
27.20561579
27.22312693
27.29584669
27.31097377
27.50675733
27.52795663
27.54744872
27.56574233
27.56740867
27.58475978
27.74648834
27.76100216
27.77838311
27.78695607
27.79995152
27.82208480
27.88700635
27.91791595
27.92186407
27.95718374
27.95959652
27.97746533
27.97787280
28.05757803
28.06494458
28.11983257
28.13169193
28.18541629
28.19345608
28.19703210
28.23776601
28.25334608
28.26609284
28.42270094
28.45003341
28.46205199
28.48367273
28.49993198
28.55922591
28.65578196
28.66476849
28.70870156
28.71250222
28.84299834
28.90396846
28.91344808
28.92786082
28.95893817
28.98824857
29.03890169
29.04141932
29.06328074
29.06334671
29.06958814
29.15017243
29.15291833
29.15997284
29.17182220
29.21456507
29.24259143
29.28814226
29.34432016
29.36984101
29.37540877
29.42207455
29.43605553
29.44190837
29.54077400
29.58870572
29.60522130
29.61961204
29.62657827
29.69826752
29.72578066
29.80026882
29.80672195
29.86802987
29.92061564
29.99512399
30.00898729
30.01504602
30.03617937
30.04950746
30.06470612
30.10761105
30.12453563
30.16825530
30.21457886
30.25878608
30.26419309
30.29368979
30.42978265
30.49318693
30.56122554
30.56587839
30.61621426
30.61641493
30.61864439
30.65981791
30.66406905
30.67330379
30.70824490
30.71099928
30.74391829
30.79974703
30.87268580
30.89986979
30.90828060
30.95615760
30.95833364
31.01612435
31.04115266
31.05946052
31.08697563
31.09155306
31.12297524
31.12306375
31.14103183
31.17893167
31.18663456
31.24612755
31.33644537
31.34868004
31.37935331
31.38122233
31.38908991
31.42715268
31.43853140
31.45815483
31.50307836
31.50808026
31.53946234
31.56374772
31.59217442
31.65502531
31.66428528
31.71272988
31.77241679
31.80930284
31.82981504
31.83052476
31.84138736
31.84379569
31.85045252
31.87127659
31.89237370
31.90433974
31.93491240
31.96238540
31.97315632
31.98962257
32.01528496
32.10769679
32.11091259
32.16658988
32.17403961
32.22667635
32.22851356
32.24242146
32.25857040
32.26468937
32.30731496
32.31638438
32.36661170
32.37880766
32.39155416
32.40794992
32.44641583
32.45555332
32.48717313
32.48986076
32.50247674
32.56851100
32.59705337
32.60878804
32.61635536
32.63390542
32.69067464
32.69505754
32.72937974
32.73990005
32.74429449
32.77668590
32.79114606
32.86607664
32.87356374
32.90903424
32.91225746
32.91903794
32.92441366
32.92502643
32.97641898
33.02644094
33.03569143
33.04120126
33.05520022
33.07330166
33.19541796
33.21599378
33.25463124
33.25660103
33.26740456
33.27341547
33.28791329
33.31492359
33.32260210
33.33680572
33.36206593
33.36815101
33.42940625
33.49353389
33.52542011
33.52549544
33.52748008
33.54173462
33.54890701
33.55659339
33.56850286
33.59076692
33.69185548
33.71779469
33.74668338
33.77590180
33.81358288
33.82223049
33.83130207
33.84920819
33.90505517
33.90919634
33.93573721
33.97892609
33.99350570
34.02362551
34.12975722
34.14427053
34.19958261
34.22150134
34.22898667
34.23940674
34.26089785
34.30048418
34.31852032
34.32320999
34.42167053
34.44856102
34.47242729
34.48781719
34.51746918
34.52390021
34.55029546
34.60121631
34.65168530
34.66447161
34.66459732
34.66652766
34.67648672
34.68205422
34.70603650
34.71484243
34.78615152
34.79557590
34.85608297
34.93651043
34.94892136
34.95241969
34.98074118
35.00928077
35.04896977
35.11357742
35.13221098
35.14020938
35.27418329
35.35825549
35.36345634
35.37099497
35.37836313
35.37837504
35.42586143
35.44695494
35.44983127
35.48068712
35.49161635
35.51263026
35.57426848
35.62297091
35.63156327
35.64015946
35.67006879
35.67418344
35.67941860
35.71185073
35.75120592
35.75470285
35.76578123
35.78562971
35.83472067
35.89208637
35.91909496
35.92860641
35.99600427
36.00709176
36.12971506
36.21950906
36.24902044
36.27782674
36.30259239
36.38955188
36.46423864
36.53231995
36.55706200
36.56315641
36.64072336
36.64886317
36.68183788
36.70811498
36.80418103
36.80511314
36.80707655
36.82844880
36.88649532
36.88852806
36.89197536
36.91499123
36.93131138
36.93317830
36.94787732
36.99398684
37.12690454
37.13236711
37.13795424
37.15661726
37.16200627
37.16992870
37.22696383
37.23406877
37.25241652
37.25532967
37.29790600
37.33598459
37.38162365
37.38502988
37.46696073
37.47471270
37.49095402
37.57563430
37.59907804
37.63592047
37.65673434
37.66898766
37.71046274
37.79599577
37.80708965
37.82864216
37.82873180
37.89326807
37.89741111
37.93476119
37.94726496
37.96546855
38.00905449
38.01862484
38.03700884
38.05288934
38.06136450
38.12188876
38.16295105
38.17827664
38.19080102
38.20438663
38.23276798
38.25912794
38.31059124
38.31292129
38.35560162
38.38183632
38.38393774
38.41247054
38.42863062
38.45558477
38.45982312
38.46348767
38.48267535
38.50690912
38.51002926
38.53054768
38.56942445
38.57405568
38.60679863
38.61932827
38.62579099
38.64474996
38.67065258
38.67888864
38.69896237
38.76183595
38.77727601
38.85165336
38.85385323
38.87691265
38.87995382
38.96838372
38.97540072
38.97869343
38.98920122
39.01852006
39.03045846
39.04783451
39.07533197
39.11015140
39.12803723
39.13066411
39.16238480
39.17274996
39.20255830
39.25113324
39.26998204
39.31491306
39.32571970
39.34892431
39.40968156
39.43767050
39.45532893
39.52362596
39.57978106
39.58353512
39.61130087
39.62643264
39.63988985
39.65966444
39.75306131
39.76460494
39.77510414
39.77900082
39.82921344
39.85723549
39.91746555
39.94845648
39.94998237
39.96855784
39.97575278
39.99071382
40.00357283
40.03989898
40.04873719
40.05015196
40.08791335
40.11036388
40.12350923
40.13608122
40.14696451
40.14823308
40.17138679
40.18972024
40.23999650
40.29972452
40.31891493
40.32206756
40.41876023
40.54353503
40.59225892
40.64509765
40.64984484
40.70128799
40.72357536
40.75767544
40.77983538
40.80112495
40.81617746
40.81699436
40.82600122
40.83946446
40.87659913
40.90709993
40.90744237
40.93465118
40.97680504
40.99242119
41.06320088
41.06990974
41.10748161
41.11268592
41.13672167
41.16236505
41.20482019
41.25956543
41.29041714
41.29809344
41.30778981
41.40567315
41.46641001
41.55193367
41.58432207
41.59812851
41.60734813
41.63124329
41.64725323
41.65091366
41.65792874
41.70612066
41.72337024
41.73044960
41.78754017
41.79709887
41.83022385
41.83391826
41.85549876
41.85579348
41.85705062
41.86557500
41.87519033
41.87627018
41.92709898
41.95598640
41.96151603
42.02768445
42.07604817
42.14435214
42.22397438
42.23756642
42.25652517
42.25935590
42.26754668
42.28710700
42.29531436
42.34354137
42.34500789
42.43114509
42.45047271
42.45777719
42.46877555
42.48669971
42.49490573
42.52096397
42.53638955
42.56045674
42.56818974
42.57487109
42.61588944
42.62351122
42.67488192
42.67632971
42.69185997
42.70971266
42.72454973
42.75045072
42.77392371
42.79158473
42.80252316
42.80614558
42.82601720
42.82912597
42.91431368
42.92934347
42.93276245
42.95090607
42.99383415
43.01079608
43.04862003
43.08145719
43.10184606
43.12398187
43.13434368
43.15878835
43.15916013
43.17166548
43.19520116
43.22247757
43.28831046
43.29587729
43.30726846
43.35256302
43.42437116
43.47729022
43.49154100
43.52096407
43.53435189
43.56382640
43.57082303
43.64768966
43.67842526
43.69763376
43.74271495
43.75795325
43.75889894
43.77116343
43.77558089
43.79657908
43.83046775
43.88188849
43.96153235
43.96566096
43.96607935
44.03620635
44.09770411
44.13757806
44.16180331
44.20133562
44.23503325
44.29134336
44.30487758
44.31369146
44.31647950
44.32073516
44.35692934
44.37469663
44.43903514
44.49328729
44.51280612
44.53853745
44.65522659
44.68495886
44.71161976
44.73185179
44.73847277
44.76615957
44.78549958
44.86756167
44.90619622
44.92039887
44.92858390
44.95363110
44.95666040
44.97019435
45.04466887
45.07911986
45.11379219
45.13682257
45.17026828
45.18201218
45.19388940
45.27914769
45.28141164
45.29435053
45.34148018
45.34729133
45.36569675
45.42768882
45.44527849
45.45967889
45.61538498
45.62438975
45.62969429
45.67283690
45.67861675
45.71991668
45.72566085
45.85320118
45.99371140
46.03357140
46.03870875
46.04458779
46.04913792
46.13263352
46.13357509
46.13651123
46.14354887
46.16436773
46.17069862
46.21835860
46.22921017
46.23158618
46.24553795
46.29909720
46.31286601
46.34364000
46.38557843
46.39867404
46.42787697
46.43946649
46.44089231
46.49665023
46.50590682
46.51446798
46.52580911
46.55022534
46.60908868
46.61004973
46.61469180
46.63373890
46.65372794
46.68939293
46.72134016
46.77450731
46.79233685
46.81037146
46.83084181
46.85012066
46.85043355
46.95555116
46.99747720
47.01976341
47.04297387
47.05779437
47.08354012
47.09624813
47.12566785
47.13209746
47.13802348
47.17018217
47.21483334
47.22011260
47.28259964
47.29372712
47.41609762
47.50238525
47.52776385
47.55282677
47.57486879
47.58533799
47.61154875
47.64355470
47.68796552
47.69411350
47.69685742
47.73917322
47.75412788
47.79234239
47.79767617
47.81369636
47.82078417
47.85836672
47.93248252
47.93462796
47.98461595
48.00026765
48.01338019
48.01479153
48.03830333
48.06073135
48.06086224
48.08284312
48.08541625
48.08716286
48.11501222
48.12121179
48.13648007
48.14029927
48.18166131
48.25974328
48.30868522
48.31386159
48.31496916
48.31704108
48.34142003
48.35806170
48.36219895
48.40768319
48.43005657
48.47557124
48.47599634
48.53305527
48.54188821
48.57498004
48.63581577
48.64688555
48.66462821
48.71554345
48.71925037
48.72687022
48.74650527
48.84621887
48.85119033
48.87549672
48.90944740
49.00991108
49.01007331
49.06049246
49.06464161
49.07118561
49.07227014
49.11808147
49.12203808
49.13254702
49.13653511
49.18870917
49.19361354
49.32127708
49.37939519
49.40308010
49.40608525
49.41192339
49.43685689
49.46354914
49.47096563
49.54602785
49.62068103
49.63581850
49.65182583
49.68757598
49.72487647
49.72509016
49.76793636
49.77300428
49.81135075
49.86283375
49.88404230
49.88882606
49.90865419
49.93844432
50.00193687
50.00743954
50.00914421
50.06724478
50.08852059
50.10247925
50.13121247
50.13943540
50.17311571
50.19615799
50.29955506
50.47745779
50.49909196
50.51935820
50.57653436
50.61183482
50.62954702
50.63792279
50.65626448
50.66770760
50.73239790
50.74378914
50.84127235
50.85600543
50.88985713
50.91409635
50.95263257
50.95871987
50.99448215
51.03469827
51.15222330
51.17906834
51.19439755
51.19990794
51.20090813
51.22100898
51.24770808
51.27842532
51.28501776
51.28766142
51.30540576
51.31239965
51.31244415
51.33683530
51.37067465
51.37656083
51.39738555
51.50289100
51.52957238
51.55220351
51.58462625
51.58994989
51.67550732
51.71715310
51.73091989
51.78863812
51.80038216
51.81987058
51.84962854
51.85301643
51.85992814
51.86056487
51.87411565
51.89526129
51.90971704
51.93478871
51.93862901
51.95705940
51.97257384
51.97282902
51.98305512
52.00354520
52.05014334
52.06529679
52.07956691
52.11434377
52.13146175
52.13202953
52.15617178
52.20581470
52.21368616
52.21641470
52.26182906
52.26781259
52.26825603
52.28438349
52.29077049
52.30627538
52.31388749
52.31931526
52.35113228
52.37393666
52.39845301
52.47216470
52.47728703
52.53435060
52.55300681
52.57292154
52.62400411
52.63754623
52.68011174
52.70001994
52.71057598
52.72716840
52.76818535
52.79246222
52.79923232
52.81641609
52.86175665
52.91330297
52.94459263
52.95121560
52.95450255
53.01156650
53.06540343
53.10282943
53.12198971
53.14065017
53.14386067
53.18544339
53.21157331
53.21689331
53.28374081
53.28557233
53.32268338
53.34899220
53.37874249
53.44665574
53.45517706
53.48432588
53.49841150
53.49897405
53.50106478
53.52048161
53.53300802
53.71135203
53.71386811
53.71897787
53.72120031
53.80139758
53.80236969
53.80358072
53.80890234
53.82239845
53.84224565
53.92764442
53.92794178
54.00220903
54.03975850
54.08161219
54.15759858
54.15975403
54.22538903
54.23005809
54.27199137
54.28717174
54.29863839
54.30365995
54.30876755
54.35189162
54.36284667
54.37380920
54.37601260
54.38251250
54.50676255
54.51524852
54.52361302
54.54751219
54.56963399
54.60358886
54.60772246
54.61476236
54.64786003
54.69068029
54.71419645
54.72148046
54.80808601
54.81125346
54.81156095
54.82425689
54.83925511
54.84209735
54.84794963
54.85562855
54.86474622
54.88907648
54.90778056
54.91043395
54.93191654
54.94732762
54.96071459
54.99517249
55.00623673
55.01150042
55.02252536
55.02466491
55.03149636
55.03847546
55.04014920
55.04449211
55.05381554
55.06835434
55.14655162
55.19412578
55.19958107
55.23993550
55.24025413
55.27621485
55.31334936
55.33548070
55.42924799
55.47988699
55.48569849
55.51497821
55.54812366
55.56674282
55.57599558
55.58387279
55.58955517
55.60355275
55.61977011
55.66116258
55.72648577
55.77410159
55.79556509
55.83211619
55.91805975
56.01424436
56.05200464
56.07212562
56.08025264
56.08649088
56.09919012
56.10176078
56.10184275
56.15064417
56.17736391
56.19133074
56.21627061
56.21925346
56.22732882
56.23366757
56.25071959
56.32441258
56.35011978
56.35085568
56.35224343
56.36399546
56.36924706
56.37070686
56.38774604
56.39241981
56.40777877
56.41748708
56.44987149
56.45152345
56.47850536
56.49218653
56.51675578
56.57920430
56.65714097
56.66105318
56.67402916
56.70421272
56.75207296
56.79756427
56.81466678
56.86160114
56.90738469
56.95725925
57.06100151
57.06522806
57.06810885
57.07696876
57.11992337
57.12237796
57.17970040
57.21813783
57.21869258
57.26051499
57.26827634
57.28730469
57.31113645
57.33764070
57.36219227
57.36411031
57.39901241
57.46342869
57.46519527
57.51496136
57.53365354
57.53396204
57.54242698
57.55947958
57.60564171
57.61530821
57.67874932
57.74106363
57.75542804
57.79897493
57.81997193
57.83991998
57.87648289
57.93572712
57.98958502
57.99567546
58.03730320
58.03801144
58.04325119
58.14557944
58.16263250
58.23445810
58.26043503
58.26119924
58.33059989
58.33202847
58.42110073
58.43319363
58.43524171
58.44607673
58.45061721
58.47185397
58.53678424
58.55955888
58.59193605
58.73778214
58.74792041
58.81473077
58.84281549
58.86489163
58.86925986
58.87467731
58.89099546
58.89813787
58.91460407
58.92869299
58.96375377
58.99767195
59.00134339
59.06955154
59.23212665
59.24783752
59.25053697
59.25307771
59.29993943
59.36137931
59.37970242
59.38563549
59.42906258
59.46212234
59.49200239
59.63455021
59.63865774
59.67993747
59.70246435
59.74811980
59.77961469
59.79214908
59.79905439
59.84851317
59.89970432
59.91032565
59.94978947
59.98495297
60.05042869
60.05114766
60.07801267
60.15424147
60.23831696
60.28105915
60.28543011
60.31231310
60.37465419
60.39717196
60.40938135
60.45872304
60.48222799
60.51655910
60.55078517
60.57131139
60.57488806
60.59114723
60.60303511
60.61863621
60.67225540
60.69481219
60.69890243
60.73118550
60.73282826
60.75796476
60.78042492
60.83916669
60.85854537
60.86557443
61.01722019
61.03501951
61.07836463
61.19433252
61.20880208
61.23512219
61.25799073
61.26342609
61.33773713
61.34291917
61.37853584
61.40062361
61.42617716
61.44180611
61.44309271
61.45311015
61.45871804
61.50714648
61.56199061
61.58980265
61.64374025
61.71269699
61.72708392
61.73400169
61.77949708
61.79365552
61.79412738
61.79774849
61.81214082
61.82621848
61.84794301
61.86296819
61.87046877
61.90089624
61.95844853
61.98294786
124.00000000
