0.02321207
0.06315568
0.06988660
0.08310736
0.14376948
0.14986740
0.16632031
0.19607596
0.20941807
0.21611511
0.24069588
0.27485863
0.28985324
0.30574443
0.30974630
0.36118787
0.37382335
0.41688262
0.42434733
0.44239833
0.44397400
0.59107790
0.59179422
0.60392622
0.61888442
0.62834699
0.64430340
0.64548086
0.66669889
0.69282552
0.72575075
0.73995109
0.76338418
0.78514795
0.81851688
0.82425960
0.82891747
0.86161538
0.86978868
0.90585599
0.90687486
0.91210149
0.95827436
0.97944689
0.98354481
1.02215889
1.03177088
1.06127845
1.08276091
1.17029995
1.17225199
1.19100898
1.20591206
1.21444405
1.23199455
1.30877368
1.40009165
1.43149871
1.43248499
1.43777089
1.46038276
1.54040279
1.54940359
1.62510254
1.63826282
1.64119930
1.71197773
1.75900233
1.82752581
1.83808692
1.85828261
1.86546294
1.87243454
1.94444421
1.96189952
2.02104639
2.02184000
2.10095348
2.10837213
2.14716610
2.15021030
2.16799839
2.19099763
2.22894349
2.25104934
2.27612642
2.36098570
2.36618732
2.39867472
2.40981524
2.46170655
2.53146162
2.54608026
2.54800692
2.69399785
2.70806467
2.71114595
2.73754314
2.80170263
2.81176392
2.85831043
2.88666580
2.94731255
2.95372868
2.97123380
3.00558290
3.01354469
3.01457131
3.11719825
3.12160331
3.19250003
3.23629379
3.25797871
3.28007067
3.30121359
3.32223622
3.32244245
3.32347236
3.33970289
3.35416536
3.38254941
3.38505800
3.38522396
3.40653412
3.44480397
3.46828845
3.47988424
3.51007826
3.54936738
3.55210631
3.59858328
3.62305477
3.72500643
3.73186553
3.73805418
3.74128191
3.80028538
3.82239801
3.89382617
3.92251502
4.04542909
4.07260057
4.07844127
4.10413129
4.18807139
4.21660096
4.25827437
4.32515344
4.35503166
4.35983367
4.36468819
4.37378044
4.37507215
4.38878469
4.40719605
4.44385296
4.45778819
4.48465098
4.48671971
4.48698478
4.51071282
4.51735371
4.51938174
4.52317462
4.52898561
4.54602217
4.56688930
4.61548228
4.63303818
4.63968757
4.66059331
4.67503538
4.70150881
4.71142705
4.72084196
4.72539460
4.72990349
4.78292504
4.87375840
4.94334941
4.94510501
4.95379965
4.99548203
5.00449511
5.14552846
5.17512004
5.19306776
5.21723957
5.23415988
5.24108993
5.25450143
5.27966933
5.29243519
5.29841859
5.31071881
5.32180067
5.36480615
5.39729500
5.48643302
5.51559203
5.56100764
5.62238632
5.62830318
5.62918498
5.66377218
5.69984780
5.76537311
5.77892739
5.79471228
5.87820319
5.96311033
5.96655972
6.02519553
6.03265436
6.04205976
6.05516687
6.08582311
6.09853447
6.10833829
6.11874336
6.12398875
6.16410217
6.19995715
6.20527583
6.21645901
6.26376332
6.28076063
6.37184362
6.38054934
6.45510398
6.49163307
6.49244706
6.52421996
6.53308822
6.54474656
6.56266794
6.56943273
6.57817091
6.58692507
6.59394490
6.59416896
6.60574409
6.64145122
6.64570358
6.73573623
6.75051215
6.76590254
6.76876546
6.77225964
6.77945938
6.83009428
6.86216530
6.86528558
6.89220425
6.89323896
6.94887186
6.97208740
6.98576430
7.04499985
7.06625655
7.12432138
7.13322986
7.24081529
7.25364694
7.29121916
7.30204938
7.30447170
7.30459416
7.32841054
7.34825183
7.36415820
7.39630568
7.39867707
7.39964438
7.40888145
7.41233756
7.42702696
7.46376182
7.49240977
7.49335367
7.49935204
7.50465889
7.56043706
7.62550185
7.65010941
7.71987597
7.74393320
7.76441038
7.81883052
7.82340878
7.89380718
7.91005895
7.91215908
7.93169359
7.95166372
7.97401266
7.97698894
7.98243496
8.04983578
8.09581403
8.13156417
8.15306970
8.22000147
8.25588442
8.27548493
8.29841189
8.31071312
8.31346447
8.31685090
8.32358833
8.33287159
8.33752814
8.33912547
8.34479416
8.40475197
8.54489693
8.55086106
8.55264094
8.63635171
8.65350342
8.67466052
8.68593393
8.70283302
8.71705305
8.72224530
8.77272889
8.79889903
8.80118864
8.84848500
8.85773392
8.88665568
8.92330611
8.94526528
8.96689057
8.96916722
8.98971939
9.02639151
9.08313159
9.16333351
9.22070990
9.26953516
9.29956883
9.38391236
9.38683081
9.39735326
9.46446687
9.49745304
9.50286000
9.50613824
9.57674663
9.58840246
9.65033175
9.69697557
9.70757138
9.73126671
9.74843841
9.77173447
9.82442768
9.87360105
9.90372862
9.91776450
9.92850648
9.95308340
9.95392758
9.97076650
9.97624974
9.98178996
10.03681864
10.07050277
10.07637207
10.12730798
10.15018713
10.20558771
10.23245394
10.35776394
10.36067793
10.40804060
10.43074486
10.48593827
10.50246172
10.54956204
10.61783544
10.63456155
10.64296936
10.68017300
10.69437459
10.79509977
10.85744432
10.85991507
10.91129915
10.93645503
10.94482005
10.96802153
10.97106682
10.98041921
10.98483617
11.04463208
11.06560826
11.12784028
11.16051539
11.17065888
11.17261929
11.19017451
11.33598935
11.40731603
11.43778737
11.45881924
11.46706458
11.50803504
11.50885919
11.51727472
11.54243579
11.61605574
11.61942591
11.62880291
11.69390071
11.70001642
11.71441870
11.72021869
11.81169768
11.84536933
11.86674374
11.86946113
12.06039611
12.06165024
12.07928645
12.08100309
12.12680531
12.13615617
12.14416890
12.20534916
12.25193062
12.27903249
12.33585955
12.35030883
12.40150997
12.48103618
12.49119190
12.50313571
12.50347703
12.51144322
12.52094238
12.53589427
12.56355269
12.59838661
12.63484668
12.65229707
12.66535611
12.66730803
12.68516993
12.70017548
12.71397834
12.72689285
12.74612488
12.78011022
12.78838041
12.79524199
12.83079555
12.83664760
12.85475346
12.86466993
12.86783657
12.91375917
12.91985297
12.92306080
12.92562940
12.98186818
12.99118178
13.02710066
13.02959950
13.03326729
13.04082808
13.05464796
13.07486206
13.08251363
13.09922282
13.10690481
13.11172431
13.11731774
13.12454205
13.13743625
13.13934873
13.14948151
13.15669864
13.16536396
13.18172271
13.19350304
13.20502369
13.22035989
13.22909217
13.24302115
13.31546297
13.31837127
13.32145905
13.34341457
13.35596591
13.35972860
13.41123291
13.43624391
13.47102819
13.49558650
13.52601416
13.52998958
13.53479721
13.56241853
13.57913449
13.65192359
13.66579796
13.69068328
13.72902406
13.79555182
13.83335262
13.83518397
13.87500034
13.91588003
13.95343509
13.96753840
13.97262132
13.97934070
13.99210713
13.99951739
14.00441640
14.02068904
14.03565019
14.08389145
14.11274807
14.11378417
14.12718110
14.14630592
14.15603113
14.18309821
14.18563281
14.18615110
14.22606498
14.26660541
14.26954660
14.28212008
14.29604996
14.30373796
14.32300966
14.33089565
14.44348611
14.45432786
14.45836742
14.45896268
14.47460527
14.53942633
14.55553135
14.57017851
14.58899851
14.60794665
14.61876986
14.65747632
14.69123638
14.69253316
14.70816297
14.71002756
14.72251825
14.73154167
14.74931498
14.75517826
14.83497794
14.92426767
14.93424560
14.94848940
14.96718287
14.96983488
14.97442419
15.00653976
15.00730218
15.01011338
15.01887697
15.05412771
15.05809836
15.07130147
15.08741408
15.10287053
15.20176091
15.22558873
15.23550889
15.29172051
15.29759935
15.32451794
15.33094653
15.37041535
15.37708311
15.38602688
15.39133925
15.39989197
15.40492986
15.42043588
15.42640111
15.44006148
15.48110307
15.52497224
15.56257906
15.57453123
15.59476882
15.64412831
15.65631534
15.66101018
15.70488913
15.71729808
15.74242983
15.76038562
15.78902052
15.80573926
15.89806404
15.92848837
16.01005471
16.01331202
16.03133638
16.03522227
16.03538381
16.12589869
16.14772031
16.15908662
16.16432580
16.18925154
16.24778431
16.26561817
16.30746814
16.38306408
16.42990077
16.43749091
16.46388944
16.49276179
16.49672442
16.50349373
16.51787505
16.56386937
16.64701790
16.67540727
16.73440205
16.90574902
16.91599051
16.93397349
16.93595702
16.96116248
16.97822144
17.05268564
17.07207649
17.07529174
17.11294239
17.14229895
17.18765351
17.20806181
17.21622557
17.23387747
17.25217276
17.27146177
17.28330600
17.31077891
17.39044399
17.39113735
17.39404812
17.46289422
17.48685181
17.48710103
17.49768988
17.52287866
17.53874932
17.55395857
17.56130927
17.57273753
17.58446448
17.58658432
17.59150019
17.61170070
17.63823193
17.64025389
17.64142553
17.74413794
17.77245299
17.79508555
17.82586395
17.84370430
17.84646449
17.85605361
17.86796543
17.87639551
17.95778833
17.96032923
17.96595482
17.99541515
18.00191316
18.00313616
18.03271905
18.07784382
18.09492061
18.10036359
18.15244023
18.16756796
18.17456902
18.18525494
18.20824320
18.28324278
18.30350579
18.30481806
18.34543283
18.36241463
18.38442284
18.39636224
18.43279614
18.44577697
18.46067862
18.47413174
18.68439637
18.73335090
18.76168050
18.76382698
18.77615427
18.79263088
18.84718782
18.93914603
18.96040744
18.99534066
19.00263988
19.04193587
19.07473837
19.11110753
19.12800318
19.12850761
19.14114688
19.19436147
19.22010816
19.25151302
19.33301267
19.38165466
19.43524464
19.44411510
19.55233395
19.60811373
19.61736651
19.69539880
19.69568772
19.73605311
19.75296546
19.78177501
19.78852157
19.79747403
19.83354907
19.85715241
19.89759482
19.90458260
19.91777907
19.93408512
19.93707642
19.95812304
19.98266916
19.99872594
20.03599886
20.05543375
20.09011421
20.11378197
20.12991631
20.16924149
20.17646635
20.24799400
20.26418898
20.26446715
20.31491770
20.31723031
20.34548730
20.40915264
20.52095638
20.52814246
20.54050550
20.57942443
20.61238070
20.65028017
20.67542211
20.68092246
20.68811307
20.69577439
20.69674082
20.70813398
20.72168730
20.73512564
20.76813359
20.82023297
20.82072776
20.86307621
20.86989231
20.90842536
20.98031680
21.02386808
21.06867920
21.10243179
21.10338800
21.13679979
21.19116459
21.20658064
21.21411220
21.26801471
21.28306934
21.28519542
21.30533654
21.30540448
21.35133719
21.45089675
21.45725018
21.49261571
21.51616205
21.52451385
21.60197200
21.72137597
21.72558392
21.78670659
21.82696564
21.83745190
21.88028518
21.96815135
22.15698342
22.17001509
22.19106786
22.19247180
22.19457758
22.22001310
22.25848118
22.27490555
22.27924143
22.37874700
22.38084693
22.38282917
22.43006490
22.43536897
22.43669656
22.43827228
22.43833077
22.45855285
22.48853382
22.50697234
22.51004775
22.56576298
22.61294788
22.62518137
22.64619111
22.66286135
22.68090995
22.69180903
22.73609076
22.74180748
22.78480749
22.80124611
22.80265708
22.80516729
22.82102129
22.83302048
22.87200155
22.88369985
22.88934117
22.90461919
22.99487231
23.01027160
23.05522920
23.06341057
23.12250866
23.12586397
23.14868347
23.15090866
23.17264475
23.23135174
23.24919047
23.26563682
23.26837587
23.29519960
23.30982486
23.37747126
23.38166576
23.41996671
23.42704265
23.43476023
23.43645700
23.48137464
23.48357922
23.51003814
23.51237998
23.51302469
23.55771928
23.59943838
23.60251870
23.60498410
23.60632510
23.61095717
23.63824382
23.64823343
23.70956846
23.72737561
23.76463258
23.76528447
23.81708910
23.83305867
23.85371785
23.94890048
23.95234030
23.96254692
24.02979061
24.03355924
24.04538084
24.06197248
24.06202521
24.18430809
24.19319687
24.20452590
24.20519192
24.21647970
24.23966612
24.24661035
24.27739841
24.28021643
24.30595795
24.30883637
24.34703420
24.52231306
24.54025928
24.54216255
24.59607029
24.60767280
24.61645989
24.67208391
24.69980619
24.71473770
24.74675730
24.74902519
24.75077934
24.77427665
24.83469603
24.85311392
24.86566630
24.86861215
24.93068394
25.02231293
25.02706271
25.03448096
25.10248559
25.30989018
25.32235845
25.35182413
25.37589472
25.38253336
25.40515578
25.42271740
25.45040458
25.46102044
25.46394849
25.48893672
25.49444957
25.53040083
25.59459715
25.60817046
25.61630486
25.61789918
25.66688100
25.72464732
25.73679905
25.73995550
25.89856540
25.91884039
25.94347082
25.95965973
25.96887404
26.08023673
26.13151414
26.13601886
26.19697329
26.23650154
26.27261509
26.31218429
26.32077947
26.32722342
26.33927453
26.34147492
26.34262068
26.34735327
26.35693526
26.42876279
26.44545697
26.46107441
26.50244903
26.52207742
26.53199606
26.54785296
26.59318470
26.60501671
26.63163621
26.65546726
26.66541668
26.69281336
26.71828831
26.73122963
26.76830115
26.78024500
26.79862672
26.82823253
26.86063184
26.90799866
26.91565130
26.91818886
26.94830443
26.94914079
26.96160518
26.96167824
26.99802651
27.04819328
27.04941546
27.05443837
27.07627916
27.07632830
27.09869982
27.19379861
27.20208872
27.22576734
27.22939880
27.32947795
27.39048782
27.41748269
27.42913385
27.43863717
27.45982625
27.47691903
27.51456592
27.51557023
27.54332976
27.61281824
27.75295219
27.77579817
27.77933043
27.78384627
27.80683278
27.86698653
27.93231614
27.98254006
28.04453735
28.16237469
28.28871187
28.33151448
28.34426577
28.37212002
28.38168829
28.40416520
28.41668325
28.43218561
28.45306787
28.46382829
28.50486458
28.51030878
28.51503512
28.51791423
28.55501796
28.59134290
28.63897511
28.66104110
28.67700557
28.67706346
28.71718499
28.75987316
28.80843223
28.82619064
28.83006575
28.83350582
28.84358529
28.88798254
28.89198445
28.91344808
28.95238007
28.98556076
29.01976103
29.04847271
29.12025250
29.16385103
29.18368833
29.20313946
29.23503232
29.24259143
29.31990334
29.37540877
29.38916074
29.40863814
29.41858587
29.50128615
29.51673385
29.51789332
29.52835892
29.53966103
29.56532710
29.56702960
29.57075176
29.64183215
29.64360715
29.71996767
29.72507192
29.74393686
29.74448149
29.76949002
29.82514493
29.83636963
29.86721648
29.88941242
29.92059217
29.92194392
29.98361137
30.00317259
30.00870022
30.01484105
30.01659089
30.01773216
30.02751760
30.03226527
30.03449023
30.07910777
30.16527088
30.19022533
30.21561191
30.25388331
30.30220821
30.32918790
30.33999339
30.34820734
30.35601659
30.35922513
30.36138540
30.37093078
30.44680226
30.53790900
30.58047311
30.59333744
30.62029699
30.64610603
30.67470415
30.70981976
30.76663200
30.77765152
30.78605912
30.80380739
30.84752945
30.85589485
30.86372966
30.90828060
30.91680191
30.92134511
30.93274117
30.95664083
30.96833671
31.03722012
31.07544575
31.07614139
31.08697563
31.14651911
31.19801307
31.20890408
31.28521942
31.30391533
31.30705666
31.34996862
31.36412170
31.37026890
31.38445500
31.39419046
31.40143386
31.42771915
31.46596855
31.48080717
31.49924180
31.54376997
31.55870749
31.61743668
31.67871162
31.68675266
31.69640055
31.75897756
31.77209179
31.79542097
31.79988630
31.82962638
31.84073294
31.86729578
31.87213523
31.87908867
31.88341548
31.90336566
31.92616307
31.93621536
31.95064784
31.95469428
31.97785739
31.97879346
32.05960272
32.14147391
32.14887411
32.15047033
32.16408733
32.17711363
32.19114045
32.20461156
32.23279127
32.24859277
32.30263854
32.34253974
32.45371384
32.47887616
32.48773024
32.50286435
32.51774317
32.52983406
32.53106762
32.55937367
32.57496500
32.58190996
32.64287330
32.66302578
32.66959666
32.71334550
32.75105639
32.76106039
32.79369450
32.79415013
32.87043374
32.89662230
32.91808700
32.93916077
32.99179561
33.09936827
33.13065820
33.17794612
33.18353208
33.21390246
33.22153713
33.23949690
33.26013719
33.26424214
33.26989651
33.30029695
33.35892777
33.39687868
33.41598492
33.45041229
33.46459218
33.52542011
33.53086073
33.56513047
33.59008417
33.60536292
33.63493202
33.63497824
33.63547594
33.65913660
33.66311130
33.66589779
33.69754072
33.70915224
33.72878816
33.75338472
33.87532396
33.97187755
33.98978046
33.99681815
34.03505696
34.05214044
34.06947249
34.08031034
34.08436532
34.08763315
34.10921706
34.14714485
34.17306295
34.17364540
34.18879678
34.19238459
34.28484324
34.29469120
34.32480367
34.39279506
34.41033768
34.43460069
34.47756718
34.50920272
34.54312666
34.56621297
34.57361562
34.61121149
34.62033395
34.62997583
34.64161828
34.66088789
34.66121873
34.69033461
34.69524453
34.72314919
34.73826351
34.74395500
34.79836388
34.80026508
34.88094214
34.91466378
34.94900661
34.96058485
35.10651791
35.16162919
35.19226750
35.19845172
35.19889500
35.28100910
35.32790292
35.33944239
35.39477030
35.41432562
35.44044784
35.49693045
35.52867008
35.54398226
35.54866089
35.55838933
35.57841106
35.58000331
35.60662941
35.61533304
35.67971180
35.70823382
35.71026035
35.72177971
35.72226047
35.75332300
35.76575412
35.81532242
35.83790013
35.97066594
36.02836301
36.03929249
36.07001353
36.11315473
36.11796036
36.14516371
36.21348838
36.30464122
36.30509789
36.34291393
36.36042567
36.40393362
36.42125013
36.43746151
36.43853677
36.49410964
36.49423572
36.52337579
36.55931533
36.57702887
36.57870844
36.58062912
36.58070537
36.61954637
36.68734074
36.68952529
36.70260193
36.71588076
36.72721432
36.74838648
36.77245022
36.98837370
37.13795424
37.15763915
37.16200627
37.16997903
37.22144205
37.22549911
37.22816204
37.22931344
37.24826805
37.25212175
37.25783406
37.26606032
37.26796442
37.27182196
37.35871273
37.42129376
37.46696073
37.50956402
37.54998566
37.55817041
37.58305088
37.60303521
37.61063761
37.66139051
37.66898766
37.66949972
37.69733648
37.72939729
37.78826767
37.79036344
37.82449881
37.92176967
37.94211963
37.94232067
37.94380757
37.98348091
37.99301602
38.03033646
38.04247603
38.05104641
38.07069133
38.07641271
38.09195516
38.11912679
38.16295105
38.21799037
38.22358118
38.24440609
38.29904669
38.31510671
38.33084092
38.34526453
38.38185167
38.38244812
38.38567483
38.39374925
38.46144977
38.52630378
38.53054768
38.56422436
38.57598390
38.59142425
38.62202936
38.62579099
38.65394052
38.69153822
38.72130362
38.73378304
38.75383168
38.89656631
38.92989965
38.96555301
38.99384798
39.05970934
39.07298051
39.11944083
39.19081878
39.22569646
39.28717197
39.30852824
39.32372634
39.35630110
39.46325239
39.46926264
39.50179906
39.59014651
39.61657519
39.64867719
39.65936959
39.66449563
39.69154871
39.69394136
39.71939950
39.72644021
39.73637037
39.81725632
39.83250925
39.85311614
39.86392624
39.87885883
39.90126004
39.90973870
39.97963282
40.04642161
40.04938569
40.09475312
40.11664831
40.14500905
40.17784958
40.18314052
40.18580190
40.21153239
40.22186883
40.25064588
40.27084728
40.28962889
40.29927571
40.30011334
40.31871203
40.34815508
40.35221725
40.38271465
40.40085823
40.52689571
40.54200509
40.55067281
40.55112231
40.58553014
40.58661195
40.58688426
40.62317014
40.64351435
40.67862317
40.73203831
40.78081024
40.78264005
40.79224097
40.81287313
40.82039061
40.85338102
40.88335392
40.92810874
40.95064372
40.96332102
40.96547819
40.99788296
41.00648677
41.05707729
41.06504678
41.11027148
41.15080420
41.18494209
41.25483249
41.25836018
41.27403111
41.27747684
41.29375459
41.30000028
41.31974599
41.36120819
41.36805979
41.36843299
41.39052202
41.39473587
41.40558031
41.42667604
41.43090349
41.45185065
41.47589099
41.52962940
41.54696615
41.58509570
41.58657089
41.59812851
41.72003312
41.74122434
41.76797241
41.77367302
41.81621174
41.88243456
41.89681186
41.90057883
41.90680670
41.91084594
41.91770881
41.96235839
41.97174494
41.98719054
42.06528554
42.07847913
42.07934227
42.18952812
42.19237461
42.20800858
42.22396535
42.24802276
42.30814250
42.32756615
42.32779193
42.33040463
42.34102478
42.36838632
42.37214397
42.38545657
42.39382516
42.41849665
42.47174737
42.48162010
42.49658223
42.50827672
42.51399607
42.52203461
42.53370514
42.53700562
42.55888331
42.58266995
42.62401073
42.66208450
42.70156571
42.73463553
42.75070203
42.76106606
42.76205596
42.76540318
42.78283266
42.82384641
42.82465134
42.84890258
42.87782344
42.91986301
42.94840469
43.01595315
43.02713461
43.02762254
43.04510627
43.07957609
43.09941150
43.10347345
43.10871891
43.14363680
43.22217662
43.25201999
43.25617627
43.25618231
43.30020857
43.44252461
43.47441532
43.49105676
43.49235673
43.51734971
43.54546912
43.55247831
43.56089931
43.60090057
43.65532731
43.66243426
43.68101894
43.68903497
43.69640023
43.76528284
43.79228721
43.79726934
43.82647970
43.84314596
43.85342815
43.92797750
43.94305632
43.95054893
43.95071846
43.97746565
44.03215288
44.03762831
44.07177248
44.07639191
44.09702589
44.10388585
44.11140002
44.17491805
44.17988542
44.18745873
44.19529908
44.22630099
44.24602019
44.28010895
44.28525330
44.28956713
44.36077287
44.39901563
44.40582176
44.43476962
44.47706923
44.47905748
44.49583619
44.50248468
44.60252142
44.60316598
44.61712587
44.70025634
44.77463416
44.77502132
44.79159602
44.85433393
44.86252149
44.88740832
44.96902591
45.04410858
45.08893689
45.09359691
45.21163949
45.26049899
45.28838215
45.29930560
45.32013325
45.36298687
45.36618406
45.38347849
45.38409588
45.39284500
45.39763460
45.42515162
45.44925955
45.45397650
45.48944097
45.51236686
45.52486685
45.62438975
45.62697067
45.63369374
45.65112798
45.65438496
45.73094753
45.76836660
45.80148485
45.81971027
45.83845820
45.86330916
45.90170036
45.96972144
45.98986049
45.99970529
46.03372314
46.04461782
46.11663939
46.13357509
46.23552754
46.24772294
46.30287604
46.31340254
46.33690603
46.35205332
46.40088954
46.44370732
46.44633158
46.47275114
46.47364521
46.50996033
46.51300423
46.56137541
46.62791815
46.68331221
46.72134016
46.78968978
46.79953576
46.82977633
46.86226499
46.86927019
46.87216239
46.93706385
46.93951232
46.94062607
46.95198118
46.95436021
46.99259253
47.00049562
47.00547164
47.03907139
47.05464043
47.08130625
47.11696809
47.12036958
47.16621544
47.19263717
47.19416235
47.21508338
47.23300236
47.23872728
47.24677150
47.26252287
47.40207392
47.42938294
47.44333859
47.49983698
47.60078142
47.64583945
47.65875637
47.66393762
47.70018016
47.73002389
47.78754952
47.83170713
47.83384917
47.90271356
47.90883553
47.90976141
47.91081049
47.91329407
47.93462796
47.95963799
48.00026765
48.02749414
48.08600624
48.14149664
48.18166131
48.21887499
48.38664579
48.39465779
48.44412953
48.47221905
48.50430537
48.55773901
48.57534930
48.60724281
48.63871180
48.63950366
48.64688555
48.70548830
48.72103888
48.72400420
48.74494744
48.78952287
48.80644377
48.82703344
48.85722422
48.87110917
48.90965404
49.00243704
49.02431726
49.05498184
49.12404938
49.13108894
49.14368581
49.15128724
49.16110855
49.17471043
49.17595011
49.18399770
49.22003633
49.22337695
49.24803562
49.30137405
49.40547508
49.40769018
49.41267116
49.41694210
49.44813158
49.47612099
49.52519883
49.55916936
49.61039181
49.61973414
49.67054031
49.71391592
49.72383457
49.73561709
49.74690901
49.76160871
49.77529955
49.78126337
49.80505269
49.80734158
49.85446153
49.88329164
49.91593605
49.91597260
49.91859879
49.93751560
49.95009751
49.97434462
49.98551788
50.07792337
50.08429860
50.08749718
50.12468376
50.16212810
50.16462569
50.19615799
50.22144275
50.24845754
50.30296556
50.36091877
50.39957687
50.42156001
50.42277619
50.42320644
50.44738029
50.45720189
50.47718209
50.52051775
50.53227527
50.55816374
50.56939707
50.64405967
50.66506106
50.69628685
50.74359814
50.74643301
50.76291524
50.81852766
50.87195616
50.89289969
50.94152844
50.95682256
50.96495398
50.98516693
51.02585151
51.07623093
51.09098235
51.12166677
51.19112020
51.20940855
51.23042391
51.23108437
51.26321542
51.36287585
51.37027003
51.41032790
51.42893109
51.44413336
51.48771715
51.51698104
51.52995806
51.55485379
51.69561643
51.76883154
51.77103797
51.77962373
51.79607904
51.84962854
51.85795542
51.90699769
51.92119918
51.92787370
51.95626038
52.00058020
52.05106928
52.05875410
52.07533294
52.08587469
52.08920221
52.12259827
52.13533904
52.18516366
52.18988880
52.23415520
52.24176107
52.24273487
52.25985846
52.26925636
52.27260340
52.31931526
52.32523471
52.32761363
52.45999780
52.46507541
52.48887889
52.50015493
52.52734689
52.54114640
52.56540477
52.64973264
52.68994542
52.69019468
52.73392117
52.74692823
52.79663247
52.87445642
52.88505481
52.89294870
52.93985944
52.98219645
52.99554727
53.07324187
53.08087376
53.11881949
53.14093052
53.14741683
53.23037907
53.23829859
53.25530956
53.27122749
53.28229415
53.28559957
53.30885929
53.33459921
53.34095845
53.36225598
53.37701598
53.38121992
53.38331625
53.38684371
53.40018540
53.44904060
53.45154419
53.45923297
53.46921723
53.47250549
53.52607029
53.57005242
53.58391497
53.64034535
53.65361296
53.68124234
53.70989296
53.74304086
53.76248926
53.83292808
53.88540436
53.89793220
53.92437283
53.94200756
53.99480175
53.99653174
54.01717043
54.03975850
54.07731854
54.10121789
54.11633906
54.13655642
54.15241289
54.15287917
54.17922900
54.20825893
54.23652369
54.27770445
54.29863839
54.31274648
54.32281433
54.36562296
54.37428623
54.43779563
54.44157795
54.46411149
54.47363122
54.55017439
54.56758046
54.56963399
54.59963328
54.62740534
54.64191322
54.64772682
54.65085814
54.65549221
54.65810858
54.67949343
54.74297882
54.76092684
54.79840131
54.82138107
54.82697700
54.83925511
54.88220492
54.94162542
54.95350352
54.95835270
54.97096798
54.97214895
55.03089927
55.09283849
55.17162158
55.17775197
55.26244530
55.27162464
55.28507433
55.33578121
55.42074752
55.42924799
55.47850974
55.51401289
55.51510943
55.53601568
55.53709707
55.56304407
55.58845500
55.61101858
55.62771344
55.62960586
55.64029799
55.70912551
55.81048840
55.83387631
55.92594169
56.03442201
56.06038108
56.06160297
56.13870525
56.17711463
56.18062395
56.21281767
56.25146340
56.27054206
56.32399980
56.35224343
56.36367864
56.37295640
56.38766097
56.39519598
56.42644213
56.44526990
56.44703901
56.53849096
56.55163351
56.55867662
56.58036169
56.58738850
56.59560051
56.61470867
56.64480965
56.66874954
56.74722794
56.76580022
56.77834641
56.79747504
56.79895522
56.83919571
56.84616687
56.87582811
56.89626857
56.89690525
56.91571970
56.92370449
56.95823013
56.96860993
56.96974927
57.00816206
57.01760708
57.06743796
57.10194448
57.11149811
57.18572907
57.20326990
57.21373217
57.21582702
57.26827634
57.33714510
57.37833883
57.41349252
57.46611426
57.52661502
57.55652697
57.55947958
57.58961747
57.59675808
57.62370015
57.64450175
57.67645469
57.69547490
57.72159038
57.72221144
57.72954135
57.76437565
57.78042765
57.80343327
57.82823233
57.83866021
57.89235763
57.89970894
57.91470220
57.93485950
57.98987487
58.00632961
58.04738616
58.06448411
58.09067497
58.11044213
58.12372772
58.14088872
58.14505172
58.15974502
58.17861545
58.20789356
58.26956393
58.30552121
58.31965706
58.48720343
58.50846020
58.51899313
58.54575539
58.62409612
58.63895945
58.64113341
58.68812931
58.68941992
58.72004691
58.74328624
58.76158047
58.76469227
58.79384042
58.79645878
58.91091008
58.91587894
59.05950807
59.07988260
59.11506440
59.12129024
59.17099392
59.19345593
59.19999726
59.24900052
59.25965382
59.28079939
59.31046471
59.31811550
59.35770979
59.38475894
59.41494792
59.52028395
59.53153299
59.53901971
59.54417559
59.57466590
59.59314350
59.66828551
59.79416761
59.79905439
59.81052279
59.83053880
59.83336046
59.83995227
59.84953503
59.86261786
59.90806534
59.91396524
59.93746387
59.94149019
59.94400186
59.94844431
59.95591603
59.95989000
59.96200649
59.96641060
60.00444656
60.01807243
60.03228839
60.07207604
60.07746282
60.07801267
60.19352799
60.24347384
60.28650608
60.29915038
60.30410703
60.31064010
60.31617486
60.33130417
60.36617724
60.38165264
60.38376494
60.40692944
60.41127825
60.41808966
60.41819784
60.42000478
60.44865799
60.46599516
60.58211294
60.61918616
60.70296133
60.75831270
60.77607924
60.80124664
60.81121971
60.82000425
60.85223828
60.88474523
60.89507447
60.89634465
60.90525991
60.96276402
60.97638713
61.01722019
61.01852984
61.02252745
61.02448691
61.03148852
61.07265472
61.07441444
61.07836463
61.07894137
61.11270902
61.12055849
61.20049073
61.20093752
61.22495109
61.22940550
61.26027320
61.26307453
61.31639465
61.32795751
61.32969400
61.34300748
61.34565064
61.37355560
61.38474341
61.40014364
61.43632104
61.45622072
61.48623786
61.53487532
61.58118939
61.59376645
61.61564089
61.82797623
61.85599740
61.92750554
61.93316711
61.96558081
61.96864451
61.97677964
61.98285942
61.98488294
124.00000000
