0.03434963
0.08310805
0.13113999
0.17148429
0.18115337
0.20197627
0.26254079
0.29046210
0.29322576
0.29987855
0.30398925
0.42046290
0.42468775
0.43997841
0.49198754
0.52392747
0.54768708
0.62438565
0.62834699
0.65342005
0.70349684
0.70617789
0.72558928
0.75553167
0.80756145
0.83159649
0.86978868
0.90542524
0.93963862
0.95560830
0.98083171
1.11629827
1.13794852
1.16811988
1.19100898
1.21443121
1.24817381
1.25496914
1.29566444
1.29667667
1.29956527
1.30193489
1.31189945
1.33149157
1.36517807
1.36601421
1.37111270
1.37957193
1.43119136
1.43210812
1.48042430
1.48078855
1.58919118
1.66526624
1.66912467
1.70196404
1.72228607
1.75900233
1.78100723
1.80898900
1.82369349
1.83808692
1.83998683
1.84742712
1.85954382
1.94708081
1.95262096
2.01902902
2.04021933
2.10011182
2.11377280
2.15064027
2.20674778
2.25718562
2.26245893
2.28282767
2.32696351
2.37799080
2.38398495
2.39043769
2.50088531
2.50292403
2.51253371
2.52681663
2.58012288
2.61570262
2.64198682
2.65471292
2.69390114
2.69548035
2.71231429
2.76964685
2.77286517
2.85393333
2.86304225
2.93195622
3.05864996
3.07906593
3.17639231
3.18069151
3.25567090
3.25797871
3.30848720
3.32057204
3.33581580
3.36963062
3.38708388
3.39406860
3.54435733
3.63304898
3.64282434
3.64556400
3.69377677
3.70099833
3.78768426
3.79449683
3.82741337
3.84553394
3.84570572
3.85104633
3.86712444
3.92733302
3.97517926
3.99088386
3.99188006
3.99761227
4.02287460
4.04171666
4.05997149
4.06028059
4.06097899
4.09197257
4.09247020
4.09513827
4.10456373
4.11481905
4.13783492
4.18418333
4.24504558
4.24924195
4.27872926
4.32247645
4.34887312
4.41459367
4.45657302
4.57572026
4.59819686
4.62028684
4.63208719
4.64820579
4.65002431
4.66527947
4.69861366
4.72037515
4.72944208
4.73979167
4.78840584
4.80908227
4.82622105
4.86724582
4.88223152
4.91148740
4.91675546
4.96862188
5.00106542
5.01980091
5.05211818
5.08091158
5.08415823
5.08650132
5.08866407
5.13174747
5.17151203
5.19306776
5.23549815
5.26500849
5.30305447
5.33086970
5.40246578
5.42776591
5.45385753
5.49604635
5.50137465
5.51020553
5.58636367
5.64653053
5.67885762
5.78002117
5.78773622
5.82983293
5.84253777
5.84301683
5.85568917
5.87622641
5.91179787
5.92032303
5.92320728
5.97914280
6.00159496
6.10465043
6.10648383
6.14881377
6.16096782
6.16793615
6.26371185
6.28076063
6.32325925
6.35160626
6.36165165
6.40313894
6.42517707
6.46988137
6.48298706
6.49939420
6.50187482
6.52133742
6.53132493
6.54738618
6.55671706
6.55882907
6.64727173
6.65576805
6.70069041
6.70415795
6.71062598
6.79853467
6.81856410
6.91475372
6.98726715
6.99220826
6.99859436
7.00011405
7.07329996
7.07330230
7.14862245
7.21331940
7.24323887
7.25723477
7.26668402
7.30670650
7.33756777
7.33875861
7.35202942
7.35288960
7.36188875
7.37458012
7.38994498
7.42233543
7.44221012
7.45721894
7.46475151
7.48531837
7.55739994
7.58651092
7.62288472
7.62669043
7.68549955
7.70778540
7.72831249
7.73515715
7.75790907
7.77617594
7.77808056
7.79848215
7.80890824
7.87553095
7.88083794
7.90389433
7.91014341
7.95246140
7.95266744
7.99462219
8.02207766
8.03582034
8.04353795
8.11603636
8.14222573
8.14765687
8.16532584
8.21334320
8.23144122
8.25228405
8.31063642
8.32803243
8.33752814
8.35409672
8.52556172
8.52783902
8.52837140
8.52952751
8.54052804
8.54077603
8.54757422
8.55872272
8.65061326
8.68270838
8.69662478
8.69946916
8.74233836
8.75328452
8.76221806
8.78403715
8.79029038
8.81402117
8.82079963
8.82398318
8.82705855
8.84823001
8.85773392
8.90669850
8.91807786
8.92361097
8.97114236
8.99545868
9.00983141
9.03587715
9.10373592
9.10677033
9.12325658
9.16529932
9.19352769
9.20260321
9.21425735
9.25759894
9.31195135
9.32004598
9.34293045
9.37529148
9.38391236
9.42241833
9.43476918
9.48359437
9.49239194
9.51411722
9.52959135
9.54499679
9.57630195
9.58304573
9.66931971
9.68381037
9.69294541
9.72911626
9.73389032
9.74508344
9.78240094
9.78433880
9.83721615
9.84315807
9.90215468
9.99603460
10.05591931
10.09226844
10.12889332
10.16846333
10.17638731
10.18815174
10.18936885
10.29972985
10.32210632
10.39390680
10.44537044
10.50945861
10.52863751
10.58146839
10.63583521
10.65036630
10.67804653
10.72006456
10.77902624
10.78991858
10.84342209
10.86426782
10.86976430
10.91785273
10.92594329
10.99339587
11.06014954
11.06354088
11.06885174
11.09809243
11.09965330
11.11831203
11.19286303
11.21958816
11.27434461
11.28304256
11.30176864
11.32584599
11.34179460
11.34403675
11.38819721
11.39464592
11.40245457
11.43540303
11.47852709
11.50082117
11.50803504
11.51221696
11.52718262
11.67779629
11.72416659
11.76054461
11.85298079
11.87140167
11.87393721
11.90905079
11.92019486
11.92548096
11.92968936
11.96210047
12.07509052
12.10067795
12.12893875
12.13258162
12.14324775
12.14765087
12.18072480
12.20534916
12.21369834
12.23265481
12.23623828
12.36518155
12.42859707
12.46627982
12.50313571
12.62822052
12.69857915
12.71879897
12.73159710
12.76723236
12.76853585
12.78523564
12.78838041
12.81113284
12.81369957
12.86783657
12.87175968
12.91428601
12.98077001
13.01072808
13.09997875
13.10211234
13.10753696
13.14370479
13.16021069
13.23520289
13.25707253
13.35504787
13.35596591
13.37016129
13.41266954
13.42184135
13.43488737
13.45751235
13.48142266
13.48674003
13.49328665
13.49600858
13.49621898
13.50307148
13.51081566
13.52375702
13.62251875
13.65063410
13.65192359
13.65293145
13.66617568
13.79382382
13.82509219
13.84179968
13.85457155
13.87055187
13.87292547
13.90703134
13.93659334
14.05742058
14.08289525
14.08539661
14.15988465
14.16623733
14.24245550
14.24771276
14.25916258
14.27336833
14.27422244
14.27747969
14.28868296
14.28892686
14.29508768
14.33301256
14.33405744
14.40125300
14.42785795
14.43679590
14.49928740
14.58665489
14.61575324
14.65194136
14.67857838
14.69765368
14.72461421
14.74708403
14.86276459
14.88775608
14.88935981
14.93555670
14.96718287
14.97448275
15.01686294
15.01712638
15.03458127
15.12918962
15.13912485
15.15787565
15.18407762
15.18975133
15.22523449
15.24204319
15.26653871
15.29840980
15.32816235
15.35362803
15.35645491
15.39279476
15.40729985
15.41547797
15.41835978
15.42105796
15.45357851
15.45947920
15.46759636
15.49863856
15.52175531
15.52200798
15.57112424
15.66359522
15.66780121
15.67590188
15.74976111
15.75146976
15.76060650
15.78902052
15.80383453
15.82646610
15.84622948
15.86326853
15.89889327
15.90028275
15.91260973
15.97889923
15.98701093
16.00011700
16.03974620
16.06545099
16.07316481
16.11116069
16.11130071
16.13686483
16.21681128
16.22022510
16.23244471
16.23448596
16.24035757
16.25895800
16.27628683
16.33646519
16.37770165
16.38193640
16.46388944
16.47468219
16.48534305
16.50002804
16.53117469
16.57626555
16.59578639
16.68937674
16.69219809
16.78599825
16.79851461
16.86208217
16.88116546
16.91783965
16.95323050
16.95790092
17.01605120
17.03452156
17.08118548
17.12696753
17.15960805
17.16258916
17.16299911
17.19536284
17.20646616
17.20964104
17.25373667
17.26052841
17.26150058
17.27014997
17.32275618
17.35146879
17.35467742
17.38648146
17.41042242
17.45924965
17.50950900
17.52216865
17.59902673
17.60926517
17.64142553
17.65379758
17.65732668
17.67116718
17.68241214
17.68452869
17.71898302
17.72300615
17.73188422
17.74265940
17.74413794
17.76934840
17.77801065
17.80793218
18.03191955
18.08099896
18.15561972
18.22344843
18.22553396
18.22577577
18.22590620
18.25154485
18.29436315
18.31684487
18.31754690
18.39636224
18.40005324
18.43526018
18.43778922
18.50472121
18.51092496
18.52871641
18.54228356
18.56136921
18.57438681
18.58244659
18.58292450
18.65968218
18.67601431
18.69976903
18.74506738
18.76229624
18.79504777
18.81481721
18.81484156
18.82939282
18.84474317
18.84718844
18.85871019
18.89424284
18.93021201
19.05189509
19.08326936
19.10248907
19.10270051
19.12800318
19.15117917
19.20375854
19.28644626
19.29242988
19.32788746
19.33985054
19.36141938
19.40318391
19.43788084
19.47784709
19.53325660
19.59329121
19.59915502
19.62312198
19.69085899
19.69539880
19.69959898
19.71522964
19.72777751
19.75095275
19.81243226
19.84278221
19.87577333
19.90823119
19.91403267
19.94494428
19.95687428
19.98450837
20.00972948
20.03312322
20.04089222
20.06710751
20.22099595
20.28341549
20.31491770
20.31723031
20.35562736
20.36445646
20.36791688
20.44964430
20.46696244
20.46846381
20.48170143
20.49540612
20.49600955
20.49665499
20.52095638
20.55678814
20.55987055
20.58638036
20.61624465
20.64184472
20.67425016
20.72387721
20.73444410
20.76920123
20.80585549
20.81554073
20.86456785
20.86519004
20.86614844
20.88988962
20.94123530
21.01153555
21.05479133
21.06346611
21.07503825
21.08055158
21.09193170
21.10299279
21.12075179
21.12261223
21.15739869
21.15750446
21.18026985
21.18647082
21.20495578
21.22691915
21.25606543
21.26479953
21.26990238
21.29632990
21.34334691
21.34748362
21.41511818
21.42193974
21.46079789
21.48010625
21.50029424
21.51920753
21.53990205
21.65938702
21.67253897
21.72308203
21.73675703
21.75579854
21.81687989
21.82623083
21.83014908
21.85225480
21.86309773
21.86440973
21.88976131
22.03951062
22.08040172
22.14674498
22.16267942
22.18068211
22.22681823
22.25976878
22.30766311
22.31396502
22.32305521
22.43591191
22.48994108
22.50328682
22.54641034
22.57290219
22.61294788
22.62647006
22.65097930
22.65789217
22.68831912
22.71052708
22.71676690
22.72393099
22.84660294
22.85231238
22.87699325
22.98543640
23.02834193
23.08856520
23.13174012
23.13726615
23.16753082
23.18271515
23.23010364
23.26443723
23.36113502
23.37368007
23.39177776
23.45021803
23.51739871
23.54245003
23.59292737
23.70525795
23.71926046
23.72178864
23.74320875
23.78477956
23.82410506
23.89615026
23.91990514
23.92620720
23.93341798
23.93362064
23.93525929
24.03355924
24.03727183
24.07546164
24.07753179
24.11342104
24.15426188
24.15771896
24.16552560
24.17572364
24.19007275
24.19099160
24.21647970
24.22364363
24.24117600
24.24297385
24.26442319
24.31265886
24.34591133
24.36529655
24.38083231
24.39622828
24.48476468
24.50306252
24.51922902
24.52587878
24.53364691
24.55048307
24.55496324
24.64217169
24.64409700
24.64929637
24.67928320
24.71180284
24.72868287
24.72894505
24.73079302
24.73647932
24.75758291
24.77851894
24.79192291
24.88129524
24.89281877
24.92324928
24.95745615
25.01512449
25.01798295
25.07840648
25.09286029
25.11255844
25.19452778
25.21460088
25.24311658
25.24338222
25.24582953
25.24850217
25.26837727
25.27087131
25.28718121
25.30344291
25.31428233
25.33819386
25.35228386
25.38184866
25.38636424
25.42319329
25.52222540
25.56756311
25.61630486
25.66490742
25.73679905
25.76652193
25.78669704
25.80980390
25.83429152
25.85277270
25.86366146
25.88930640
25.90480592
25.91884039
25.93072697
25.93581009
25.95768363
25.97248930
25.98941765
26.00068547
26.07459257
26.09764930
26.12680010
26.16310644
26.17364255
26.17464836
26.18398326
26.20782824
26.23830560
26.26657513
26.31936516
26.33149746
26.35693526
26.38183209
26.38678561
26.39761600
26.43700585
26.46857536
26.51970054
26.53686492
26.55272862
26.60501671
26.61239548
26.62131894
26.69185032
26.75528043
26.78058111
26.81491425
26.82747666
26.86136099
26.87332162
26.89470161
26.92380744
26.92980713
26.94031609
26.94181118
26.95054872
27.03198670
27.05443837
27.07263438
27.09869982
27.11070130
27.11389551
27.16232907
27.16997700
27.17309233
27.25662194
27.26176180
27.32430930
27.36339581
27.36729024
27.38029415
27.39034985
27.40816240
27.42554209
27.42857442
27.50185229
27.51954519
27.53457641
27.54332976
27.55046454
27.58349724
27.58604060
27.62093321
27.63098013
27.63207465
27.63521115
27.64333172
27.69842928
27.70548463
27.71993525
27.73989152
27.76483393
27.89904575
27.90773968
27.90868076
28.01436062
28.02035777
28.04544880
28.06550759
28.10751812
28.12286790
28.14113940
28.15576325
28.18675048
28.18946273
28.18966186
28.19627947
28.21710578
28.25906283
28.26651835
28.28288694
28.37048304
28.41799068
28.41814194
28.42520930
28.44845821
28.56464336
28.59345612
28.59399930
28.64122836
28.66294170
28.69807856
28.70659700
28.73373335
28.74951782
28.75598725
28.80340450
28.82986123
28.86229988
28.89222661
28.90256875
28.97380771
29.01645543
29.07231765
29.07975681
29.12430171
29.15586121
29.19002405
29.19172415
29.19942184
29.20745223
29.21406522
29.22682647
29.22787003
29.28667896
29.35922592
29.45416032
29.46542542
29.49554961
29.49955164
29.50169064
29.53375630
29.57210257
29.61215327
29.68639130
29.71827250
29.74055492
29.74283828
29.78611606
29.80471065
29.81509675
29.81946203
29.82774266
29.84167385
29.94701805
29.98235327
30.13190272
30.18128127
30.27232988
30.28091467
30.32542480
30.34192361
30.34741510
30.37207757
30.38032089
30.48833894
30.57936504
30.58287071
30.69670019
30.71099928
30.71886751
30.80485398
30.88110720
30.88322203
30.88537970
30.90713993
30.96468356
31.08494539
31.08905150
31.17183886
31.19952407
31.25410963
31.25778452
31.27837207
31.30561637
31.36554840
31.36601074
31.36820812
31.39810873
31.46787368
31.48785239
31.48882485
31.49246628
31.52628262
31.60686774
31.62407832
31.68296137
31.69628286
31.71464827
31.83628869
31.85045252
31.87035829
31.87471801
31.93491240
31.95412176
31.95525168
31.97965777
31.98059712
32.03464461
32.05887257
32.08703643
32.09744176
32.15078521
32.16557817
32.16794560
32.22901587
32.28632658
32.29077218
32.30731496
32.32236310
32.34894859
32.38009853
32.38370045
32.42158675
32.46073018
32.46550387
32.47070562
32.50875090
32.55511675
32.55937367
32.57116485
32.59608854
32.63390542
32.70350086
32.70673901
32.84799221
32.97289925
32.98937070
32.99077817
33.03406295
33.13240092
33.13568697
33.13702993
33.16532505
33.20651835
33.27328936
33.36890654
33.39840553
33.40478891
33.43154692
33.45608678
33.48920493
33.49287394
33.50373132
33.52748008
33.53019828
33.54502138
33.61607216
33.67514680
33.68153330
33.68579034
33.70663712
33.70892753
33.71955287
33.72988924
33.73855781
33.78129891
33.82404056
33.84627098
33.85574885
33.88123432
33.89856012
33.92390436
33.94599650
33.97305874
33.97340525
34.02099314
34.02362551
34.02599812
34.04780442
34.08298339
34.10909849
34.10921706
34.12871572
34.13427382
34.21944256
34.39196458
34.40382340
34.40581465
34.51174725
34.52794735
34.53812888
34.55307515
34.58730719
34.62031757
34.64281572
34.65168530
34.72314919
34.74021017
34.78016605
34.78743184
34.89945847
34.99903657
34.99963097
35.12211825
35.12940260
35.14219639
35.18314651
35.20419910
35.20535320
35.23120775
35.23178808
35.24377678
35.26289977
35.29406382
35.32289566
35.32375558
35.35366988
35.36184603
35.42386357
35.42586143
35.43558401
35.50156966
35.54398226
35.54590215
35.60550218
35.65650250
35.67971180
35.69462952
35.71026035
35.73709465
35.74819137
35.77397069
35.77746368
35.78803075
35.79443523
35.81532242
35.82516555
35.83888839
35.84873833
35.85598214
35.89208637
35.89587181
35.93713636
35.94473643
35.97168599
35.97314003
35.99514861
36.05331715
36.12545308
36.14516371
36.16634718
36.18821671
36.24012990
36.32454407
36.34791339
36.38142681
36.42805918
36.44324931
36.44427841
36.55641641
36.55868410
36.59925361
36.61646372
36.74768352
36.82683100
36.83962627
36.88359688
36.88359856
36.97380988
37.01112445
37.04093822
37.09142780
37.12650986
37.15661726
37.16992870
37.26725324
37.28087258
37.32850230
37.37374844
37.42919011
37.44299259
37.52137682
37.55196015
37.55765811
37.56137711
37.61732687
37.61931803
37.66336277
37.68347693
37.68440247
37.68777190
37.72676272
37.72938519
37.73353983
37.77269935
37.78192349
37.78520559
37.80547271
37.84709810
37.90766558
37.91644194
37.92816813
37.93947280
37.97246587
38.17075121
38.18683700
38.20133734
38.24064019
38.24944873
38.27507925
38.28919512
38.30291138
38.31043673
38.33043739
38.33281971
38.35560162
38.37107912
38.42136772
38.43653892
38.45872498
38.46460704
38.55472149
38.56346423
38.58232887
38.62334796
38.62647544
38.68697469
38.72213246
38.73331860
38.79635547
38.79998611
38.82525669
38.82917443
38.84426348
38.86598182
38.87547472
38.87691265
38.88583293
38.90622775
38.90811737
38.92098626
38.92213067
39.00728703
39.02929112
39.05970934
39.09742842
39.12951187
39.14611917
39.20503729
39.22107516
39.24513852
39.27241646
39.28106899
39.28717197
39.32423459
39.33103037
39.35003375
39.38742293
39.46705400
39.49363762
39.50267675
39.54939656
39.55834641
39.60314510
39.61100883
39.62766009
39.66000793
39.77510414
39.82984878
39.84412749
39.84877775
39.85059083
39.85185252
39.86542948
39.96277646
40.00499407
40.00625783
40.01170876
40.12696071
40.16619423
40.17711002
40.22228177
40.22489137
40.24873941
40.26640496
40.26881993
40.27351957
40.27379771
40.29041646
40.34196031
40.36314748
40.36805657
40.37489899
40.37610297
40.38277451
40.40144865
40.41439646
40.41609162
40.43526475
40.48491701
40.52904166
40.59285451
40.59786093
40.64351435
40.66616632
40.67510889
40.70154216
40.71027182
40.72094199
40.72700991
40.80189790
40.86187900
40.89873277
40.93130470
40.97213583
40.98270849
41.03338086
41.08652523
41.08764452
41.14518647
41.17271658
41.18785903
41.24374114
41.26187878
41.28239837
41.31242271
41.41357626
41.44513567
41.45435261
41.47457229
41.52710760
41.53439612
41.56134322
41.59249026
41.60331364
41.62562160
41.66704781
41.71778021
41.72664535
41.77503822
41.82447911
41.86951010
41.87161086
41.88243456
41.89367237
41.92507666
41.94904011
41.96636340
41.98626719
41.98789533
42.00031994
42.09747448
42.11766240
42.13159127
42.15203394
42.18747704
42.18804760
42.21951671
42.22335640
42.23250399
42.24912937
42.28683557
42.29919906
42.30642606
42.31559476
42.33338913
42.41991447
42.46131149
42.46552513
42.46765198
42.50461869
42.61146631
42.64272396
42.70830516
42.74846512
42.75070203
42.75402537
42.77850134
42.79522118
42.81539762
42.83187714
42.83207979
42.83353156
42.90009888
42.92321230
42.97635757
42.99680735
43.00485348
43.06030168
43.06441338
43.13930968
43.15066078
43.19777267
43.19961946
43.21183037
43.22749148
43.26292401
43.32833132
43.34411475
43.36487159
43.38895854
43.39656817
43.43057957
43.46626895
43.48949314
43.53842009
43.54982060
43.55691829
43.55712745
43.62611893
43.65328325
43.67473233
43.69190343
43.69639303
43.72476764
43.73616303
43.78732156
43.79657908
43.82558733
43.84206283
43.90203110
43.90262903
43.91118609
43.96264052
43.97024534
44.01855594
44.03762831
44.04509063
44.04840771
44.07132725
44.07639191
44.09089638
44.16036413
44.22920039
44.23022135
44.28010895
44.31369146
44.31730734
44.35692934
44.36934395
44.39746715
44.42296158
44.46331360
44.50171401
44.50922169
44.54776945
44.54819331
44.59235931
44.60822732
44.61712587
44.63562298
44.69157174
44.70809960
44.71122596
44.71983376
44.75319252
44.77394237
44.77502132
44.78375441
44.81415404
44.85104882
44.88487212
44.92659019
44.94343280
44.97616067
44.97703369
44.98295749
45.03936652
45.04793629
45.05326029
45.11101028
45.11894370
45.15545814
45.16080614
45.17765458
45.27125775
45.27928796
45.28090662
45.28928152
45.29178664
45.30395656
45.38409588
45.39521484
45.41594350
45.42244579
45.43318975
45.58803022
45.59219772
45.59984039
45.62637274
45.63813081
45.65158247
45.67065056
45.67628290
45.67745863
45.68720672
45.70745175
45.71276247
45.71384209
45.74422652
45.77284125
45.78377358
45.84494994
45.87440867
45.90217148
45.94282375
45.96849768
45.97273271
46.05678809
46.07079950
46.10897868
46.13774180
46.18135097
46.18901346
46.19624011
46.23094243
46.30375010
46.33605809
46.33650356
46.34017909
46.34428987
46.37090121
46.41558731
46.44922715
46.45338564
46.53358384
46.61028689
46.61914713
46.63436954
46.64193783
46.64260687
46.67040797
46.70127320
46.70148770
46.76792012
46.78636917
46.79546137
46.80161281
46.83084181
46.84831462
46.90326350
46.91768496
46.91970996
46.95198118
46.99877626
47.01662301
47.01905871
47.02292881
47.03225528
47.03870140
47.04151775
47.05137151
47.07860453
47.08385869
47.08921750
47.09562346
47.17390850
47.22245297
47.22586340
47.23996931
47.24278933
47.27242579
47.27647624
47.30813165
47.36821661
47.37188749
47.39999947
47.47664115
47.48410491
47.48962245
47.55282677
47.57241409
47.58935120
47.60827351
47.62675301
47.66485367
47.71260304
47.72089805
47.74942333
47.76177988
47.78754952
47.79025336
47.79325987
47.80521138
47.80734055
47.85303353
47.88115048
47.90883553
47.91828081
47.95050275
47.95963799
48.05290233
48.21161451
48.23823496
48.29505060
48.31947838
48.32050691
48.33546292
48.36748630
48.43820671
48.45384566
48.49883493
48.55846034
48.57448972
48.58107851
48.61686434
48.68412147
48.72182050
48.72534917
48.73420423
48.76825661
48.79509786
48.85595989
48.86594910
48.87549672
48.88508511
48.91393282
48.93336247
48.93651195
48.96157385
48.97738985
48.97815126
49.00085828
49.00742953
49.02568191
49.07270629
49.14363684
49.15638630
49.16395579
49.18902069
49.21556733
49.26918015
49.29046398
49.30092829
49.38347799
49.39637443
49.43525479
49.43981055
49.45016520
49.46132495
49.48472776
49.48882878
49.50430152
49.53541074
49.57074638
49.59719348
49.61166284
49.62199238
49.62301549
49.65077895
49.65407497
49.68865041
49.72701818
49.73913492
49.83071267
49.87028831
49.88881818
49.90552183
49.91397930
49.91635894
49.93760442
49.94399825
49.97133716
49.99374155
50.01035695
50.01083652
50.01380582
50.03775927
50.08167329
50.15291615
50.16012501
50.16524664
50.19060564
50.20209542
50.22144275
50.24924803
50.26043166
50.26456801
50.27301048
50.27980135
50.30546942
50.44607413
50.51561795
50.66724773
50.67009749
50.69391571
50.71789334
50.79690360
50.89049558
50.93886928
50.95167488
50.97920778
51.01277947
51.02080445
51.02950997
51.03228055
51.05830450
51.07727241
51.12786896
51.13304081
51.17050133
51.17913264
51.24512122
51.25490614
51.26586702
51.31610616
51.37131190
51.38891589
51.41497156
51.45663701
51.48353370
51.49201524
51.50275057
51.54296060
51.61289933
51.77920918
51.78652056
51.81436394
51.85070935
51.85301643
51.86031562
51.86406022
51.90203993
51.93416237
51.95663281
51.96569857
51.97257384
51.97911367
51.98381735
52.03457215
52.05106928
52.11612437
52.15617178
52.15930955
52.20825581
52.21084598
52.21235226
52.27419295
52.27676693
52.28300282
52.29727054
52.32885143
52.35472162
52.36819978
52.40559283
52.42698657
52.46495586
52.48551327
52.52734689
52.53603919
52.58094590
52.60739884
52.61320234
52.63285364
52.63468506
52.66577049
52.67467601
52.68072318
52.70548920
52.70625356
52.72432455
52.75086034
52.75883402
52.79318966
52.80895038
52.82299257
52.84325706
52.84434863
52.86765251
52.94060521
52.96116275
52.97196657
53.03604157
53.04041545
53.06812374
53.10304208
53.11165271
53.12424044
53.13087528
53.14601177
53.14645746
53.26826124
53.29121775
53.29666686
53.31140370
53.32463123
53.32771481
53.34368115
53.35387156
53.38373565
53.38449249
53.41188432
53.44857447
53.45310550
53.45584491
53.52420869
53.56670964
53.57621881
53.61462915
53.64336065
53.64554741
53.65258692
53.65622496
53.66112814
53.71018546
53.72393788
53.78849827
53.87833484
53.88112741
53.92092135
53.94350101
54.04955441
54.05005803
54.05603305
54.13051022
54.15304832
54.15421735
54.21233403
54.26624711
54.31377935
54.32281433
54.34720029
54.36674978
54.36769560
54.38280329
54.42940205
54.44938185
54.51213142
54.55017439
54.57151157
54.57588000
54.57841388
54.64191322
54.68561216
54.68750204
54.69236325
54.69742294
54.75161179
54.75805852
54.78926884
54.87632779
54.88129536
54.89248090
54.97096798
54.99825134
55.03180177
55.05671340
55.05985530
55.12357784
55.17096820
55.17628973
55.20645682
55.22848527
55.24799657
55.31913860
55.51217454
55.51497821
55.52742668
55.53709707
55.54890433
55.71052412
55.74872871
55.76102937
55.80238385
55.84549106
55.88533428
55.88893321
55.94517709
55.95084906
55.98631737
56.04180016
56.04705720
56.10176078
56.20770343
56.21975829
56.23928726
56.27326805
56.31440351
56.35224343
56.35961278
56.36205612
56.38258425
56.46421661
56.48619168
56.49597980
56.54114932
56.57964808
56.60821949
56.63321612
56.79507538
56.80274089
56.80939540
56.80956011
56.83164511
56.89626857
56.91975098
56.93623739
56.96557993
56.99429843
57.00080272
57.10096044
57.15096055
57.16669535
57.22424783
57.22749680
57.26520894
57.27189957
57.27421068
57.32463195
57.33134252
57.33714510
57.34976670
57.36973106
57.41068399
57.42590805
57.42591466
57.46342869
57.48392042
57.49565391
57.51190139
57.51628442
57.53825699
57.55178120
57.64678839
57.66040902
57.67060908
57.67293358
57.74807716
57.80146553
57.82966160
57.86689882
57.89534781
57.90799937
57.91292236
57.98574867
58.00938385
58.02552749
58.02555590
58.06448411
58.12191423
58.12424875
58.16768456
58.20734726
58.22964821
58.25309753
58.30170524
58.31129727
58.31759998
58.32610187
58.32798586
58.34969625
58.38936817
58.43361773
58.43543078
58.47425637
58.49205239
58.51728579
58.51781875
58.52765305
58.54989420
58.58279425
58.60649463
58.60758926
58.61805234
58.74316962
58.74832548
58.75459421
58.77247605
58.77565077
58.81507583
58.85896564
58.86489163
58.91021689
58.93870665
58.94074858
58.94967148
58.97394155
58.97433500
59.02237051
59.05220693
59.09074403
59.18349663
59.18494857
59.19048340
59.20344119
59.22205559
59.23887586
59.24599354
59.25053697
59.30761985
59.31137555
59.38505163
59.44704222
59.46884019
59.48334143
59.51480604
59.51870810
59.53153299
59.57764523
59.58573656
59.60381466
59.61595336
59.64185447
59.64623749
59.66276614
59.70274647
59.70354087
59.72256019
59.75576812
59.79426864
59.82915275
59.85388482
59.86756144
59.87055348
59.88142907
59.97223191
59.97702194
60.00088375
60.00199778
60.04876241
60.05810411
60.07745574
60.12259154
60.13441356
60.13473593
60.16016295
60.17952848
60.18477047
60.19274176
60.24285527
60.29554646
60.41127825
60.43764913
60.44795580
60.47682014
60.48880279
60.54837411
60.55300252
60.56518988
60.57683803
60.58007331
60.59140272
60.63302830
60.63780206
60.67225540
60.70556265
60.71227878
60.75774007
60.76201261
60.76454155
60.83916669
60.85090210
60.88674271
60.95256318
61.00538495
61.01290477
61.02826759
61.03446686
61.06001909
61.07836463
61.13621205
61.20025355
61.30563344
61.31854055
61.33211672
61.33645712
61.34805729
61.40325229
61.40883610
61.41650936
61.52871921
61.54672985
61.56676174
61.60515335
61.61382890
61.64398952
61.64794190
61.69439889
61.69757922
61.70249827
61.71175197
61.72479458
61.74351544
61.78017562
61.79691298
61.80626942
61.80646607
61.82311242
61.90393625
61.95837620
62.00067257
62.04288094
124.00000000
