0.00618799
0.00987646
0.02738182
0.05321074
0.09046044
0.09261591
0.14154690
0.15071783
0.16062178
0.19082796
0.21061586
0.22488000
0.24152505
0.26357296
0.28610021
0.33515542
0.37941586
0.39461891
0.40128317
0.40254151
0.41929049
0.43405691
0.44078848
0.50416568
0.53774731
0.62009045
0.64669097
0.64741566
0.68146117
0.69155611
0.70740951
0.74776914
0.77876993
0.77957546
0.78080979
0.79468502
0.84039849
0.86783780
0.94189504
0.97709399
0.99846515
1.02357110
1.04608516
1.05286366
1.06965673
1.08662722
1.11951192
1.15834946
1.19955620
1.27358388
1.27626464
1.29363320
1.33782432
1.34506471
1.36427236
1.37498700
1.39198809
1.39580319
1.41964099
1.45166412
1.45216006
1.46102822
1.47721192
1.49504384
1.50863617
1.53410475
1.54861375
1.55584983
1.59963145
1.63267718
1.63990088
1.64472704
1.66575792
1.67100541
1.69258859
1.69492402
1.75330241
1.84724248
1.85246457
1.91567131
1.93610697
1.95239298
1.96233168
1.97100004
2.06645077
2.07313688
2.11688520
2.20169447
2.23028027
2.26597580
2.28282767
2.32377576
2.33489788
2.36808232
2.41123727
2.44024639
2.45001867
2.46121614
2.51382606
2.51558136
2.57548625
2.60220172
2.68068656
2.68122118
2.69192434
2.71114595
2.75813232
2.77691543
2.82993367
2.84625752
2.87168783
2.88509264
2.88814480
2.98590702
3.04494565
3.06085963
3.08662596
3.11906534
3.13190172
3.13300134
3.29189329
3.29738756
3.31025769
3.31260480
3.33491227
3.35302471
3.35860815
3.41677322
3.43773094
3.50757583
3.60960827
3.65767651
3.68379822
3.72559750
3.75286164
3.75487445
3.77314200
3.81416449
3.96300469
3.97881837
3.99507166
4.00876489
4.04491702
4.15077494
4.16399988
4.16674444
4.18038980
4.19037742
4.23795197
4.32800147
4.34991285
4.36082257
4.37293789
4.38132751
4.41780609
4.46129389
4.46563776
4.47863747
4.51757597
4.52640147
4.54109129
4.56421641
4.57572026
4.59239625
4.59277408
4.60281550
4.62405630
4.63208719
4.63696311
4.65429576
4.65907532
4.66238163
4.66527947
4.74402950
4.76036096
4.81631793
4.82852911
4.83324257
4.85137131
4.85424261
4.86900625
4.88223152
4.89255462
4.92200077
4.94682348
4.95865908
4.97028754
5.03114002
5.07714348
5.20831109
5.22619729
5.24574750
5.25628277
5.28332165
5.30827618
5.35682780
5.39653296
5.40986558
5.43287217
5.45094088
5.47829320
5.48854329
5.49931895
5.51510578
5.55066438
5.55619250
5.56629961
5.70016624
5.76760778
5.80715926
5.81866951
5.83199878
5.84987592
5.97407140
6.00096842
6.02380655
6.04205976
6.06419501
6.17155655
6.21292111
6.21463432
6.22329832
6.23548376
6.31155752
6.33195647
6.34576194
6.41851908
6.48699587
6.49461667
6.56742736
6.64364121
6.65498775
6.68886220
6.74291172
6.75805277
6.94887186
7.00580460
7.05066753
7.08171144
7.12008384
7.14862245
7.19902380
7.23769571
7.24081529
7.27213227
7.32764230
7.38075398
7.39630568
7.47703096
7.49366514
7.54446188
7.58009125
7.67442201
7.74112634
7.76484946
7.76548209
7.77885523
7.87665785
7.87955743
7.90348202
7.90452292
7.91132764
7.91143150
7.96541598
8.02565209
8.09849646
8.10244292
8.10809198
8.10949390
8.15633195
8.16959602
8.22696649
8.28937510
8.30347330
8.32223529
8.32358833
8.38971228
8.43840161
8.44515081
8.44651903
8.47226867
8.47615513
8.48358957
8.54092884
8.54619236
8.56747896
8.63684186
8.66621138
8.69934563
8.71825922
8.71832306
8.72224530
8.74280505
8.78097115
8.78494027
8.79225393
8.83907353
8.91239534
8.93567911
8.95989811
8.98277386
9.07833373
9.10373592
9.11597857
9.14346563
9.14401442
9.19106446
9.22410868
9.26232822
9.27528220
9.27901502
9.30315692
9.30625133
9.33620699
9.34167541
9.36322660
9.37648333
9.42115322
9.42816600
9.44762215
9.49049565
9.52429343
9.52677661
9.53885058
9.54499679
9.58906892
9.59145396
9.62643002
9.65335092
9.66817368
9.67325600
9.68276087
9.69655201
9.70594705
9.71836151
9.77320584
9.81117821
9.86454548
9.87895856
9.88426611
9.90372862
9.97083323
10.02900931
10.05682044
10.08695775
10.15243644
10.18562009
10.24392851
10.35712014
10.38610847
10.43516636
10.44290569
10.45044831
10.45561466
10.51312539
10.60469691
10.66141761
10.72075978
10.72096501
10.72740122
10.73018047
10.73162946
10.74237584
10.74455735
10.75897441
10.76399776
10.76753700
10.78300961
10.79375438
10.79515638
10.84342947
10.87262989
10.95274067
11.00275623
11.03572911
11.09965330
11.11701877
11.14520587
11.22979843
11.23342587
11.23718032
11.28747121
11.29534059
11.29616321
11.31020310
11.33190942
11.35989688
11.38246949
11.44816486
11.45496456
11.46999160
11.57684323
11.62949554
11.63690747
11.68604928
11.69438469
11.70908238
11.71206753
11.71669004
11.72769201
11.77324036
11.85573875
11.86313362
11.89947872
12.03181855
12.06777868
12.07797311
12.09082547
12.12606022
12.12739333
12.15679947
12.15921966
12.22012559
12.22287619
12.22582006
12.29863254
12.33585955
12.34638422
12.39691957
12.40438561
12.45674708
12.46467405
12.47423049
12.49506614
12.50255193
12.57010962
12.57470124
12.58311030
12.59851554
12.60088472
12.66547480
12.72341185
12.77496150
12.78578313
12.81881291
12.89278141
12.92279434
12.95088256
12.98112366
13.11084379
13.12490082
13.16851665
13.19858413
13.21198011
13.22135433
13.22432860
13.22520553
13.25798008
13.26364238
13.26806925
13.27079370
13.28319248
13.29502663
13.33852163
13.34112205
13.36293330
13.36835539
13.43488737
13.43624391
13.46548045
13.47336957
13.47541308
13.52809228
13.53894894
13.55011003
13.65041940
13.65293145
13.65921970
13.70698292
13.79015709
13.79366563
13.79627412
13.79841937
13.87010818
13.89241859
13.93618974
13.94493166
13.97357443
14.00254977
14.04240436
14.04414056
14.04909305
14.08149156
14.09103162
14.09895422
14.14499056
14.18439935
14.19633454
14.21949345
14.22565617
14.22978578
14.23714248
14.27728260
14.27747969
14.32056077
14.32605523
14.41868111
14.43911196
14.52286503
14.59822843
14.60434503
14.61071590
14.63955948
14.64068498
14.69202975
14.70597822
14.84567445
14.87289408
14.87840417
14.88921951
14.94573192
14.94848940
14.99729376
15.00653976
15.05165657
15.05755849
15.06454257
15.10520023
15.14952341
15.18005226
15.18629092
15.19310340
15.21651290
15.30458703
15.37454745
15.39575228
15.39706481
15.40581268
15.49607794
15.49757545
15.51290599
15.54484871
15.55909428
15.58549697
15.62393103
15.64167188
15.66895655
15.67674751
15.67901318
15.75146976
15.76162739
15.76575364
15.78097158
15.78129997
15.81231460
15.83953647
15.86117155
15.88711793
15.96589843
15.96727339
15.96730811
15.98306012
16.01331202
16.02835097
16.03716210
16.05329374
16.10821892
16.11451442
16.11930016
16.17076039
16.20876813
16.22870745
16.23244471
16.25093720
16.25491267
16.27287514
16.32718117
16.34745352
16.35286000
16.42847404
16.45168520
16.45691141
16.46174861
16.46455764
16.48675402
16.50492297
16.51787505
16.55000611
16.60838573
16.61839334
16.67943325
16.70257199
16.80193599
16.81698437
16.85019203
16.88011486
16.90082612
16.91166313
17.00481619
17.00688656
17.01605120
17.07844770
17.08415438
17.08769061
17.15562344
17.17529947
17.17717121
17.21280581
17.30612118
17.36781747
17.38786479
17.39677063
17.40170151
17.40193491
17.48710103
17.48741092
17.48905217
17.53788764
17.57961572
17.62000430
17.64424139
17.66097600
17.66209767
17.67609706
17.74265940
17.75773537
17.79793284
17.82424859
17.84049358
17.85388021
17.91611296
17.92069382
17.93386809
17.99156938
18.07178231
18.09642299
18.20915728
18.26218759
18.30350579
18.31272261
18.31574776
18.38125625
18.38488133
18.41159358
18.41305829
18.42103485
18.43778922
18.46993754
18.53646561
18.57283188
18.58181542
18.62175170
18.62940038
18.69489715
18.70685511
18.79982474
18.84474317
18.86694390
18.86869972
18.91307624
18.92327576
18.93445326
18.98524579
18.98834060
19.00807091
19.00980696
19.02283639
19.02816674
19.06936954
19.12035161
19.12800318
19.19436147
19.21495278
19.21703518
19.24704977
19.25553460
19.26130623
19.39349924
19.42598675
19.44092649
19.44576645
19.55220084
19.73544949
19.76052329
19.78543967
19.78907964
19.80524479
19.87577333
19.98789484
20.01590001
20.04950033
20.06817402
20.10384862
20.12072746
20.20682895
20.21780298
20.23955213
20.28985918
20.32598718
20.32745376
20.41672326
20.45214922
20.49034838
20.49060694
20.51109061
20.62146514
20.63086341
20.65365376
20.68457053
20.69577439
20.69623876
20.70435695
20.71981643
20.75732482
20.76074606
20.77672965
20.80872775
20.82120873
20.86510641
20.86836659
20.89300078
20.90705747
20.91697260
20.92400033
20.92522975
21.00225133
21.00227064
21.00328195
21.01117850
21.07503825
21.18485743
21.19651018
21.20121214
21.21995390
21.25796925
21.26146866
21.29623275
21.30001261
21.30533654
21.34614557
21.38919829
21.39126308
21.47563407
21.49277837
21.50412169
21.53513905
21.56236582
21.60660044
21.62716101
21.62936780
21.64369992
21.65072662
21.67544187
21.69449070
21.70965614
21.75000957
21.76200071
21.76464720
21.79011791
21.95212460
21.95429933
21.95524058
22.06788285
22.18068211
22.19021077
22.25546175
22.32056871
22.33380229
22.39533860
22.39970695
22.42908229
22.46383495
22.46884895
22.48230218
22.48914280
22.49373712
22.49476749
22.56986046
22.61392003
22.64299967
22.66955426
22.69180903
22.69571503
22.69935449
22.71498670
22.72730734
22.74562016
22.75550973
22.76755373
22.80512173
22.81887653
22.83742319
22.86559554
23.05146908
23.06754968
23.08006578
23.08302049
23.09896438
23.10041064
23.10056856
23.11642967
23.13983777
23.14904692
23.17542136
23.25516827
23.26784557
23.30006342
23.39849396
23.40225343
23.41882972
23.42549973
23.48773660
23.51349820
23.54442924
23.58849722
23.59140946
23.59296429
23.60170881
23.66418029
23.69846905
23.71728922
23.76808407
23.89929380
23.90685528
23.92679154
23.93974592
23.97352127
23.97463263
23.98059053
24.02948764
24.03360720
24.09478833
24.11025641
24.11196880
24.22067975
24.22975477
24.25530579
24.26246558
24.26887919
24.30510129
24.34656855
24.36278045
24.36654300
24.36882430
24.37878526
24.39808628
24.41000684
24.41411417
24.45806268
24.47708133
24.49176074
24.52171227
24.55545898
24.57288726
24.58266467
24.59952176
24.62658180
24.70732016
24.75088540
24.76414770
24.83469603
24.87798872
24.91478279
24.91942929
24.95131004
24.97238519
24.97325239
24.97650819
25.00973445
25.02100300
25.05762788
25.11126204
25.17424278
25.17968972
25.19417796
25.19566409
25.21883847
25.22082424
25.25984753
25.26837727
25.28679558
25.32659670
25.33325050
25.33753093
25.34347935
25.40214051
25.40585631
25.42200701
25.42319329
25.44023146
25.48424808
25.49642520
25.58872259
25.63846456
25.68299978
25.68312107
25.69337684
25.71124948
25.73824658
25.79199853
25.83475512
25.85574177
25.85701414
25.90357408
25.91959479
25.98612224
26.09360766
26.17636478
26.26186217
26.27699959
26.28437216
26.29759722
26.32634920
26.34262068
26.35783270
26.35894355
26.39905951
26.41180830
26.44566923
26.45044781
26.48670793
26.51565727
26.55639130
26.56844257
26.57222001
26.59727130
26.63157569
26.64694090
26.66180107
26.70916321
26.72242320
26.74036404
26.77208041
26.84095288
26.87164792
26.87194456
26.88207446
26.93867700
26.95054872
26.95626715
26.97752569
27.02809488
27.06030853
27.08927467
27.16037363
27.19363818
27.20432534
27.25244538
27.26411008
27.27779544
27.28366438
27.31952573
27.32328216
27.34086410
27.35295053
27.36462650
27.40627873
27.46787268
27.48341862
27.51765366
27.56000964
27.57641222
27.59871290
27.61823221
27.64676257
27.65932168
27.71859052
27.74113923
27.76184670
27.79661394
27.82515169
27.83511769
27.85018159
27.89236476
27.92937826
27.95220273
28.02421289
28.06550759
28.08192046
28.08308131
28.15374608
28.18022283
28.19109955
28.19581604
28.25020166
28.27380217
28.40831169
28.41902606
28.42418896
28.43044292
28.52920045
28.56464336
28.57145777
28.57196956
28.62728276
28.69959600
28.71530268
28.71716280
28.74398371
28.77573576
28.80340450
28.85932861
28.86819542
28.94632205
28.95997771
28.96510675
28.97399645
28.99575603
29.00560495
29.03565904
29.04284598
29.05144625
29.11005973
29.13634258
29.16232734
29.20216239
29.21038760
29.23541270
29.24566055
29.29240273
29.30410791
29.33205272
29.37158850
29.42388666
29.45830028
29.47270364
29.48949571
29.50184812
29.50569411
29.51527339
29.53911835
29.54211561
29.56702960
29.61781915
29.63083561
29.68821751
29.71608327
29.73690329
29.74055492
29.76087245
29.76580619
29.82774266
29.83105614
29.84207148
29.87413636
29.92189265
29.94771250
29.96153635
30.00082099
30.00870022
30.03085493
30.04292070
30.06257918
30.07293228
30.09611224
30.18831587
30.19041755
30.20344232
30.23336534
30.23702763
30.29542514
30.31940975
30.35601659
30.39935772
30.41981517
30.43582882
30.48545400
30.48874407
30.53790900
30.54789907
30.56566413
30.58287071
30.58536045
30.60389995
30.60999350
30.64556859
30.69662978
30.70598735
30.71886751
30.80127040
30.82618101
30.82988105
30.90296670
30.94353296
30.95236931
30.96632061
30.97083797
31.03027136
31.04830299
31.05573381
31.06230042
31.09290025
31.11947595
31.12181521
31.15169038
31.16502071
31.24566498
31.24910780
31.26129824
31.26439710
31.37158211
31.43969823
31.48200644
31.53995588
31.59201438
31.59894206
31.62721178
31.62760817
31.71014497
31.72904797
31.73691224
31.75897756
31.81446424
31.83349996
31.84379569
31.85163281
31.86212051
31.90697548
31.91829303
31.94068189
32.04245766
32.08147087
32.10769679
32.14805471
32.15754923
32.19998877
32.22481535
32.31610425
32.32103181
32.32254245
32.38391557
32.43842375
32.50089965
32.57577340
32.58112239
32.58163658
32.60265099
32.63855773
32.65545586
32.66035469
32.67290108
32.68027596
32.69343347
32.74780229
32.78156685
32.80033119
32.82365086
32.83603732
32.85593374
32.86960672
32.89734324
32.95198199
33.04295051
33.05017178
33.05349796
33.06931202
33.09722179
33.11507782
33.12358233
33.14345351
33.16036400
33.16870173
33.18548749
33.19707389
33.24802534
33.31492359
33.33864682
33.37045789
33.39967382
33.42164634
33.43150462
33.44594691
33.46518494
33.48088679
33.49287394
33.50504737
33.52652425
33.53019828
33.53491721
33.55160396
33.55195830
33.55283763
33.56599948
33.58340091
33.60895770
33.63668327
33.64736130
33.68579034
33.69210750
33.70682182
33.72898698
33.76374381
33.77343287
33.77936497
33.79269506
33.79853109
33.80080837
33.82508732
33.83414209
33.87623294
33.90919634
33.95559098
33.97598135
33.98135452
33.98460921
33.98978046
34.03645237
34.05055529
34.11533151
34.14695568
34.16429164
34.16529371
34.21034478
34.22812823
34.25536333
34.26972582
34.30635465
34.32015021
34.35549560
34.35788176
34.41033768
34.42264344
34.45051483
34.45479453
34.45646648
34.45689488
34.46838439
34.49064698
34.50921991
34.54401738
34.56909795
34.57644637
34.60634280
34.63991718
34.65840648
34.66644650
34.66891791
34.66945240
34.69296318
34.72197349
34.75183696
34.77581944
34.80950949
34.83424700
34.87100170
34.89219220
34.89827954
34.97053369
34.98074118
34.98190413
34.98459721
34.99873994
35.01215033
35.04239660
35.18261238
35.19687777
35.21723434
35.28688450
35.29261728
35.32471935
35.36151313
35.43861846
35.47571543
35.48249130
35.49283471
35.70359920
35.74213338
35.75009929
35.75099775
35.76578123
35.79139937
35.79566005
35.85443417
35.88982830
35.89208637
35.92411425
35.92869805
35.93508492
35.94586427
35.96788014
35.96921812
35.97162702
35.97596472
36.01721850
36.04660576
36.04864817
36.07189463
36.24012990
36.25633712
36.28694507
36.33206602
36.34262918
36.35770300
36.37894894
36.40111271
36.41137983
36.44467896
36.50881597
36.51526694
36.53192460
36.61646372
36.62716819
36.70288399
36.71318083
36.86105648
36.92531966
36.94131338
36.94676771
36.95972279
36.99105080
37.09142780
37.09258207
37.11143376
37.11167402
37.16200627
37.17011234
37.19853299
37.22310495
37.23519971
37.24988293
37.25042992
37.25256513
37.26606032
37.28628356
37.29373921
37.30750468
37.32260656
37.33708348
37.34819450
37.36428900
37.36996650
37.37220730
37.39762117
37.40573695
37.43774526
37.47980678
37.47987291
37.50909497
37.51469310
37.54317653
37.55037506
37.55182075
37.55817041
37.65174907
37.66203828
37.71497913
37.71918208
37.73011203
37.76982197
37.78520559
37.79662114
37.80833843
37.81522072
37.82078998
37.86645873
37.89316492
37.94380757
37.99244183
38.00864898
38.04247603
38.07354299
38.10877994
38.12188876
38.12280009
38.16184414
38.17314828
38.28167337
38.30291138
38.31292129
38.32867364
38.34758419
38.37884305
38.44280596
38.47482235
38.48678671
38.51604839
38.53342946
38.55584292
38.57202992
38.57954828
38.62306272
38.62647544
38.62663878
38.62910510
38.67790360
38.72470157
38.90371446
38.97442974
38.98990569
39.01774635
39.16010240
39.16493309
39.16899355
39.19375447
39.22027036
39.23096529
39.27565413
39.33322098
39.38476439
39.39121980
39.43718050
39.48121309
39.48314147
39.48555465
39.52362596
39.52681656
39.56705914
39.63443068
39.65017970
39.70447903
39.72267273
39.72909556
39.75908014
39.80528493
39.80784757
39.83294111
39.85747378
39.87540109
39.89170071
40.02381708
40.04050343
40.05608496
40.06122884
40.09071857
40.09753557
40.11570368
40.12332393
40.13792763
40.16122210
40.17791624
40.19249889
40.22180682
40.23114648
40.24332816
40.24338740
40.27013744
40.27337428
40.29031341
40.31961772
40.34498829
40.34804236
40.36876987
40.37480860
40.38277451
40.42859008
40.45930317
40.46587526
40.49038447
40.51400354
40.51761776
40.52303967
40.55112231
40.57909059
40.66960263
40.70264035
40.71160275
40.74060118
40.84230450
40.87046687
40.88160465
40.89838925
40.90040448
40.95259206
40.96748900
41.03338086
41.06948285
41.10578875
41.12321847
41.18436517
41.19973203
41.24376353
41.30920398
41.31882021
41.32247700
41.39112749
41.40434066
41.41491817
41.44375779
41.46415961
41.53830835
41.56317247
41.56959111
41.66175529
41.72081130
41.79241926
41.86830130
41.90151392
41.90483197
41.92048221
41.92462923
41.93290607
41.93858977
41.94304897
41.99404188
41.99764162
42.02189295
42.06528554
42.07632780
42.12122185
42.18727790
42.18952812
42.19619637
42.26188790
42.27465879
42.29092670
42.36594464
42.41963736
42.51155537
42.55114223
42.55850743
42.56441748
42.58131541
42.59697112
42.60398165
42.63417983
42.66448586
42.67175647
42.77791954
42.78374322
42.79589059
42.79997796
42.86610289
42.93174116
42.94821864
42.95126919
42.97645300
42.99774850
43.01974918
43.02790137
43.03175183
43.05051850
43.06558726
43.09741157
43.10347345
43.21243112
43.25113423
43.25188231
43.25598644
43.27750411
43.28588622
43.29282054
43.29517426
43.30242211
43.33020672
43.33406495
43.36487159
43.37495065
43.41792765
43.42992385
43.45024377
43.46881314
43.47216360
43.50431175
43.50952958
43.51634996
43.55041286
43.56183945
43.67361129
43.69578776
43.69906767
43.71674784
43.73631094
43.73736852
43.75079395
43.75450505
43.75885778
43.76756060
43.82034819
43.82187068
43.84314596
43.87109194
43.89194504
43.89811045
43.94819289
44.01301658
44.01855594
44.06259113
44.06730802
44.07177248
44.08988525
44.09046023
44.12184852
44.13772388
44.15222065
44.19093185
44.21722839
44.22646679
44.23177126
44.24202429
44.24701852
44.25066976
44.25166656
44.26798296
44.26865151
44.28259460
44.29167858
44.35296710
44.38401187
44.41612669
44.50922169
44.53325091
44.54397576
44.57321301
44.60128327
44.63260576
44.64156923
44.66232579
44.67777120
44.68962855
44.73330094
44.79160822
44.81345353
44.81471994
44.83010511
44.83556258
44.85475529
44.86700618
44.87407180
44.92659019
44.95840546
44.95845130
44.97204762
44.98310658
44.99370212
45.00336363
45.00854658
45.03415170
45.03539940
45.06306739
45.07486362
45.12749379
45.13035638
45.17092392
45.17707441
45.18388920
45.18802919
45.22808300
45.25750289
45.26056543
45.26124734
45.32644526
45.36569675
45.36617018
45.38409588
45.42981177
45.48147979
45.50680740
45.52601825
45.54581173
45.55346186
45.59503231
45.61238055
45.62623278
45.63369374
45.63981368
45.64940514
45.69093986
45.70606446
45.73069543
45.74422652
45.78319011
45.79948553
45.83391306
45.93278940
45.93699605
45.94412584
45.95831617
46.00836261
46.13699066
46.16766728
46.20469069
46.31120061
46.32831293
46.33330271
46.33493719
46.43279401
46.46202142
46.59275977
46.59827086
46.62963352
46.67610714
46.67765267
46.67878873
46.68862814
46.69385724
46.72760223
46.73172761
46.76937198
46.78636917
46.81559793
46.85634433
46.96193611
47.01754071
47.02879556
47.04504257
47.05690260
47.09257415
47.10367635
47.12849741
47.13209746
47.16143112
47.16744468
47.18695901
47.18916501
47.21825374
47.23300236
47.24187747
47.26683323
47.27647624
47.42644668
47.50361754
47.57380675
47.57511171
47.61478892
47.64551064
47.65875637
47.67122822
47.67559585
47.68945754
47.70899106
47.71644201
47.72093072
47.74515904
47.77058274
47.77403348
47.79304746
47.85553672
47.86035489
47.86589859
47.86920571
47.88659403
47.94543814
47.95652295
47.95862289
47.98530739
48.00486668
48.02945948
48.05290233
48.07938293
48.07960697
48.08600624
48.15957061
48.18983515
48.38328428
48.38938754
48.39400818
48.44148842
48.47289685
48.48526880
48.51689502
48.54741577
48.54865743
48.59182306
48.64547125
48.70331473
48.72195339
48.79186099
48.83093345
48.85722422
48.94709984
48.96449769
48.97815126
48.99003553
49.00140031
49.00991108
49.03015249
49.08285519
49.09559542
49.13254702
49.14575128
49.14919443
49.15458835
49.17278365
49.27259812
49.27310046
49.30092829
49.35973837
49.37363208
49.37607901
49.37836326
49.37876751
49.40879788
49.48840717
49.51777933
49.64513845
49.65333656
49.73794150
49.74075571
49.78875201
49.80973988
49.81034590
49.81981587
49.82230024
49.86097561
49.91635894
49.93344844
49.93951087
50.00159744
50.01035695
50.07634993
50.09497118
50.10742810
50.13357142
50.15245552
50.19265505
50.26973026
50.30893035
50.35575908
50.42210948
50.51425825
50.57319032
50.65904157
50.81258057
50.87195616
50.87912585
50.88985713
50.89049558
50.93131907
50.93886928
50.94078871
50.95582430
50.99823119
50.99835549
51.00909840
51.05219662
51.05924669
51.09255344
51.10389093
51.11220889
51.13159224
51.15645956
51.17202946
51.19864079
51.21705219
51.24711874
51.25244199
51.29526292
51.30784049
51.32259949
51.33683530
51.35334140
51.42737024
51.46611279
51.46914999
51.56458308
51.60955063
51.61312980
51.67606086
51.69427677
51.74834132
51.79965218
51.85070935
51.88337435
51.94253545
51.96963178
52.12873246
52.15134643
52.18807125
52.21235226
52.25788786
52.27419295
52.27468185
52.36619256
52.41981017
52.48141566
52.50540470
52.60921963
52.61220747
52.67409084
52.72432455
52.74078889
52.81418462
52.84214378
52.84434863
52.86619407
52.88774079
52.89572001
53.02134256
53.04805670
53.05794997
53.06540343
53.14065017
53.14459852
53.16622367
53.18302771
53.25117857
53.25702792
53.30885929
53.31140370
53.31383313
53.31619503
53.33206509
53.33530304
53.34371932
53.42061841
53.44065148
53.44665574
53.45584491
53.48788538
53.52048161
53.57005242
53.57267467
53.57747649
53.58235012
53.61663882
53.62461553
53.68124234
53.71924073
53.73323309
53.73629797
53.77873641
53.80439262
53.83653143
53.85129428
53.85187243
53.86259318
53.87530174
53.92033979
53.94350101
53.98592222
54.02126562
54.13355775
54.13380597
54.14732961
54.15528188
54.17520997
54.19142368
54.33443672
54.37081337
54.38376947
54.42310367
54.43387312
54.49589761
54.53001725
54.58462501
54.58710898
54.58837157
54.59983005
54.61476236
54.64585914
54.65858312
54.66647857
54.66883638
54.70682291
54.71025671
54.74297882
54.76562631
54.78204274
54.80195423
54.81156095
54.82273316
54.84971709
54.84974596
54.90407312
54.93539317
54.93692977
54.94162542
54.94494106
54.97759508
54.97970872
54.98464079
55.02375435
55.05619082
55.05985530
55.06670425
55.10776053
55.11995425
55.17775197
55.23260319
55.28505070
55.38026958
55.42074752
55.43768731
55.43952243
55.44847238
55.47111806
55.49924142
55.53727265
55.57611481
55.62106374
55.62878256
55.63848668
55.64270134
55.66903850
55.67285780
55.71024518
55.73284165
55.73356873
55.74518152
55.76719295
55.80954935
55.82364208
55.83510990
55.83827191
55.84500185
55.90157563
55.93148455
55.98893157
56.00241985
56.01476013
56.04705720
56.05652495
56.06160297
56.07755254
56.13295553
56.15343518
56.16962364
56.29570778
56.33557474
56.35149672
56.45933275
56.47478883
56.49094199
56.50496647
56.51208599
56.51332559
56.55769607
56.57042895
56.57918028
56.58018026
56.59546969
56.60789946
56.61842671
56.63629892
56.64382887
56.64836694
56.68653247
56.70611687
56.77137734
56.81871292
56.84106406
56.86108064
56.87101273
56.87416152
56.87599813
56.95983000
56.97767064
57.00621373
57.01760708
57.01772708
57.02532063
57.05437354
57.07456313
57.08517890
57.09885332
57.11296821
57.13500117
57.15096055
57.16709367
57.17218775
57.24584237
57.25359620
57.27481916
57.32320440
57.32518867
57.33134252
57.40395706
57.41977590
57.47871426
57.49337307
57.50461258
57.58296676
57.61005775
57.61355165
57.61906250
57.61971988
57.62948922
57.64669475
57.70863621
57.73502332
57.78974318
57.79732643
57.80139919
57.83087787
57.85449221
57.87511535
57.90721171
57.91800161
57.92431018
57.95608334
57.99368691
58.00132213
58.01670794
58.02395313
58.08335379
58.09067497
58.09991080
58.10333404
58.22194644
58.22870853
58.23096890
58.24040649
58.29512073
58.31863261
58.31946234
58.36241318
58.40261842
58.43121832
58.49137613
58.52653905
58.52737358
58.53724265
58.54989420
58.57566010
58.57687878
58.58994319
58.63403081
58.63957957
58.64428719
58.71887946
58.73461270
58.75046717
58.78936123
58.78940021
58.83594302
58.88164799
58.89934256
58.90961743
58.91249024
58.93913432
58.94958994
58.95391225
58.96765218
58.98714637
59.00158375
59.01857514
59.05523649
59.06280025
59.08711569
59.10231965
59.19092229
59.21473180
59.23356285
59.25413245
59.28501435
59.29281965
59.32304853
59.37653560
59.40443607
59.43836344
59.47784513
59.48581903
59.52145254
59.61059880
59.61551340
59.69577366
59.72836328
59.75245042
59.76196796
59.82041664
59.84953503
59.89124306
59.91091247
59.92098461
59.94384208
59.94481569
59.96339596
59.97034933
60.01494017
60.12259154
60.15362562
60.19781725
60.20569218
60.23189329
60.23967845
60.24747896
60.25588227
60.29460260
60.29956458
60.32934635
60.36403757
60.40178894
60.41127825
60.46486351
60.46689868
60.46698082
60.49354136
60.49401372
60.50372993
60.52302659
60.52596298
60.57355033
60.61897785
60.66068383
60.69072548
60.69303827
60.72939951
60.75346691
60.75774007
60.77682938
60.83450573
60.85604693
60.85760460
60.86240027
60.88394887
60.91898898
61.01290477
61.02992224
61.03446686
61.04896003
61.05683492
61.20854704
61.26342609
61.30884730
61.32389549
61.34583917
61.35087950
61.36948791
61.37469037
61.40189068
61.44802231
61.49602427
61.60690684
61.64219145
61.66314104
61.74538157
61.78493512
61.81606656
61.82621848
61.84912082
61.85599740
61.85795585
61.86455494
61.87040748
61.87975640
61.88284064
61.95184168
61.98294786
124.00000000
