0.05048627
0.09372269
0.09428559
0.09518124
0.13977175
0.27216959
0.30482192
0.32094523
0.32352920
0.33944966
0.36821338
0.36863377
0.44091741
0.46485184
0.51474119
0.51983254
0.52892938
0.53440715
0.59372250
0.64741566
0.66890598
0.68146117
0.71427930
0.73590997
0.74306631
0.75355461
0.75553167
0.77957546
0.80016942
0.80296744
0.81368198
0.85363972
0.85594336
0.85918568
0.87093542
0.93613140
0.94132578
1.04608516
1.05552317
1.06881334
1.08781319
1.22838304
1.23231272
1.26184721
1.30739137
1.32312446
1.33149157
1.34985124
1.35802724
1.41596437
1.43040366
1.43878605
1.47940843
1.49411272
1.49845412
1.54861375
1.66294494
1.69243144
1.73856509
1.75064910
1.76306301
1.77813983
1.78592997
1.80490933
1.86888720
1.88015294
1.92305711
1.97649758
2.01039067
2.01311665
2.06645077
2.07492876
2.12474911
2.12652746
2.15943268
2.18473646
2.22515765
2.24403729
2.29918863
2.33218559
2.35889422
2.37659134
2.40925873
2.41693808
2.43067906
2.47708105
2.50084790
2.52522062
2.55563365
2.57355609
2.57694672
2.60291064
2.61841426
2.62305785
2.66104467
2.67088589
2.73109854
2.73947317
2.78211275
2.82759784
2.83462966
2.87108161
2.90031665
2.90230520
2.95372868
3.00299053
3.07163496
3.12501391
3.16024870
3.21842723
3.22090667
3.22476363
3.29869689
3.31260480
3.32530741
3.34980402
3.36548595
3.36717218
3.44807535
3.52417418
3.63386164
3.79488832
3.82861624
3.85644825
3.90591988
3.90880884
3.91687246
3.95535893
3.96137264
3.98888211
4.01221160
4.02104959
4.02429699
4.03376152
4.07121357
4.11019032
4.17373056
4.17563214
4.18120589
4.18935751
4.19807068
4.21293674
4.23963261
4.28820715
4.28994716
4.30072234
4.31151545
4.33044614
4.35625545
4.42040108
4.43580591
4.48371016
4.53107741
4.57670714
4.59277408
4.59790842
4.61246164
4.63607367
4.63951959
4.64300071
4.66553849
4.74996394
4.76974109
4.78490001
4.78869320
4.80183209
4.81976656
4.83784049
4.86434662
4.88050931
5.01980091
5.07300096
5.11657109
5.17474231
5.23416316
5.28695507
5.30174688
5.32618465
5.32804619
5.33447579
5.39805558
5.40673267
5.47550202
5.47854415
5.48259305
5.52939122
5.54739439
5.55741124
5.56799256
5.56924731
5.57918546
5.59225215
5.59870379
5.60813213
5.60847277
5.60906106
5.62593311
5.67871273
5.79033368
5.79427271
5.87794342
5.90661734
5.92087987
5.97407140
5.97784713
5.99585187
6.02825431
6.02890709
6.03275819
6.06222174
6.07222710
6.15220106
6.15293224
6.17600695
6.20396134
6.20594193
6.26371185
6.27584349
6.29439838
6.31652469
6.32325925
6.32643524
6.36343106
6.40683335
6.48092481
6.48823410
6.55934683
6.58591056
6.64013081
6.64121603
6.64226257
6.67375838
6.69694030
6.70341847
6.70544555
6.74868674
6.78158805
6.81244728
6.85459207
6.87294139
6.89172388
6.90177953
6.93009092
6.93638926
6.95202985
6.96685827
6.98646155
6.98856388
7.05722936
7.06625655
7.08123352
7.16150768
7.21165094
7.23170167
7.24709525
7.29121916
7.32820859
7.38437606
7.40359994
7.41233756
7.44540092
7.46515157
7.47406883
7.47703096
7.47922790
7.48120402
7.49001792
7.49821835
7.52695058
7.54711976
7.57430091
7.57841226
7.63291528
7.65057477
7.66973331
7.69061732
7.69113374
7.74112634
7.74714442
7.80823060
7.81169815
7.82043885
7.83532776
7.88301658
7.90079574
7.92664869
7.97185397
7.97806780
7.98497185
7.98840046
8.00924457
8.04179808
8.14222573
8.18419105
8.23322381
8.23987646
8.27457959
8.27548493
8.28444352
8.41634314
8.47159134
8.48340283
8.51334249
8.52208010
8.54077603
8.54767055
8.55989366
8.57080630
8.57661194
8.60267724
8.62011220
8.67466052
8.67548947
8.70360144
8.70673043
8.71832306
8.78097115
8.78540176
8.78681342
8.79398169
8.88254792
8.89398501
8.90052015
8.92112664
8.93761661
8.98971939
9.04906833
9.05910632
9.10246069
9.10709315
9.14200417
9.19991840
9.31955368
9.32315698
9.32811333
9.41987198
9.43370809
9.45548612
9.50527617
9.50932101
9.52883534
9.53431913
9.54768684
9.55467139
9.56618721
9.59905920
9.60129348
9.61232143
9.70174119
9.73196179
9.85267800
9.85763784
9.87895856
9.89314036
9.91896441
9.95308340
9.95648933
9.96532438
10.05174856
10.05742774
10.09362922
10.11384280
10.16441259
10.17943894
10.20066087
10.21489196
10.28409406
10.39222892
10.45084281
10.47729052
10.48244111
10.57095454
10.58146839
10.60575675
10.62620261
10.62878130
10.64296936
10.66287419
10.66934064
10.67800591
10.68989238
10.72702123
10.79366707
10.79499971
10.87253372
10.88214084
10.92917614
10.96697907
11.01851388
11.03739476
11.04463208
11.10665954
11.12720043
11.16051539
11.16775152
11.17261929
11.17352625
11.20583059
11.21630010
11.22403053
11.24809054
11.29227812
11.34193692
11.36451431
11.39464592
11.41592078
11.45550618
11.50853326
11.54179076
11.60243225
11.72764588
11.74002691
11.75553844
11.81169768
11.81471765
11.84053999
11.84345901
11.86769303
11.88215131
11.97060867
11.97851319
12.01660268
12.05636201
12.07682599
12.07909695
12.09207617
12.09874130
12.10210036
12.13030247
12.14740359
12.16060588
12.17147403
12.19508556
12.21369834
12.28087310
12.30929461
12.32037302
12.39115839
12.39552257
12.50657432
12.53598021
12.53654098
12.54895287
12.61398118
12.67562738
12.73146642
12.87759745
12.90013197
12.94599369
13.02408326
13.07740088
13.08120098
13.11213297
13.14343252
13.23417261
13.28994004
13.29011966
13.34341457
13.39202169
13.40294186
13.41995853
13.43374633
13.49815267
13.51081566
13.55482359
13.56530234
13.58815692
13.60435603
13.62393477
13.74941963
13.81289581
13.97045334
13.97272202
13.99681595
13.99951739
14.02740343
14.04270582
14.04558934
14.14422992
14.16225242
14.17458554
14.18563281
14.24846978
14.28716216
14.28913234
14.29508768
14.30373796
14.34368978
14.40897024
14.51041878
14.54912941
14.55220847
14.56504178
14.58899851
14.70068110
14.71810501
14.74125896
14.74500786
14.77914464
14.79253750
14.81625704
14.82450511
14.83737174
14.84736493
14.86171015
14.88438154
14.91655376
14.94448844
14.96983488
14.97731577
14.98352739
15.03869409
15.04813120
15.07303126
15.09843488
15.13043174
15.18637022
15.19740369
15.20100343
15.26134535
15.26258256
15.27395858
15.29053412
15.31765902
15.31888938
15.32778987
15.35645491
15.37288071
15.39683762
15.42347197
15.43550326
15.47163201
15.50121237
15.57056920
15.62636953
15.63253599
15.63329028
15.65006455
15.66626297
15.69583155
15.72203507
15.72713130
15.74242983
15.76060650
15.77376854
15.77499078
15.81412505
15.82100623
15.84646222
15.88424501
15.90025120
15.90388777
15.92432806
15.97267552
16.00788064
16.01331752
16.07655794
16.08092911
16.11696421
16.23707737
16.24589571
16.26935182
16.27681530
16.27780644
16.36580632
16.40112083
16.46757414
16.46863078
16.60108044
16.60712359
16.62323305
16.63776441
16.63919696
16.64885626
16.67340034
16.68830580
16.71803613
16.72059207
16.72464903
16.74715514
16.85019203
16.88402236
16.90871113
16.99802919
17.03308078
17.04396272
17.07414796
17.07805773
17.11723983
17.16198655
17.17292939
17.17606626
17.18856949
17.19024476
17.19517916
17.19908818
17.19987917
17.20041092
17.24332451
17.25373667
17.26238947
17.26842173
17.41042242
17.46971125
17.47182002
17.52351388
17.53360078
17.56691576
17.58090805
17.58125053
17.59345755
17.60926517
17.67582253
17.67706010
17.68019254
17.70128146
17.72578549
17.77245299
17.77290946
17.77933519
17.81324880
17.83485276
17.84049358
17.89851746
17.96979903
18.03438956
18.03824281
18.14808736
18.15141999
18.17008881
18.22408896
18.24217449
18.26266113
18.28222216
18.31133807
18.34433026
18.47718179
18.56924656
18.65031451
18.68285968
18.70274185
18.74044958
18.77816942
18.81273516
18.84718844
18.86489366
18.86906298
18.89326499
18.94832621
18.95098179
18.99598537
19.03976859
19.07552119
19.11781317
19.15646717
19.22010816
19.28558290
19.31041897
19.31497377
19.37120870
19.39532547
19.42052978
19.43524464
19.44411510
19.46222712
19.46913015
19.51682695
19.52278099
19.53618008
19.59536740
19.60899831
19.69120534
19.69337338
19.80419976
19.85484637
19.99992113
20.00216472
20.06962679
20.08342743
20.11821777
20.14214298
20.19736984
20.20373047
20.25397262
20.29121144
20.30941259
20.31723031
20.32656986
20.33175739
20.36841850
20.39119227
20.46875423
20.46912066
20.48958182
20.51365737
20.52198538
20.53763608
20.57672563
20.62117623
20.65732507
20.67961442
20.73821097
20.78679269
20.81603492
20.83285122
20.83387844
20.84058107
20.84914686
20.89913683
20.94290803
20.94966356
20.99294420
21.03953098
21.08289598
21.11001374
21.14795875
21.20039033
21.20658064
21.22066890
21.24313918
21.24983627
21.25648751
21.25760476
21.27429924
21.34883393
21.39419888
21.45517022
21.48174016
21.53476102
21.53617062
21.57101730
21.59306434
21.63464713
21.74118191
21.74930448
21.77144355
21.78324914
21.81332553
21.83921943
21.84277508
21.85805723
21.87966807
21.91410710
21.95293890
22.02178748
22.03133715
22.04222352
22.06648461
22.07830868
22.15698342
22.16945053
22.17001509
22.18026712
22.20786908
22.21904602
22.29005513
22.32618822
22.43827228
22.46047373
22.49373712
22.51000477
22.54632254
22.56451122
22.70222540
22.72659769
22.72661576
22.80689592
22.91739580
22.94960170
22.97029961
23.02351468
23.03472109
23.03526931
23.09817418
23.10681695
23.10827995
23.12340443
23.13726615
23.14630597
23.14712194
23.16753082
23.23352108
23.30384537
23.44739112
23.46321177
23.46915969
23.51237998
23.56830545
23.57301831
23.61435692
23.67268225
23.69807544
23.69945583
23.72582763
23.75036500
23.77780860
23.85275162
23.90926900
23.91663741
23.95810256
23.97236720
23.97463263
23.97754287
24.00828563
24.02789918
24.03562227
24.07562110
24.07707539
24.12387364
24.17375984
24.18409107
24.20032547
24.20338953
24.21622266
24.23224571
24.28950893
24.32921957
24.39489024
24.39527086
24.41157689
24.45429575
24.50332752
24.51230468
24.55377107
24.56384204
24.60997249
24.64018845
24.64273262
24.64506971
24.65540009
24.66602563
24.69998120
24.72145316
24.72883623
24.73535664
24.75825116
24.77682517
24.79011179
24.79987196
24.83871583
24.87760919
24.90754312
24.93354051
24.93911267
24.96189381
24.96712262
24.96851011
25.05743721
25.11049673
25.12083705
25.12542282
25.18551687
25.20736073
25.20758176
25.24463098
25.25317663
25.31745724
25.34347935
25.39261998
25.40595241
25.40848590
25.46865842
25.52821326
25.55898042
25.56642465
25.60322928
25.61007877
25.65516179
25.68275747
25.69912410
25.90785111
25.91181173
25.91667331
26.05944897
26.06469495
26.13662002
26.16085150
26.19697329
26.33894980
26.34023358
26.34204599
26.35726229
26.36818098
26.39008383
26.39905951
26.47024249
26.47295504
26.47323625
26.53572036
26.57240650
26.58878159
26.59007111
26.66777316
26.66797546
26.68029381
26.75782026
26.81915032
26.83269632
26.84004756
26.84607605
26.85429029
26.87039197
26.88675385
26.92980713
26.94719316
26.96311658
27.02555017
27.02842301
27.04204915
27.05443837
27.08291976
27.08504415
27.09757823
27.12312572
27.12749950
27.13272996
27.14192719
27.17268286
27.19500320
27.20208872
27.23729889
27.25201159
27.25244538
27.27519690
27.30714365
27.34480116
27.37524940
27.41974350
27.42369979
27.43805265
27.44246850
27.51456592
27.53067898
27.57011673
27.57415555
27.64056952
27.66235899
27.67177241
27.68017555
27.68392461
27.68668264
27.71292522
27.76274010
27.78997713
27.82279069
27.82823820
27.87384179
27.89194414
27.94331487
27.95052494
27.95220273
27.96963662
28.01552628
28.03592335
28.04583184
28.05356751
28.05357509
28.10007844
28.14113940
28.16237469
28.26422943
28.36095047
28.39031348
28.39883983
28.42418896
28.47445000
28.48451669
28.48876789
28.50326799
28.51030878
28.51295645
28.52538866
28.53448387
28.54209600
28.55754229
28.59288492
28.59345612
28.62300185
28.62728276
28.64122836
28.70534202
28.73343403
28.75342247
28.76927809
28.77411756
28.83050707
28.84734338
28.88728018
28.91809135
28.91930227
28.96510675
28.98765854
29.01089887
29.05676641
29.05935529
29.06965453
29.08337647
29.14418555
29.16232734
29.24273067
29.30636438
29.32521523
29.38259242
29.39611198
29.42207455
29.43550663
29.44401086
29.49072585
29.49955164
29.56629050
29.62239782
29.68639130
29.68821751
29.73028195
29.74393686
29.82093334
29.82761992
29.83241011
29.85735940
29.87161642
29.88944227
29.88967171
29.94771250
29.95572376
30.01773216
30.03222771
30.07679893
30.10141811
30.17947661
30.29743535
30.33103304
30.34014021
30.36138540
30.37770176
30.39243460
30.42440694
30.46731590
30.48152310
30.53294468
30.54367065
30.54640028
30.58957412
30.62305059
30.65504091
30.66319947
30.66646421
30.67389438
30.70136972
30.74748617
30.75194082
30.75999951
30.78649118
30.79924095
30.81109009
30.82077365
30.82089170
30.85966572
30.86111507
30.86910540
30.87868930
30.92001967
30.92277459
30.97170293
30.97180895
30.99544657
31.00570062
31.01578750
31.08494539
31.13757197
31.16773711
31.16928965
31.17720261
31.19527762
31.19801307
31.26129824
31.28952810
31.29473710
31.31099931
31.37577909
31.41481035
31.45396430
31.47788605
31.50808026
31.54196141
31.56165692
31.56743085
31.58246626
31.58306158
31.61117804
31.62527538
31.63528770
31.64845579
31.68675266
31.69747954
31.72818908
31.76266484
31.84340964
31.85241052
31.87323498
31.89086786
31.93877015
31.94939516
31.95543953
31.95619914
31.97208725
31.97840418
32.01925896
32.06608547
32.13794129
32.14147391
32.17460903
32.17588692
32.18813821
32.19457716
32.22386620
32.23181859
32.24284917
32.25225797
32.26355283
32.26468937
32.28135613
32.30477053
32.37681927
32.38123082
32.41195535
32.47070562
32.48960864
32.51653054
32.55511675
32.57985814
32.71000889
32.71112496
32.74698683
32.77237466
32.77745804
32.80769428
32.81408267
32.81959457
32.83541319
32.84194782
32.89371189
32.90404535
32.90630511
32.92767439
32.97491650
32.97605591
32.97681078
32.98390265
33.03323436
33.06024618
33.16860296
33.17177780
33.17878267
33.18045626
33.20394609
33.20978300
33.21586273
33.23712921
33.23949690
33.25901832
33.28998925
33.29328446
33.29735514
33.30033408
33.35321000
33.35928000
33.36815101
33.36922812
33.38720742
33.46283298
33.48180983
33.48418868
33.49799056
33.51097878
33.52828366
33.55283763
33.58705113
33.60440460
33.65883813
33.66011535
33.67254490
33.69754072
33.70474366
33.72214382
33.72546338
33.74809737
33.77016483
33.77936497
33.78006610
33.78129891
33.89360862
33.90127735
33.90806703
33.95951826
33.96286382
33.97598135
34.00495063
34.03645237
34.04006275
34.04280154
34.04859628
34.06326423
34.08488705
34.10035275
34.10089078
34.13127838
34.17120578
34.17732554
34.19958261
34.21353121
34.21365174
34.21598662
34.23532343
34.24455978
34.31655482
34.32349217
34.33551797
34.34234719
34.34401631
34.34826479
34.35469496
34.37635826
34.41033768
34.46258382
34.48067622
34.52962672
34.58197462
34.60130163
34.61031462
34.61129150
34.63643281
34.64560829
34.66615312
34.67785828
34.74395500
34.75267867
34.76807505
34.84279282
34.86083167
34.90612011
34.92515577
34.94992581
34.97904289
35.04937353
35.08512920
35.10421590
35.11423785
35.12011875
35.15011940
35.15978308
35.16192627
35.19687777
35.22488121
35.25338066
35.30782984
35.32309153
35.32940402
35.36000234
35.38339770
35.38745349
35.40453895
35.46781482
35.47412106
35.49457205
35.54897628
35.57844808
35.58307455
35.59751477
35.60346966
35.62644628
35.76067180
35.87233478
35.90790478
35.97596472
35.98942599
36.00738844
36.01607275
36.04674708
36.08777831
36.09114493
36.09464747
36.11508532
36.12161046
36.22639723
36.24955029
36.28702211
36.38228687
36.38309110
36.40320781
36.42736429
36.43042540
36.43927792
36.48745557
36.51861439
36.55213536
36.58655697
36.60590667
36.62652844
36.63109876
36.64072336
36.65205427
36.68308717
36.69557940
36.69807850
36.74768352
36.87082784
36.88233940
36.89704534
36.93415990
36.94851285
36.97056852
36.98113561
36.98245907
37.01013340
37.01064092
37.04775856
37.09899588
37.11143376
37.14154810
37.16486748
37.18648187
37.23307864
37.24988293
37.27277637
37.28270795
37.32999561
37.33158395
37.36809536
37.38680117
37.46696073
37.49519294
37.52497195
37.58682971
37.62142953
37.63650747
37.64641151
37.69433661
37.71682227
37.73341304
37.75917853
37.77756861
37.82317278
37.82723226
37.84116704
37.85768045
37.87161556
37.91384739
37.95368546
37.97601688
37.97634941
38.03033646
38.07008404
38.08565350
38.14298601
38.15128705
38.15365172
38.20119633
38.20438663
38.23153607
38.23245343
38.24948441
38.25815633
38.25904925
38.31510671
38.33096401
38.41832692
38.47513287
38.48374078
38.50716549
38.51154448
38.53514388
38.56126450
38.58397291
38.61338988
38.61932827
38.63992433
38.65890917
38.71899745
38.72166942
38.72840680
38.74708182
38.77910768
38.80871567
38.84659392
38.84837475
38.86014173
38.89606208
38.96555301
39.04783451
39.05970934
39.07263983
39.11015140
39.11067652
39.22287125
39.22495770
39.22754013
39.23480414
39.24130342
39.24726779
39.25500590
39.30852824
39.41126204
39.51096740
39.53436742
39.55834641
39.62636174
39.66170066
39.66408548
39.67748398
39.71692854
39.73884975
39.79403532
39.82049906
39.82984878
39.87347400
39.87815525
39.90676889
39.95029110
39.96040862
39.98059368
40.04050343
40.04499177
40.04642161
40.05172597
40.12667536
40.13359324
40.20308559
40.23984604
40.24332816
40.24357643
40.25064588
40.27750405
40.28668909
40.29041646
40.32699202
40.34152230
40.40144865
40.45400376
40.48193347
40.49641061
40.51365418
40.52719444
40.54108471
40.54982254
40.55112231
40.61405799
40.62199588
40.64937140
40.68610920
40.71160275
40.72363808
40.74008493
40.75279787
40.78455521
40.80827967
40.89404024
40.90576006
40.92810874
40.95115281
40.98725968
40.99214969
41.00180705
41.01789494
41.02845022
41.10748161
41.11910001
41.13166753
41.13744250
41.16927787
41.17706895
41.20147185
41.20908771
41.21566844
41.23302842
41.31522386
41.32358379
41.35004809
41.37190648
41.41974568
41.44293589
41.46415961
41.54696615
41.56108878
41.60123350
41.63601888
41.68322428
41.68782412
41.70106437
41.72003312
41.75074338
41.77736395
41.83785951
41.84597155
41.85823206
41.95321846
42.01501494
42.10250413
42.14215181
42.17477152
42.18485738
42.20071513
42.20418543
42.23756642
42.28284663
42.28408927
42.36180245
42.42877784
42.47666975
42.51258471
42.55866485
42.56388729
42.58297601
42.58367139
42.58556577
42.60301090
42.61588944
42.65728901
42.66492522
42.66794740
42.70287084
42.73393436
42.73407243
42.78852219
42.81838887
42.85779242
42.86953574
42.87533319
42.88065714
42.92812830
42.95249764
43.02901129
43.03159619
43.07177528
43.09333662
43.15076074
43.16316008
43.17006083
43.24763347
43.29035055
43.30172975
43.30513251
43.35785620
43.36236205
43.38307389
43.39817212
43.45156269
43.45176365
43.46778964
43.48867898
43.50431175
43.60407450
43.62786504
43.63087458
43.63430141
43.66231596
43.66929892
43.68307805
43.71119630
43.71563220
43.73249277
43.75573463
43.75670649
43.81198133
43.81731186
43.82868006
43.85660310
43.86096922
43.90758042
43.94120463
43.96153235
43.99645737
44.00075485
44.04019842
44.04129489
44.04573406
44.06804547
44.17548108
44.17748181
44.17796950
44.20133562
44.20209503
44.21684178
44.23780177
44.30746424
44.30816727
44.31571096
44.38892094
44.40443469
44.42935346
44.43959942
44.44104721
44.45483810
44.55005906
44.55835018
44.56684366
44.56734137
44.57321301
44.57844193
44.62569220
44.64820307
44.66159560
44.66878000
44.67308419
44.73847277
44.74252594
44.76864289
44.79151696
44.85058905
44.85068611
44.88304882
44.90337040
44.93369649
45.04410858
45.07131642
45.21614087
45.22808300
45.26691267
45.34159633
45.36769423
45.37012094
45.37189734
45.37211440
45.39895761
45.57385382
45.58679965
45.58955945
45.59548173
45.62659827
45.64238334
45.64376919
45.66194755
45.66407273
45.66899650
45.67934767
45.68903746
45.74418666
45.76348332
45.80071066
45.82780116
45.83218045
45.83589684
45.85472247
45.88032548
45.88500950
45.92119380
45.96542114
45.97006662
45.97243740
45.97270688
45.98049227
46.00004771
46.03870875
46.04348017
46.05032315
46.07079950
46.09958927
46.15320218
46.16121678
46.17564273
46.19729336
46.20474657
46.27048684
46.27911242
46.31120061
46.34605995
46.39112021
46.41499095
46.43120530
46.44260793
46.47253775
46.48200856
46.52231746
46.54130533
46.56005175
46.59175102
46.60507319
46.61028689
46.63558252
46.64193783
46.72570233
46.76647565
46.79233685
46.91188651
47.01413465
47.03457885
47.04211854
47.06236502
47.08554725
47.14659440
47.17924960
47.18676937
47.21483334
47.23187400
47.25873550
47.31464100
47.33280551
47.42894956
47.45933298
47.48892448
47.49746503
47.49983698
47.51220571
47.51907635
47.54544348
47.58003428
47.59202883
47.59382260
47.72089805
47.72565196
47.73078537
47.78094236
47.80466526
47.80781996
47.88718193
47.99301767
48.00026765
48.00486668
48.02582477
48.06728482
48.08567424
48.10881237
48.13648007
48.15957061
48.26914715
48.29231913
48.33546292
48.37070632
48.38449427
48.46608965
48.47289685
48.47557124
48.48492347
48.50015914
48.50961033
48.55478452
48.55837618
48.55899227
48.60443315
48.62170617
48.63838030
48.66462821
48.75460533
48.77219135
48.85095181
48.86863135
48.88633068
48.88742062
48.89911722
49.05840145
49.08285519
49.11435255
49.14919443
49.17465471
49.21531776
49.23160425
49.23443355
49.24602429
49.24684945
49.26585672
49.26761608
49.40057524
49.49014584
49.50225811
49.59980950
49.61902986
49.62068103
49.62301549
49.62710956
49.64134617
49.64718501
49.65927603
49.68635639
49.71803681
49.74690901
49.76847271
49.79493317
49.80505269
49.82328020
49.88595266
49.89813062
49.98801332
49.99075754
50.01432078
50.04828307
50.05485092
50.05689766
50.08749718
50.09655984
50.15415461
50.15550974
50.16858829
50.17311571
50.17423341
50.18855343
50.19060564
50.19417439
50.20439206
50.24314427
50.24861454
50.30296556
50.31983274
50.32301108
50.32678388
50.34607668
50.38428317
50.47377181
50.50777455
50.51935820
50.53735798
50.59110008
50.59171666
50.60656164
50.63033469
50.63814760
50.65904157
50.68425828
50.74513495
50.74770910
50.77221003
50.80074555
50.82272821
50.84863706
50.90749673
50.91409635
50.92600861
50.93043958
50.95680410
51.00187382
51.01511992
51.06690714
51.08737565
51.11096427
51.11374776
51.12786896
51.12942728
51.15537046
51.19260690
51.19363859
51.27764962
51.27842532
51.30933936
51.45476829
51.46779285
51.53222892
51.54296060
51.56830037
51.57054503
51.59234491
51.68035254
51.68057189
51.69496973
51.74381142
51.75734486
51.76408552
51.80175070
51.85248984
51.87678058
51.95122714
51.95479284
51.95710577
51.96482466
52.00153458
52.01503512
52.03277677
52.05014334
52.05152532
52.08919663
52.12039355
52.16982079
52.19976779
52.20581470
52.22769175
52.24176107
52.33204800
52.37332266
52.38744442
52.41783942
52.42646943
52.42698657
52.46324903
52.47867218
52.48141566
52.48887889
52.50330876
52.53742161
52.55136578
52.55936570
52.57602160
52.57615271
52.62532316
52.63777290
52.65985310
52.83557073
52.86857718
52.96116275
52.97347176
52.98219645
53.06990035
53.07324187
53.08325973
53.10452384
53.10613200
53.10883673
53.11165271
53.13074903
53.14208314
53.16152645
53.21019066
53.21415820
53.28559957
53.29121775
53.29466419
53.30636045
53.31171383
53.33565159
53.41175547
53.41354013
53.46787678
53.48765552
53.52738256
53.57267467
53.60669480
53.64750713
53.65361296
53.66317847
53.68664334
53.75228200
53.76938279
53.77295719
53.82176165
53.82576882
53.83061546
53.83447484
53.97333025
53.98961975
54.02870929
54.06858108
54.07625051
54.13790315
54.16468425
54.17099022
54.17922900
54.20519621
54.26098639
54.29791270
54.33928564
54.35210590
54.35692161
54.36284667
54.39841804
54.50494758
54.53011607
54.56670410
54.58839970
54.59133399
54.60947732
54.62317880
54.68069873
54.71540867
54.76053250
54.77004731
54.78566557
54.80243515
54.80574111
54.80864917
54.83062565
54.83103082
54.88122558
54.90946262
54.92252550
54.99396970
54.99883257
55.01137616
55.01926926
55.05381554
55.09479957
55.10776053
55.10813602
55.10825482
55.12357784
55.14375077
55.17096820
55.18255772
55.25268458
55.33375640
55.36164050
55.39442162
55.39975081
55.43600577
55.43623606
55.46869619
55.54767641
55.57642647
55.66103169
55.68053744
55.72454568
55.72822055
55.73205790
55.74074053
55.75416295
55.78029001
55.79124004
55.80869125
55.83510990
55.90323184
55.91470202
55.95097047
55.95989047
55.97117807
56.00563869
56.02706823
56.04368475
56.17781982
56.22599650
56.24058385
56.36205612
56.37820459
56.38259251
56.38448240
56.39257766
56.39924711
56.41433318
56.46653170
56.48557580
56.50496647
56.53224417
56.54307042
56.57143338
56.60337215
56.61842671
56.63598145
56.68800466
56.69699525
56.75207296
56.76960999
56.79435615
56.80392028
56.82133438
56.82167367
56.83164511
56.84751487
56.88431061
56.90710334
56.96860993
56.97664033
57.02972855
57.03546225
57.05801620
57.07696876
57.09245163
57.10259878
57.10280353
57.11740256
57.12370997
57.15663471
57.22440417
57.24196367
57.27434016
57.30048486
57.36892872
57.40270684
57.42590805
57.44534917
57.46953606
57.52410023
57.61971988
57.63914191
57.72954135
57.74159621
57.74682786
57.80139919
57.80631030
57.81531549
57.83991998
57.84495182
57.87648289
57.89120627
57.89221928
57.89918965
57.90588279
57.90665361
57.92299202
57.93859304
57.94413122
57.95768848
57.98295154
57.99208687
58.00875611
58.05491760
58.06911145
58.07734569
58.14057099
58.14557944
58.21302238
58.24040649
58.30676219
58.31257302
58.31863261
58.32041390
58.35218252
58.41787349
58.43361773
58.45164713
58.47737006
58.55349110
58.56334133
58.56491096
58.58200108
58.62608063
58.64425932
58.70463130
58.81473077
58.86323651
58.86925986
58.89606186
58.93827285
58.94958994
59.00973642
59.01950497
59.02117238
59.02747281
59.17158733
59.19296644
59.22943537
59.24270913
59.29281965
59.35476697
59.36320942
59.40896568
59.45880309
59.48919484
59.49435896
59.53901971
59.55435414
59.56210937
59.58670378
59.60349002
59.61224551
59.61670326
59.64888600
59.68243928
59.69701284
59.74732048
59.79263980
59.80987666
59.81604083
59.84034254
59.85035807
59.93842527
59.98402062
59.98696322
59.99531223
60.02067856
60.10102676
60.16711743
60.18695316
60.25588227
60.26735767
60.28543011
60.29915038
60.30429351
60.32650702
60.33130417
60.37590376
60.40936826
60.42902969
60.43318778
60.44226319
60.46669133
60.50175122
60.50338135
60.56103899
60.57700088
60.60643867
60.60813414
60.62284592
60.62518077
60.68381928
60.75831270
60.78962570
60.80051199
60.84741784
60.85076049
60.86127255
60.93904797
60.95544342
60.99550048
61.03008657
61.03568026
61.05683492
61.07441444
61.08082210
61.09875887
61.12738569
61.13203533
61.15967526
61.17726438
61.20880208
61.22520841
61.25154582
61.25890404
61.28838270
61.37081107
61.37210858
61.39741943
61.45430007
61.45729863
61.46613891
61.48596290
61.54553989
61.54557050
61.58314659
61.61176748
61.67312170
61.67678232
61.72446754
61.83031095
61.84236169
61.87620408
61.91635765
61.93366786
61.94162682
61.94839002
61.94892065
61.97678517
62.05979458
124.00000000
