0.03666139
0.05043708
0.08437249
0.08949558
0.11869543
0.12102588
0.13372681
0.20055747
0.21201003
0.22099434
0.23406856
0.23941455
0.26592250
0.31140522
0.31465139
0.32504346
0.33289714
0.36200544
0.37358811
0.38405526
0.40790290
0.42723292
0.68026826
0.69375403
0.70943782
0.74140499
0.75019671
0.75442385
0.78716570
0.79372066
0.81764079
0.82425960
0.84822993
0.85412980
0.92909837
0.93109827
0.95340826
0.95827436
0.97698278
0.99030621
0.99885101
1.00604631
1.02994942
1.05552317
1.06309209
1.07537630
1.13794852
1.15777335
1.15834946
1.16005279
1.19805662
1.20591206
1.28825977
1.30739137
1.38052766
1.39060500
1.39587322
1.42486001
1.42896099
1.43173759
1.48078855
1.49411272
1.50072823
1.52797519
1.53331211
1.74414400
1.75247985
1.76066635
1.81774171
1.81958592
1.82736162
1.89244918
1.90014181
1.92600403
1.99378560
2.01764987
2.02692658
2.06048768
2.13605412
2.17871074
2.19099763
2.20858259
2.26476232
2.29137987
2.29480603
2.31273327
2.31596469
2.38888934
2.41245893
2.42347587
2.44817992
2.47692733
2.50144930
2.53671320
2.54836562
2.57385073
2.65744049
2.72217638
2.80170263
2.82759784
2.88912695
2.90031665
2.91410039
2.98481558
3.00444970
3.05192915
3.07299587
3.07906593
3.08631606
3.12735920
3.12791262
3.15459031
3.16539882
3.23629379
3.26350470
3.29643082
3.32845244
3.38658474
3.42738762
3.44807535
3.45057272
3.45313800
3.45574084
3.50662895
3.54435733
3.57429603
3.59515090
3.61902002
3.65008183
3.68263838
3.68356546
3.77184477
3.77735639
3.78905790
3.82741337
3.87987837
3.89697062
3.89712826
3.90374699
3.90497326
3.92733302
3.94735866
3.97829403
3.99166880
4.00648495
4.01221160
4.04753593
4.10491994
4.10760292
4.14009095
4.16110255
4.18315775
4.21162501
4.21644062
4.21976179
4.25759086
4.28652192
4.32576264
4.33025413
4.34953128
4.36468819
4.39793370
4.39851679
4.41347523
4.45657302
4.51071282
4.53107741
4.56687422
4.63303818
4.64209936
4.64718101
4.66423872
4.68603659
4.73242476
4.73979167
4.76681114
4.76930977
4.80053337
4.83324257
4.86815709
4.93708953
4.94317602
4.97586991
4.97937724
5.00009608
5.00281759
5.01232751
5.01261969
5.07009971
5.11540424
5.11640167
5.19231520
5.21777331
5.24031112
5.28963294
5.30174688
5.31649421
5.35402319
5.35691864
5.36844108
5.39653296
5.43461304
5.45433018
5.47829320
5.48389484
5.48978130
5.52746090
5.55067738
5.57918546
5.59567448
5.60454311
5.62344230
5.63958880
5.64092315
5.69541840
5.72690341
5.76636241
5.80980851
5.81063702
5.81932996
5.84987592
5.90641804
5.90930179
5.91911185
5.91925489
5.97488048
5.98036726
5.98841531
5.99729238
6.02554002
6.03089796
6.06968735
6.19907551
6.20018673
6.21660877
6.26370720
6.27584349
6.33195647
6.33890788
6.39818830
6.48244958
6.49163307
6.49461667
6.58841147
6.58875621
6.62067011
6.62691225
6.69939967
6.70833097
6.73872396
6.79450727
6.79949443
6.81609615
6.84031708
6.86992239
6.89784943
7.02045801
7.05221607
7.12152949
7.14913075
7.15252864
7.23720235
7.24748937
7.26851861
7.28877278
7.30076038
7.32161000
7.33398139
7.40356163
7.41374232
7.47011021
7.50146096
7.56043706
7.57267547
7.57625551
7.61213267
7.69990404
7.75696399
7.76682769
7.77146400
7.77881717
7.77885523
7.79632427
7.80925880
7.81169815
7.83142036
7.84515134
7.87665785
7.87749643
7.89511698
7.89766589
7.91526037
7.94179585
7.95246140
7.96095513
7.97823367
8.00965383
8.01011803
8.06936215
8.08102521
8.08879592
8.11380939
8.13650863
8.14119240
8.22322732
8.23906733
8.31751407
8.33717472
8.38650844
8.39051626
8.47159134
8.49081671
8.50299920
8.50935968
8.51127420
8.52042280
8.54077603
8.55844065
8.59635105
8.63002261
8.72224530
8.73080988
8.76552714
8.81904323
8.82049896
8.82748162
8.82864629
8.88538793
8.99838125
8.99871141
9.00631459
9.04311080
9.07042697
9.07623532
9.08694708
9.11114982
9.14846670
9.19991840
9.27260780
9.36755395
9.38683081
9.47332284
9.62319847
9.66217995
9.69357357
9.72445420
9.72843432
9.75401955
9.75611640
9.77320584
9.77894679
9.81529168
9.88244788
9.91461392
9.95626283
9.96104274
9.98340027
10.03466389
10.21188212
10.22940060
10.37056969
10.39460852
10.43074486
10.44163340
10.45421905
10.47034391
10.47650805
10.50953613
10.52942004
10.54429182
10.55624208
10.56676749
10.58087891
10.59575588
10.60411386
10.61655746
10.66287419
10.72075978
10.77938139
10.78918570
10.79515638
10.80528108
10.83332450
10.88214084
10.90702870
10.91960732
10.92000857
10.97740266
11.06014954
11.09809243
11.11478041
11.17867275
11.20183623
11.22415370
11.28194306
11.30280762
11.36024557
11.40055490
11.40602949
11.41555622
11.50796506
11.52616991
11.54179076
11.59403962
11.61667350
11.74299258
11.74898174
11.78306576
11.86030949
11.96479440
11.97298349
11.97851319
11.98159519
11.98538618
11.99380315
12.00815951
12.00994081
12.01267279
12.01537238
12.06487226
12.11835397
12.12680531
12.14758670
12.17963455
12.18264799
12.22044366
12.22952667
12.25096020
12.29134561
12.32409878
12.33752433
12.34881544
12.38310155
12.42298609
12.46043366
12.49161367
12.62494108
12.63020722
12.64278634
12.64713824
12.65229707
12.65303287
12.67641799
12.70017548
12.71001021
12.73159505
12.77653994
12.77701378
12.81144286
12.81627041
12.83731521
12.89278141
12.89793437
12.90013197
12.92989653
12.94363441
12.99118178
13.02855433
13.03326729
13.07910383
13.11136161
13.15117639
13.16851665
13.20175173
13.28053357
13.32702629
13.33335152
13.33852163
13.34728235
13.38097850
13.40506113
13.40851380
13.49237170
13.54660219
13.55508970
13.55549166
13.59282979
13.60214458
13.66816016
13.69430926
13.70822443
13.72725673
13.72809966
13.73974247
13.76071644
13.80951440
13.83148056
13.85058226
13.85372136
13.86723635
13.86826389
13.88963630
13.92776300
13.93659334
13.95299031
13.98425989
14.00533809
14.04558934
14.07979425
14.10943397
14.12622345
14.15428705
14.19765069
14.23291265
14.27650199
14.28365824
14.33105561
14.34283904
14.36788889
14.39910651
14.49769248
14.53279070
14.53922576
14.57474103
14.57562277
14.62872500
14.64098062
14.65559543
14.65708536
14.65877623
14.71312209
14.72461421
14.72714032
14.75289967
14.77107888
14.78398351
14.80768122
14.81476274
14.81808945
14.86501961
14.88446115
14.88872527
14.89528829
14.92426767
14.95026879
14.99969381
15.05939804
15.06232666
15.06550440
15.08916919
15.12002680
15.12941127
15.13912485
15.15336281
15.16656457
15.20731371
15.22304448
15.27853379
15.32778987
15.37373149
15.41313153
15.47128584
15.49689606
15.57864219
15.57983467
15.59082188
15.59818870
15.60408863
15.62636953
15.65428573
15.65549898
15.67393734
15.70802994
15.72589138
15.75211791
15.76378991
15.76681493
15.77131118
15.78068276
15.78376230
15.82986167
15.84224192
15.85588797
15.88067252
15.88368192
15.88711793
15.93578191
15.93816008
15.95001413
15.99434837
16.01173395
16.01651236
16.14518963
16.14591221
16.15056607
16.17076039
16.19637668
16.20927301
16.23707737
16.23925554
16.25142364
16.26076992
16.28608794
16.29957657
16.32718117
16.37624037
16.38838083
16.42089004
16.44086992
16.47356275
16.48263209
16.50861907
16.51787505
16.52813862
16.53242293
16.59621554
16.65046064
16.65398566
16.66869256
16.68701923
16.71579096
16.78641869
16.81516428
16.83603921
16.83832725
16.85019203
16.86552650
16.97354961
17.01053847
17.01572656
17.01970457
17.03621913
17.07413526
17.08395466
17.14384589
17.15617448
17.15691180
17.17690954
17.18823859
17.22431142
17.28362124
17.29387810
17.29598019
17.32507350
17.37286189
17.39242784
17.39787191
17.43312173
17.44462747
17.44520378
17.48710103
17.50577287
17.51481904
17.63649304
17.66209767
17.69611929
17.71718568
17.72007663
17.73427720
17.77732647
17.79793284
17.79963871
17.80246709
17.85388021
17.91456470
17.96420033
17.96595482
17.99164185
18.03468793
18.06646409
18.06929136
18.09091155
18.13337658
18.15110830
18.15141999
18.19665146
18.25052127
18.26863192
18.27937245
18.31318327
18.34310920
18.39398600
18.39724507
18.42536381
18.44304249
18.47413174
18.52809068
18.52998119
18.54224702
18.57311482
18.58244659
18.61856432
18.65169104
18.65681688
18.68285968
18.71325503
18.72363718
18.75122045
18.79744344
18.85021639
18.87129167
18.89009285
18.92253796
19.03072706
19.03634889
19.06469504
19.30163365
19.36734538
19.36851418
19.38925232
19.39548332
19.43524464
19.43980752
19.46222712
19.47645347
19.49562041
19.50860569
19.53325660
19.55001880
19.59503828
19.61523619
19.62356856
19.62921278
19.65323619
19.68149932
19.70930989
19.70931788
19.72360893
19.80849124
19.80880902
19.81243226
19.82291375
19.87552255
19.90458260
19.98125508
20.02567899
20.14432519
20.15094337
20.16253047
20.21568427
20.21780298
20.23036762
20.24112902
20.25468447
20.27510659
20.29886051
20.33101739
20.33668113
20.44964430
20.50644644
20.51576385
20.53045383
20.53270523
20.57480713
20.58027675
20.59293287
20.62581558
20.69181647
20.70492546
20.70982425
20.72212728
20.75042061
20.75551748
20.77195396
20.77754605
20.78679269
20.81675222
20.83473233
20.83608241
20.85243278
20.87174870
20.91177413
20.92367705
20.95240471
21.01087734
21.02386808
21.02913837
21.05540649
21.08437985
21.12314695
21.12554087
21.15514612
21.16046505
21.23920218
21.26982713
21.32345235
21.32539705
21.34060231
21.35169178
21.35941616
21.36147727
21.40133779
21.43627950
21.45500427
21.50029424
21.50523413
21.53476102
21.55420286
21.59101620
21.63612934
21.64029136
21.64479074
21.65258395
21.69436671
21.70467741
21.77172464
21.77966934
21.79002040
21.84432674
21.86650318
21.91759792
21.96105549
22.00561670
22.06387163
22.08243891
22.09224763
22.15510508
22.17685167
22.17821922
22.19106786
22.21903898
22.24556402
22.24996999
22.25860493
22.29234030
22.30388900
22.35396280
22.37549126
22.49373712
22.49998135
22.56239911
22.57096507
22.57794311
22.61092013
22.64348341
22.66651740
22.69442217
22.83742319
22.89413362
22.95764486
23.01264649
23.02874407
23.04321576
23.11185677
23.12332762
23.14478360
23.19466578
23.25516827
23.26563682
23.30505575
23.30712653
23.30982486
23.31202325
23.31836462
23.31930161
23.34163717
23.34895011
23.35641666
23.37368007
23.42480510
23.48635729
23.59094628
23.63824382
23.68775410
23.70213822
23.70219680
23.71656883
23.72867655
23.74320875
23.76824290
23.80772957
23.87110314
23.89398824
23.89812440
23.91043766
23.91131368
23.92843902
23.95047514
23.95996340
23.97754287
24.02034619
24.03360720
24.03668616
24.07170612
24.07174348
24.11413881
24.17318194
24.17323834
24.19140343
24.20865566
24.22748006
24.25087519
24.26694843
24.29925908
24.30299001
24.33835734
24.39770162
24.45405914
24.45806268
24.47150113
24.50332752
24.53364691
24.57657752
24.61647581
24.63713040
24.71319106
24.71469030
24.72935795
24.72974069
24.81451832
24.83404023
24.84689183
24.86861215
24.88527353
24.89854577
24.89993261
24.91658112
24.97325239
24.98102173
24.99616253
25.07601784
25.10149183
25.19604412
25.27905156
25.28569935
25.33753093
25.33819386
25.37818231
25.40214051
25.40599071
25.45520779
25.45887363
25.48971273
25.50223654
25.57199834
25.57588870
25.59936201
25.60780500
25.61471683
25.61630486
25.64134252
25.64360045
25.64609763
25.65479977
25.73174670
25.81548194
25.83475512
25.88272812
25.88360819
25.89010530
25.91884039
25.95178971
25.96330751
25.96739334
25.99356510
26.02384209
26.05071254
26.05470016
26.08132263
26.09693610
26.15753498
26.17309444
26.19110018
26.26319914
26.27911286
26.35726229
26.36207827
26.37848814
26.39761600
26.40156765
26.43890269
26.45828705
26.46857536
26.52318206
26.52346686
26.53003978
26.57925810
26.60061442
26.61239548
26.65546726
26.68391549
26.68854888
26.71886622
26.76549758
26.77274245
26.79825254
26.81491425
26.81600242
26.84629524
26.95553784
26.95753246
26.97515928
26.98414689
26.98574241
26.99628642
27.07919684
27.08039735
27.08799660
27.11070130
27.12833937
27.15022584
27.17479199
27.20476663
27.22576734
27.26411008
27.27779544
27.31160866
27.31654429
27.31818196
27.32666996
27.34712842
27.35844578
27.38658422
27.43863717
27.54090701
27.54640615
27.55573099
27.56807227
27.56820993
27.57115976
27.58505655
27.60066994
27.60403681
27.60496110
27.61121400
27.68030248
27.76945364
27.77933043
27.78997713
27.80146525
27.81742192
27.84689373
27.87408760
27.88508386
27.88627479
27.88905518
27.90858789
27.98585532
27.98776912
28.03958371
28.06017132
28.08562211
28.08899300
28.17630222
28.19904124
28.21996259
28.25405068
28.26404951
28.28288694
28.29045558
28.32471067
28.39033421
28.45810491
28.47375594
28.48900727
28.61538834
28.61921633
28.65886595
28.67901417
28.68090917
28.71063215
28.71971589
28.72052291
28.74683828
28.74753304
28.75598725
28.77527409
28.77573576
28.78184260
28.80340450
28.84358529
28.84775295
28.86819542
28.88552270
28.94202210
28.95978919
28.95997771
28.98579590
29.04667154
29.08410924
29.12298538
29.12802944
29.14288258
29.21728557
29.22091611
29.26980450
29.28347281
29.38272129
29.41180056
29.41409479
29.53045559
29.53074845
29.56597821
29.57203625
29.60519592
29.61638760
29.62761982
29.67871729
29.71827250
29.75624898
29.77028070
29.81548525
29.82740773
29.94771250
29.97472925
29.99512399
30.04730846
30.07252252
30.09754633
30.12022121
30.15614553
30.32921029
30.33466976
30.34006072
30.34192361
30.36138540
30.37700699
30.38238411
30.40204950
30.41268280
30.43964964
30.44169468
30.46545561
30.47237150
30.48869843
30.65504091
30.66375395
30.66827792
30.69204389
30.70136972
30.70181810
30.72824155
30.75416541
30.78654157
30.83083782
30.85505354
30.93116293
30.99957736
31.01147849
31.03633845
31.04700834
31.07567797
31.13511747
31.19409684
31.24149901
31.27507835
31.36100678
31.37718938
31.43853140
31.46787368
31.46997414
31.53253143
31.56224493
31.57386642
31.57722150
31.60271887
31.60994803
31.68066202
31.70807781
31.72718311
31.74540012
31.76876662
31.82981504
31.91984086
31.93877015
32.00562198
32.02219472
32.03574120
32.07732126
32.12164521
32.16404527
32.23424615
32.24242146
32.25825721
32.28632658
32.30883453
32.33450649
32.35351054
32.37880766
32.38370045
32.46291282
32.46749496
32.50247674
32.51876536
32.53871770
32.55511675
32.62883712
32.68027596
32.69726096
32.70350086
32.72232070
32.72982684
32.77091714
32.78401236
32.79906452
32.84648096
32.86923929
32.90190692
32.91046360
32.92441366
32.92612251
32.95519937
32.99555672
33.01165257
33.02975913
33.03700984
33.07305349
33.08454949
33.12915481
33.15619433
33.16403431
33.16532505
33.26982912
33.30029695
33.30456423
33.33032151
33.40709446
33.44728951
33.54009504
33.57661786
33.59951133
33.62079091
33.63120007
33.66081681
33.68153330
33.69754072
33.70923195
33.71349506
33.77016483
33.78129891
33.82524856
33.83694408
33.85430307
33.91241052
33.91468110
33.91590713
33.97702342
33.98135452
34.00098299
34.00520313
34.01078314
34.03907253
34.05261589
34.09987679
34.10089078
34.11010659
34.13564722
34.16056103
34.16073946
34.17788781
34.21034478
34.23671212
34.28058839
34.28786996
34.32389081
34.36065716
34.37542855
34.41033589
34.42067533
34.44962883
34.45051483
34.45629095
34.45646648
34.48440163
34.54535591
34.60094846
34.64984245
34.67931023
34.69812953
34.72197349
34.74266153
34.74494887
34.76189161
34.78339525
34.79557590
34.81092828
34.81203639
34.81358010
34.83357927
34.85728241
34.87913076
34.89945847
34.93236710
34.95033477
34.96615964
34.98459721
35.00196879
35.06381969
35.07463852
35.08421787
35.16020725
35.20026600
35.20523195
35.23131856
35.28112799
35.30799233
35.31279874
35.33862586
35.38377150
35.38498148
35.45254704
35.45439816
35.46352051
35.47548329
35.54182806
35.58272254
35.62822997
35.65990507
35.68785546
35.72226047
35.73284594
35.75009929
35.78128684
35.78382509
35.79695196
35.80929061
35.83888839
35.84225488
35.89208637
35.91199925
35.91909496
35.93508492
35.95481972
35.97475132
35.98944999
36.00738844
36.05245683
36.05276461
36.08408114
36.10101461
36.19281410
36.21766188
36.22962355
36.24316309
36.24902044
36.25530887
36.27928934
36.34262918
36.34887048
36.37580365
36.38515631
36.40111271
36.41764510
36.42805918
36.46398628
36.47088388
36.51637385
36.51980231
36.53066887
36.54125260
36.55213536
36.55808871
36.57001853
36.59259844
36.65800522
36.69547025
36.74838648
36.80503529
36.82844880
36.85422800
36.86075194
36.87269243
36.88830152
36.89987876
36.93706418
37.03795940
37.05969276
37.08262167
37.08807639
37.09142780
37.10310256
37.13189626
37.13956174
37.15763915
37.16842546
37.20656935
37.28167753
37.31181314
37.31714452
37.33332310
37.35135633
37.36526761
37.39807982
37.45706744
37.48829973
37.54998566
37.62361118
37.64088550
37.67561973
37.69028503
37.75697524
37.76648577
37.76963306
37.77994503
37.79902525
37.88006264
37.89316492
37.90475311
37.91651258
37.97601688
37.99412722
38.03336877
38.03883146
38.07524550
38.12260011
38.15365172
38.16022748
38.18912193
38.20066905
38.21867412
38.24948441
38.25059579
38.26848197
38.29899360
38.32020739
38.37562871
38.41648296
38.42863062
38.45321957
38.46144977
38.53122803
38.55998825
38.62783675
38.63204822
38.63297727
38.67018120
38.67183400
38.67790360
38.69813659
38.75618614
38.85095742
38.86185518
38.87691265
38.91424413
38.95681877
38.96288189
39.11495631
39.11944083
39.12441050
39.13155113
39.13716947
39.18930324
39.19677296
39.21036210
39.21065523
39.21477451
39.21908870
39.22754013
39.25295090
39.34426251
39.40969472
39.41831534
39.60147726
39.61941293
39.62171450
39.76984607
39.78108068
39.80227284
39.80641924
39.82799992
39.84940642
39.85059083
39.88286842
39.99064833
40.00099770
40.00950467
40.01082126
40.04499177
40.10438228
40.12723843
40.14957503
40.15917380
40.16133014
40.18806585
40.31502864
40.32699202
40.33311944
40.33523146
40.35705010
40.38789089
40.43807048
40.46958234
40.52689571
40.52882533
40.56255496
40.59792408
40.63857124
40.66960263
40.68354346
40.72703428
40.73133600
40.73680200
40.74656145
40.74892576
40.75955252
40.79329988
40.80424431
40.86025371
40.89873277
40.95064372
40.95154783
40.97196403
40.99242119
41.11281665
41.14921575
41.15460723
41.18997366
41.29370938
41.31834162
41.32770974
41.36805979
41.40382777
41.41630785
41.42667604
41.44006737
41.45103806
41.56959111
41.60582385
41.61238354
41.64257584
41.72081130
41.74036483
41.74651055
41.75091809
41.75282464
41.76087487
41.76572097
41.77736395
41.78204227
41.79322439
41.83496766
41.85328583
41.85822506
41.86639621
41.86830130
41.87831675
41.90680670
41.92380401
41.93249737
41.96880593
42.03806125
42.07632780
42.12223204
42.17233227
42.17477152
42.20418543
42.21567737
42.25759762
42.25853374
42.27137775
42.29061737
42.29919906
42.30772386
42.30855922
42.33040463
42.42058064
42.47530345
42.50461869
42.51155537
42.52187267
42.56856432
42.57068219
42.61103389
42.63460547
42.64019973
42.67225462
42.67443730
42.67471862
42.68845187
42.69018339
42.70830516
42.73794756
42.82693210
42.82912597
42.83618698
42.83646456
42.84393611
42.86425092
42.88065714
42.90589403
42.91431368
42.94007478
42.95240283
42.99947597
43.03108833
43.19816625
43.23250634
43.26454255
43.26862660
43.27250252
43.27310942
43.30513251
43.30726846
43.32396803
43.36693846
43.38467361
43.39656817
43.43040666
43.47128333
43.48358297
43.48696576
43.50098153
43.50374699
43.55659573
43.57297212
43.63232549
43.65892988
43.67473233
43.67804110
43.69368457
43.69998660
43.71316926
43.72071228
43.75450505
43.78459738
43.79395747
43.83751711
43.93109885
43.94014239
43.98172945
44.02309916
44.02654392
44.04875596
44.05328012
44.07683624
44.10340943
44.15726286
44.17506141
44.23417821
44.23567423
44.31730734
44.33268767
44.58354563
44.67489997
44.73956321
44.77861354
44.79943416
44.80222548
44.81917536
44.83686151
44.86900582
44.90481254
44.91103344
44.95840546
44.96902591
45.01191947
45.05400064
45.10362036
45.12839515
45.15545814
45.15632217
45.17626212
45.17707441
45.19506531
45.24894578
45.27055997
45.29326866
45.37385483
45.38949201
45.42059874
45.46260540
45.50972972
45.56790284
45.58786346
45.62697067
45.67471444
45.70265638
45.70477348
45.71824336
45.72073106
45.73471498
45.88086279
45.89464126
45.94186259
45.94698423
45.96542114
45.96555562
45.97894403
46.00652059
46.00943347
46.04913792
46.10473471
46.15320218
46.16764655
46.19097951
46.25635290
46.26258572
46.30359805
46.35286904
46.36205560
46.39568539
46.40823332
46.44260793
46.52840954
46.52941667
46.54803978
46.55561093
46.57027922
46.64567487
46.68821723
46.74595779
46.77143479
46.77455323
46.79612671
46.80069753
46.81383940
46.81785046
46.82727734
46.83055926
46.83469386
46.85775597
46.92553964
46.95023784
46.96905981
46.99603920
47.03466532
47.03892395
47.16238873
47.19398385
47.27647624
47.30869672
47.31678783
47.31914614
47.34112633
47.35403156
47.39569220
47.39854581
47.40430998
47.53692219
47.55131246
47.56039753
47.57533896
47.57799131
47.60827351
47.64073509
47.64818361
47.65885032
47.75944083
47.77022620
47.81603453
47.84584346
47.86092316
47.89111757
47.90350254
47.99523780
48.06341450
48.11548471
48.18263087
48.19702468
48.21607987
48.23405653
48.25101437
48.25630807
48.26914715
48.26949767
48.29296385
48.40067051
48.40892132
48.41266876
48.41859161
48.44865878
48.50015914
48.53270094
48.54240161
48.55868261
48.59182306
48.59450464
48.68484355
48.73297117
48.78075801
48.78348689
48.82935119
48.85119033
48.93809916
48.99303491
48.99597982
48.99932022
49.01813147
49.08531095
49.19957046
49.21363332
49.22239512
49.27521670
49.27984997
49.30679943
49.34451643
49.40057524
49.41260803
49.46208919
49.48971655
49.49509539
49.53339412
49.53541074
49.53610522
49.58975885
49.61902986
49.61973414
49.63581850
49.64683877
49.65588111
49.72322960
49.72568348
49.74626230
49.75511002
49.76160871
49.84442533
49.90023903
49.93951087
49.97989699
49.99535747
50.01708306
50.09349118
50.11145555
50.11871527
50.11953481
50.12683282
50.14686760
50.15415461
50.25386119
50.27300065
50.28441837
50.29955506
50.30296556
50.34732547
50.36080060
50.39686708
50.41312764
50.43435272
50.46032929
50.47706068
50.48353810
50.52487099
50.62351091
50.62373411
50.66011149
50.68850474
50.74359814
50.81374775
50.81641227
50.84127235
50.92752074
50.95485938
50.95582430
50.96550267
50.96693531
50.98516693
50.99835549
51.03228055
51.06204806
51.08058708
51.08737565
51.09314525
51.12166677
51.13170775
51.19990794
51.22505809
51.23870483
51.24019808
51.24547676
51.24770808
51.25244199
51.25469843
51.31130578
51.35917852
51.37656083
51.40331079
51.40385254
51.40696261
51.41662323
51.42102290
51.46611279
51.49135811
51.50352582
51.55455374
51.55530573
51.55781855
51.60118098
51.62764460
51.67606086
51.67936878
51.68191638
51.68197175
51.69250674
51.72049160
51.73863017
51.75694356
51.79607904
51.92571126
51.94080670
51.95485231
51.97321532
51.98919816
52.01188105
52.06860264
52.07473152
52.11922800
52.14286599
52.15679688
52.16482879
52.22169943
52.23883334
52.26469637
52.26825603
52.29149535
52.32094556
52.34064606
52.37738703
52.44693112
52.45576086
52.45844382
52.47719965
52.48551327
52.52648417
52.54485737
52.56423228
52.57615271
52.60739884
52.62137490
52.62375979
52.68536364
52.68583896
52.70588688
52.75816134
52.80757362
52.81483193
52.83458966
52.84434863
52.93830666
52.94749165
52.94897516
52.96047990
52.97196657
52.98369064
53.00939977
53.02274151
53.04540030
53.07531123
53.08084117
53.08172511
53.08482234
53.09939051
53.11503890
53.13087528
53.21219572
53.21378124
53.22256199
53.26080540
53.31592879
53.36046124
53.37795262
53.40018540
53.48262972
53.50626886
53.52048161
53.53121897
53.55705549
53.57565874
53.58030685
53.58616194
53.59442175
53.65310241
53.68429037
53.69940498
53.71924073
53.80200219
53.80890234
53.81025824
53.82332656
53.87833484
53.92004691
53.95902206
54.00033070
54.01260652
54.01549361
54.04643465
54.05795522
54.05859214
54.08161219
54.08815309
54.14214022
54.14319454
54.17266601
54.23298849
54.29246513
54.31194022
54.31377935
54.36499615
54.36713279
54.43003522
54.43120157
54.48461164
54.50442291
54.51716139
54.52361302
54.54700131
54.58842659
54.61004707
54.69742294
54.73925809
54.75414826
54.85444089
54.85669054
54.86331155
54.90407312
54.91483117
54.91820995
54.95476181
54.96071459
54.97214895
55.06280816
55.09243982
55.12109105
55.12144672
55.18951126
55.23123713
55.26244530
55.29480371
55.30049949
55.32221809
55.33346428
55.36085629
55.39762018
55.39912248
55.41907795
55.43327472
55.47333996
55.54819876
55.54957542
55.55374739
55.56808820
55.58621919
55.59778938
55.60860962
55.64243362
55.68454293
55.75416295
55.75753890
55.78158875
55.78553514
55.84474849
55.84781012
55.92106805
55.93945095
55.95132487
55.97680266
55.99550423
56.05457902
56.06006129
56.08005284
56.10131336
56.12754905
56.14721730
56.16478830
56.16540948
56.21234429
56.25071959
56.30210078
56.35011978
56.35085568
56.37637258
56.38448240
56.45078432
56.49218653
56.49762092
56.54212607
56.55079475
56.57132904
56.57567097
56.58738850
56.60453788
56.61168436
56.61629275
56.63062480
56.64312312
56.65955304
56.69524918
56.71729511
56.76313970
56.76419418
56.86333560
56.87434060
56.87630855
56.91213313
56.91571970
56.95725925
56.96708430
56.97633687
56.99831570
57.01133752
57.02188808
57.03753334
57.04948207
57.11992337
57.14624668
57.15016200
57.19492419
57.21503075
57.22416286
57.30266007
57.30339289
57.31981690
57.34625056
57.38363774
57.40899890
57.43819526
57.50347010
57.51027518
57.51190139
57.51628442
57.53120365
57.55947958
57.56582920
57.57838343
57.60611614
57.61971729
57.61971988
57.63721861
57.71322829
57.76029700
57.76756268
57.80080716
57.83739220
57.86202512
57.87648289
57.88048141
57.90665361
57.97657203
57.98848269
58.01452509
58.05335534
58.07734569
58.14054171
58.16768456
58.20774141
58.25513796
58.26539481
58.26956393
58.27568500
58.30210098
58.33995189
58.34729280
58.44537465
58.50996546
58.51728579
58.52101783
58.52373673
58.54989420
58.57252811
58.59193605
58.61737829
58.62962683
58.74328624
58.87040320
58.87144991
58.88269222
58.88863897
58.90322201
58.91249024
59.02747281
59.06273313
59.09823737
59.20406960
59.20865883
59.23212665
59.24498483
59.24853213
59.26081505
59.27134790
59.28098862
59.30358141
59.34037269
59.38472134
59.38603499
59.39377273
59.40469930
59.48581903
59.51870810
59.53788904
59.65616481
59.66060333
59.71991791
59.75349320
59.76658935
59.77494669
59.81618739
59.89936127
59.90993964
59.91032565
59.93940365
59.97573138
59.98336355
59.98771306
60.02432072
60.03228839
60.18448411
60.18477047
60.22159974
60.22408410
60.28650608
60.33221076
60.38165264
60.41127825
60.46823179
60.48567406
60.51717017
60.55231040
60.57355033
60.58895583
60.60290239
60.62687476
60.67948856
60.73232129
60.74857900
60.77604632
60.79699307
60.80152273
60.83025132
60.84760783
60.85090210
60.91419272
60.91966052
60.93331219
60.95537291
60.96276402
60.98494775
61.00823889
61.06508007
61.09932640
61.11579818
61.12620297
61.13431728
61.19329961
61.19543703
61.22210861
61.24726112
61.26794248
61.27880363
61.28310218
61.29350169
61.32994685
61.36310649
61.40062361
61.48352779
61.49243952
61.49696941
61.54672985
61.54867665
61.56166261
61.57175586
61.58720661
61.67271648
61.68441224
61.68618749
61.74239342
61.75041754
61.75102146
61.76034949
61.76359900
61.78595395
61.84165270
61.86297088
61.88146991
61.93199112
61.94839002
61.96964555
61.97496367
61.99185852
61.99752913
124.00000000
