0.02875485
0.06988660
0.11057690
0.15293240
0.21917225
0.22185491
0.22456924
0.23427998
0.25408025
0.28185069
0.31246999
0.32648691
0.35046907
0.45031482
0.50225234
0.54083897
0.72565208
0.72965261
0.75355461
0.78407164
0.82297949
0.85510376
0.87856384
0.88304978
0.90000220
0.93484967
0.94814851
0.96377784
0.96492241
1.00793987
1.01914689
1.02548591
1.03983680
1.05546101
1.05830245
1.07633281
1.07994341
1.11619489
1.13497246
1.15971087
1.20349248
1.22838304
1.23940722
1.25069800
1.26199225
1.26318331
1.34079475
1.36015304
1.39768994
1.40962062
1.49748279
1.51623513
1.59724072
1.68688612
1.69135282
1.73046764
1.77577676
1.78286222
1.80272666
1.83066535
1.83931601
1.84507434
1.84935352
1.85828261
1.85917261
1.87234854
1.88757209
1.89978290
1.90224106
1.93340249
1.94708081
1.95933895
1.98447179
1.99191069
2.11700062
2.14563212
2.18877413
2.21586377
2.23537515
2.28063456
2.29569077
2.31219132
2.31869979
2.33127913
2.41666601
2.42660788
2.43067906
2.43716349
2.46049111
2.47242697
2.50144930
2.50289809
2.55677608
2.58259527
2.61040028
2.63128722
2.63228852
2.65157724
2.67178441
2.67621729
2.69192434
2.73892029
2.76329997
2.85631714
2.86304225
2.88989637
2.90991822
2.93756627
2.94859819
2.95659613
3.04182883
3.05864996
3.08501552
3.13239666
3.13270554
3.15524614
3.22476363
3.22578038
3.27659825
3.32549724
3.33793778
3.34806766
3.34980402
3.41850982
3.45545307
3.46526736
3.49095305
3.49483867
3.50676849
3.53312488
3.54936738
3.55564589
3.55916962
3.56238081
3.58237669
3.66423196
3.68292438
3.70767612
3.71569340
3.74011923
3.75916636
3.77754193
3.78768426
3.82305367
3.83333162
3.83532045
3.86562628
3.88009800
3.89393186
3.90997108
3.91795930
3.93451137
3.95837123
4.00913501
4.04171666
4.06689397
4.07285203
4.12660159
4.13890755
4.18038980
4.20665454
4.32734481
4.33065485
4.33346418
4.35409102
4.39062720
4.41459367
4.41698811
4.47190416
4.54444079
4.54722543
4.55087589
4.56421641
4.61802694
4.63181921
4.63827369
4.65429576
4.67283525
4.67677516
4.70842819
4.72037515
4.76036096
4.76469092
4.80190203
4.82305362
4.83601847
4.85269262
4.90235000
4.90539094
4.99457638
5.00281759
5.00747947
5.02008138
5.04559948
5.07602553
5.14740447
5.17910879
5.25470178
5.26420878
5.26872696
5.28930087
5.30827618
5.31171568
5.31631154
5.33869978
5.35691864
5.35910663
5.39653296
5.43185992
5.45433018
5.46835852
5.51020553
5.52746090
5.60193144
5.67594321
5.68036181
5.74296885
5.75534648
5.75943170
5.81596572
5.83586472
5.85142646
5.86659858
5.90661734
5.95298372
5.95773573
5.99034694
5.99984317
5.99994804
6.00159496
6.06968735
6.14747419
6.14941046
6.16601428
6.19093435
6.19111539
6.19152928
6.23782333
6.29019435
6.29312320
6.30033979
6.30337795
6.30412431
6.46039430
6.47289693
6.53340195
6.55694949
6.55934683
6.58553289
6.64226257
6.66114742
6.68124193
6.71062598
6.72336081
6.72595108
6.72645858
6.72977134
6.78952647
6.79853467
6.80690531
6.81410081
6.84895282
6.97683126
6.99833442
7.05066753
7.05776385
7.06544920
7.11126827
7.12306987
7.17216249
7.19926788
7.22033418
7.24097223
7.25872448
7.29615093
7.30447170
7.31174074
7.31823662
7.35685692
7.35816305
7.41515197
7.48015475
7.52847429
7.54446188
7.54834161
7.55999174
7.57841226
7.58651092
7.61434207
7.61435528
7.66732500
7.67186757
7.69438591
7.70202558
7.70818278
7.74393320
7.75507274
7.81903966
7.82969931
7.84701478
7.85587321
7.87495504
7.89198878
7.91014341
7.99289833
8.05189735
8.11266316
8.13077130
8.13574251
8.15626589
8.16156084
8.16461967
8.22322732
8.23987646
8.26400331
8.26969514
8.30832412
8.35507836
8.37522065
8.38576046
8.38971228
8.50179997
8.54739800
8.58861585
8.63002261
8.68068165
8.69934563
8.71152927
8.71333270
8.71812242
8.75344807
8.75788610
8.76126696
8.81079772
8.82748162
8.89425825
8.91218225
8.91807786
8.92276196
9.00983141
9.05902649
9.06345973
9.07442068
9.08694708
9.15093406
9.16835846
9.28192261
9.31870250
9.35663709
9.38255302
9.38329837
9.39315440
9.39325098
9.48536122
9.53979832
9.57005484
9.64142891
9.70934152
9.72911626
9.77173447
9.77785782
9.87112470
9.89300279
9.92729737
9.95145550
9.97083323
9.98115287
10.01925258
10.03374735
10.03502847
10.04011186
10.05036402
10.09328473
10.10446031
10.12889332
10.14288488
10.17612269
10.18363910
10.22756663
10.25063772
10.27848070
10.28409406
10.29116475
10.34489165
10.38105484
10.40639746
10.42543933
10.44873357
10.45897219
10.50460139
10.52839184
10.55278375
10.60925251
10.61342509
10.61874659
10.63719088
10.64887875
10.65036630
10.66033729
10.69437459
10.69808934
10.71401658
10.72126236
10.72223802
10.72749100
10.80378607
10.86976430
11.02465885
11.06937947
11.08661520
11.10077935
11.11527431
11.12546875
11.12630634
11.14223266
11.16204832
11.18673286
11.19134288
11.20783540
11.22403053
11.23529992
11.27126866
11.27200227
11.32584599
11.36024557
11.50265749
11.50475256
11.54179076
11.59806873
11.62949554
11.67779629
11.69222695
11.70448552
11.71256496
11.73201929
11.79547039
11.83397525
11.88109185
11.89205260
11.93973813
11.97005425
11.99285838
12.00944370
12.02489096
12.05214359
12.07081466
12.13615617
12.20576661
12.22044366
12.28019344
12.29486116
12.32432180
12.32528068
12.33563489
12.34638422
12.50060910
12.50755399
12.52562744
12.55579566
12.59581765
12.62011015
12.63986815
12.64030661
12.66037529
12.66483979
12.67441097
12.75976869
12.83765151
12.85264743
12.86419305
12.87803391
12.90325372
12.91139281
12.99662718
13.02229879
13.02649737
13.04925132
13.05917760
13.09997875
13.11084379
13.11136161
13.13596365
13.16851665
13.20897488
13.20967191
13.25107795
13.29398455
13.30530480
13.33402670
13.36063661
13.36525682
13.39331256
13.46947671
13.48232935
13.50583718
13.53665329
13.57003236
13.57627757
13.59859417
13.60041724
13.60992271
13.68098588
13.72892685
13.73488956
13.75272562
13.76630924
13.79339616
13.79366563
13.80045773
13.80688821
13.83422841
13.83606867
13.84380027
13.88608062
13.91289163
13.93248718
13.93982536
13.94421587
13.98083404
13.98334561
14.06878495
14.12622345
14.18291819
14.18712350
14.25802203
14.25894425
14.26753681
14.27737902
14.28159114
14.30189305
14.31511992
14.35331608
14.37161492
14.39928710
14.42130846
14.46403583
14.53419472
14.57506211
14.58515336
14.63987357
14.67146059
14.73121126
14.79251077
14.80249577
14.81778957
14.82139787
14.84567445
14.91197517
15.04620441
15.10050451
15.12624826
15.18005226
15.18033939
15.18367505
15.19395237
15.20113223
15.22081713
15.31880245
15.31888938
15.37288071
15.38738301
15.41189758
15.42347197
15.45043200
15.47128584
15.48726247
15.48981241
15.51041706
15.52043352
15.55426080
15.64412831
15.65491851
15.71729808
15.73094778
15.73765884
15.73766394
15.76716225
15.76746807
15.80243451
15.80358789
15.80593375
15.81296442
15.82661915
15.85570497
15.86141515
15.87422711
15.90025120
15.91855883
15.92092902
15.93869302
16.00344814
16.04550912
16.10440122
16.14591221
16.17467360
16.19173950
16.22668132
16.22803898
16.29993184
16.30303760
16.31331935
16.31664784
16.36845825
16.42554431
16.43972257
16.44619738
16.48147182
16.49485558
16.50301743
16.50884444
16.52295343
16.54267050
16.56496542
16.57088159
16.66024924
16.67529107
16.71007968
16.71046986
16.71668528
16.75596911
16.80266751
16.82210412
16.86343470
16.87684575
16.87938284
16.88567033
16.88846648
16.95147643
16.96116248
16.96979981
17.00688656
17.00772248
17.01899611
17.04230557
17.04802572
17.12240297
17.14008103
17.20253453
17.21915781
17.27439088
17.30612118
17.34930160
17.35467742
17.37111630
17.37198032
17.38648146
17.42473295
17.45924965
17.48193942
17.49094285
17.50085112
17.52287866
17.54873101
17.58775291
17.59184178
17.62757646
17.63086876
17.64142553
17.83607605
17.83621156
17.90661939
17.93777317
17.96823700
17.97699525
18.09618366
18.11531285
18.12276451
18.14747655
18.25093557
18.27992054
18.30090760
18.32173961
18.33372713
18.37011351
18.49631831
18.53169428
18.59375073
18.71437475
18.71573792
18.74162837
18.76654013
18.77455425
18.79247215
18.79596151
18.84819461
18.89637085
18.90470300
18.91376699
18.92291443
19.01635422
19.05341540
19.05477777
19.07334262
19.07552119
19.07840852
19.08605408
19.21744806
19.23972207
19.24541492
19.24819416
19.27338121
19.33301267
19.33317604
19.38484176
19.43233397
19.43524464
19.45155714
19.52067921
19.56868852
19.59890730
19.61288312
19.63955956
19.68149932
19.68716835
19.68921895
19.69490843
19.70299388
19.73029492
19.75459524
19.82387197
19.92160025
19.92356589
19.93758092
19.98604410
19.98789484
20.03324987
20.11821777
20.12072746
20.17963376
20.24739066
20.25206429
20.28985918
20.30880862
20.36678521
20.37225000
20.47128215
20.53322607
20.57138766
20.57942443
20.60809740
20.62155995
20.65044359
20.66191112
20.66359210
20.70264084
20.70641737
20.70813398
20.71723460
20.74178220
20.76439218
20.80585549
20.84109704
20.85243278
20.86510223
20.87276996
20.91161385
20.98334097
21.00154278
21.00179051
21.00491095
21.01441471
21.02615647
21.04900783
21.06867920
21.15204670
21.18274291
21.20164904
21.22513518
21.26352917
21.26658327
21.36147727
21.40213771
21.42193974
21.47544322
21.49988361
21.50206170
21.50733665
21.54620660
21.55037722
21.55934983
21.62447217
21.70531941
21.71563318
21.72553275
21.73387863
21.77996974
21.78484332
21.82642173
21.87502762
21.95182829
21.95524058
22.00728187
22.06395495
22.10102506
22.11451582
22.11548161
22.13885983
22.13913364
22.22764402
22.23345536
22.24951461
22.25504418
22.26104603
22.28106627
22.33230105
22.39733534
22.43536897
22.46799623
22.50663966
22.52753322
22.61059360
22.62235082
22.64619111
22.65432294
22.67502290
22.74744359
22.76106879
22.78935762
22.81373159
22.83244416
22.86453259
22.89253106
22.93669483
23.02864283
23.11903906
23.15155685
23.22055554
23.25308877
23.25928338
23.26636990
23.28771131
23.30505575
23.30712653
23.30719297
23.31154361
23.31279275
23.44909954
23.45727773
23.46334174
23.47677018
23.49982014
23.50253944
23.51077359
23.51739871
23.53053837
23.54063221
23.54245003
23.59140946
23.63824382
23.65959681
23.66699413
23.68117598
23.75036500
23.78956268
23.79872048
23.80737368
23.81725408
23.83422922
23.86502008
23.88521569
23.89247777
23.89943793
23.90421981
23.95967130
23.97352127
24.01963873
24.07174348
24.10930530
24.14221360
24.16069081
24.16814295
24.19643177
24.22713398
24.29001379
24.40735442
24.45268216
24.48578775
24.50841512
24.51233530
24.63829660
24.64506971
24.65168090
24.65540009
24.65722900
24.66590311
24.68633551
24.69998120
24.74130798
24.75088540
24.79352383
24.80467077
24.87771177
24.89281877
24.99001122
24.99858167
25.03780845
25.04534532
25.08068559
25.09446109
25.10361611
25.16911995
25.17560472
25.18581801
25.21575515
25.23995806
25.24557693
25.24582953
25.25502601
25.37327391
25.38253336
25.39533293
25.40613557
25.40777888
25.43486169
25.52222540
25.53011143
25.54016147
25.57645091
25.64360045
25.66388152
25.69484818
25.76444259
25.76876873
25.78979381
25.82959911
25.83851823
25.84206890
25.84433277
25.84784277
25.86196424
25.86751659
25.92356421
25.92788507
25.93446346
25.94881558
25.99689911
26.05071254
26.05113602
26.05470016
26.06109310
26.09232877
26.09256162
26.09300188
26.09764930
26.12674674
26.13151414
26.17464836
26.20188731
26.20782824
26.23913239
26.26452248
26.29540468
26.30063733
26.31339785
26.33348359
26.35608393
26.36207827
26.39499221
26.46806909
26.47735711
26.48682191
26.50464916
26.54360160
26.55971023
26.59318470
26.59384921
26.75531290
26.76549758
26.79577110
26.81915032
26.89585457
26.90457199
26.91883281
26.92411706
26.96009567
26.96379721
26.97190536
26.98522883
27.04346427
27.04819328
27.07263438
27.08776561
27.10220404
27.14089195
27.16109439
27.17112994
27.17761002
27.24392573
27.26784070
27.28407407
27.29022948
27.29572494
27.30783999
27.33439072
27.35392312
27.41924667
27.43863717
27.44175464
27.46562638
27.55213203
27.58748310
27.60558697
27.62966231
27.69005075
27.74113923
27.74591747
27.75108361
27.75327500
27.77055237
27.83854599
27.84121983
27.84617774
27.85070847
27.86153962
27.87384179
27.88012104
27.96016589
27.99149967
28.05757803
28.06824234
28.08562211
28.08644125
28.13319939
28.13917510
28.16203600
28.18462996
28.20751446
28.26674851
28.27380217
28.28600402
28.35415539
28.35988780
28.36002690
28.36916618
28.43218561
28.48938460
28.53534916
28.54209600
28.59345612
28.63200343
28.65881026
28.66948052
28.68381625
28.72052291
28.78753139
28.79196793
28.80215789
28.84362074
28.87992337
28.88323146
28.88865966
28.98824857
28.99364190
29.01089887
29.02163516
29.03197382
29.04502045
29.05356459
29.06284144
29.18785172
29.19694982
29.22554944
29.25391192
29.28638269
29.29611331
29.29735000
29.34844124
29.35210783
29.45830028
29.47638595
29.53305699
29.53779090
29.62212459
29.65509578
29.68144745
29.68572403
29.68948732
29.69239795
29.70255716
29.72578066
29.74864321
29.76087245
29.78218529
29.78988299
29.87413636
29.89594976
29.90343197
29.91517109
29.95385618
29.95485310
29.95580224
29.96077783
29.97611601
30.00898729
30.04654148
30.06310717
30.09611224
30.09754633
30.18527230
30.23702763
30.23824974
30.28949409
30.31307938
30.31943727
30.34008462
30.34572229
30.35811456
30.40518323
30.43957992
30.45229531
30.48746866
30.50960868
30.53419389
30.55662028
30.58047311
30.59037059
30.61621426
30.62799463
30.67337632
30.67920082
30.69525594
30.74016723
30.74763959
30.76926658
30.81109009
30.83674067
30.84962635
30.85945295
30.97581289
30.97808551
30.99775242
31.06068413
31.09290025
31.11397625
31.12533445
31.15178864
31.22251623
31.23795142
31.29239025
31.29331721
31.35129563
31.37342577
31.39932461
31.45396430
31.56452798
31.57495265
31.61866082
31.64845579
31.74551136
31.74611613
31.74654146
31.77250805
31.81255667
31.81886235
31.84363769
31.84788064
31.85094234
31.89019551
31.90084827
31.92616307
31.93242046
31.95398137
32.01281645
32.07879201
32.08769623
32.10937357
32.11993701
32.17460903
32.18313623
32.19998877
32.22566586
32.41769264
32.44431110
32.48754284
32.52204719
32.53600773
32.55937367
32.58112239
32.58731231
32.68823965
32.70350086
32.74698683
32.75846702
32.76309130
32.83541954
32.89751104
32.94845838
32.96241897
32.97289925
32.97424104
33.00924854
33.04024445
33.04893838
33.06688267
33.08049919
33.18045626
33.20356821
33.25034021
33.28472155
33.30456423
33.35191556
33.36018143
33.39555023
33.44824787
33.45315103
33.45461680
33.47468634
33.54690067
33.56850286
33.57966128
33.63321370
33.64880380
33.68298382
33.69043193
33.70932141
33.76309162
33.76433102
33.78129891
33.82913764
33.85003805
33.86199940
33.87670090
33.96782255
33.97266133
33.98135452
34.04859628
34.10916374
34.11352320
34.11547121
34.11893216
34.13427382
34.17099585
34.18842866
34.22606481
34.25647337
34.29163594
34.30100952
34.32629936
34.34111720
34.34401631
34.49046602
34.50473886
34.51893182
34.52794735
34.55605581
34.60094846
34.69853363
34.73903562
34.76807505
34.77687712
34.78460048
34.78689171
34.81092828
34.89722036
34.89780654
34.91277749
34.93368295
34.99903657
35.04156900
35.04326529
35.13231329
35.16709822
35.18803451
35.20901011
35.22488121
35.23131856
35.24833329
35.27459759
35.30712240
35.34557140
35.37099497
35.39320916
35.40762108
35.41559295
35.45721811
35.45746269
35.48990736
35.53257084
35.61533304
35.63088501
35.63670089
35.63680169
35.63890697
35.65780640
35.66495956
35.67096040
35.67971180
35.74213338
35.77397069
35.78296429
35.79678094
35.80373634
35.86127113
35.86191404
35.88813976
35.89208637
35.89918633
35.90856169
35.91378161
35.92542620
35.95277895
36.01181815
36.02232087
36.06078496
36.15869698
36.16145652
36.16942244
36.20920689
36.22418012
36.22926243
36.24902044
36.25108823
36.36882967
36.38916931
36.39259107
36.43253778
36.49410964
36.52995313
36.59282192
36.59282217
36.68183788
36.68329106
36.72186238
36.73501930
36.76123951
36.80593256
36.84546380
36.85109379
36.88823339
36.95091825
37.00694772
37.03169257
37.05055175
37.06848123
37.07553273
37.09556667
37.09905825
37.12886288
37.16382639
37.19238444
37.22861630
37.23888560
37.26728657
37.26901513
37.26901662
37.30119366
37.41513875
37.43161657
37.47820007
37.50246313
37.51469310
37.55693264
37.58301310
37.60174843
37.60238921
37.61290191
37.65005094
37.65382682
37.65737807
37.65988553
37.66207327
37.68440247
37.70628803
37.72130129
37.72676272
37.78672204
37.87839581
37.87851579
37.95413349
37.98098385
38.01552983
38.01579522
38.01738644
38.05417682
38.08712275
38.13931487
38.15128705
38.15365172
38.20119633
38.20184639
38.22474673
38.24630319
38.26784316
38.27485706
38.30587245
38.32581712
38.33096401
38.37898623
38.38393774
38.39308817
38.42695788
38.44417240
38.48632968
38.48678671
38.56942445
38.57367432
38.58206772
38.61629769
38.67160092
38.67404536
38.68171726
38.68408831
38.69701290
38.71899745
38.72130362
38.73180741
38.80791023
38.83106738
38.88060154
38.90372316
38.94109164
38.94351418
38.96193655
39.00919627
39.03731903
39.07048620
39.09046060
39.10399458
39.13716947
39.30616513
39.40969472
39.41662410
39.42102422
39.44531686
39.44960783
39.45810369
39.46688886
39.56062572
39.56332128
39.56565896
39.64048515
39.65966444
39.66985774
39.67864437
39.73487556
39.74374516
39.82907731
39.83815342
39.86581277
39.87540109
39.90229341
39.92160768
39.96984882
39.97963282
40.00525941
40.03639178
40.05450159
40.06049636
40.13721629
40.15588628
40.19668904
40.25980844
40.26851020
40.38277451
40.39435116
40.40085823
40.41609162
40.46456601
40.47158122
40.48905196
40.51089600
40.51494811
40.53578190
40.53672698
40.53759872
40.68605398
40.69346722
40.69409703
40.69759013
40.73723033
40.82443032
40.84710632
40.85338102
40.85471271
40.86059526
40.86595370
40.88784969
40.90816809
40.95259206
40.97141626
40.97784035
40.97899766
40.98725968
41.00969871
41.02760349
41.06625844
41.06772902
41.09109948
41.09211240
41.09917766
41.10355014
41.11595430
41.16039819
41.17016215
41.22056353
41.24479270
41.25219854
41.26268246
41.26607708
41.29456365
41.35078606
41.42775698
41.46415961
41.49219166
41.52705688
41.53266578
41.55185420
41.60331364
41.62173920
41.64928080
41.70913733
41.72881626
41.77021533
41.79387487
41.82736162
41.85354550
41.86013298
41.86557500
41.90518902
41.92242766
41.97436332
41.98249472
41.98350097
41.98719054
41.99351217
41.99533030
42.00031994
42.00681941
42.17516129
42.22396535
42.26170501
42.27465247
42.35397536
42.38481118
42.38988199
42.39805061
42.39977017
42.40681375
42.41456838
42.44959218
42.48486570
42.49424006
42.49490573
42.52399958
42.54668205
42.56091915
42.67406661
42.68845187
42.70971266
42.71044919
42.73259781
42.81838887
42.82384641
42.82513884
42.84368711
42.95060701
42.95222541
43.00064629
43.00683957
43.01595315
43.02250231
43.05051850
43.07579965
43.08326221
43.08918411
43.15655021
43.16316008
43.20895847
43.21704042
43.22247757
43.25850264
43.29820515
43.31837355
43.32648208
43.33737666
43.35913252
43.38898810
43.39111746
43.43216637
43.44236963
43.44718460
43.45329180
43.46684877
43.52058333
43.57062907
43.58461171
43.66740878
43.68307805
43.69626429
43.72623876
43.74284546
43.76734398
43.76814594
43.79657908
43.86123622
43.93730790
43.95510490
43.95759213
43.96607935
43.97594734
44.00122663
44.00229895
44.03215288
44.13478898
44.14381963
44.19103135
44.21592782
44.25815411
44.30487758
44.31034450
44.31448402
44.33467746
44.36172526
44.37125253
44.40425351
44.43669358
44.47952695
44.48991556
44.50922169
44.52760125
44.58354393
44.59587749
44.71377455
44.73956321
44.75788598
44.79159602
44.90481254
44.95594941
45.02252918
45.09374108
45.09617960
45.12626537
45.12642946
45.13540201
45.17197756
45.19383826
45.20347923
45.25847274
45.26125235
45.29860682
45.30537541
45.31650583
45.33204567
45.33534569
45.34159633
45.37189734
45.41102159
45.41810732
45.44955250
45.45302042
45.50049829
45.51559767
45.54132166
45.58679965
45.61469393
45.65112798
45.66868042
45.69004957
45.71177666
45.77257870
45.78079906
45.84746061
45.90226686
45.90364203
45.94186259
46.03359932
46.16323401
46.21239553
46.25272687
46.25635290
46.28159762
46.29011037
46.30287604
46.32899185
46.44262496
46.44881549
46.47107750
46.48628393
46.51673046
46.53059897
46.53562818
46.53731855
46.60641293
46.61134432
46.62421123
46.66168858
46.67878873
46.68856579
46.73818819
46.74517997
46.82414889
46.83429139
46.86430666
46.87343337
46.89459582
46.92553964
46.95109553
46.95110224
47.01233728
47.03457885
47.05156610
47.07875321
47.10409031
47.11829061
47.13870203
47.14659440
47.16669965
47.21373184
47.21741018
47.23769436
47.26408609
47.28895061
47.32413074
47.34178517
47.35958742
47.40833885
47.43224731
47.45933298
47.46138045
47.47928237
47.58358346
47.58957190
47.61847505
47.65336539
47.71397865
47.75520964
47.85186428
47.89640217
48.03049237
48.03651650
48.08738923
48.09353379
48.12396939
48.20559988
48.21455156
48.29505060
48.31572831
48.31633839
48.36858581
48.47110687
48.47557124
48.47790896
48.49728165
48.51819543
48.56350973
48.58788325
48.58817506
48.59201386
48.65573004
48.67932642
48.69517697
48.70890909
48.71281879
48.73838240
48.76408432
48.76721587
48.76733406
48.79926168
48.82537492
48.83093345
48.86213672
48.86714294
48.87415738
48.94342508
48.99665300
49.00140031
49.03717230
49.06049246
49.11035835
49.14844695
49.16279123
49.17465471
49.23666946
49.24656567
49.28163118
49.29675786
49.34340321
49.35133316
49.39862180
49.42245057
49.43399897
49.58395629
49.60093601
49.64486943
49.65579737
49.70698861
49.71303747
49.71498072
49.72701818
49.76671103
49.77220073
49.80973988
49.81554259
49.82174029
49.83485397
49.83654536
49.85405394
49.88972188
49.89882147
49.89903856
49.91397930
49.93973438
49.94434021
49.94781330
49.95920498
49.99786292
50.00424490
50.03020496
50.03964140
50.04067474
50.09148599
50.09283254
50.11582554
50.11584608
50.13063961
50.18622933
50.19019630
50.24518585
50.24924803
50.26043166
50.32953867
50.39397242
50.40023940
50.41915113
50.42718710
50.44097657
50.46905527
50.51297569
50.54274104
50.57469606
50.61816757
50.64800808
50.65003867
50.68260390
50.71588463
50.82912972
50.85888407
50.88137198
50.90760131
50.91698328
50.92932554
50.95629534
50.99726799
51.05695366
51.08245373
51.11014730
51.13285166
51.13310952
51.15069264
51.22505809
51.23042391
51.24700637
51.29525068
51.32357904
51.35954248
51.38385659
51.38582094
51.39686141
51.41084791
51.41418711
51.42198695
51.47383541
51.47864425
51.50055318
51.50152071
51.52338684
51.56127518
51.56223535
51.56458308
51.56576477
51.57335799
51.61481862
51.68669821
51.72790633
51.78758709
51.81154707
51.84721057
51.91209669
52.02807888
52.05468129
52.09902324
52.12533091
52.16270092
52.16836625
52.19114149
52.19552691
52.26182906
52.27977554
52.29149535
52.31231942
52.32194245
52.37468824
52.43014429
52.46115777
52.49127224
52.58555336
52.61220747
52.62809738
52.65985310
52.66077509
52.66996682
52.67729921
52.78877805
52.81418462
52.83842655
52.83981108
52.87981004
52.88982548
52.94459263
52.96584037
52.96666748
53.09532685
53.16373864
53.18033867
53.19087389
53.24262937
53.24446391
53.30347229
53.32771481
53.33471936
53.35224606
53.36046124
53.40990630
53.41437968
53.44880778
53.46300341
53.48771490
53.50735308
53.52276017
53.55202500
53.57005242
53.60115740
53.62901517
53.65258692
53.66235378
53.72418831
53.78522450
53.79308964
53.79935100
53.80080128
53.83653143
53.84772959
53.88811200
53.88891724
53.94032009
53.97824182
53.99628964
54.01549361
54.10061162
54.10436731
54.13502621
54.22538903
54.36562296
54.43009121
54.45131554
54.48008174
54.50204535
54.50273157
54.50290989
54.56349278
54.58842659
54.60345801
54.63453147
54.65085814
54.65219223
54.66001599
54.71025671
54.73882570
54.74780440
54.75414826
54.80864917
54.82565831
54.84967246
54.95664753
54.98418213
55.03149636
55.04152677
55.04698622
55.05071713
55.07950619
55.10559879
55.11747202
55.15229057
55.22713106
55.29591194
55.30275614
55.30621008
55.35118584
55.37183854
55.39146524
55.40685155
55.41019458
55.41711136
55.41962930
55.50876369
55.52388560
55.52876400
55.55273125
55.59698608
55.62595100
55.62774767
55.63848668
55.66063610
55.71124201
55.77020739
55.78158875
55.79124004
55.85011240
55.85404274
55.85415537
55.86720573
55.86873508
55.89441517
55.90074436
55.90857415
55.92106805
55.92673414
56.00141824
56.03704551
56.14439052
56.15421594
56.19766851
56.20626384
56.21312819
56.30496614
56.38201560
56.39545754
56.42575968
56.42790722
56.45933275
56.50103436
56.61470867
56.61996766
56.64277973
56.66094166
56.78572169
56.83794179
56.84336472
56.85229443
56.87218631
56.88484190
56.96335857
57.03826028
57.12862350
57.15306275
57.18726187
57.32201185
57.38258697
57.39476908
57.58513478
57.59675808
57.70451850
57.74159621
57.81666290
57.88024461
57.89221928
57.90588279
57.96185584
57.98987487
58.08288409
58.09163822
58.11029003
58.12424875
58.12714445
58.17861545
58.19396822
58.22194644
58.25309753
58.31946234
58.34664726
58.36762902
58.39449486
58.40406753
58.43736604
58.44597707
58.49353503
58.51781875
58.52236174
58.58484385
58.59227913
58.61737829
58.61988207
58.72004691
58.72016712
58.77565077
58.77612971
58.82577375
58.83655118
58.87162081
58.91249024
58.92089766
58.93395036
58.94394509
58.94974183
58.95195721
58.95293006
58.99154236
59.02237051
59.07953564
59.08899802
59.12676288
59.15245587
59.16575512
59.20865883
59.25813627
59.28098862
59.31137555
59.32905557
59.37913400
59.38427734
59.42381256
59.43732566
59.44796723
59.44808758
59.46474600
59.49784982
59.51048104
59.51301503
59.53153299
59.56363050
59.58131957
59.58433550
59.63268990
59.71378977
59.82325334
59.85361463
59.86907485
59.87094269
59.90471975
59.91458910
59.92098461
59.92627424
59.94271075
59.97205578
59.97573138
60.00088375
60.12410729
60.13354059
60.14746214
60.16016295
60.16615684
60.25588227
60.30535447
60.32934635
60.33130417
60.38789439
60.40938135
60.41289840
60.43661322
60.57463102
60.57488806
60.59029569
60.60361206
60.61927518
60.67045849
60.74994620
60.75831270
60.77682938
60.80042907
60.80596273
60.84523680
60.92695102
61.04227686
61.05589522
61.05758984
61.07265472
61.07836463
61.07894137
61.09457816
61.09736709
61.09932640
61.19847382
61.24726112
61.26342609
61.29350169
61.33119239
61.34999082
61.40189068
61.41704570
61.43557565
61.44180611
61.44802231
61.45430007
61.46814925
61.47813077
61.50648052
61.51534511
61.55666014
61.55865521
61.57006315
61.61671282
61.63634220
61.63697256
61.66533635
61.67382501
61.70778990
61.77566387
61.78208420
61.78475458
61.86098993
61.87551248
61.87873585
61.91610330
124.00000000
