0.00618799
0.08310736
0.08997104
0.11057690
0.13728966
0.14194875
0.16865914
0.18196882
0.18210040
0.22267726
0.24343881
0.25408025
0.28985324
0.30385936
0.32916597
0.34064434
0.34453162
0.35758736
0.41934857
0.43405691
0.43806363
0.43886791
0.45340608
0.46470654
0.52354251
0.54083897
0.57520818
0.59636714
0.59691987
0.62667473
0.66142045
0.70943782
0.71708660
0.73137266
0.82752663
0.84228139
0.87093542
0.87881236
0.88304978
0.93017255
0.95130679
0.96505575
1.03072835
1.04059835
1.09443549
1.13891287
1.18263867
1.20153919
1.21896670
1.23091673
1.26373920
1.30074048
1.31363461
1.31872005
1.35971666
1.36602088
1.39768994
1.43421136
1.43973904
1.48542253
1.61858079
1.66337313
1.67103962
1.67686305
1.73744719
1.74156283
1.74438875
1.75115556
1.82736162
1.86200702
1.89940932
1.93315165
1.94201292
2.00672270
2.01619021
2.01663344
2.09892130
2.10424667
2.11439889
2.15592685
2.17361966
2.17871074
2.19377292
2.21099276
2.22576545
2.25718291
2.25791991
2.32377576
2.33272196
2.34681348
2.37659134
2.38727420
2.39954999
2.41321766
2.45207827
2.53640862
2.60969107
2.61040028
2.61421449
2.65468986
2.66104467
2.68122118
2.68440834
2.82968453
2.85612662
2.88087636
2.89454999
2.90789800
2.91064631
2.91466501
2.93756627
2.93828939
2.96038209
2.98082690
3.03512597
3.18069151
3.19222547
3.22649332
3.24323922
3.24524561
3.25567090
3.28007067
3.28080920
3.33491227
3.35571857
3.38291146
3.40343856
3.43057048
3.45603758
3.49249533
3.49334347
3.54849376
3.59966950
3.65008183
3.68263838
3.75068276
3.77234354
3.79488832
3.81482681
3.81599016
3.86562628
3.87907003
3.91795930
3.94476020
3.96170799
3.97517926
3.99661082
4.01352323
4.02747082
4.04491702
4.04715120
4.10491994
4.12403016
4.13278119
4.15984456
4.19037742
4.24087053
4.24717307
4.27786869
4.29683244
4.31015067
4.31116010
4.33430759
4.35625545
4.36642318
4.45555435
4.45657302
4.58657793
4.61177590
4.61457153
4.61937130
4.63696311
4.63727774
4.65813669
4.68183441
4.73201167
4.73204363
4.80053337
4.81249248
4.95345090
5.02471819
5.08135071
5.08872454
5.10894187
5.11801046
5.14445031
5.17069952
5.22389990
5.24018220
5.24623258
5.25128076
5.25430675
5.26280502
5.26500849
5.28800598
5.30758147
5.31553355
5.34722184
5.36108283
5.44764852
5.47280362
5.50161047
5.52807155
5.52902987
5.57619606
5.58026506
5.58317025
5.59567448
5.61812297
5.62831754
5.63640773
5.72480104
5.73078022
5.74053809
5.75943170
5.76537311
5.80681496
5.81738989
5.87794342
5.97811063
5.97973165
6.01727233
6.10465043
6.10724588
6.15220106
6.15335429
6.21597565
6.24532326
6.25419999
6.30388992
6.43839794
6.50077845
6.63784971
6.64145122
6.68886220
6.71062598
6.72977134
6.74291172
6.75475984
6.76590254
6.81244728
6.81509127
6.87294139
6.87765285
6.97519444
6.97692399
7.00081312
7.00294049
7.00629445
7.01775098
7.09873466
7.12008384
7.12454613
7.17327117
7.18365255
7.20934138
7.30447170
7.31453904
7.33145233
7.33622529
7.33789000
7.40300165
7.43797489
7.44495042
7.47834902
7.49304389
7.52826883
7.55739994
7.56124581
7.56847139
7.59603357
7.62483030
7.63246358
7.64598011
7.65579307
7.66576305
7.77617594
7.77762611
7.77933068
7.81169815
7.82340878
7.83226391
7.84437703
7.84503223
7.85834490
7.87535949
7.93204000
7.96775183
7.97356954
8.01011803
8.02338718
8.03896827
8.09706818
8.13507991
8.17734673
8.25185075
8.25653853
8.33307163
8.33755514
8.36561712
8.37735478
8.44159316
8.44994580
8.47903016
8.49805946
8.50414289
8.52672280
8.53775727
8.67884152
8.69864852
8.70360144
8.72281758
8.72695147
8.75788610
8.79131581
8.81476700
8.83035115
8.83791054
8.89367136
8.90632607
8.97930000
8.98176615
9.00886772
9.09268239
9.10538246
9.16741306
9.25054075
9.27260780
9.27777673
9.35482706
9.39688344
9.39932565
9.40971480
9.44688451
9.46680120
9.48590878
9.49463171
9.50499427
9.50954427
9.51954449
9.54563513
9.57714151
9.58304573
9.61137230
9.64247012
9.64973782
9.68168107
9.75564984
9.78916633
9.86540185
9.96138707
9.96610628
9.97694848
9.99865795
10.00582315
10.01521738
10.04001946
10.05036402
10.06972773
10.09578117
10.09702352
10.09802145
10.11949647
10.15011342
10.15243644
10.19342698
10.19661707
10.22610667
10.22616136
10.27273479
10.28611857
10.29972985
10.37244593
10.40217105
10.40556027
10.43243724
10.44512422
10.44581085
10.47782010
10.48146943
10.49258362
10.52131800
10.56873247
10.58290581
10.59980272
10.62313874
10.62434672
10.69437459
10.69622262
10.69956942
10.70143115
10.70518416
10.73323840
10.74094858
10.75273820
10.76262662
10.77902624
10.78422456
10.79050411
10.79911907
10.80073065
10.83589118
10.83889986
10.86845924
10.89949361
10.97914434
11.00275623
11.08479783
11.10113293
11.11174083
11.11417922
11.12043848
11.14869035
11.16351701
11.19506231
11.22122861
11.25312852
11.25658603
11.27459608
11.45496456
11.49298289
11.50385801
11.50977231
11.52494540
11.55354992
11.59872965
11.65025669
11.65042135
11.65562407
11.65698002
11.66353227
11.68453819
11.68598279
11.68729030
11.69109122
11.74919639
11.75592918
11.78285508
11.84536933
11.85892231
11.93183854
11.94076879
11.97816909
12.04695454
12.05636201
12.08342075
12.08873923
12.09207617
12.09874130
12.11137144
12.18697473
12.18748170
12.23514355
12.23966899
12.25096020
12.28807477
12.30247814
12.30969400
12.31483648
12.31750490
12.32409878
12.36518155
12.38178972
12.39691957
12.44755035
12.46199257
12.47266120
12.47673079
12.55414117
12.57886666
12.61762856
12.63951959
12.72444093
12.73146642
12.73647557
12.76371797
12.77257003
12.78496146
12.78737768
12.80623026
12.83199894
12.83718762
12.87759745
12.92106217
12.92240031
12.97010186
12.98280887
13.01427623
13.02145288
13.02855433
13.04824452
13.06314563
13.07672027
13.07854933
13.10307556
13.16537107
13.18503192
13.21198011
13.21294300
13.25065840
13.31268853
13.35309823
13.37016129
13.41381794
13.42653337
13.46548045
13.47909708
13.48353711
13.48827366
13.48899061
13.58117344
13.60708225
13.64640402
13.75353081
13.78785955
13.79366563
13.86636716
13.92622069
13.93021946
13.96518953
13.99502928
14.03139659
14.04928232
14.06966473
14.12622345
14.13971706
14.16326731
14.17166451
14.20032924
14.22096851
14.23156280
14.26341705
14.27747969
14.30867626
14.30869218
14.31378469
14.34368978
14.43357007
14.44800336
14.45273739
14.48279259
14.52749942
14.53565520
14.54079482
14.57138233
14.58574198
14.61615516
14.64446221
14.65109441
14.65863192
14.66334696
14.70038812
14.71810501
14.76217517
14.77668975
14.79423979
14.83226116
14.95113317
15.03998896
15.06644370
15.07648766
15.08994220
15.09149047
15.10050451
15.10183143
15.14192118
15.15379247
15.18287985
15.24469188
15.29529934
15.30565963
15.31061934
15.33926583
15.35827202
15.40649552
15.42992899
15.45357851
15.46759636
15.51041706
15.57983467
15.58972985
15.59931781
15.64412831
15.66573575
15.68382028
15.69010232
15.72914403
15.74485508
15.75211791
15.77282303
15.78564189
15.79786961
15.81084182
15.82869319
15.85766723
15.88424501
15.88711793
15.90388777
15.99320773
16.04924175
16.06497211
16.07655794
16.08482146
16.09426661
16.13187147
16.13637471
16.15211128
16.16561513
16.22967055
16.23807765
16.24778431
16.25449631
16.28988358
16.32718117
16.45691141
16.45824175
16.46268147
16.48793750
16.48840036
16.49485558
16.50002804
16.54267050
16.55312306
16.55524267
16.58005383
16.60340993
16.63026810
16.66112952
16.67498554
16.67562202
16.74715514
16.80527135
16.81683920
16.82076375
16.82382188
16.82418092
16.84020940
16.92812224
16.93202739
16.93397349
16.94048155
16.95147643
17.06591918
17.08238750
17.13352129
17.14175712
17.20806181
17.21588581
17.25026380
17.28025056
17.28301730
17.29339895
17.34570851
17.38648146
17.39803621
17.43269152
17.45312565
17.46461250
17.50950900
17.59407943
17.60055194
17.61841566
17.63457574
17.65851806
17.66040175
17.67706010
17.70128146
17.71015825
17.72201184
17.73775936
17.76694869
17.77014716
17.77943273
17.79572343
17.80922492
17.85013348
17.92212767
17.92971839
18.06369790
18.06553288
18.08404200
18.10829883
18.11353450
18.11672707
18.18494772
18.20218888
18.20736023
18.30545925
18.32173961
18.34554716
18.37189983
18.37730984
18.45443587
18.46062016
18.51627740
18.52177909
18.52202957
18.53927824
18.57779822
18.58244659
18.59750706
18.63476357
18.65364727
18.69765665
18.71334710
18.76040969
18.76376113
18.84474317
18.85211280
18.86184505
18.86425437
18.89704194
18.90050994
18.90908592
18.93802811
18.94312547
19.02573710
19.05369406
19.05829216
19.10626004
19.11781317
19.12800318
19.13604510
19.13970877
19.19078252
19.22370107
19.23999245
19.26364460
19.30365642
19.31076215
19.37458098
19.39653068
19.41149457
19.41203035
19.43601938
19.46806090
19.47058754
19.53126415
19.57673920
19.59240324
19.61830908
19.64512247
19.65371362
19.67495379
19.67546531
19.70299388
19.73310404
19.73595244
19.78378308
19.81081537
19.82121287
19.82731098
19.87995008
19.88352360
19.88367538
19.96528471
19.99308899
20.01389426
20.02443012
20.02877086
20.03312322
20.03719303
20.05934194
20.07595961
20.08342743
20.14214298
20.15166062
20.16253047
20.23955213
20.25907144
20.29126214
20.31723031
20.32116039
20.38282815
20.38520626
20.38919212
20.43080134
20.49778353
20.51232854
20.55985850
20.74816739
20.75082731
20.76978484
20.79241609
20.82427633
20.84914686
20.85494156
20.88468385
20.88929459
20.91796696
21.00744917
21.01899298
21.02386808
21.02651470
21.03729427
21.03953098
21.05101387
21.05902284
21.07520178
21.09012882
21.10312377
21.13286850
21.19497621
21.23526588
21.25701617
21.26801471
21.29314829
21.48174016
21.48340180
21.52632039
21.54664414
21.59592258
21.60882071
21.63574351
21.67115001
21.69261103
21.69587876
21.73387863
21.75265147
21.75939274
21.85225480
21.87377399
21.91541081
21.92378226
22.04680161
22.04892364
22.08054897
22.13539726
22.18390927
22.19265018
22.32056871
22.32696841
22.32831595
22.34115982
22.36654748
22.37549126
22.42908229
22.43591191
22.49373712
22.50851205
22.53148804
22.61168215
22.66675292
22.67555164
22.68123062
22.74562016
22.75537836
22.75550973
22.77118326
22.77371730
22.80685917
22.83485475
22.87998047
22.89337292
22.89379149
22.90040194
22.95764486
23.02385329
23.05004339
23.05910299
23.06825496
23.07496164
23.09896438
23.13220626
23.13385435
23.16753082
23.18083262
23.19813316
23.23010364
23.26443723
23.26549057
23.30006342
23.30712653
23.36517996
23.38986599
23.42704265
23.44739112
23.53802328
23.61435692
23.69682133
23.70780487
23.72867655
23.75036500
23.75672253
23.75819619
23.77927070
23.82410506
23.83305867
23.88110523
23.88442896
23.93102591
23.97463263
23.97898324
24.00948040
24.05133870
24.12387364
24.16238404
24.17909384
24.19140343
24.19380907
24.19643177
24.20271288
24.22337819
24.24661035
24.27121432
24.27663374
24.31584395
24.46170004
24.47150972
24.48690258
24.59456115
24.61647581
24.67068903
24.68633551
24.71287766
24.71473770
24.73088896
24.74853090
24.77851894
24.78120458
24.85996504
24.90335459
24.96712262
24.97238519
24.98602495
24.99316245
25.02822803
25.05744173
25.07938216
25.08098185
25.09446109
25.12061245
25.12734150
25.17676336
25.26837727
25.27518023
25.27905156
25.28389624
25.33340526
25.34186222
25.34456967
25.35182413
25.35228386
25.41467437
25.48740516
25.51753453
25.53187587
25.54020758
25.55892768
25.56291517
25.57645091
25.61725892
25.63827377
25.64469774
25.65479977
25.69150388
25.69349293
25.72841891
25.74781307
25.76944461
25.77278588
25.94347082
25.97291815
26.01006401
26.03546100
26.05326672
26.12740515
26.15877487
26.19484925
26.21386675
26.26452248
26.26882779
26.27198644
26.27990847
26.30858214
26.34946648
26.39631560
26.39851545
26.39884151
26.40382594
26.44155438
26.45757119
26.47782656
26.48042010
26.53398079
26.53686492
26.56451940
26.62704029
26.64898209
26.65957374
26.67830419
26.69056261
26.72240759
26.75782026
26.76184991
26.77274245
26.79077787
26.79429804
26.79577110
26.89565900
26.91355972
26.91918800
26.98223861
26.99913608
27.06276972
27.14310734
27.16019380
27.16039631
27.17761002
27.19076192
27.19972917
27.22939880
27.30145247
27.31097377
27.31253642
27.31392076
27.31468652
27.34398440
27.34659818
27.35439567
27.35776658
27.38723731
27.41263711
27.41974350
27.45974143
27.49840457
27.53457641
27.62966231
27.64676257
27.65932168
27.67192310
27.69056742
27.75047565
27.76274010
27.84931371
27.86242446
27.93128342
27.93346851
27.94752673
28.00790233
28.06494458
28.15374608
28.19257618
28.24919469
28.43623391
28.52516983
28.53405116
28.53444506
28.54242301
28.56207157
28.61813501
28.62099337
28.63200343
28.64538129
28.64584449
28.69431031
28.69821184
28.70237487
28.75068143
28.76443055
28.79349558
28.82358238
28.84670403
28.86819542
28.87799788
28.91348421
28.92125630
28.96247581
28.97561417
28.98556076
28.98844601
28.99178488
29.02419729
29.06284144
29.08141601
29.08333517
29.09519684
29.09749987
29.10708030
29.11219365
29.14631369
29.15017243
29.15776337
29.20313946
29.26667197
29.32144383
29.32946515
29.33233492
29.37801863
29.40863814
29.43550663
29.43678125
29.44642074
29.45830028
29.48755745
29.50687856
29.55837937
29.56702960
29.59137889
29.64079515
29.66873029
29.68049532
29.68948732
29.70597175
29.71892107
29.78339937
29.80026882
29.83014682
29.86754662
29.87413636
29.89722198
29.92639525
29.94055098
29.95485310
29.97451841
29.99597322
29.99898768
30.02960758
30.07830454
30.14697673
30.17687703
30.18134950
30.18831587
30.20225408
30.23702763
30.25013892
30.26014159
30.26329504
30.28512669
30.28706570
30.31165527
30.32921029
30.33926818
30.39996967
30.40268586
30.42696365
30.43582882
30.52526980
30.52586866
30.57042025
30.67643209
30.68034315
30.69551317
30.70536022
30.73034483
30.74016723
30.79345521
30.80485398
30.81290542
30.83083782
30.83196511
30.87868930
30.93663281
30.93896218
31.01109838
31.01147849
31.02464464
31.10213436
31.14723132
31.20807355
31.23258794
31.23795142
31.24103535
31.26051861
31.28623730
31.28952810
31.33192655
31.37935331
31.39419046
31.40803769
31.41578873
31.43122563
31.44082522
31.44404977
31.52775382
31.57053271
31.58576043
31.59201438
31.59779112
31.60376138
31.61026280
31.62701378
31.69845176
31.73959795
31.75336967
31.76103071
31.81527349
31.81663125
31.86458020
31.86924134
31.87933664
31.96658740
31.98213754
32.08137729
32.12508472
32.18330819
32.19789012
32.21397798
32.22078216
32.24577440
32.25584077
32.25962915
32.31610425
32.31638438
32.32374502
32.33100797
32.38391557
32.44641583
32.46533049
32.46927965
32.48861983
32.50247674
32.50875090
32.53615158
32.59119351
32.61800366
32.62573283
32.63648592
32.64449691
32.64815695
32.70015936
32.71000889
32.71565345
32.79078583
32.83311907
32.85083259
32.87356374
32.88444730
32.88499184
32.92441366
32.93562415
32.96601038
33.01657772
33.01801259
33.04024445
33.05086775
33.06451146
33.07747102
33.10425027
33.11925205
33.12635473
33.18324489
33.20394609
33.23292596
33.27085024
33.28472155
33.33255225
33.42838518
33.45461680
33.46649351
33.47685982
33.49192765
33.49273009
33.50946078
33.56043112
33.59951938
33.61696879
33.65173835
33.66287212
33.70843983
33.72214382
33.77396974
33.78563354
33.82404056
33.82772025
33.85404449
33.85430307
33.86071156
33.87044379
33.87670090
33.91241052
33.92053337
33.92468878
33.95004266
33.95926903
34.01078314
34.01271697
34.14714485
34.16689334
34.17157166
34.17306295
34.19807281
34.22606481
34.22898667
34.23940674
34.45574555
34.47756718
34.48988011
34.51736021
34.55605581
34.58757159
34.59300997
34.59922937
34.63987029
34.67050003
34.67263916
34.67339105
34.67648672
34.70603650
34.70795196
34.78046976
34.79735151
34.80752573
34.82150665
34.87038671
34.91277749
34.91795025
34.92924018
34.97158214
34.98469885
34.99365618
35.07741144
35.10651791
35.16452828
35.18207241
35.20057121
35.20419910
35.23871651
35.24726852
35.28510400
35.29424624
35.31279874
35.33030523
35.33944239
35.34314173
35.34446772
35.38339770
35.38377150
35.38464961
35.39073662
35.39821729
35.40508367
35.53643626
35.54582258
35.55264434
35.57101179
35.57667008
35.60536890
35.62773008
35.63156327
35.64123785
35.69562316
35.72089982
35.72363000
35.75486577
35.83151655
35.85307325
35.98942599
35.99181198
35.99526623
36.00379795
36.00738844
36.01114068
36.01704992
36.16395188
36.24742391
36.25108823
36.27748170
36.29409738
36.29804744
36.29872845
36.34291393
36.38766274
36.42722941
36.43273607
36.43927792
36.47371700
36.49423849
36.53285559
36.55808871
36.62038165
36.70056465
36.70383721
36.76716455
36.78605776
36.82514155
36.85107045
36.88852806
36.91356361
36.91692819
36.95961200
37.17798563
37.19853299
37.24308100
37.33161037
37.33534350
37.35351380
37.36657484
37.38986722
37.45706744
37.49589857
37.54747882
37.58968009
37.59585318
37.61843251
37.62863295
37.65413127
37.68689853
37.76794930
37.77102819
37.78456240
37.83403745
37.87765470
37.91215006
37.91508460
37.91526544
37.97135985
37.98348091
38.02596178
38.04345963
38.05831959
38.14298601
38.14818489
38.15267502
38.22982381
38.24604761
38.26982017
38.31107635
38.33043739
38.35560162
38.38185167
38.38496977
38.38522336
38.40474737
38.41199222
38.41236135
38.42863062
38.44417240
38.48015376
38.50889025
38.51057722
38.52736987
38.55565427
38.57909686
38.58930052
38.59914550
38.64273493
38.64700491
38.67072252
38.69641861
38.70759700
38.74649455
38.81041627
38.83998852
38.84440250
38.84815872
38.86185518
38.87772276
38.90379724
38.93228990
38.96947487
38.98514550
39.01852006
39.02261363
39.03609176
39.05649583
39.07130030
39.13716947
39.14369589
39.14406151
39.20797911
39.21233618
39.25461975
39.26537001
39.28106899
39.28985483
39.33955391
39.34308671
39.41605737
39.42555719
39.48596887
39.51096740
39.53877828
39.55497084
39.56291574
39.58831056
39.62148864
39.66665455
39.69154871
39.70589403
39.74745905
39.75603238
39.81477172
39.82984878
39.96855784
39.97244703
39.98629011
40.01457190
40.02372512
40.02381708
40.02772507
40.06122884
40.06870509
40.09952595
40.11570368
40.12483892
40.13769440
40.15047577
40.15596294
40.19736723
40.21933537
40.26835213
40.28962889
40.36247616
40.36982882
40.40062381
40.46171906
40.50284354
40.52408994
40.56899906
40.57180648
40.57195909
40.57209791
40.58820281
40.64339833
40.65765043
40.66012337
40.69863837
40.69991334
40.71181510
40.72357536
40.76145994
40.76154157
40.77264072
40.77711628
40.84734314
40.92810874
40.93430504
40.94215396
40.97784035
40.98636204
41.01490942
41.03027476
41.04873259
41.12818874
41.17460550
41.19973203
41.20474165
41.20482019
41.30908671
41.31431384
41.33815303
41.36277709
41.36843299
41.41974568
41.43090349
41.43204450
41.43379132
41.45103806
41.45185065
41.45749790
41.46434070
41.46924893
41.50986541
41.53266578
41.55491372
41.56943076
41.59831956
41.72881626
41.73939174
41.77185617
41.78117897
41.84597155
41.97580480
42.05123111
42.07604817
42.11241913
42.12336754
42.13456565
42.14162168
42.14640796
42.16644383
42.24757056
42.25853374
42.28696826
42.28710700
42.37275119
42.40521615
42.41297546
42.43243987
42.49221816
42.49647605
42.52506308
42.52778860
42.54452809
42.55979724
42.60134925
42.63347709
42.66607836
42.66946195
42.68625596
42.70185634
42.71044919
42.72203121
42.73160416
42.75341691
42.79989409
42.92054102
42.98277104
42.99975622
43.03977324
43.05215198
43.05755649
43.08322549
43.08326221
43.12921835
43.13480176
43.16398884
43.18937978
43.25938870
43.28678139
43.29161488
43.30020857
43.36236205
43.38578576
43.43216637
43.55659573
43.60068454
43.63645813
43.65339024
43.68769992
43.70413057
43.72759393
43.77184797
43.80503963
43.80593466
43.82034819
43.82487400
43.84206283
43.90607374
43.94148714
44.02309916
44.08561484
44.08595986
44.13478898
44.13611747
44.14518228
44.16910138
44.19103135
44.20133562
44.21748995
44.25104581
44.31647291
44.31698155
44.37077314
44.40945069
44.42296158
44.47888070
44.48958828
44.58118807
44.59874246
44.63317287
44.63415308
44.64774722
44.70654106
44.76705840
44.76993397
44.79151696
44.81608182
44.84344328
44.86756167
44.92397467
44.92463615
45.00976634
45.01588642
45.03160358
45.03539940
45.04082585
45.12839515
45.15545814
45.17252657
45.19538317
45.22674980
45.22958815
45.24930098
45.31724261
45.34406790
45.36833968
45.37436127
45.37723156
45.41954662
45.43776694
45.44848606
45.48147979
45.50465072
45.54183003
45.63429326
45.64226371
45.66747240
45.70225102
45.74422652
45.77671559
45.80997302
45.82715769
45.83217220
45.85772335
45.88471286
45.91442153
45.94282375
45.94397732
45.94781836
45.95942903
45.99556254
46.00285822
46.01295440
46.01365963
46.06145184
46.07188634
46.10413174
46.14354887
46.17850561
46.21153570
46.22641314
46.30688413
46.31814500
46.35649819
46.39887189
46.43958244
46.46879574
46.48077119
46.51537247
46.56137541
46.59175102
46.63548243
46.69516330
46.78442197
46.78633974
46.78974360
46.86193763
46.93141969
46.94455479
47.00805521
47.01030467
47.02012251
47.05751156
47.11869314
47.12110576
47.16669673
47.19085307
47.19342424
47.21483334
47.40919997
47.42369419
47.44671251
47.48410491
47.51143209
47.51392526
47.51951297
47.55131246
47.57662187
47.58003428
47.58358346
47.63801954
47.65515133
47.69411350
47.71181381
47.77022620
47.77572215
47.77720935
47.88108813
47.90891762
47.98265338
47.98461595
48.01338019
48.12645092
48.15012703
48.19702468
48.21161451
48.29274258
48.32509000
48.36939532
48.37557164
48.39718544
48.42870114
48.51522513
48.56254246
48.58397911
48.59244319
48.62974725
48.73752138
48.74824290
48.76825661
48.79286682
48.82604095
48.84774441
48.91532413
48.96590717
48.99597982
49.02882997
49.05001429
49.06847543
49.10124035
49.13092341
49.17799500
49.22234743
49.22331468
49.23806450
49.24803562
49.26574520
49.26727062
49.27139648
49.35232125
49.45295592
49.50430152
49.55104703
49.58760552
49.68757598
49.74674577
49.78344469
49.79493317
49.82819871
49.87758874
49.95771780
50.03652593
50.06724478
50.08328718
50.12294871
50.24314427
50.28590492
50.33228864
50.36068860
50.38428317
50.38998714
50.48623747
50.53606858
50.55388885
50.57319032
50.57343689
50.59028190
50.64543940
50.65528201
50.68450209
50.68775301
50.71390945
50.73137961
50.73667328
50.77531348
50.86071511
50.87532483
50.88140390
50.88985713
50.89530576
50.94988211
50.99835549
51.01511992
51.02521265
51.04804948
51.09237753
51.09255344
51.19112020
51.21360866
51.24432653
51.25573125
51.28095716
51.34356758
51.40466207
51.43729219
51.47374904
51.49234250
51.54013706
51.56865870
51.57348343
51.58462625
51.58920392
51.62241678
51.63243582
51.63866848
51.69883881
51.70146534
51.73067449
51.74590934
51.80038216
51.81365343
51.82068086
51.83414445
51.86183354
51.87166041
51.87300269
51.88626603
51.88736749
51.90012187
51.90203993
51.90987029
51.96173163
51.96482466
52.02942255
52.05468129
52.11434377
52.11965901
52.13328648
52.15542940
52.18988880
52.24176107
52.24685515
52.26222769
52.27879588
52.35481968
52.37726282
52.43745671
52.45373279
52.47617496
52.50330876
52.53435060
52.55988645
52.57889016
52.61795848
52.61902185
52.61967516
52.65262803
52.66107199
52.66237018
52.73446396
52.75374367
52.78126179
52.94597185
52.95888224
52.96243708
52.97845617
53.06168429
53.13758534
53.14741683
53.16666202
53.17660653
53.20517968
53.21157331
53.21844693
53.25219554
53.31171383
53.33795098
53.34643356
53.34809214
53.38305517
53.47927738
53.48200215
53.57182149
53.59133787
53.61190341
53.64358474
53.64750713
53.77512943
53.78162204
53.82515860
53.84100516
53.84285914
53.85935644
53.88540436
53.92476539
53.93914459
53.96791321
54.04261760
54.04542019
54.08161219
54.11103866
54.11597963
54.14407872
54.16528004
54.18810741
54.23005809
54.31319458
54.34478109
54.35302846
54.36364002
54.37361103
54.37734798
54.42073581
54.44938185
54.50274048
54.60819614
54.61139531
54.65505637
54.75568961
54.78770135
54.80279190
54.81925454
54.82161904
54.82425689
54.85715802
54.94637218
54.97759508
55.00623673
55.05229187
55.06230045
55.09593843
55.11418798
55.20742889
55.21261185
55.27528157
55.30544268
55.34151700
55.34668882
55.36085629
55.38735232
55.45576810
55.47111806
55.47333996
55.53575598
55.56808820
55.61208283
55.63781128
55.71684840
55.72822055
55.73205790
55.73781842
55.76504535
55.79124004
55.81426538
55.86442305
55.88533428
55.91311932
55.93658514
55.98631737
56.00141824
56.00558857
56.02706823
56.03626129
56.03936954
56.05483188
56.05652495
56.11218383
56.15734851
56.18777874
56.22526394
56.23296087
56.28902564
56.29007766
56.29570778
56.37070686
56.44779486
56.44960434
56.51332559
56.57594418
56.60789946
56.62153031
56.64474241
56.77088295
56.77847404
56.78007616
56.79756427
56.87508218
56.89690525
56.94352541
56.96382123
56.99429843
57.00463639
57.00893835
57.01167744
57.01295302
57.04029707
57.04087885
57.08812267
57.09245163
57.10194448
57.10528131
57.13131673
57.14921375
57.15276469
57.25511926
57.26827634
57.32282490
57.38073989
57.40607679
57.40883631
57.43543333
57.43905865
57.45439654
57.48392042
57.51606886
57.57806178
57.58055832
57.59495910
57.61797393
57.76437565
57.76671932
57.77663994
57.79834761
57.80080716
57.81666290
57.82764059
57.83910904
57.85841841
57.92879295
57.95900908
57.98295154
58.02395313
58.02709586
58.03069842
58.04765854
58.05467777
58.05882941
58.06176542
58.07414893
58.14092986
58.18445662
58.20734726
58.21363825
58.21389648
58.24040649
58.24180237
58.31548299
58.31997351
58.33059989
58.37719590
58.38551482
58.39498376
58.45852755
58.47343999
58.49085706
58.50344505
58.55871698
58.56426022
58.59227913
58.63491130
58.63494290
58.64242195
58.68941992
58.69810482
58.70843238
58.73422982
58.73778214
58.74037401
58.74328624
58.77089348
58.77186443
58.77530409
58.77565077
58.77947304
58.79397022
58.80203831
58.82154820
58.84865601
58.86034076
58.94210465
59.00467154
59.07350417
59.08467890
59.08948436
59.09570971
59.09615278
59.12596462
59.15018350
59.20383709
59.20865883
59.22679770
59.23212665
59.25378404
59.25965382
59.32905557
59.35600266
59.36137931
59.40877734
59.43894754
59.44362442
59.47603333
59.48334143
59.49294188
59.57466590
59.58528353
59.59007983
59.61367638
59.66727389
59.69593735
59.70543161
59.72990547
59.79998085
59.82185489
59.86756144
59.90993964
59.94844431
59.99122357
60.02067856
60.02565084
60.06007450
60.13007634
60.14783175
60.18695316
60.21491670
60.25419416
60.27071406
60.30781920
60.36050939
60.36528029
60.38907797
60.41696597
60.42536966
60.45039220
60.46486351
60.48222799
60.49354136
60.50338135
60.57557864
60.60968980
60.65924017
60.68505115
60.70876481
60.72101916
60.73232129
60.75504023
60.75774007
60.75796476
60.78877463
60.81282607
60.83184664
60.83731599
60.83829463
60.84741784
60.86038951
60.86289267
60.86777499
60.90906848
60.95544342
60.95820569
60.96341306
60.97052893
61.01817909
61.05363163
61.08204782
61.16691414
61.16800300
61.16816205
61.17257949
61.19302047
61.26728417
61.27019266
61.27990944
61.28411214
61.29452232
61.31030019
61.32765339
61.32795751
61.33029654
61.33408595
61.33437819
61.34025550
61.41029270
61.41243093
61.41650936
61.48121563
61.53284531
61.54275792
61.55225743
61.57177258
61.58685198
61.59118806
61.60515335
61.61671282
61.64955228
61.65066816
61.67727069
61.68260540
61.70015180
61.70350430
61.74351544
61.75150735
61.84063820
61.86093232
61.88563199
61.90084273
61.99662455
62.00067257
62.02392800
62.02508801
124.00000000
