0.02125203
0.05321074
0.08618099
0.11057690
0.12789850
0.13183925
0.16802042
0.17269278
0.18115337
0.20575301
0.28184037
0.29115957
0.32312227
0.32834646
0.33023813
0.33644515
0.37893989
0.40454357
0.47923183
0.49152767
0.51474119
0.54406450
0.56007295
0.59971932
0.63080165
0.66890598
0.68077665
0.69580260
0.71019518
0.71886708
0.72970156
0.78813796
0.82297949
0.93109827
0.95329764
0.97440807
0.97944689
0.99789326
1.00098540
1.01980105
1.02921929
1.13062288
1.16235710
1.20625154
1.22760538
1.23818890
1.25171562
1.25242105
1.29956527
1.30193489
1.35313866
1.35802724
1.41964099
1.43495720
1.44710983
1.51609364
1.51898721
1.52117833
1.58061568
1.58451258
1.59626564
1.65849839
1.68688612
1.71246128
1.79645436
1.80713361
1.81144328
1.81774171
1.91194562
1.93681260
1.93969652
1.96878916
1.98447179
1.99743324
2.01293664
2.01518262
2.02640575
2.06481718
2.10642850
2.12474911
2.17372460
2.23331124
2.27287312
2.29337509
2.31273327
2.32204541
2.39461709
2.41635965
2.42132301
2.44024639
2.48117811
2.48858964
2.49349590
2.50348180
2.55677608
2.56028156
2.61417557
2.61421449
2.61570262
2.66028185
2.67226386
2.68440834
2.74543462
2.75593175
2.78272869
2.79903756
2.82968453
2.88509264
2.90230520
2.95665712
2.97906957
3.06077948
3.12132210
3.12160331
3.14125329
3.15825633
3.16024870
3.16650170
3.20812127
3.24323922
3.26008956
3.27497752
3.32571175
3.34599122
3.39519453
3.41639148
3.47988424
3.55210631
3.57747205
3.59858328
3.63090133
3.64055703
3.65287134
3.68886436
3.69329029
3.71768495
3.78325440
3.80788590
3.85786936
3.91472448
3.92045886
3.93835037
3.93858794
3.97447542
4.00187456
4.00668363
4.13783492
4.15937728
4.16421054
4.16638458
4.18120589
4.21530372
4.23013187
4.26319879
4.28994716
4.29683244
4.33963958
4.35391933
4.41051416
4.45555435
4.51757597
4.52898561
4.54379201
4.60055387
4.60353511
4.62830717
4.63968757
4.66471464
4.69451848
4.71157684
4.72990349
4.77452801
4.80898234
4.85290676
4.94718650
5.01284452
5.04429496
5.06165743
5.08866407
5.09874531
5.15724663
5.21514020
5.21649137
5.22331639
5.30827618
5.35737352
5.36125200
5.40256966
5.40986558
5.45094088
5.47829320
5.49556955
5.50147767
5.55886862
5.61812297
5.63608422
5.64105298
5.71318870
5.75943170
5.76479533
5.78844532
5.79180965
5.81022803
5.81738989
5.82629600
5.83199878
5.83578603
5.85504069
5.87130041
5.90111717
5.90930179
5.96336386
5.97831060
6.01310607
6.01727233
6.05516687
6.06534843
6.11304708
6.12114147
6.14881377
6.15220106
6.22329832
6.23953522
6.28030126
6.35160626
6.42630134
6.43158943
6.49827809
6.50077845
6.53340195
6.55753993
6.55934683
6.55964180
6.56892224
6.60354613
6.65576805
6.68287431
6.71039678
6.75805277
6.76934445
6.78716224
6.81987180
6.82157127
6.82342266
6.84895282
6.85459207
6.85643499
6.89172388
6.92575477
6.93431424
6.94673098
6.97616227
7.00591677
7.01514879
7.05221607
7.06959762
7.09131555
7.09739276
7.19822622
7.21954444
7.22143594
7.23351573
7.24961796
7.28849948
7.31455762
7.32621236
7.39348585
7.40222543
7.42233543
7.48426983
7.49821835
7.51722338
7.51741554
7.58518372
7.61448165
7.62935583
7.63572440
7.64392154
7.67896889
7.74173209
7.76558897
7.77881717
7.79018509
7.89418744
7.89893083
7.90238293
7.90867189
7.91375753
7.92758273
7.93986478
7.94179585
7.95508812
7.97328884
7.97401266
8.01663637
8.02338718
8.02613032
8.06936215
8.08761856
8.15211365
8.17490391
8.18466983
8.20383838
8.22000147
8.22397520
8.25228405
8.28051698
8.29889822
8.33755514
8.34659328
8.40521989
8.44994580
8.46471031
8.48340283
8.48358957
8.48552421
8.50414289
8.50448272
8.55264094
8.55650827
8.56991602
8.62382757
8.72281758
8.74752402
8.79025423
8.81932642
8.82200908
8.90934342
9.00521013
9.03392934
9.04373943
9.05086182
9.06217714
9.12325658
9.12326428
9.14750570
9.14912120
9.16333351
9.17144946
9.19472299
9.20640267
9.22601408
9.22993303
9.23813022
9.24532239
9.29082828
9.32004598
9.36102451
9.38683081
9.41965706
9.43316999
9.44655221
9.45446972
9.49693764
9.50036976
9.52565266
9.54272331
9.54563513
9.54681560
9.55467139
9.59807817
9.60529092
9.68285688
9.72508126
9.74442945
9.74713560
9.78916633
9.79940519
9.84008636
9.90281783
9.95648933
10.01473924
10.04994975
10.05742774
10.08601431
10.09802145
10.12058827
10.12092083
10.13837107
10.22610667
10.32210632
10.37493893
10.39897258
10.45421905
10.46168169
10.55181103
10.56873247
10.56994809
10.58087891
10.62845418
10.63091860
10.63221300
10.64976537
10.72096501
10.74767032
10.75788654
10.75800812
10.82204674
10.85744432
10.87390681
10.90388703
10.94080722
10.94375341
10.97067501
10.97809821
11.00579057
11.01597857
11.05048204
11.05853271
11.11680214
11.14305715
11.23728231
11.24254915
11.27126866
11.28721669
11.32584599
11.37117536
11.37971531
11.39464592
11.39578427
11.42343529
11.47323587
11.66275015
11.67029403
11.67779629
11.68329918
11.71085141
11.71338798
11.71766089
11.73732498
11.74898174
11.76944607
11.79568918
11.80509540
11.91032134
11.92225228
11.93183854
12.01805945
12.06777868
12.07682599
12.12744013
12.12893875
12.13258162
12.21272023
12.28361824
12.31723461
12.40227276
12.40813518
12.40872486
12.44108119
12.44740602
12.48162541
12.49002515
12.52312847
12.60736806
12.62011015
12.62436455
12.66939937
12.67343772
12.77257003
12.77722535
12.81369957
12.81389775
12.85475346
12.97419120
13.03125716
13.06676095
13.08021293
13.08297263
13.11172431
13.12605555
13.15776017
13.17985101
13.20769242
13.22757584
13.30246665
13.39202169
13.48232935
13.55972482
13.56241853
13.60041724
13.60217848
13.65807438
13.67066269
13.72347850
13.72892685
13.77781178
13.78080475
13.79193344
13.80045773
13.87293493
13.91628922
13.95378501
13.99334594
14.08149156
14.12164018
14.12366294
14.13792660
14.15180033
14.20404756
14.21628003
14.23030141
14.24771276
14.27492056
14.30243728
14.31803657
14.32106565
14.35136451
14.36638524
14.38191233
14.48544801
14.49436303
14.54912941
14.61841383
14.65196055
14.67599530
14.69201851
14.71147545
14.83280076
14.84667324
14.85462960
14.86134081
14.86480055
14.90295785
14.93098057
14.93372345
14.94283455
14.99969381
15.02336138
15.03597134
15.06454257
15.07176573
15.07380727
15.09263684
15.12474140
15.12958759
15.14712243
15.18367505
15.22186841
15.24986473
15.29582596
15.31267949
15.33176894
15.33947281
15.34930593
15.36110146
15.45238349
15.45357851
15.45358591
15.47163201
15.48048310
15.55166182
15.60649293
15.63253599
15.63385809
15.64076613
15.64383837
15.64498094
15.64761128
15.65143344
15.65631534
15.71982561
15.74976111
15.79669501
15.84605387
15.86449348
15.88067252
15.90597613
15.91447222
15.93262247
15.94406434
15.98167304
16.08102497
16.08244381
16.10215750
16.10616779
16.11560332
16.17935198
16.18293028
16.22641332
16.22989678
16.26561817
16.36480700
16.37032665
16.37546348
16.39331963
16.42990077
16.45934846
16.50002804
16.50101189
16.56398121
16.59716519
16.62029697
16.71803613
16.75539965
16.75955144
16.84925550
16.85053966
16.86203680
16.95951902
17.00481619
17.02180618
17.06739315
17.08415438
17.10366273
17.10887558
17.12696753
17.23785511
17.25707411
17.30289370
17.35978115
17.42913985
17.44462747
17.44704609
17.45040826
17.50950900
17.57712025
17.61984617
17.63649304
17.67114907
17.70305655
17.73832970
17.78598192
17.81324880
17.89663732
17.91378702
17.96210696
17.96417209
17.99156938
18.00792811
18.06148393
18.07747239
18.09618366
18.12855558
18.20218888
18.24151328
18.25373880
18.25546220
18.31684487
18.34310920
18.35265714
18.35328390
18.37331597
18.38488133
18.39636224
18.39950653
18.40592558
18.43144761
18.51059804
18.54003703
18.57283188
18.65031451
18.66837532
18.67490664
18.69703475
18.78373159
18.85559639
18.86425437
18.87499160
18.89964339
18.91339233
18.94051344
18.96306528
19.03061798
19.03634889
19.04398402
19.05369406
19.20532370
19.26209208
19.27338121
19.30468648
19.33258352
19.36734538
19.42598675
19.42726061
19.46913015
19.58201745
19.58413631
19.59828385
19.59915502
19.61872331
19.65371362
19.68528701
19.69120534
19.69449578
19.70865640
19.71737109
19.78898433
19.88614349
19.90264856
19.93257851
19.93581023
19.96701725
20.02903334
20.08408284
20.20373047
20.21794427
20.25146852
20.32745376
20.44964430
20.57470568
20.58393542
20.59900869
20.69242857
20.76200764
20.81300860
20.86719607
20.87369038
20.87593113
20.91278528
20.91468822
20.94123530
20.96666296
21.01375962
21.02385885
21.03454533
21.11660655
21.12348290
21.12868165
21.16777784
21.21787327
21.22513518
21.22868411
21.25715312
21.26352917
21.27949101
21.30261306
21.31949970
21.34883393
21.46525625
21.46701913
21.49168236
21.50418935
21.50850276
21.53198639
21.59402030
21.62948981
21.65187905
21.71096322
21.78143959
21.78589417
21.81144971
21.81332553
21.93310789
21.94816423
21.95839493
22.01342471
22.04171330
22.07406225
22.13631535
22.22649919
22.23021622
22.23585638
22.28662008
22.29234030
22.34044689
22.35539167
22.38035774
22.39974497
22.42615756
22.44767261
22.45120886
22.45837623
22.49998135
22.51198444
22.52390729
22.52753322
22.53256293
22.54679753
22.57658734
22.67017340
22.67931612
22.69033902
22.72836146
22.73127989
22.73559853
22.78721907
22.83506103
22.83742319
22.88188058
22.88934117
22.89413362
22.96183509
23.02060261
23.05201008
23.05569006
23.05726512
23.07324977
23.09896438
23.13238449
23.15847994
23.16621306
23.17264475
23.23010364
23.26174894
23.26549057
23.27419078
23.29626352
23.32280867
23.34628535
23.38731702
23.40294413
23.40385289
23.42450942
23.42480510
23.47424429
23.48157473
23.52550386
23.55466290
23.58410021
23.64490467
23.65166523
23.65244068
23.65515629
23.67802663
23.67943213
23.68300796
23.69846905
23.74085903
23.77819404
23.79722497
23.84728700
23.85275162
23.86266255
23.87031258
23.88110523
23.93606833
23.94415650
23.96982736
23.97463263
24.01148676
24.03562227
24.03668616
24.06549145
24.11342104
24.14668899
24.20865566
24.21322753
24.24090423
24.26284383
24.28021643
24.29001379
24.30046090
24.33965274
24.40790979
24.45349959
24.47222849
24.48578775
24.49176074
24.53297031
24.53994113
24.54685330
24.62854695
24.68736675
24.71025961
24.75715389
24.80467077
24.82149151
24.88080059
24.88726845
24.89712042
24.89989520
24.98102173
24.99914421
24.99919562
25.05549086
25.06939826
25.07022126
25.07296511
25.08059023
25.09555508
25.09676026
25.10017007
25.12654992
25.13594573
25.15383086
25.26267720
25.45040458
25.47122548
25.51220184
25.60046790
25.60912360
25.66327438
25.67938595
25.69565632
25.70775770
25.71002906
25.73630482
25.75390839
25.79056387
25.84459379
25.86515518
25.87345417
25.92516633
25.96887404
25.98825517
26.09851056
26.11438458
26.13012734
26.16278198
26.17010806
26.23413556
26.23497086
26.25870793
26.26452248
26.27198644
26.28546947
26.29687764
26.33428976
26.42399867
26.46758585
26.50266851
26.52153943
26.61913203
26.65263687
26.66024633
26.66548222
26.67748085
26.68131382
26.71779221
26.73122963
26.79825254
26.80842413
26.82642213
26.83435152
26.90481279
26.90749435
27.09949371
27.11089960
27.13674383
27.14907702
27.19123513
27.19709076
27.19972917
27.21401462
27.21417848
27.23659105
27.23729889
27.32723546
27.33588556
27.36339581
27.38409277
27.42283403
27.48446772
27.51765366
27.52123292
27.52648321
27.56000964
27.59062606
27.64580032
27.66389339
27.70380574
27.73639699
27.73879165
27.74648834
27.78467047
27.85068127
27.86698653
27.90858789
27.92000064
27.92705733
27.93231614
27.96856180
27.96867688
27.97781982
27.99133369
27.99238976
28.00504268
28.02716078
28.13047157
28.15576325
28.16237469
28.18022283
28.26724265
28.29580474
28.29882200
28.37048304
28.38218063
28.39730691
28.53190464
28.57196956
28.59134290
28.61239677
28.62946692
28.65350240
28.66948052
28.67620124
28.72573240
28.72810082
28.73572316
28.74703357
28.74753304
28.76927809
28.77017523
28.77437227
28.78059669
28.81395579
28.81832866
28.83350582
28.84734338
28.86470183
28.93917192
28.98166819
29.10061722
29.11005973
29.14509438
29.14631369
29.15084401
29.17391524
29.18796095
29.20225611
29.20506757
29.23379196
29.24207411
29.24483115
29.24752554
29.25391192
29.27434541
29.28694812
29.29735000
29.34432016
29.40225558
29.40863814
29.42711188
29.43196642
29.53074845
29.53512259
29.58364776
29.60519592
29.61183260
29.62632187
29.64731416
29.65632444
29.69027663
29.69393710
29.72312916
29.72609053
29.74571721
29.79037274
29.79994411
29.81107770
29.81548525
29.87754520
29.89316848
29.90056756
29.98235327
30.00317259
30.00870022
30.01877866
30.02556626
30.02610198
30.04688675
30.05108135
30.08453815
30.11895508
30.16845599
30.18228211
30.18781346
30.19884404
30.22803505
30.23846425
30.27232988
30.29154121
30.29333861
30.36448193
30.36457878
30.40180437
30.46731590
30.49368872
30.49985355
30.57011146
30.58797720
30.60115361
30.65755048
30.68034315
30.71099928
30.71505190
30.74716708
30.74748617
30.79924095
30.82166435
30.83674067
30.84779761
30.86111507
30.86398509
30.87207851
30.97581289
31.02464464
31.06068413
31.09266609
31.09500807
31.10592357
31.11343013
31.12306375
31.12751679
31.27134606
31.33192655
31.38128417
31.41481035
31.42316904
31.43655958
31.44112819
31.47308799
31.53886081
31.54592192
31.55870749
31.56743085
31.58612237
31.61254357
31.61924378
31.63472252
31.63768299
31.65802937
31.70910825
31.77529473
31.79286764
31.80696368
31.83628869
31.85046286
31.85913750
31.91910645
31.92743441
31.92964039
31.95469428
32.03354761
32.10191814
32.14898675
32.15078521
32.19310290
32.27830379
32.29877446
32.32814995
32.34204592
32.36678550
32.42285618
32.47606782
32.48754284
32.49683193
32.49959498
32.51073310
32.53871770
32.55849712
32.69019870
32.69117591
32.75526603
32.81408267
32.82118912
32.92441366
32.96288624
33.05195341
33.05745387
33.18561899
33.22158868
33.23240760
33.25660103
33.27120001
33.29807180
33.32789836
33.36446163
33.37917532
33.45291990
33.46989120
33.48669595
33.50417683
33.52549544
33.54502138
33.54859958
33.58499441
33.58560872
33.63192862
33.73019628
33.74759367
33.77399793
33.81094429
33.84639000
33.85634532
33.89435207
33.89900663
34.06927736
34.11785112
34.18315219
34.18842866
34.19040578
34.19238459
34.20782033
34.21434386
34.28786996
34.32761997
34.32874531
34.36065716
34.37504801
34.39070326
34.42401793
34.43722660
34.48107548
34.53338925
34.56909795
34.58346067
34.58730719
34.58757159
34.61524183
34.61730300
34.65663901
34.67785828
34.68112462
34.69915348
34.70264734
34.74418132
34.75491167
34.76010278
34.76332836
34.78327230
34.79041637
34.79583959
34.81364295
34.83972777
34.85728241
34.89242546
34.91210893
34.98048736
34.98469885
35.05671888
35.10548090
35.13239771
35.15252041
35.17145403
35.17669901
35.18950080
35.19552410
35.19674794
35.20893857
35.20955785
35.31546425
35.32790292
35.34314173
35.39424114
35.40659727
35.41559295
35.42262038
35.43935366
35.44744601
35.44983127
35.47282056
35.49088489
35.53257084
35.57426848
35.60027094
35.60534090
35.68006559
35.70632181
35.73622142
35.80840237
35.81961588
35.83151655
35.83347746
35.85598214
35.85868801
35.94492973
35.95855289
35.97425245
35.99598004
36.03150695
36.05593948
36.05678641
36.09114493
36.12886441
36.13390408
36.14058602
36.17448379
36.19052768
36.19056125
36.22962355
36.26390533
36.28197909
36.31352140
36.35887895
36.37350298
36.38142681
36.39908550
36.41363950
36.45380252
36.46415855
36.46423864
36.48619443
36.62025595
36.63244180
36.64147072
36.66131648
36.67823183
36.68975186
36.71702100
36.71996380
36.72070341
36.75754121
36.84745752
36.88852806
36.91402393
36.92531966
36.94229725
36.96182256
37.03104213
37.11961123
37.14302289
37.18755487
37.20628097
37.22125321
37.23888560
37.24308100
37.32407005
37.34531116
37.38604223
37.41022689
37.42801281
37.42919702
37.43729970
37.46696073
37.54317653
37.61076531
37.61914430
37.65005094
37.65737807
37.66085597
37.66315896
37.71592611
37.71617234
37.83253253
37.85964250
37.86645873
37.88531234
37.90089756
37.98542698
38.00905449
38.03884774
38.04964991
38.05657752
38.12260011
38.16613095
38.18722654
38.19299034
38.21799037
38.22758542
38.29913606
38.31148344
38.36749590
38.37273222
38.37665044
38.37953753
38.40474737
38.43899989
38.51604839
38.56942445
38.58232887
38.62052201
38.62686096
38.65909841
38.66324097
38.66543484
38.66892443
38.70048043
38.78240838
38.89879344
38.90235596
38.94109164
38.96889348
39.02276069
39.02735734
39.05102116
39.05827343
39.06783067
39.07130030
39.08697637
39.20647171
39.25500590
39.26059726
39.28677031
39.32571970
39.41030129
39.41784067
39.45810369
39.47567403
39.48116716
39.49400285
39.54533115
39.56565896
39.61296999
39.61657519
39.66698155
39.68066776
39.69673828
39.78943630
39.80641924
39.81806047
39.82888252
39.83993865
39.86094395
39.90647555
39.90676889
39.95410423
39.96401061
39.97236348
39.98529741
39.99071382
40.12696071
40.18171261
40.18972024
40.28546502
40.29947352
40.32240133
40.33298343
40.33753778
40.39557535
40.40350576
40.40475531
40.45930317
40.48905196
40.69312020
40.71881455
40.72166794
40.73723033
40.78117562
40.79522019
40.79708300
40.81220361
40.81605135
40.83770418
40.84230450
40.85049062
40.88223493
40.88784969
40.91083450
40.91734255
40.92725442
40.95207162
40.96580641
40.98422006
40.98958746
40.99489354
41.02619957
41.05707729
41.06878576
41.07010125
41.11281665
41.16726451
41.21895350
41.22581484
41.27419257
41.31677907
41.33815303
41.38906134
41.40746530
41.41891696
41.47797459
41.50312336
41.54424794
41.56108878
41.62825850
41.63260296
41.65279203
41.74122434
41.77329584
41.77497004
41.77503822
41.78204227
41.79404396
41.81621174
41.81717263
41.83391826
41.85354550
41.88192837
41.92709898
41.92712464
41.93216408
42.02189295
42.04509411
42.05237141
42.06743351
42.09839162
42.11288665
42.14771966
42.17220256
42.25653099
42.26094141
42.26960621
42.27137775
42.29852505
42.30425808
42.30975905
42.37719908
42.37814065
42.38988199
42.43331252
42.46387238
42.51816607
42.52764103
42.54787032
42.71233285
42.75045072
42.77262544
42.77392371
42.78852219
42.80614558
42.81355824
42.82912597
42.82926751
42.84237127
42.84890258
42.86133373
42.88065714
42.90744915
43.01149627
43.02713461
43.04160995
43.05426366
43.10184606
43.16578022
43.17937008
43.20055589
43.26525904
43.27249861
43.29035055
43.31757037
43.34447457
43.37428974
43.42438789
43.43439501
43.45578933
43.48145404
43.48329873
43.50431175
43.57194890
43.60910213
43.62313845
43.64657564
43.65610396
43.68498038
43.69889576
43.75670649
43.75900434
43.84329152
43.84572253
43.86670316
43.89186068
43.89757968
43.90370080
44.05053361
44.08266137
44.09598885
44.19898856
44.21358863
44.23177126
44.23598058
44.24711239
44.26487847
44.29134336
44.35692934
44.38810135
44.39713406
44.41119417
44.42296158
44.45345429
44.50357049
44.52760125
44.58118807
44.64692297
44.66642135
44.69157174
44.72340137
44.80063823
44.82777615
44.84705216
44.95114415
44.95551650
45.03075442
45.09159417
45.16619032
45.17433293
45.18013875
45.18201218
45.28124608
45.29477664
45.32158071
45.32935020
45.34130849
45.38949201
45.41102159
45.42299767
45.54581173
45.62659827
45.63429326
45.67283690
45.68641381
45.74418666
45.77284125
45.77505861
45.82324625
45.82780116
45.83060161
45.83218045
45.84272679
45.85320118
45.86806758
45.88852546
45.94397732
45.95692108
45.95819873
45.96512942
45.97006662
45.97564772
46.04838703
46.05678809
46.13699066
46.16384425
46.20469069
46.29909720
46.31751734
46.31824216
46.38364451
46.38721830
46.40972216
46.41361179
46.43279401
46.43657706
46.44617313
46.46650761
46.50702017
46.51418489
46.55036987
46.56441952
46.58134828
46.61247456
46.61914713
46.65495962
46.66360984
46.68939293
46.71238497
46.72570233
46.77450731
46.82414889
46.83378005
46.86834044
46.86858255
46.91077176
46.91670068
47.01684589
47.04620074
47.11696809
47.14089126
47.21508338
47.22175172
47.23408116
47.26149686
47.28407389
47.31806590
47.33038712
47.34051862
47.35622668
47.39241060
47.40214264
47.41939498
47.56275399
47.59332343
47.60994282
47.65875637
47.68000985
47.68174939
47.68379957
47.72093072
47.72521082
47.72856091
47.82210957
47.82475515
47.83677735
47.83962690
47.84368077
47.86877864
47.86983117
47.87792083
47.88773796
47.90994462
47.94703085
47.95963799
47.99398782
48.01180969
48.03016611
48.03830333
48.03858694
48.08567424
48.09537517
48.09864476
48.11548471
48.13092827
48.15351239
48.20693627
48.23485096
48.25101437
48.28764246
48.29325742
48.30849139
48.34461515
48.37551033
48.43720689
48.46211327
48.51049391
48.51689502
48.53722738
48.55899227
48.57016007
48.57267915
48.58427607
48.60663307
48.62359158
48.64770789
48.66194440
48.73793393
48.76311299
48.79546026
48.91358956
48.91608327
48.92050269
48.93500674
48.94985596
48.95442793
48.97064658
48.97983662
48.98024192
48.98337643
48.99665300
49.00458647
49.01813147
49.14368581
49.16309553
49.17439371
49.18660724
49.21407470
49.26727062
49.36179328
49.36240037
49.42612177
49.44557849
49.44742715
49.48459157
49.48629961
49.53718825
49.55309006
49.55814641
49.57074638
49.63581850
49.73894696
49.77510379
49.78656754
49.88404230
49.89323550
49.93069386
49.93350430
49.93796552
49.96598750
49.98022239
50.01083652
50.01950658
50.08181793
50.11269057
50.12953572
50.13506866
50.15066925
50.16851888
50.18276098
50.19384003
50.20027441
50.20103733
50.22144275
50.24519119
50.29604214
50.34994284
50.36934491
50.36975210
50.38934051
50.41209892
50.44864598
50.47053237
50.48361833
50.51518992
50.52154380
50.52487099
50.56756632
50.67268334
50.68869400
50.69693236
50.69700691
50.71009137
50.74042335
50.74575621
50.77221003
50.77261254
50.82058598
50.82272821
50.92817191
50.95871987
51.00803821
51.00998211
51.01053451
51.07242115
51.12661412
51.13285166
51.14489431
51.30706477
51.39145212
51.41977268
51.47141411
51.48353370
51.51808666
51.57770395
51.60071778
51.60393030
51.67813239
51.68510295
51.71873795
51.74073461
51.77104396
51.78652056
51.83980457
51.90987029
51.92107671
51.99906641
52.02581964
52.03975549
52.04866853
52.06529679
52.08606727
52.10155955
52.13523990
52.13708270
52.14352580
52.14822444
52.15134643
52.16410926
52.17106253
52.21368616
52.30627538
52.33326705
52.34834020
52.37591777
52.38934872
52.43885634
52.47728703
52.51878566
52.54275235
52.55270462
52.56651059
52.57236218
52.66237018
52.66577049
52.67267580
52.72645219
52.84518500
52.89176823
52.95888224
52.97245921
53.06168429
53.09885355
53.11881949
53.15920951
53.18158631
53.29466419
53.36042558
53.48340881
53.48774324
53.49022124
53.50933157
53.55855623
53.59437798
53.61858715
53.64358474
53.66119076
53.67910439
53.75970987
53.79772889
53.80080128
53.92867199
54.00084214
54.02126562
54.03810307
54.05195745
54.07299518
54.08815309
54.09151028
54.11591305
54.17568596
54.20296513
54.28382443
54.37243786
54.38185984
54.40951500
54.41877692
54.42994277
54.45132673
54.46575935
54.49871403
54.50842133
54.55327927
54.58708619
54.60321514
54.60772246
54.64772682
54.75805852
54.76868911
54.78814607
54.82662850
54.84630133
54.88129536
54.88934282
54.98464079
54.99508903
55.03847546
55.05381554
55.05619082
55.06748824
55.16318168
55.19412578
55.22194503
55.26285868
55.31735760
55.32151908
55.35545491
55.36251359
55.36440358
55.38670982
55.38735232
55.42972076
55.50065859
55.52755798
55.54542890
55.54890433
55.56163870
55.57642647
55.63657340
55.64556534
55.73066924
55.73975620
55.75457888
55.78238602
55.80869125
55.81750862
55.84774446
55.87697765
55.88280101
55.92106805
55.94259483
55.98769957
55.99152325
55.99913431
56.05619000
56.07212562
56.07933962
56.16983478
56.21757024
56.24103868
56.25882424
56.30193139
56.39519598
56.39905563
56.41433318
56.44526990
56.44703901
56.52261578
56.63062480
56.64474241
56.73463740
56.74240726
56.74722794
56.75354349
56.76580022
56.77088295
56.80274089
56.86108064
56.89278288
56.89687371
56.91213313
56.91420681
56.93032299
56.95897709
56.98985670
57.00288028
57.02543951
57.05354094
57.06839047
57.08247929
57.09111270
57.13275489
57.15784435
57.16691115
57.16776530
57.19318910
57.21373217
57.25567064
57.32518867
57.33291968
57.33973681
57.34796643
57.34979467
57.36083774
57.36776755
57.40270684
57.40558474
57.40607679
57.42019936
57.51628442
57.54412413
57.61360317
57.61364166
57.61530821
57.62973810
57.65042671
57.68640428
57.73165522
57.74106363
57.82386764
57.82764059
57.82868773
57.85731263
57.89193155
57.89764264
57.90650791
57.90799937
57.91470220
58.02094199
58.04875153
58.05491760
58.11026180
58.13644729
58.18214838
58.21302238
58.23096890
58.29772583
58.31609618
58.35542733
58.41415528
58.43736604
58.47001847
58.51396507
58.52765305
58.53716944
58.55266087
58.57948705
58.58369915
58.61805234
58.63898526
58.66608935
58.73416777
58.73461270
58.76158047
58.77238211
58.77565077
58.86293541
58.90322201
58.92089766
58.93044011
58.93561004
58.94394509
59.05523649
59.07366267
59.07572776
59.08030842
59.09615278
59.11226695
59.14328252
59.16049343
59.19851783
59.20244924
59.25078235
59.26878859
59.30408596
59.35758979
59.37626294
59.39854801
59.41707487
59.43035119
59.44808758
59.46778273
59.47651914
59.48334143
59.48477528
59.49435896
59.49808148
59.50123826
59.51527116
59.54710124
59.56901779
59.58528353
59.58716623
59.61182673
59.76200910
59.79258744
59.80482072
59.82185489
59.82915275
59.85742527
59.89478794
59.90274129
59.92944223
59.93046534
59.94481569
59.94555836
59.95366393
59.97395398
60.02432072
60.04876241
60.05367305
60.08511665
60.12694486
60.14144399
60.17507250
60.18191451
60.19328986
60.23543978
60.25745916
60.25845902
60.26508438
60.28117147
60.41546364
60.41808966
60.48284987
60.48963309
60.50194197
60.51932745
60.52962369
60.56884929
60.58292442
60.61693971
60.64768424
60.70188849
60.73118550
60.76420470
60.77510104
60.77607924
60.78020529
60.80152273
60.81826390
60.85544150
60.87744519
60.89415706
60.89538778
60.90662424
60.91808507
60.91898898
60.95256318
61.04227686
61.04650099
61.09482378
61.12150143
61.13205983
61.16005811
61.16948144
61.22495109
61.25799073
61.27880363
61.32337333
61.34917613
61.42301479
61.45449569
61.50742554
61.52430974
61.55833229
61.62099976
61.69072297
61.69439889
61.81214082
61.83031161
61.87975640
61.88146991
61.91495562
61.93589217
61.94904917
61.95210175
62.02142991
124.00000000
