0.01350368
0.17955099
0.20472577
0.23805223
0.24580420
0.26592250
0.26682092
0.28236447
0.28524663
0.28548676
0.30385936
0.31071517
0.31465139
0.33867739
0.37382335
0.39064461
0.39220450
0.40128317
0.47887777
0.50451388
0.52844451
0.58160734
0.58278495
0.64741566
0.69336042
0.69975608
0.73615403
0.74956935
0.78716570
0.78813796
0.79142443
0.82752663
0.87343628
0.89270053
0.90253122
0.93109827
1.01980105
1.06798666
1.08060999
1.09561927
1.10105738
1.16254764
1.16702308
1.20145862
1.29363320
1.29614700
1.32312446
1.39808219
1.40475174
1.40708587
1.50548097
1.57598159
1.57615637
1.58583359
1.58685898
1.60150833
1.64472704
1.68185644
1.70674973
1.71246128
1.73474318
1.80272666
1.81774171
1.84013663
1.89695409
1.91183099
1.92189904
1.94961152
1.95952256
1.97637692
1.97698308
2.00369936
2.06645077
2.06700520
2.13115651
2.13489047
2.14927212
2.17361966
2.22561732
2.25558126
2.25594640
2.34810767
2.41902386
2.42395863
2.48453609
2.50289809
2.57074276
2.60351495
2.61040028
2.61603861
2.62952036
2.68440834
2.69548035
2.69740445
2.71166270
2.73348747
2.75430345
2.77179158
2.77964140
2.78749922
2.83870389
2.85631714
2.93828939
2.94252141
2.96728836
2.97402855
2.98828489
3.02420005
3.07166509
3.07176028
3.13745978
3.16650170
3.20510755
3.21716853
3.21834930
3.25797871
3.26784645
3.28007067
3.28030851
3.32233783
3.34037401
3.38708388
3.39406860
3.43486198
3.44744627
3.46865320
3.47818386
3.47861113
3.48628364
3.50891683
3.55916962
3.56244146
3.57492508
3.64282434
3.64556400
3.66420727
3.70956659
3.73807326
3.75341197
3.87504662
3.88854635
3.90374699
3.92554488
3.95297753
3.97317442
4.02569251
4.03376152
4.05890363
4.10886448
4.14233931
4.21172312
4.26735283
4.30072234
4.37378044
4.38132751
4.39446653
4.44966642
4.45170664
4.47750132
4.51071282
4.51757597
4.53041060
4.54615780
4.54722543
4.55538494
4.55860763
4.56687422
4.56688811
4.59888096
4.60554466
4.63607367
4.66423872
4.67548842
4.67804804
4.70279284
4.70743747
4.71072496
4.71157684
4.71933102
4.76150675
4.76974109
4.84815734
4.93119539
4.93205555
4.94718650
4.95607566
5.01980091
5.13594578
5.18911560
5.20599055
5.20982748
5.21723957
5.24059916
5.25628277
5.26624713
5.27715953
5.30372845
5.31275348
5.32823608
5.39830431
5.45533573
5.46531627
5.47642543
5.55659270
5.61229216
5.62592733
5.65533807
5.70678553
5.71107786
5.71861322
5.75166572
5.77445435
5.78002117
5.81932996
5.81933566
5.92337088
5.97884748
6.02510801
6.06340181
6.06968735
6.10724588
6.13885955
6.13896643
6.15638687
6.18891822
6.20305109
6.25419999
6.26199716
6.26378234
6.28645537
6.30164662
6.31489065
6.32715595
6.35304010
6.56266794
6.58832917
6.60370035
6.62691225
6.64702949
6.68673200
6.68677441
6.69392377
6.70415795
6.71599360
6.72199716
6.81410081
6.87765285
6.89172388
6.95202985
6.95898323
6.97234972
6.97616227
6.98526214
6.99791187
6.99859436
7.01428250
7.06745066
7.08482386
7.09199572
7.14327273
7.15446426
7.19102313
7.20816850
7.23351573
7.23480778
7.23816104
7.24220576
7.24961796
7.25364694
7.29827377
7.31022567
7.35452685
7.39644586
7.40821159
7.43820472
7.44098819
7.44999481
7.49125522
7.49197176
7.54141846
7.62358798
7.63572440
7.67271862
7.70610665
7.72628395
7.82043885
7.85587321
7.85916801
7.87749643
7.90079574
7.92066655
7.96379803
7.97440193
7.97524232
8.01156184
8.03718668
8.04179808
8.06046491
8.07826026
8.13077130
8.17821803
8.19970986
8.29889822
8.31623520
8.34659328
8.37258276
8.39378007
8.43176718
8.43585945
8.49953528
8.50288806
8.54077603
8.60975516
8.61137048
8.66621138
8.68634191
8.79758832
8.81440634
8.81716277
8.84823001
8.88052625
8.89349329
8.91537075
9.00886772
9.05527928
9.09222244
9.16058447
9.23634140
9.24385452
9.25648052
9.26227528
9.27229878
9.31578137
9.35096617
9.44792079
9.45174516
9.45866185
9.46965824
9.57346150
9.60502945
9.61653558
9.62909806
9.65869892
9.68440952
9.71739071
9.74001890
9.78249887
9.84315807
9.85425530
9.88719317
9.97724096
9.99603460
10.05326077
10.05742774
10.06745669
10.08611011
10.09224992
10.11488376
10.13509671
10.15331298
10.18363910
10.22133280
10.33141615
10.34763254
10.36067793
10.37455890
10.39806809
10.42435420
10.42954678
10.47106252
10.47743365
10.52017212
10.54950751
10.58087891
10.66695859
10.67604182
10.70788145
10.71257303
10.71861937
10.74094858
10.77938139
10.79375438
10.83994369
10.86272177
10.90388703
10.92429143
10.92917614
10.93645503
10.96802153
10.97914434
10.99269085
11.06620762
11.06935824
11.10113293
11.10269738
11.10793059
11.11527431
11.16616983
11.17655484
11.22122861
11.25744846
11.26424013
11.29038722
11.33303446
11.34493528
11.35055090
11.35099334
11.38205360
11.41825406
11.45496456
11.45634190
11.45731672
11.47979884
11.61605574
11.65254154
11.67695177
11.69390071
11.70894668
11.71338798
11.73040594
11.74354496
11.74801448
11.76027344
11.76828297
11.81900121
11.82319411
11.84053999
11.84770028
11.87715832
11.87732803
11.88109185
11.92225228
11.92512455
11.97298921
11.99213573
12.12046605
12.19799906
12.21919577
12.30003433
12.30410573
12.30994594
12.33072703
12.34543544
12.35156060
12.38178972
12.38769176
12.39817760
12.42145474
12.45115309
12.50877448
12.53264674
12.54294702
12.54763704
12.57407491
12.57470124
12.58916387
12.60088472
12.60736806
12.61398118
12.61419223
12.61762856
12.62572499
12.63927296
12.64337498
12.69722257
12.71001021
12.72930643
12.73504565
12.74612488
12.77214677
12.81144286
12.81881291
12.82456343
12.85244317
12.92714712
12.93544031
12.93925423
12.94982255
12.96713029
13.03326729
13.06077126
13.09997875
13.10050998
13.14370479
13.14948151
13.15776017
13.20064352
13.25107795
13.26936954
13.27245686
13.29065169
13.29332355
13.31900147
13.36525682
13.48674003
13.50565945
13.65807438
13.71023638
13.71351720
13.73488956
13.73974247
13.75210282
13.77857138
13.79693881
13.81568287
13.85723833
13.87156583
13.87712291
13.91770441
13.93206430
13.99362802
13.99951739
14.07730685
14.12633924
14.16895951
14.18307390
14.24245550
14.24824133
14.26297160
14.27255244
14.29604996
14.30243728
14.30669247
14.33368346
14.34314061
14.34368978
14.38217753
14.40571073
14.41691350
14.44782454
14.46792768
14.49436303
14.50001504
14.51351173
14.52749942
14.53419472
14.56463490
14.57506211
14.57793875
14.58710364
14.73753323
14.74312633
14.76900866
14.77446861
14.88446115
14.90406934
14.95272955
14.98215642
15.03998896
15.04500257
15.07099884
15.07960773
15.09034508
15.09848394
15.14589505
15.18975133
15.19395237
15.20845227
15.21597642
15.21651290
15.24964502
15.26134535
15.27853379
15.27891944
15.28130937
15.28627250
15.28677748
15.30565963
15.33926583
15.34560204
15.35548896
15.40492986
15.40525364
15.40581268
15.42045479
15.43041988
15.48048310
15.52072179
15.52918050
15.55562231
15.59720875
15.61768194
15.65491851
15.72722377
15.73232983
15.77328448
15.78151574
15.78376230
15.82139010
15.82374047
15.84646222
15.86449348
15.87419698
15.88368192
15.90117173
15.93682427
15.94292309
15.96041175
15.96417434
15.96455162
16.02278494
16.03538381
16.04884330
16.18036077
16.19184118
16.20085894
16.22041878
16.24157525
16.25449631
16.26763384
16.29697338
16.31331935
16.35002832
16.41962556
16.46038866
16.48147182
16.54364781
16.57123627
16.59480781
16.59742437
16.60108044
16.60371319
16.64253958
16.64322808
16.67529107
16.67790412
16.68453561
16.69803928
16.70020969
16.71589847
16.71703736
16.72059207
16.74654295
16.75908704
16.78254283
16.86918020
16.87447693
16.88107624
16.92882371
16.99277070
17.03452156
17.07844770
17.14922342
17.17169317
17.17690954
17.23023222
17.23387747
17.26560631
17.28377698
17.28764541
17.28835327
17.29915599
17.30564760
17.35790844
17.36781747
17.37775678
17.40170151
17.42257450
17.43236699
17.44960688
17.47670009
17.47981686
17.49885539
17.50791881
17.50812521
17.55609566
17.57058325
17.57289273
17.58423485
17.59150019
17.60310233
17.62131546
17.62750656
17.64494574
17.64616415
17.73832970
17.74413794
17.76390478
17.77095339
17.84151922
17.84500980
17.99603344
18.01804693
18.09366156
18.15938621
18.19212494
18.20824320
18.25546220
18.25850526
18.28380182
18.29415518
18.31318327
18.33350969
18.43144761
18.46696000
18.47718179
18.52177909
18.54003703
18.54332752
18.55514667
18.58244659
18.61666048
18.66256920
18.67490664
18.69542302
18.69703475
18.71325503
18.76376113
18.90203577
18.90611981
18.91220728
18.91360885
18.92343786
18.94051344
18.96238928
18.96984240
18.97749003
19.06543079
19.10270051
19.11119227
19.12080313
19.17082562
19.19436147
19.22541033
19.26209208
19.27779291
19.33503150
19.33600931
19.36659516
19.38025960
19.39825665
19.40431810
19.47809414
19.52278099
19.53618008
19.56401198
19.57070204
19.60887190
19.61979183
19.62700320
19.63063362
19.69786667
19.71541352
19.71563554
19.75095275
19.76767070
19.78176068
19.95547739
19.95577400
20.03002286
20.06343127
20.07968474
20.12896000
20.13292377
20.17206748
20.18469421
20.19841406
20.20534147
20.26159624
20.27594777
20.34609824
20.35889530
20.44392140
20.48727196
20.49665499
20.52744073
20.52814246
20.52882519
20.56576251
20.64426299
20.65028017
20.66299057
20.66943241
20.69328436
20.70435695
20.76813359
20.77497539
20.81875688
20.85140920
20.86989231
20.89812224
20.90697614
20.91796696
20.94767529
20.96489383
20.97327520
20.99707877
21.00398666
21.00448592
21.03953098
21.10338800
21.11469248
21.14693094
21.22513518
21.26075376
21.33437575
21.34867091
21.50733665
21.50850276
21.55660861
21.56447946
21.59306434
21.61797538
21.62850918
21.64806744
21.67337912
21.69449070
21.72392216
21.72431164
21.75012226
21.76464720
21.83078079
21.84505362
21.88155414
21.89873375
21.95684644
21.95993052
21.96105549
22.00728187
22.05312115
22.07428782
22.13913364
22.15510508
22.17001509
22.18375480
22.23021622
22.23763301
22.24287012
22.25042651
22.26597077
22.29005513
22.34033327
22.39434381
22.42095001
22.42908229
22.46877464
22.47714549
22.47982659
22.48230218
22.49558213
22.51708091
22.54228104
22.55658183
22.60108309
22.61168215
22.63393809
22.66966036
22.68128688
22.77513579
22.79498661
22.79567920
22.82996114
22.90162176
22.94184683
23.01591099
23.03265798
23.04732207
23.08802660
23.09817418
23.13220626
23.13726615
23.23468220
23.28917976
23.29669211
23.32191680
23.36369514
23.38655398
23.39639924
23.39824563
23.47569004
23.48006579
23.48137464
23.48368122
23.48370418
23.48455669
23.49982014
23.52096598
23.52119822
23.52618306
23.54390271
23.57710807
23.58309906
23.61675880
23.63824382
23.64823343
23.64832845
23.69245174
23.70228114
23.75498643
23.81072252
23.83780411
23.88110523
23.99175310
23.99223630
24.00140829
24.03727183
24.06030683
24.06549145
24.07170612
24.08791331
24.09478833
24.11224336
24.20865566
24.22709027
24.25838002
24.33835734
24.33858949
24.36882430
24.38083231
24.39066751
24.40323654
24.45207391
24.46028344
24.46150585
24.46872868
24.48776896
24.50668683
24.50841512
24.52171227
24.53800552
24.57687874
24.59456115
24.60122704
24.66472417
24.72145316
24.72400954
24.77682517
24.78472867
24.79192291
24.81430035
24.85236000
24.85673262
24.87771177
24.95531395
25.08075569
25.09286029
25.10532544
25.32394015
25.34248001
25.36989071
25.38266124
25.40777305
25.43719367
25.53758810
25.53987797
25.57645091
25.59516745
25.62119206
25.66388152
25.73839721
25.75058222
25.76989085
25.78880349
25.79056387
25.81872738
25.95683486
25.95965973
26.01156415
26.05127570
26.12193156
26.13662002
26.13944004
26.20227616
26.21856409
26.27553177
26.29183161
26.29236100
26.30142550
26.35529200
26.35693526
26.36603938
26.40116919
26.42930566
26.44051700
26.44683458
26.49090827
26.52318206
26.52598978
26.54785296
26.60049279
26.60284003
26.68053919
26.70466360
26.73887666
26.76372071
26.77274245
26.78549760
26.79577110
26.86704750
26.86744250
26.87613810
26.90105280
26.92330072
26.94145581
26.94648640
26.97333961
26.97752569
27.04537300
27.07553607
27.10405704
27.17761002
27.18195503
27.18667567
27.19790557
27.21401462
27.21641697
27.25201159
27.25741981
27.30221917
27.35295053
27.41821732
27.41974350
27.47419081
27.48466173
27.49222268
27.52648321
27.54813489
27.56000964
27.59348049
27.60316395
27.62464553
27.66714473
27.69027689
27.75299771
27.79468585
27.85851810
27.88809352
27.90327049
27.91660107
27.92653832
27.94752673
27.96016589
27.98315532
28.04583184
28.12238056
28.16814798
28.21710578
28.32958889
28.33551982
28.36371895
28.36628103
28.38955380
28.41814194
28.52538866
28.54209600
28.56973612
28.57947191
28.58684725
28.62099337
28.62728276
28.62967507
28.64148494
28.69790469
28.72885082
28.75883782
28.77573576
28.77651093
28.78257906
28.81528746
28.82986123
28.90256875
28.90808867
28.91343087
29.02612139
29.04667154
29.05920502
29.13605861
29.15653173
29.19183499
29.21728557
29.27040485
29.30194641
29.32382505
29.32521523
29.45452356
29.45861269
29.45967785
29.47085485
29.47692619
29.49587075
29.53045559
29.53498278
29.55549774
29.55609471
29.57075176
29.71559062
29.72772209
29.73277780
29.76161679
29.76371787
29.80672195
29.81797904
29.81946203
29.83014682
29.83144613
29.85263967
29.88331430
29.88967171
29.92204244
30.06994298
30.07830454
30.10832713
30.11298427
30.15624219
30.21784310
30.22061458
30.25593160
30.34820734
30.36916196
30.37176901
30.37923167
30.37949572
30.43582882
30.44797904
30.46348867
30.46363895
30.46744886
30.55634764
30.60280963
30.60499969
30.69577932
30.69901854
30.74256675
30.74859935
30.76223847
30.78804449
30.80705299
30.81102326
30.81290542
30.89936591
30.97109737
30.98987802
31.05946052
31.06452138
31.17720261
31.17731787
31.18013745
31.18056928
31.19354351
31.19592831
31.21773640
31.25894934
31.31407772
31.32821529
31.33677423
31.34566248
31.40224144
31.41245727
31.46086305
31.48718775
31.49397477
31.53248895
31.54343544
31.58928433
31.59201438
31.61743668
31.62976237
31.73752172
31.76266484
31.76825632
31.86794349
31.87908867
31.88067550
31.90084827
31.93641161
31.98962257
32.08151347
32.08769623
32.11091259
32.11742344
32.14723798
32.16545183
32.16553676
32.26185669
32.30021368
32.30477053
32.30890724
32.30909921
32.31609683
32.34073888
32.37267390
32.40805362
32.43074219
32.44431110
32.47409003
32.47904807
32.49683193
32.50286435
32.51876536
32.59608854
32.69299600
32.75518404
32.76395218
32.77237361
32.80632757
32.82521084
32.83354254
32.84013555
32.98298073
32.98488082
33.00018666
33.00346852
33.08049919
33.12358233
33.12814564
33.17177780
33.27311932
33.27851802
33.33405201
33.39687868
33.41730002
33.44710555
33.46459218
33.47755752
33.48920493
33.51540513
33.53632204
33.54690067
33.56043112
33.59104753
33.63912466
33.64944646
33.65310076
33.70359747
33.79933979
33.86290028
33.87532396
33.88211252
33.88694241
33.90822909
33.90904705
33.96972945
34.03907253
34.06955469
34.10982168
34.12503775
34.13427382
34.14950698
34.21598662
34.22898667
34.24429743
34.26462905
34.27555993
34.33551797
34.34296122
34.37504801
34.41583951
34.42003115
34.47411023
34.49064698
34.50921991
34.52511069
34.53281425
34.54705181
34.61031462
34.62033395
34.63906028
34.64161828
34.68537843
34.73131238
34.73903562
34.75232732
34.76001460
34.76729185
34.78016605
34.84418001
34.86855166
34.87100170
34.90795869
35.05671888
35.08893351
35.09286221
35.17335938
35.22872835
35.24200457
35.25212847
35.36175111
35.36544453
35.38011469
35.38377150
35.41701542
35.46352051
35.49693045
35.49824656
35.53257084
35.53643539
35.57844808
35.61693152
35.63088501
35.65073708
35.66657747
35.72455952
35.72958349
35.73622142
35.75272016
35.76067180
35.77516591
35.79793018
35.81456350
35.85583242
35.89587181
35.95276383
35.98602602
36.07207798
36.11584075
36.14058602
36.18657228
36.19281410
36.22683606
36.28780717
36.34452014
36.34691882
36.36675441
36.38110394
36.39580624
36.39987370
36.40389406
36.43785513
36.44324559
36.48770390
36.51637385
36.54241814
36.54993115
36.56962939
36.67890574
36.69795266
36.78605776
36.79673055
36.87237814
36.88003106
36.88830152
36.89155828
36.89579648
36.90837142
36.91403830
36.93543626
36.93690518
36.94466599
36.95091825
36.96571486
37.01024607
37.03438058
37.03882100
37.06823478
37.09475946
37.16590612
37.17798563
37.22766344
37.23888560
37.29214477
37.33403374
37.33424773
37.40573695
37.42484132
37.43798607
37.50375582
37.60381719
37.61537025
37.62863295
37.65988553
37.75533057
37.77756861
37.79166028
37.79178789
37.86645873
37.89564276
37.91751786
38.01638794
38.02777069
38.04134406
38.04639818
38.06777703
38.09110782
38.13832824
38.19554672
38.21832124
38.22475953
38.22908164
38.24666791
38.24841657
38.25921769
38.29576870
38.34358159
38.37641582
38.38007866
38.38522336
38.39741182
38.40695331
38.41174391
38.42341774
38.48632968
38.53514388
38.55998825
38.56047040
38.58397291
38.63365766
38.65764242
38.66324097
38.67114495
38.67468619
38.67989917
38.71899745
38.76183595
38.78059106
38.82203343
38.83636883
38.86601763
38.88175164
38.92448518
38.93150975
38.98543584
39.01435476
39.08697637
39.09892523
39.11903394
39.12803723
39.15791140
39.19081878
39.28497792
39.29522820
39.38399670
39.41030129
39.41904751
39.42555719
39.49608428
39.52718477
39.57792929
39.59279724
39.63385271
39.63696785
39.65043307
39.67718113
39.68651639
39.70354303
39.72784219
39.78083335
39.81565536
39.82453003
39.84412749
39.86667416
39.97536646
40.00950467
40.02039046
40.02845387
40.05015196
40.08791335
40.09475312
40.09719427
40.12514919
40.17999734
40.20324117
40.22740690
40.23303168
40.27084728
40.28999718
40.31224879
40.36064894
40.36314748
40.36838872
40.37013722
40.37338267
40.39031866
40.46876236
40.48704194
40.57180648
40.58440369
40.59786093
40.62685416
40.63559110
40.66012337
40.68604418
40.77638878
40.83833588
40.92745148
40.93130470
40.93465118
40.98795230
41.01731439
41.06418077
41.06772902
41.13166753
41.15776003
41.20467974
41.24205424
41.28048737
41.28610067
41.31431384
41.31457128
41.31677907
41.31950428
41.33015898
41.39473587
41.40750632
41.42874572
41.44293589
41.44755469
41.49174361
41.53127369
41.53826209
41.63260296
41.69372473
41.72626492
41.76842519
41.82209443
41.88243456
41.91784421
42.02827088
42.03455235
42.03684606
42.04509411
42.08173967
42.08645710
42.17114547
42.19462682
42.20800858
42.21494486
42.23250399
42.28421243
42.29366434
42.30425808
42.30687046
42.30772386
42.32912314
42.36271799
42.39699917
42.41285758
42.54419511
42.57487109
42.58528518
42.60019478
42.62749188
42.63225328
42.63865313
42.64019973
42.66794740
42.66982715
42.67443730
42.70971266
42.71715367
42.73160416
42.73407243
42.73563063
42.77672263
42.79589059
42.80591347
42.84393611
42.87589623
42.90009888
42.91349214
42.91956230
42.92256458
42.92648190
42.93376196
42.95090607
43.03060500
43.06762500
43.08110574
43.09433879
43.13956823
43.17867789
43.18262657
43.26794319
43.26862660
43.31296922
43.33784093
43.35251484
43.35668389
43.39907220
43.42207027
43.46187193
43.50098153
43.54096040
43.57082303
43.58514589
43.59155998
43.62672560
43.73631094
43.73900094
43.78268635
43.78342945
43.79339392
43.81198133
43.81739003
43.82102952
43.84314596
43.84788907
43.85859842
43.86754634
43.93514712
44.02954866
44.03983420
44.04875596
44.06033266
44.08324750
44.11062000
44.11537990
44.13324557
44.18483809
44.19554721
44.25415077
44.28206510
44.32098713
44.33467746
44.36172526
44.38926143
44.42935346
44.44842171
44.48958828
44.50536299
44.54819331
44.55835018
44.60738243
44.64751931
44.67777120
44.70353792
44.70914430
44.72383317
44.73810316
44.74218784
44.75562398
44.85982885
44.86843704
44.93042488
44.94869894
44.98297485
44.98942975
45.09451424
45.13027879
45.15147898
45.15955683
45.19730734
45.20760175
45.20763677
45.25120285
45.25144564
45.28874519
45.31650583
45.34130849
45.34148018
45.38692804
45.38949201
45.47940539
45.61911124
45.63131449
45.66899650
45.73117773
45.82297172
45.82494675
45.83845820
45.84373197
45.87202225
45.87869431
45.90057899
46.03644753
46.10718133
46.12098260
46.13088769
46.16893706
46.20444056
46.31010970
46.31640956
46.33605809
46.34396766
46.38034075
46.44262496
46.45723724
46.46879574
46.51715211
46.66473444
46.67244885
46.71618792
46.72209184
46.73286845
46.75342413
46.79612671
46.80751874
46.81200746
46.81257406
46.81383940
46.82578428
46.82996907
46.84086883
46.85606359
46.86979497
46.90361050
46.95522771
46.97761993
46.98269012
46.99603920
46.99877626
47.04306403
47.04828681
47.09257415
47.10887298
47.12890125
47.14961870
47.16800928
47.18516479
47.19033880
47.21536471
47.21747120
47.23872728
47.24677150
47.29778513
47.30287679
47.30328646
47.31464100
47.34178517
47.37711168
47.39396463
47.45639959
47.46812437
47.49050702
47.56432066
47.58485469
47.60078142
47.60994282
47.65336539
47.65456055
47.69633940
47.69668129
47.72499206
47.73483891
47.74317526
47.77869477
47.78664131
47.82178359
47.83143061
47.85186428
47.85814679
47.88286962
47.91954578
47.94191727
47.99283344
47.99582924
47.99649003
47.99902468
48.01884370
48.05616663
48.10881237
48.14834052
48.20143854
48.21146924
48.21855641
48.26685463
48.34024612
48.37346189
48.38328428
48.38366411
48.39465779
48.40388077
48.48990107
48.49342331
48.49427258
48.50430537
48.57736076
48.58898407
48.59861424
48.63950366
48.64957674
48.73088296
48.74650527
48.74829821
48.75011746
48.79186099
48.79286682
48.80970353
48.86127317
48.86594910
48.90560059
48.91973287
48.97547849
48.99587760
49.03740726
49.06049246
49.13740350
49.21092019
49.21556733
49.26574520
49.26918015
49.32094141
49.33631580
49.40484671
49.41694210
49.44796573
49.48882878
49.53287762
49.57484278
49.71498072
49.73913492
49.76859944
49.77679924
49.81382160
49.82230024
49.85677789
49.90923685
49.93350430
49.93751560
49.95009751
49.96500961
50.00692468
50.01432078
50.08040816
50.18478313
50.20194695
50.27980135
50.28524282
50.32536077
50.34732547
50.36975210
50.37982642
50.38746826
50.39301547
50.41312764
50.50777455
50.54706298
50.57385558
50.65852120
50.74042335
50.76590726
50.79423720
50.79837428
50.83077625
50.88140390
50.89624580
50.95160183
50.95629534
50.95871987
50.96495398
50.96550267
51.01024014
51.02950997
51.14477909
51.15266856
51.15645956
51.23955121
51.25469843
51.29526292
51.32357904
51.34197890
51.36491740
51.37622577
51.38518958
51.39526517
51.40344555
51.44413336
51.46779285
51.47827808
51.50289100
51.50315524
51.50677542
51.55365668
51.58448509
51.65146733
51.68713044
51.69883881
51.69918789
51.75446085
51.80954164
51.82068086
51.93241588
51.94080670
51.94240954
51.94329912
51.94547130
51.95479284
52.00153458
52.00706304
52.02156912
52.05310324
52.13202953
52.13357322
52.14822444
52.24836838
52.30559210
52.34064606
52.36624029
52.37468824
52.38109960
52.38785782
52.39130135
52.39439044
52.40830834
52.41981017
52.45576086
52.46678034
52.53030108
52.54958424
52.55503568
52.56969823
52.57889016
52.59966590
52.62375979
52.62960629
52.68041874
52.68764662
52.69760990
52.75370287
52.77124017
52.78490196
52.79193422
52.80266158
52.81418462
52.84655348
52.91015629
52.94213835
52.95900777
52.97196657
52.98869275
53.00287237
53.05756946
53.07826104
53.08042200
53.08275650
53.11503890
53.13580271
53.14354672
53.18544339
53.19041847
53.19204490
53.21094492
53.30300689
53.31708589
53.32771481
53.33521208
53.35076466
53.36042558
53.37782417
53.56649610
53.57069267
53.63144830
53.65150978
53.72393788
53.73629797
53.73868178
53.79611371
53.81337255
53.88798695
53.88967816
53.92225955
53.92480209
53.93192422
53.93601455
53.96952406
53.99145845
54.02383320
54.04839323
54.11633906
54.20007044
54.20825893
54.23005809
54.27042868
54.28152266
54.28450784
54.28773875
54.32894696
54.35232389
54.35311598
54.36095463
54.38315019
54.40320283
54.45973394
54.46575935
54.50909510
54.54826198
54.54865401
54.57151157
54.60345801
54.62317880
54.64044949
54.65810858
54.66647857
54.67537319
54.69742294
54.71859566
54.71968600
54.78566557
54.78757879
54.80923846
54.82138107
54.83764899
54.88402221
54.89248090
54.91483117
54.96329743
55.02580985
55.03180177
55.04035110
55.04894434
55.09441339
55.16743802
55.18923078
55.18942669
55.27335541
55.31334936
55.31901121
55.31994097
55.34668882
55.38735232
55.39497752
55.44576079
55.47608030
55.51025235
55.51587373
55.51937734
55.53180647
55.58955517
55.60860962
55.63455890
55.66702969
55.74256686
55.76587863
55.77972866
55.81400441
55.83827191
55.84774446
55.90157563
55.90320491
55.91218421
55.92696234
55.93393870
55.99239387
56.01106640
56.16540948
56.17041710
56.17943756
56.20272659
56.20695649
56.20842714
56.21627061
56.33059027
56.36754170
56.37105176
56.37773081
56.40346065
56.41476294
56.45671158
56.51208599
56.51217022
56.52007926
56.54636863
56.64449217
56.66874954
56.71834157
56.74722794
56.77496014
56.85229443
56.85626739
56.88182588
56.89910004
56.90352532
56.90506062
57.03217339
57.09111270
57.12276425
57.14437063
57.17747922
57.18856637
57.22021983
57.22764500
57.25123887
57.26444024
57.27665672
57.31348659
57.33896054
57.41068399
57.43419044
57.46519527
57.47178487
57.50842949
57.51496136
57.51941154
57.59782382
57.59921654
57.63017093
57.68163519
57.78908825
57.80283958
57.86211387
57.89120627
57.89360023
57.94208101
58.01452509
58.02347348
58.02885993
58.03215210
58.04519224
58.07414893
58.08010186
58.13714705
58.17312336
58.24692503
58.25415691
58.30210098
58.34993642
58.36241318
58.43524171
58.44607673
58.46224648
58.49519118
58.54989420
58.55843363
58.64113341
58.64714196
58.66371450
58.66608935
58.68631360
58.69540953
58.73507196
58.75016447
58.75159150
58.75377868
58.77565077
58.80808921
58.85428337
58.86329569
58.86883604
58.88974835
58.89813787
58.93079519
59.00513626
59.01154485
59.01857514
59.02609891
59.07366267
59.07994367
59.09655496
59.18225605
59.19345593
59.24209602
59.24903472
59.27079993
59.28847322
59.31345859
59.31671436
59.31811550
59.42548883
59.43894754
59.55139370
59.58782122
59.60486704
59.62482096
59.65035028
59.70543161
59.71466284
59.75170677
59.79494774
59.81377144
59.86050389
59.89478794
59.93842527
59.96663487
59.97084069
59.98358074
60.01596083
60.07207604
60.08804638
60.10536304
60.11612562
60.11790118
60.11876880
60.14267255
60.14595199
60.19032691
60.19626657
60.19699036
60.22159974
60.31617486
60.35543932
60.38503575
60.38789439
60.46599516
60.51690244
60.62821024
60.68088082
60.70358685
60.71227878
60.73174147
60.74857900
60.78316788
60.78691010
60.83707097
60.84741784
60.86047547
60.86127255
60.89322905
60.92397044
60.93721534
61.00350673
61.05683492
61.06508007
61.06655778
61.09045752
61.15528613
61.18252902
61.22350024
61.24841074
61.26305124
61.27410407
61.28100597
61.28468198
61.29452232
61.32994685
61.33029654
61.33308397
61.37672766
61.38455884
61.40014364
61.41339831
61.44139885
61.46062434
61.49962295
61.56486656
61.58436907
61.66314104
61.67678232
61.69072297
61.69478974
61.70619264
61.70954680
61.72708392
61.85599740
61.86703335
61.87040748
61.92492687
61.98015187
61.99662455
61.99752913
62.00079913
124.00000000
