0.03903463
0.08935763
0.11872410
0.19258287
0.21611511
0.23263581
0.27870956
0.33642553
0.34491858
0.36901632
0.41115212
0.41652527
0.41688262
0.42345880
0.43098033
0.44776661
0.47898963
0.47916561
0.48319616
0.51263688
0.52892938
0.53176266
0.58160734
0.59372250
0.76747940
0.80296744
0.81368198
0.81638084
0.93017255
0.93524239
0.93592800
0.98024968
1.02215889
1.10351867
1.15834946
1.15860995
1.20393609
1.20916010
1.21433149
1.21853041
1.21975803
1.22411986
1.24731084
1.25097158
1.29363320
1.30891354
1.32015585
1.45679162
1.48512968
1.57598159
1.60150833
1.62161231
1.62513738
1.66526624
1.67765550
1.69329705
1.71393243
1.72607605
1.73395387
1.75719121
1.80898900
1.84724248
1.87234854
1.87674321
1.88858150
2.00900725
2.02391401
2.03479422
2.04370913
2.04840865
2.06700520
2.07861705
2.08072589
2.10095348
2.10837213
2.17029908
2.19099763
2.19958101
2.22576545
2.23331124
2.29221900
2.39453187
2.39518101
2.41409242
2.42044690
2.43955520
2.44571679
2.46484459
2.47692733
2.47708105
2.48012012
2.50289809
2.51350380
2.51673681
2.52145600
2.55363140
2.60667168
2.60969107
2.62305785
2.63755467
2.65103005
2.67309976
2.67621729
2.73500296
2.75813232
2.78361154
2.85393333
2.97015663
2.97289234
2.99350393
3.02420005
3.05924582
3.07225017
3.07926795
3.08070751
3.08631606
3.13657995
3.21258388
3.27264504
3.28080920
3.29952902
3.32440319
3.36717218
3.38708388
3.39103221
3.39184506
3.39458893
3.39519453
3.42053694
3.51702871
3.54936738
3.56177495
3.58412806
3.62793964
3.67763846
3.68801716
3.70570454
3.72731010
3.76925173
3.78114943
3.78409174
3.79024067
3.79538712
3.85104633
3.88009800
3.89063591
3.94447899
3.94735866
3.98601821
4.00339674
4.01629650
4.01673066
4.02693736
4.13278119
4.14383888
4.15194860
4.18120589
4.19337710
4.19593651
4.20564470
4.21037854
4.24924195
4.25712647
4.29783305
4.31015067
4.31847466
4.32107264
4.32292188
4.33414944
4.35503166
4.41347523
4.41459367
4.48465098
4.56200937
4.57897280
4.58657793
4.58986781
4.61246164
4.66059331
4.68648655
4.71193543
4.72858870
4.73979167
4.76974109
4.80466772
4.81622694
4.82680977
4.92852209
4.94548638
4.95607566
4.99842094
5.02008138
5.06286143
5.09988875
5.11668087
5.14740447
5.16549452
5.17438055
5.18561854
5.19616493
5.27013566
5.28332165
5.31063077
5.34559648
5.35402319
5.36108283
5.46948992
5.50013953
5.54377449
5.55659270
5.56679859
5.59225215
5.59870379
5.60813213
5.62050619
5.62344230
5.70700120
5.71188142
5.75457465
5.83586472
5.83878056
5.87078153
5.96094726
5.97226048
5.97796242
5.99984317
6.01381104
6.03570399
6.04205976
6.04613926
6.06419501
6.06426203
6.08950407
6.10679475
6.14975467
6.16094290
6.20305109
6.28729462
6.30388992
6.35342044
6.36510634
6.42630134
6.43257375
6.45997147
6.46862873
6.49163307
6.49461667
6.50863678
6.51115732
6.51581288
6.53981149
6.54325779
6.54523744
6.60825890
6.63424421
6.66719760
6.67853451
6.70887377
6.71896753
6.77832045
6.78599814
6.80607018
6.80690531
6.97692399
6.98726715
7.01192268
7.07041660
7.09072258
7.09410047
7.16854848
7.17216249
7.23505668
7.23816104
7.25858296
7.26851861
7.28169122
7.29615093
7.34347852
7.34562478
7.40972864
7.44444481
7.44999481
7.45192631
7.52754652
7.60715034
7.61067096
7.65379854
7.67896889
7.68275755
7.71652640
7.77146400
7.78508219
7.80032358
7.80562105
7.81883052
7.84437703
7.86371312
7.88148717
7.90452292
7.91040585
7.95365155
7.96008775
7.96533274
7.98243496
8.18970991
8.19637046
8.23987646
8.27457959
8.31916205
8.32358833
8.36561712
8.37522065
8.37735478
8.43679221
8.43691683
8.44982009
8.45603369
8.51000807
8.55650827
8.57131688
8.59262962
8.61248313
8.61561247
8.67510338
8.73609354
8.73616146
8.75344807
8.79688134
8.79877812
9.09222244
9.17564315
9.17737898
9.21337470
9.21388879
9.24385452
9.24922402
9.25345464
9.31559746
9.34921609
9.36102451
9.39932565
9.44688451
9.52429343
9.53885058
9.62147381
9.62466629
9.63462021
9.65420168
9.70960882
9.71051213
9.71739071
9.73389032
9.74508344
9.75611640
9.81849044
9.88244788
9.92729737
9.93717435
9.95145550
10.00782553
10.02900931
10.05230536
10.05591931
10.05617152
10.12986750
10.14288488
10.15018713
10.16776226
10.20262963
10.21832925
10.23436469
10.26427248
10.39222892
10.39563335
10.50412125
10.50953613
10.55033894
10.66141761
10.67015411
10.68211001
10.71284049
10.77618086
10.79499971
10.81611097
10.86088929
10.86911980
10.86976430
10.87262989
10.90940108
10.96802153
10.97740266
10.98162301
10.99565798
11.01020325
11.03406828
11.12773401
11.13951077
11.14002450
11.14464589
11.16762011
11.17148228
11.19345804
11.20650193
11.22403053
11.27270041
11.27451693
11.27769281
11.32965136
11.39578427
11.45496456
11.47531810
11.49033120
11.54002647
11.58802666
11.61942591
11.62613891
11.67589620
11.73041470
11.75592918
11.77113292
11.78285508
11.78956116
11.80509540
11.82436636
11.82945569
11.89197316
11.90630975
11.94892948
11.97298349
11.99185621
12.03968483
12.07909695
12.09382159
12.15410175
12.18579875
12.20273639
12.25351100
12.27109878
12.39817760
12.40880541
12.48712658
12.63986815
12.66660159
12.67641799
12.68802228
12.72146527
12.73424565
12.73774962
12.76525881
12.77153317
12.77653994
12.82280797
12.83385254
12.85740383
12.86466993
12.86550945
12.88406442
12.88818748
12.90320079
12.91885357
12.93544031
12.94707331
12.94982255
12.98830865
13.00285602
13.04068796
13.10753696
13.15669864
13.19907757
13.21234486
13.22387144
13.22432860
13.27243386
13.30072700
13.30383570
13.31837127
13.34869070
13.37502085
13.40949085
13.41795271
13.46949414
13.48827366
13.57559901
13.58924392
13.59353882
13.60311006
13.60337182
13.65251433
13.66080729
13.66996836
13.70822443
13.71853544
13.74203910
13.80214994
13.80688821
13.82259613
13.83305662
13.83594606
13.86847513
13.88656050
13.90610760
13.91628922
14.01128475
14.06678534
14.09643396
14.11101170
14.12177024
14.14408828
14.14610360
14.16630120
14.18615110
14.25941117
14.26753681
14.27728260
14.28892686
14.30867626
14.33528427
14.33662372
14.34006481
14.37161492
14.42941820
14.46464004
14.47103364
14.49156972
14.51509595
14.51705796
14.52583728
14.52765258
14.53017829
14.53860806
14.58899851
14.61841383
14.66624183
14.67857838
14.69765368
14.72823593
14.74300610
14.74675287
14.76356960
14.77565661
14.79447234
14.83069864
14.83371399
14.83497794
14.88775608
14.95639370
14.96097764
14.99171502
15.03245731
15.05093904
15.06900678
15.14712243
15.16861526
15.18446543
15.20098556
15.21156947
15.22558873
15.22962748
15.24711086
15.24776274
15.27262783
15.27395858
15.27429266
15.30565963
15.40690787
15.45006410
15.46208702
15.47203474
15.47479813
15.50319158
15.52267887
15.54683596
15.57111568
15.57790711
15.62839942
15.63116884
15.64412831
15.66460827
15.66838854
15.67862840
15.70782827
15.71729808
15.74485508
15.76162739
15.78068276
15.81084182
15.84224192
15.86326853
15.88237166
15.89043394
15.90542430
15.95053782
15.96526233
15.96705617
15.96727339
15.98023953
16.05878551
16.10830772
16.11936638
16.15105216
16.15169537
16.21129273
16.22526038
16.22870745
16.23244471
16.26353944
16.27401327
16.27780644
16.29424505
16.32718117
16.33263622
16.35790420
16.37770165
16.39042613
16.41192020
16.42554431
16.45330553
16.48646001
16.48840036
16.49544162
16.56496542
16.61737336
16.62477498
16.63324808
16.67032161
16.69803928
16.74036675
16.82638661
16.84925550
16.87532943
16.88433967
16.89722405
16.94383049
16.95152388
16.99834100
17.00708975
17.02259093
17.10547264
17.12045071
17.16984891
17.17169317
17.25453960
17.28362124
17.28377698
17.28835327
17.36271243
17.40691879
17.44462747
17.45697815
17.46207765
17.46833668
17.47956616
17.53151333
17.56064163
17.57572149
17.61873753
17.62000430
17.64424139
17.71993182
17.72335409
17.76694869
17.77290946
17.77933519
17.81802018
17.82474769
17.83657732
17.85065650
17.91385918
17.91856407
17.92827841
17.92968275
17.97149635
18.04556368
18.05589833
18.05875375
18.06922630
18.09091155
18.09642299
18.11810787
18.12186810
18.12260095
18.13954932
18.21091619
18.22344843
18.24606604
18.25561434
18.25640768
18.28380182
18.35420219
18.38458200
18.40542036
18.43853796
18.48906047
18.48969254
18.50415418
18.57765403
18.59096266
18.59279815
18.61628207
18.62940038
18.63357079
18.63377668
18.64672838
18.64741568
18.66256920
18.67490664
18.70058673
18.72679419
18.72762436
18.82215812
18.84474317
18.85163045
18.86852275
18.88601276
18.89009285
18.89893902
18.92375999
19.03634889
19.05477777
19.06662087
19.10055279
19.12080313
19.14861134
19.15646717
19.18770569
19.19408712
19.22228932
19.23134853
19.24776650
19.26539137
19.27495103
19.30428498
19.31880350
19.31882157
19.34887634
19.39349924
19.41547869
19.44935302
19.46542471
19.50368598
19.51009932
19.53237298
19.54142387
19.54388286
19.55030873
19.56401198
19.59240324
19.62700320
19.68528701
19.69959898
19.70630238
19.71399588
19.74296796
19.78964753
19.85452972
19.85488931
19.88052923
19.90906967
19.94356570
19.96528471
19.98826871
20.00016026
20.01528217
20.06313231
20.11995511
20.13814554
20.17129297
20.17963376
20.21177536
20.27356241
20.33142823
20.34162516
20.34261455
20.34397639
20.34541165
20.43237153
20.43873488
20.49177511
20.50236898
20.53763608
20.56393202
20.57080816
20.57480713
20.62117623
20.62155995
20.63448379
20.65028017
20.66877763
20.73124508
20.73821097
20.77195396
20.85243278
20.92547227
20.98334097
20.99469524
21.00328195
21.01117850
21.02448869
21.02510933
21.04463385
21.04502716
21.06464909
21.11978375
21.20397083
21.25685625
21.28054717
21.31103955
21.31141313
21.34916306
21.35016917
21.35179930
21.45696812
21.49168236
21.50523413
21.50850276
21.52092475
21.57900975
21.58187965
21.64369992
21.64806744
21.69143978
21.71096322
21.71477573
21.73675703
21.73847938
21.74276276
21.75915146
21.86024717
21.86442778
21.88611674
21.89259774
21.96157929
21.96493602
22.01728856
22.04680161
22.08623871
22.09227771
22.17512387
22.25098023
22.38282917
22.39970695
22.43021029
22.45636095
22.48013849
22.50851205
22.54798919
22.56444631
22.58438590
22.61888448
22.67014946
22.68128688
22.69485362
22.70315413
22.71498670
22.74223190
22.80689592
22.81651916
22.82931163
22.89652598
22.91552032
22.93822869
22.94850730
22.96020959
22.97738627
22.99263013
23.04883082
23.09503754
23.11721478
23.12334101
23.15470300
23.17346576
23.18448234
23.19351127
23.24714165
23.25928338
23.30670182
23.31399711
23.32191680
23.32792316
23.38986599
23.40865987
23.42681703
23.43437985
23.46126821
23.46269013
23.47424429
23.48920161
23.51237998
23.57710807
23.59292737
23.59943838
23.63548538
23.65607196
23.67967591
23.69146673
23.73929282
23.74681213
23.77819404
23.81677480
23.81807129
23.82786007
23.83648970
23.84728700
23.85870977
23.86701814
23.94460450
23.95542353
24.00806259
24.01963873
24.06202521
24.11342104
24.18382529
24.18430809
24.18517624
24.20271288
24.20452590
24.23966612
24.24661035
24.29001379
24.31265886
24.39279445
24.39371223
24.42231999
24.57657752
24.59567038
24.62347198
24.62688138
24.62851739
24.67328483
24.69323253
24.69569286
24.74855192
24.75820293
24.80897534
24.81125988
24.81751848
24.83235396
24.95531395
24.96136253
24.97568263
24.98037335
25.02403338
25.03303272
25.07032091
25.08744715
25.10149183
25.16797505
25.17033417
25.17950211
25.19955620
25.20905172
25.21769276
25.22532825
25.26269653
25.26755672
25.28094055
25.34186222
25.39667820
25.43486169
25.43719367
25.45648732
25.46394849
25.48424808
25.49711303
25.50618783
25.56993895
25.61380441
25.63783370
25.65516179
25.68299978
25.79199853
25.80516999
25.82263570
25.88207716
25.88930640
25.91180641
25.91221567
25.91592560
25.98909800
26.05348487
26.07173243
26.07269517
26.08802271
26.09851056
26.16300755
26.21898797
26.23764669
26.33166891
26.35166902
26.39104061
26.40070616
26.41709080
26.42230301
26.44537723
26.46806909
26.47782656
26.52501849
26.54333933
26.60284003
26.68131382
26.70466360
26.72869531
26.74829356
26.79077787
26.87599571
26.88238594
26.89933473
26.92380744
26.97788482
27.00390496
27.02555017
27.05435746
27.08776561
27.08934296
27.11089960
27.27868498
27.28857445
27.29058226
27.36469900
27.38658422
27.41599525
27.50433369
27.53067898
27.53345844
27.56880813
27.58559747
27.59992082
27.71371594
27.72584789
27.77838311
27.79995152
27.82010304
27.82335200
27.85851810
27.87190456
27.87356896
27.88183408
27.88657245
27.89142576
27.99925609
28.01552628
28.03577153
28.06017132
28.08894461
28.09611369
28.13658862
28.14113940
28.15391867
28.16761511
28.24091568
28.34426577
28.34747398
28.35470897
28.36095047
28.39730691
28.40666212
28.43843336
28.47603949
28.54715079
28.55246324
28.60479443
28.63205810
28.65945722
28.67411357
28.71016382
28.72830082
28.74599299
28.85369520
28.90396846
28.91317629
28.92104910
28.94202210
28.98150039
28.99575603
29.04284598
29.04853836
29.07523200
29.08133267
29.11283882
29.11329246
29.13394824
29.15084401
29.15323620
29.18254096
29.18785172
29.19694982
29.28543427
29.29735000
29.34788195
29.40055436
29.41262171
29.41468896
29.42667162
29.47692619
29.47978687
29.49663598
29.56981869
29.58639433
29.63056114
29.63256447
29.70352564
29.71830699
29.72248837
29.74055492
29.74571721
29.85153353
29.85267612
29.87754520
29.88368790
29.89151620
29.93070244
29.99040720
30.02414096
30.03085493
30.04293978
30.18781346
30.20225408
30.23212018
30.24624945
30.28413376
30.31130995
30.32135989
30.34303125
30.35071836
30.37770176
30.38451907
30.43154691
30.50904651
30.51358359
30.57011146
30.59243812
30.60999350
30.62029699
30.62799463
30.65668112
30.67170570
30.73779862
30.74763959
30.78698224
30.79276148
30.85945295
30.90828060
30.91070064
30.93012697
30.95186464
31.04981534
31.06310688
31.07865148
31.12902313
31.14651911
31.15169038
31.15204291
31.16505669
31.22092546
31.22251623
31.22489975
31.23849415
31.30221098
31.36412170
31.37549448
31.39932461
31.48785239
31.48899623
31.50307836
31.53076593
31.54805347
31.63739165
31.63766833
31.72544122
31.76521743
31.79835732
31.82540603
31.86530409
31.86794349
31.89720719
31.91829303
31.92026181
31.92760842
31.95800299
31.99829980
32.00384597
32.01541663
32.08191459
32.15857464
32.15971043
32.17448357
32.17766176
32.19457716
32.21050228
32.25225797
32.31733581
32.37378450
32.39155416
32.40624016
32.44239781
32.45471279
32.46782874
32.47070562
32.48240149
32.48960864
32.58731231
32.59016426
32.59608854
32.66503860
32.71542813
32.74698683
32.74876367
32.75518404
32.77232210
32.78095049
32.88154985
32.88201424
32.88268330
32.92038000
32.92226809
32.97926722
32.98488082
33.00730211
33.00801290
33.05745387
33.05814477
33.11148786
33.13057070
33.13336237
33.15067010
33.15445104
33.16625078
33.19206260
33.19327985
33.21033947
33.26013719
33.26774914
33.29044499
33.29874117
33.30415855
33.35928000
33.37036569
33.39082107
33.41314849
33.46202628
33.46518494
33.47241266
33.48940460
33.55019367
33.55283763
33.56513047
33.56599948
33.57507022
33.58802701
33.59076692
33.59951938
33.61191757
33.63977386
33.69353698
33.70682182
33.71245378
33.73477884
33.73674706
33.77016483
33.77352281
33.78006610
33.83769683
33.86572512
33.87498987
33.90127735
33.95354730
34.04006275
34.04859628
34.06947249
34.13262725
34.16177836
34.18718061
34.22959283
34.24228000
34.29125690
34.31178964
34.33551797
34.37335186
34.37635826
34.42003115
34.51160475
34.51202951
34.52128807
34.53316695
34.56059172
34.60554278
34.64445161
34.66571068
34.67276362
34.73148837
34.76015861
34.77687712
34.79531100
34.80641780
34.82150665
34.82155146
34.89827954
34.90596426
34.91242547
34.92233284
34.92720469
34.93340292
34.94990411
35.02337089
35.02361992
35.04937353
35.09441559
35.09746626
35.11423785
35.13239771
35.13257145
35.15163742
35.16637717
35.17709180
35.20789284
35.23336867
35.23871651
35.24377678
35.24730992
35.26034506
35.38193735
35.39448771
35.40659727
35.42070084
35.42898667
35.49744604
35.52035186
35.55822349
35.62297091
35.71793393
35.72455952
35.72955200
35.77516591
35.80929061
35.83405601
35.83888839
35.88087295
35.88813976
35.92542620
35.92860641
35.97800940
35.98437222
36.00709176
36.01607275
36.04864817
36.05950577
36.09184493
36.12545308
36.15050680
36.15511492
36.20920689
36.22683606
36.32454407
36.33206602
36.38228687
36.43042540
36.48173141
36.52861472
36.52995313
36.53829453
36.58600743
36.62038165
36.66131648
36.66441234
36.69557940
36.69913519
36.77975378
36.78616161
36.79038706
36.82348391
36.86480687
36.86683732
36.91087168
36.93415990
36.95442442
36.95777140
36.97170300
37.04316700
37.09229331
37.10345969
37.18043224
37.19203852
37.19238444
37.19520485
37.21696359
37.22125321
37.26441504
37.30574540
37.35960582
37.39152815
37.41283913
37.42919702
37.44363325
37.49007407
37.49095402
37.50320090
37.53788657
37.55454259
37.57829208
37.61055962
37.61868001
37.63201014
37.68347693
37.70646580
37.74422087
37.81359116
37.83704454
37.83948084
37.88006264
37.91056933
37.92176967
37.97246587
37.98968668
38.02059651
38.05750346
38.09195516
38.11307139
38.11733246
38.11896667
38.15894574
38.18943632
38.21799037
38.22475953
38.23059689
38.24630319
38.24666791
38.26627243
38.27060747
38.29613099
38.30557083
38.31941991
38.36161393
38.37884305
38.40702291
38.42350034
38.48399323
38.50944027
38.53054768
38.54014187
38.54479616
38.58802073
38.59244904
38.63117983
38.65764242
38.65890917
38.66559247
38.67218835
38.69192439
38.72470157
38.83636883
38.84837475
38.86598182
38.90670413
38.92989965
38.98131416
38.98219801
39.09892523
39.12185899
39.22444788
39.23869376
39.25240448
39.27348240
39.28985483
39.29052152
39.32078742
39.33072305
39.33107826
39.33139953
39.38649691
39.40862142
39.40967357
39.42370739
39.45097756
39.45767915
39.47342321
39.47661667
39.50024402
39.54901233
39.55834641
39.55975793
39.57792929
39.65614750
39.65936959
39.66665455
39.73487556
39.76262921
39.76460494
39.79619375
39.81055996
39.81533672
39.86693489
39.87347400
39.87885883
39.90651470
39.90980937
39.91213371
39.92022379
39.97236348
39.98840568
40.00525941
40.02845387
40.04597537
40.11570368
40.15917938
40.17423512
40.22883828
40.23999650
40.27137357
40.33298343
40.35302782
40.35998992
40.41402169
40.49081528
40.53801180
40.54835318
40.55556357
40.72363808
40.73820258
40.76194748
40.84710632
40.85338102
40.86187900
40.86767900
40.89843968
40.97141626
41.04012970
41.10578875
41.10899326
41.13672167
41.17706895
41.17992999
41.20147185
41.21389686
41.23616074
41.25239114
41.26560331
41.28239837
41.30920398
41.31677907
41.31885221
41.31907618
41.31974599
41.33978348
41.40050636
41.41649222
41.41744007
41.45185065
41.47680749
41.48422475
41.55193367
41.56317247
41.58856858
41.59812851
41.62825850
41.63016583
41.65091366
41.71396815
41.74488949
41.79650381
41.79847475
41.82297532
41.83785951
41.85579348
41.88995706
41.89604338
41.94181732
41.94953633
41.97580480
42.00031994
42.08581682
42.10060422
42.11396157
42.13889847
42.14074880
42.14753310
42.15448730
42.17291235
42.18198304
42.21494486
42.23111105
42.24929120
42.25653099
42.28223577
42.28421243
42.29919906
42.32721160
42.33473564
42.40125096
42.42522769
42.46620036
42.48801522
42.51401980
42.54386555
42.55319141
42.59252065
42.63225328
42.66492522
42.66982715
42.70185634
42.70313029
42.74314331
42.75923569
42.77262544
42.77916461
42.77962438
42.79564935
42.81706457
42.86060605
42.89618578
43.00142933
43.02928545
43.04160995
43.10173097
43.10791587
43.14976384
43.22391176
43.29035055
43.29517426
43.31563037
43.37593678
43.38307389
43.38947533
43.41948801
43.45024377
43.54384888
43.60048793
43.64245208
43.65532731
43.66036697
43.68577581
43.72623876
43.72797870
43.76734398
43.77103586
43.84329152
43.86670316
43.88341492
43.88951048
43.90370080
43.92227827
43.99499067
44.02309916
44.04314015
44.05318885
44.06033266
44.07306400
44.10150108
44.13611747
44.14518228
44.14680488
44.17272861
44.21712786
44.23417821
44.25397030
44.25820182
44.28983213
44.31647950
44.32573611
44.32685637
44.36623711
44.37469663
44.43959942
44.51302665
44.55835018
44.59874246
44.67764457
44.71600969
44.72601751
44.79190856
44.82777615
44.85474164
44.93632725
44.98942975
44.99451987
45.01588642
45.02252918
45.04363929
45.04439555
45.05400064
45.09617960
45.09717098
45.12749379
45.18441071
45.18667328
45.19730734
45.21532418
45.21718741
45.22674980
45.24397890
45.24735298
45.26956991
45.27737272
45.28219033
45.28407034
45.28685142
45.31183631
45.34729133
45.37436127
45.41584979
45.42059874
45.42768882
45.43318975
45.53320100
45.53678199
45.55941716
45.59146248
45.66935110
45.67617134
45.71446935
45.82297172
45.86214135
45.86663069
45.95805929
45.95993771
45.96542114
45.97894403
45.99185445
46.02114046
46.02826478
46.03372314
46.09024685
46.16121678
46.20034547
46.23673035
46.24003966
46.32899185
46.36709897
46.36783664
46.40543324
46.42787697
46.43136225
46.44260793
46.45569788
46.61028689
46.61309348
46.63436954
46.65372794
46.65717237
46.70356682
46.70466120
46.70555265
46.70911328
46.71359926
46.72134016
46.72161388
46.76040549
46.77143479
46.79898395
46.82244376
46.84711948
46.85733801
46.86979497
46.87663569
46.89591953
46.93525679
46.95143794
46.97764998
47.00930789
47.01343539
47.03907139
47.04620074
47.06632697
47.07860453
47.08385869
47.08921750
47.11696809
47.14037737
47.14659440
47.15584107
47.15882437
47.17017980
47.18454477
47.18479715
47.21508338
47.21536471
47.21658757
47.23769436
47.26338477
47.26382919
47.26834828
47.27355789
47.28661410
47.30530338
47.32694220
47.33393031
47.40117748
47.44490055
47.46719875
47.47664115
47.47782110
47.59332343
47.60051889
47.66731489
47.68379957
47.68608002
47.68796552
47.75010072
47.83098282
47.85362933
47.92993287
47.94366924
47.94934730
47.99343964
47.99523780
48.01479153
48.03129354
48.03830333
48.05368126
48.05616663
48.05855623
48.06462204
48.06728482
48.07564042
48.10898245
48.11094224
48.12121179
48.16832171
48.22964595
48.28283792
48.28578944
48.30132218
48.32050691
48.34142003
48.37551033
48.39878894
48.40945055
48.42259139
48.45183272
48.46357330
48.47599634
48.48987536
48.48990107
48.49342331
48.52309361
48.53270094
48.54091050
48.56781417
48.59244319
48.79683606
48.84578430
48.89662802
48.92519108
48.92608027
48.95523708
48.96536384
48.98164175
48.99932022
49.05335228
49.12894975
49.16364086
49.17595011
49.17806585
49.20408910
49.23306886
49.26918015
49.34038596
49.40608525
49.43260591
49.50437987
49.58944604
49.62450408
49.63039612
49.66119190
49.68089660
49.69546398
49.74366879
49.76160871
49.78108928
49.81034590
49.82742499
49.84374954
49.84545398
49.86097561
49.86239712
49.91678116
49.98022239
50.00692468
50.13506866
50.22975028
50.24076396
50.30575446
50.32678388
50.35148866
50.35682674
50.38117836
50.40157921
50.44960266
50.46032929
50.46072274
50.53735798
50.54513699
50.54706298
50.56939707
50.57319032
50.60968608
50.61581850
50.62488803
50.62903648
50.64800808
50.66770760
50.76590726
50.80332537
50.84855563
50.88116903
50.88452031
50.88780331
50.91238208
50.93844155
50.96138361
51.02585151
51.03018449
51.04168135
51.06187318
51.10315247
51.10430022
51.13170775
51.17068144
51.21586241
51.23665398
51.27064238
51.29598124
51.30784049
51.35990996
51.39346621
51.40067936
51.42270173
51.44696742
51.53038051
51.62764460
51.64290974
51.64671984
51.69149127
51.69918789
51.70818272
51.75734486
51.77920918
51.79965218
51.83840318
51.85697566
51.89560408
51.90614061
51.95710577
52.02942255
52.05430227
52.08606727
52.10286075
52.13468766
52.16901397
52.19287359
52.19552691
52.20412958
52.27468185
52.33326705
52.40682486
52.41117492
52.44712476
52.45373279
52.51357573
52.54852851
52.58555336
52.61007049
52.64008822
52.68993233
52.70987207
52.71208873
52.72716840
52.78479799
52.83458966
52.86619407
52.91015629
52.93856332
52.93985944
52.95826137
53.04253376
53.05756946
53.06812374
53.06814928
53.08325973
53.08928080
53.09976415
53.14430210
53.21844693
53.22611466
53.25553756
53.28048233
53.30794006
53.33521208
53.35479811
53.35685740
53.39347012
53.44065148
53.48013008
53.49940528
53.53686217
53.58541620
53.60187278
53.62823288
53.64554741
53.65310241
53.66060408
53.67146611
53.67923033
53.75169165
53.75333227
53.82924740
53.84173370
53.85834583
53.87272653
53.88540436
53.88964247
53.89285878
53.96691905
53.97868475
53.98347249
54.03917028
54.03966695
54.04643465
54.04839323
54.09209161
54.16761427
54.17185579
54.17765711
54.19372712
54.19825895
54.20713320
54.21178632
54.22357445
54.28152266
54.28552110
54.34379849
54.38182767
54.41015250
54.42536939
54.43003522
54.45132673
54.48068712
54.49513730
54.54826198
54.56869299
54.57296288
54.59963328
54.64672871
54.66294058
54.66692469
54.69069501
54.70584644
54.70890600
54.71786074
54.72778715
54.72868390
54.73184596
54.73763671
54.73882570
54.74259251
54.74554265
54.75414826
54.75805852
54.76401805
54.78244095
54.80864917
54.85444089
54.85669054
54.86471075
54.88907648
54.91905700
54.97096798
54.98277517
54.99663970
54.99825134
55.00454079
55.03297046
55.05985530
55.06054406
55.07441912
55.10507526
55.10584951
55.20594651
55.28024752
55.36706229
55.43008808
55.43504896
55.49702369
55.54893731
55.61801936
55.64029799
55.71132513
55.76504535
55.81013981
55.81121548
55.82179459
55.85073752
55.85929379
55.92703439
56.05974142
56.10176078
56.11927751
56.12167479
56.13829297
56.14523860
56.17332226
56.17506515
56.18031733
56.18440572
56.20842714
56.27449660
56.35961278
56.38201560
56.39729039
56.39924711
56.40346065
56.48848958
56.50781162
56.51510548
56.51675578
56.60029274
56.67303145
56.68272361
56.74809196
56.74899901
56.75961879
56.77699154
56.78400215
56.80918582
56.81871292
56.82219501
56.87508218
56.89829184
56.98985670
57.01275217
57.05437354
57.09885332
57.11149811
57.12205346
57.14921375
57.15270650
57.16052859
57.16237572
57.16779599
57.17993012
57.18679170
57.20968157
57.21221796
57.26248123
57.26520894
57.27189957
57.27979045
57.29325040
57.31531906
57.32219228
57.37916435
57.39295838
57.49568918
57.49668360
57.53365354
57.54412413
57.55275931
57.57405585
57.58634017
57.77851261
57.82172838
57.82823233
57.82966160
57.83119674
57.84495182
57.85667119
57.86657391
57.89970894
57.96185584
57.96565878
57.98848269
58.01954317
58.01981644
58.03079489
58.05746088
58.07318059
58.11044213
58.17010764
58.17242372
58.17312336
58.21355252
58.23370112
58.26675339
58.30552121
58.34969625
58.36842255
58.40928170
58.41051943
58.43361773
58.44470783
58.44607673
58.49569092
58.52373673
58.53716944
58.58200108
58.58244570
58.61737829
58.61775529
58.64250599
58.64425932
58.64428719
58.64771096
58.66349082
58.73345092
58.75459421
58.75842201
58.76097404
58.77947304
58.78760758
58.85428337
58.85727550
58.87750357
58.89099546
58.92076154
58.94958994
58.95598689
58.98318639
59.04533758
59.07994367
59.11121468
59.12237399
59.25965382
59.26497627
59.35031235
59.43894754
59.45067321
59.46308820
59.49905103
59.59007983
59.65228519
59.66204776
59.66828551
59.67634734
59.68726475
59.69701284
59.73722714
59.73930548
59.75058024
59.75933624
59.78378388
59.79905439
59.83890358
59.85489222
59.86105890
59.86144938
59.87544765
59.90806534
60.02273942
60.03437673
60.06568977
60.28117147
60.29956458
60.30537092
60.32041806
60.32397928
60.32537999
60.35842476
60.37016868
60.40014923
60.41258164
60.44226319
60.44486474
60.44716527
60.47568865
60.47682014
60.52428262
60.57488806
60.61939812
60.65300060
60.65759113
60.75504023
60.77683299
60.78141194
60.79959469
60.80241341
60.82405243
60.83025132
60.90722768
60.95005818
60.97856396
61.12261321
61.15917855
61.16106952
61.17726438
61.20733614
61.21080467
61.26794248
61.27880363
61.28411214
61.40062361
61.40189068
61.41427372
61.41650936
61.42186400
61.43963562
61.43991239
61.45729863
61.51262186
61.55227531
61.55666014
61.58314659
61.58557091
61.62971474
61.66533635
61.69848216
61.70443183
61.72062462
61.73167992
61.73940104
61.74315198
61.76461907
61.79309551
61.79774849
61.81606656
61.81644166
61.82264900
61.85788096
61.87160471
61.87402207
61.91375371
61.93316711
61.93366786
61.98210503
62.03920724
124.00000000
