0.09429277
0.12129029
0.13075213
0.19264872
0.22267726
0.24084199
0.26202853
0.28185069
0.39903578
0.39983069
0.51474119
0.54827491
0.56007295
0.64430340
0.64741566
0.66762246
0.68392253
0.69666005
0.76233799
0.83090103
0.84992713
0.89599331
0.89972853
0.90786037
0.97446431
0.99110383
1.00604631
1.04608516
1.07184351
1.08445220
1.09189805
1.10036731
1.10866534
1.14494308
1.14618977
1.16811988
1.21896670
1.22704952
1.22838304
1.26464507
1.27123029
1.27234657
1.29372230
1.30193489
1.31853060
1.31872005
1.36189621
1.36933218
1.38967910
1.39060500
1.43248729
1.44441063
1.48542253
1.50523617
1.50784299
1.51623513
1.75475646
1.75635604
1.78266623
1.78596225
1.78870357
1.81144328
1.81959347
1.83374478
1.84776616
1.85439546
1.96361928
1.97649758
2.01663344
2.04865706
2.11904336
2.12075812
2.13115651
2.16888641
2.20828284
2.23490008
2.24142882
2.25774341
2.28282767
2.30333491
2.31596469
2.36808232
2.39195053
2.44801721
2.48073319
2.48858964
2.54569747
2.56028156
2.57743131
2.61603861
2.64189615
2.70546257
2.76884642
2.77179158
2.80220387
2.80902054
2.81728122
2.81836100
2.85150191
2.90789800
3.00183124
3.07299587
3.10174855
3.13168479
3.13696755
3.13745978
3.24524561
3.36299316
3.36717218
3.38522396
3.39514863
3.43773094
3.45373576
3.47470017
3.49515146
3.51656605
3.64099064
3.64463696
3.65227186
3.67602939
3.71569340
3.75658030
3.77234354
3.79973926
3.81906368
3.83650733
3.88342424
3.99686964
4.01596055
4.03170381
4.05449256
4.07185676
4.10886448
4.15300423
4.16895715
4.22298042
4.24087053
4.24147641
4.24789187
4.30072234
4.45778819
4.45902547
4.55910190
4.59790842
4.63540474
4.72953911
4.73279914
4.76026801
4.77606958
4.81622694
4.85564048
4.86900625
4.87301087
4.88923623
4.94510501
4.95556885
4.95990283
4.98144874
4.98172226
5.00747947
5.14841003
5.20687871
5.22263696
5.27715953
5.31047056
5.31071881
5.36330323
5.46592084
5.49931895
5.52902987
5.59225215
5.63140697
5.77287503
5.85142646
5.85612607
5.89642608
5.91978732
5.96557287
6.00159496
6.03962356
6.10724588
6.14086770
6.26376332
6.30216840
6.30673933
6.32173535
6.37184362
6.38693013
6.41304686
6.41946461
6.42615174
6.43184754
6.46736575
6.50074312
6.50448727
6.51106247
6.53028367
6.56943273
6.60553665
6.61463673
6.63337322
6.63832024
6.64554426
6.65577079
6.74282479
6.75421046
6.79535105
6.82950548
6.85040708
6.85459207
6.85788995
6.86061987
6.86537779
6.89367266
6.94021912
6.97519444
6.98526214
6.99460086
6.99728295
7.04996119
7.08233905
7.09414933
7.11119997
7.15226730
7.15758432
7.18479359
7.21914903
7.26622469
7.26935143
7.32161000
7.42412334
7.44221012
7.44577970
7.54454107
7.58094351
7.61435528
7.62692298
7.62935583
7.66712334
7.68477244
7.69990404
7.70559020
7.70610665
7.78548221
7.79479358
7.86371312
7.88710100
7.88788175
7.93986478
7.94616681
7.95266744
7.96533274
8.03896827
8.06267785
8.10274816
8.10902289
8.15531272
8.16607327
8.20467205
8.22696649
8.27248695
8.31539000
8.42075150
8.43176718
8.43892763
8.46727106
8.47817856
8.48714701
8.50765319
8.50876208
8.50965354
8.53717083
8.55872272
8.62060790
8.64233928
8.66358710
8.69267436
8.70873600
8.73959280
8.74294640
8.77142370
8.79559279
8.81426313
8.82049896
8.82569667
8.91551682
8.92330611
8.95876709
8.96795733
8.96800105
9.04032344
9.04081774
9.09268239
9.10246069
9.13850054
9.14200417
9.18957090
9.19802767
9.20640267
9.20701841
9.21535915
9.23801085
9.24480667
9.27528220
9.28383121
9.30315692
9.33354784
9.33620699
9.36958625
9.41456277
9.45753703
9.53023571
9.53803785
9.65129816
9.68742416
9.74713560
9.76898267
9.77320584
9.78240094
9.78719689
9.81117821
9.81529168
9.82439083
9.90215468
9.99801700
10.02392687
10.03466389
10.05304458
10.06289508
10.06712540
10.12019403
10.20066087
10.21468182
10.27340857
10.27527995
10.28129584
10.32865662
10.39222892
10.43074486
10.48553804
10.48692540
10.50317224
10.58468685
10.60419673
10.63352872
10.63912457
10.64887875
10.66612411
10.72772881
10.73717556
10.74099451
10.79065033
10.79422394
10.79620696
10.85886471
10.85991507
10.92594329
10.95085098
11.03362000
11.04396081
11.06560826
11.12327021
11.16616983
11.23063765
11.27098049
11.29823091
11.31308471
11.34483102
11.35256678
11.48880735
11.50385801
11.53614747
11.54114765
11.59887957
11.59899314
11.62063031
11.64166798
11.67122041
11.70037926
11.70448552
11.74645976
11.77438913
11.78839605
11.83385126
11.83397525
11.84268602
11.92772583
11.93183854
11.93317585
11.95644132
11.99195624
12.00015043
12.03098547
12.04414254
12.07928645
12.09460208
12.09937096
12.12976535
12.15722446
12.23212795
12.25351100
12.25403355
12.30084617
12.31483648
12.33624130
12.37963989
12.39817760
12.42011063
12.45425545
12.57692811
12.59655918
12.60659726
12.65594489
12.71764540
12.73159505
12.73159710
12.76525881
12.77492664
12.77978265
12.78523564
12.79979337
12.81102543
12.87175968
12.88391475
12.89632026
12.89966098
12.90314787
12.91040250
12.91414999
12.92106217
12.92240031
12.97496856
13.10729520
13.10771500
13.13755214
13.16413035
13.21514985
13.21591723
13.23911529
13.25708305
13.26966027
13.37698020
13.39707545
13.42952244
13.59282979
13.64758464
13.71172083
13.73445249
13.73961949
13.75990893
13.88563452
13.92526220
13.98083404
13.99935613
14.00579843
14.04888560
14.09895422
14.10568982
14.11274807
14.14422992
14.17605177
14.19426609
14.21180043
14.27370949
14.27728260
14.28243287
14.32916707
14.38957279
14.45432786
14.47103364
14.49779314
14.57041297
14.57840853
14.58574198
14.61560545
14.66010984
14.66172539
14.69448758
14.70037113
14.71316610
14.73154167
14.80623805
14.80990114
14.91793463
14.92073796
14.94160943
14.97442419
15.00741375
15.03613296
15.05412771
15.12505279
15.14540093
15.16939892
15.18033939
15.19418302
15.22293749
15.26728147
15.31085021
15.34687005
15.38319841
15.39622009
15.42501087
15.43550326
15.44633610
15.51477057
15.53054399
15.57409443
15.57697692
15.59663877
15.63629655
15.63798882
15.68974689
15.79786961
15.80771553
16.02566402
16.08639147
16.10821892
16.23925554
16.24646301
16.25745738
16.26285704
16.31661062
16.33263622
16.34061754
16.34660039
16.35701933
16.44274326
16.44618559
16.48266680
16.51831009
16.55792204
16.59217260
16.59498324
16.63919696
16.65153630
16.67589527
16.69398938
16.76116235
16.77705783
16.81766243
16.82210412
16.82354687
16.83603921
16.83949598
16.87065939
16.88116546
16.93246895
16.95147643
16.96343287
16.97354961
16.98239603
16.99484997
17.00207607
17.01523724
17.02145128
17.06658581
17.08034650
17.08366228
17.10055893
17.10394279
17.17606626
17.18189518
17.19024476
17.19775789
17.20178672
17.22807658
17.26411301
17.28120979
17.30289370
17.30560859
17.30673578
17.33523742
17.35594239
17.43562317
17.47182002
17.49603133
17.56845585
17.58446448
17.61020889
17.61278589
17.65732668
17.66097600
17.66303109
17.69611929
17.70075254
17.70387047
17.79793284
17.81322829
17.98721937
18.05777512
18.07442794
18.07747239
18.08709584
18.09989234
18.12260095
18.14580184
18.14747655
18.18574227
18.20133311
18.22185209
18.24151328
18.25623979
18.30119105
18.31959690
18.33560171
18.37163643
18.44573371
18.46067862
18.47903595
18.48101623
18.50520237
18.52662752
18.52998119
18.55137419
18.56130594
18.57924625
18.60912219
18.62175170
18.65759702
18.65968218
18.70274185
18.70917781
18.71325503
18.78559247
18.82939282
18.85643712
18.86258395
18.87020042
18.87253923
18.88072734
18.91220728
18.92154470
18.92641865
18.92713900
18.92751144
18.94287949
18.94312547
18.94330810
18.95126473
18.96826072
18.97765818
18.99976411
19.01916159
19.02573710
19.10008514
19.15974828
19.19408712
19.21633892
19.22478338
19.22778150
19.23215535
19.29375325
19.29905104
19.30468648
19.35689326
19.37666687
19.40431810
19.45876544
19.47058754
19.47144223
19.50368598
19.52706734
19.54142387
19.55318206
19.59536740
19.67546531
19.68528701
19.69539880
19.76757179
19.78471471
19.80788334
19.81650996
19.84406661
19.87995008
19.88300167
19.89168026
19.94147234
19.96193573
19.96701725
19.99646434
20.03971434
20.04287448
20.05604823
20.11821777
20.15270638
20.17963376
20.22179807
20.24060272
20.28786409
20.29019745
20.29799314
20.38271643
20.41005330
20.52897287
20.53045383
20.55152088
20.57080816
20.57695154
20.58661182
20.58980500
20.65732507
20.67425016
20.80585549
20.83787154
20.89015447
20.89913683
20.91822224
21.01484827
21.03770722
21.03879020
21.06346611
21.06721714
21.08524802
21.14146202
21.19529461
21.22447379
21.25896115
21.26658327
21.27182144
21.29273759
21.33964601
21.40670042
21.42697929
21.44675434
21.47414369
21.50729339
21.51920753
21.52864823
21.54148468
21.59953147
21.68640025
21.73675703
21.75770457
21.79983475
21.83652246
22.06727534
22.07472912
22.10722601
22.12639592
22.16970200
22.22649919
22.22904406
22.24436419
22.27448141
22.28411627
22.33063922
22.34560270
22.35539167
22.39929889
22.45557139
22.46799623
22.46968842
22.48994108
22.51190227
22.51969872
22.53510175
22.54679753
22.54778880
22.54844667
22.56576298
22.56995525
22.58321740
22.68071942
22.68128688
22.72795649
22.74180748
22.75550973
22.86778422
22.86797584
22.94245909
22.97244776
22.97417407
22.98389921
23.00831153
23.01883204
23.06801456
23.10176523
23.11479977
23.12334101
23.13220626
23.14319443
23.18551692
23.21534228
23.23468220
23.23756010
23.25516827
23.25933295
23.27734443
23.28186111
23.29322305
23.32140582
23.34895011
23.36369514
23.37368007
23.46915969
23.49692637
23.51237998
23.53053837
23.53650776
23.67431987
23.68300796
23.72178864
23.72592726
23.73319627
23.74027630
23.74506052
23.76824290
23.79007924
23.80772957
23.83305867
23.84073863
23.88441180
23.91668264
23.92620720
23.92824878
24.03723015
24.05893422
24.09478833
24.10021916
24.16769202
24.17565018
24.22582240
24.22908374
24.24605941
24.26246558
24.31986808
24.32921957
24.33362765
24.34656855
24.39808628
24.42275723
24.43941964
24.45330547
24.45534778
24.48901589
24.51527518
24.54699379
24.55700068
24.57288726
24.59844301
24.66590311
24.68570042
24.68570828
24.69569286
24.70301023
24.70469648
24.71473770
24.72883623
24.74075762
24.83501119
24.85236000
24.90738112
24.91942929
24.92062734
24.92324176
24.92410426
24.99616253
25.00777330
25.03496547
25.06886835
25.07426736
25.11617238
25.15012373
25.19395669
25.25166700
25.34436472
25.36345307
25.41511921
25.43486169
25.43968470
25.45163318
25.46109479
25.47122548
25.48055884
25.48655358
25.49122276
25.50778438
25.51555853
25.53983090
25.54801026
25.58644285
25.60310883
25.60663256
25.61380441
25.64762552
25.64781698
25.69900175
25.71058343
25.71638440
25.72464732
25.72841891
25.73085749
25.74560961
25.79056387
25.80264187
25.81872738
25.84054029
25.85709129
25.87367195
25.92075566
25.95768363
26.02249514
26.07818257
26.08134443
26.11048795
26.12769651
26.13109269
26.17010806
26.23413556
26.32077947
26.34735327
26.39267086
26.39761600
26.41166314
26.41952485
26.42876279
26.46090222
26.51630789
26.54494222
26.61913203
26.63163621
26.63866631
26.68920811
26.69765137
26.70147265
26.74026238
26.75076416
26.75528043
26.76549758
26.77274245
26.78319896
26.79389023
26.83201359
26.84607605
26.87613810
26.88403948
26.88675385
27.00718196
27.04537300
27.07796736
27.10486499
27.13984620
27.23626394
27.28857445
27.29058226
27.33207128
27.35461018
27.38814157
27.39424596
27.39893341
27.39965935
27.41924667
27.44741993
27.48323375
27.51557023
27.58208926
27.58475978
27.60066994
27.70358521
27.71292522
27.72219162
27.76100216
27.76957457
27.77055237
27.77061774
27.77159669
27.81054508
27.83188233
27.88294669
27.89333574
27.91377532
27.97787280
28.00165446
28.00251979
28.00773375
28.01434782
28.05785633
28.05902658
28.06311207
28.13718409
28.16039050
28.18562201
28.23753844
28.24850788
28.25906283
28.33373802
28.35355917
28.37434393
28.38955380
28.39437017
28.39883983
28.41814194
28.47445000
28.47510789
28.51030878
28.51503512
28.52923563
28.53444506
28.59345612
28.67328440
28.73718213
28.73766111
28.74437410
28.75987316
28.77017523
28.77651093
28.78007252
28.80215789
28.84775295
28.85932861
28.92316200
28.95978919
29.03015624
29.04507139
29.06035754
29.06927346
29.06965453
29.09476578
29.12250019
29.17984384
29.18002968
29.21038760
29.27727959
29.28694812
29.31260054
29.34997268
29.45778234
29.51673385
29.51731283
29.55070807
29.56586191
29.57075176
29.58071470
29.61160340
29.62761982
29.66581464
29.70391580
29.72844364
29.74451051
29.78516664
29.83730489
29.88943145
29.88944227
29.98235327
29.99898768
30.02610198
30.03617937
30.03940129
30.06470612
30.07252252
30.07463877
30.08270865
30.10244640
30.11443194
30.12812855
30.20225408
30.22581301
30.23212018
30.34022825
30.37923167
30.39996967
30.46508675
30.47167749
30.49985355
30.50856831
30.52511631
30.53074400
30.59780202
30.70181810
30.73474540
30.74863914
30.75929782
30.77769171
30.78002998
30.78591913
30.81815199
30.82988105
30.86398509
30.88451063
30.89584813
30.89752956
30.90887063
30.90958891
30.92250695
30.96972420
30.97925999
30.97970031
30.98692967
31.03445187
31.04981534
31.06148709
31.06350372
31.09888556
31.11961077
31.18013745
31.23607882
31.23640323
31.25976240
31.26051861
31.36820812
31.40334327
31.43853140
31.45145408
31.47119318
31.48035111
31.54473521
31.56224493
31.62976237
31.63528770
31.65260566
31.66064090
31.66573965
31.66642383
31.69199481
31.70228219
31.71464827
31.74540012
31.76092635
31.77911664
31.82132434
31.82833169
31.83282154
31.91585718
31.93242046
31.94311430
32.03235727
32.12816900
32.15078521
32.32236310
32.35315659
32.38668837
32.48986076
32.57461881
32.57577340
32.58021579
32.59599590
32.59768999
32.62693664
32.74476559
32.87495732
32.90287136
32.96288624
32.97424104
32.97525964
32.98352512
32.99077817
32.99316572
33.00392275
33.00530892
33.00924854
33.01097928
33.02959125
33.03687884
33.11210982
33.21905112
33.23391484
33.25216916
33.36970314
33.38922092
33.42313192
33.43859599
33.44127001
33.46411810
33.46518494
33.57966128
33.61083543
33.64115371
33.68579034
33.70104247
33.73674706
33.74738435
33.78676981
33.79220692
33.81143771
33.81965437
33.87861823
33.89281966
33.90822909
33.92351616
34.00575744
34.01048157
34.03645237
34.06072017
34.07203676
34.10089078
34.13950356
34.14603464
34.17753989
34.21367550
34.25390003
34.27107744
34.30790113
34.31959614
34.32874531
34.43985097
34.46814521
34.51174725
34.51273321
34.51434307
34.58732110
34.58757159
34.60796599
34.65113083
34.65840648
34.66615312
34.67276362
34.69033461
34.69122437
34.72589587
34.73074059
34.73505070
34.75394597
34.76010278
34.76960361
34.77687712
34.77797368
34.80162441
34.82238278
34.86874738
34.89493953
34.89780654
34.96135421
34.97065568
35.01008300
35.07463852
35.08355458
35.09286221
35.11225154
35.16162919
35.16534796
35.23331862
35.27020731
35.27418329
35.35825549
35.38377150
35.39906929
35.41238131
35.43273348
35.46392315
35.48760370
35.50109125
35.50447564
35.50503869
35.60991426
35.65073708
35.66686477
35.69374584
35.69999433
35.72255594
35.76236161
35.79678094
35.79695196
35.81961588
35.84225488
35.87233478
35.88071713
35.89918633
35.91199925
35.91290727
35.92229595
35.92563483
35.92752657
35.93448189
36.00462420
36.01114068
36.02537971
36.10265698
36.13721089
36.15106436
36.16942244
36.30365395
36.31750494
36.38142681
36.40111271
36.40130213
36.43273607
36.48711434
36.50688199
36.59282217
36.61646372
36.65548853
36.65800522
36.67756158
36.70173973
36.71116021
36.74561830
36.75895682
36.76104044
36.82599680
36.87082784
36.87206058
36.91262277
36.92531966
36.92861820
36.97380988
37.04316700
37.08996451
37.15788208
37.17374926
37.19203852
37.20990037
37.23811000
37.24308100
37.28096570
37.29384793
37.33008622
37.38639577
37.39731047
37.42094517
37.45214932
37.45706744
37.47471270
37.47865197
37.49230468
37.49589857
37.49764202
37.50320090
37.50375582
37.50598017
37.57506948
37.59585318
37.66203828
37.69181826
37.72130129
37.72740587
37.74248952
37.74930689
37.79597403
37.83704454
37.86223204
37.86931278
37.95075947
38.00872537
38.03958111
38.04597307
38.06744855
38.11296394
38.24604761
38.26622565
38.29611526
38.31075337
38.37037426
38.38748501
38.45350448
38.50924811
38.51002926
38.53079445
38.55936799
38.58534592
38.63117983
38.63409541
38.66398493
38.67404536
38.67854773
38.70325952
38.71127455
38.74307385
38.78688422
38.80892654
38.96911588
39.00900909
39.02261363
39.03255866
39.03506570
39.08393180
39.08418981
39.09756823
39.11976030
39.12803723
39.13716947
39.15360889
39.16079915
39.21810011
39.23091620
39.24155168
39.25172707
39.25439193
39.29186949
39.29739872
39.30779935
39.33291937
39.38399670
39.42098486
39.52524842
39.58398407
39.61296999
39.61596925
39.71857842
39.72815777
39.73487556
39.84879501
39.86094395
39.87983549
39.88905945
39.89415258
39.92696693
39.98664648
40.02698199
40.05172597
40.08032124
40.09753557
40.16619423
40.19180924
40.20232596
40.24338740
40.24357643
40.24524914
40.25064588
40.36805657
40.36856708
40.36982882
40.42859008
40.50423620
40.52180898
40.58553014
40.62146824
40.65765043
40.67604036
40.78264005
40.80164802
40.80480900
40.80827967
40.82736881
40.85484186
40.86194511
40.89843968
40.96547819
40.97784035
40.98795230
40.99803175
41.00747098
41.01290080
41.03491006
41.06153330
41.07591156
41.08294369
41.09432186
41.11573522
41.11595430
41.13166753
41.27029320
41.35576595
41.39427500
41.43379132
41.48996402
41.55588991
41.61884414
41.68809186
41.69761453
41.71827331
41.75116515
41.77021533
41.79393689
41.79467322
41.83022385
41.89681186
41.90483197
41.96028038
41.97436332
42.00384749
42.00980846
42.02189295
42.02982525
42.04888028
42.08586639
42.08660950
42.10890788
42.12223204
42.26920387
42.29301094
42.33996854
42.34500789
42.36032384
42.42226761
42.43542995
42.45047271
42.46387238
42.49221816
42.52764103
42.53370514
42.60001717
42.64243580
42.66208450
42.66794740
42.68089432
42.69369651
42.72154219
42.73259781
42.74846512
42.75045072
42.77962438
42.80626263
42.89027223
42.89359310
42.92161423
42.92321230
42.93435825
42.94007478
42.97635757
43.01595315
43.05299342
43.15348896
43.17867789
43.18356413
43.20895847
43.21183037
43.21625941
43.22247757
43.25938870
43.33926133
43.35785620
43.38307389
43.39207800
43.47141102
43.48901362
43.49186874
43.60068454
43.60927192
43.63430141
43.72759393
43.82568620
43.85146298
43.89252007
43.89811045
43.90978202
43.95510490
43.96742315
43.96745334
43.98887840
44.00122663
44.05170333
44.08345044
44.10866362
44.19467748
44.19748272
44.21303104
44.24701852
44.27192099
44.28858668
44.30723793
44.31100012
44.33299629
44.39572730
44.49787844
44.50991267
44.64093455
44.66164272
44.68237014
44.68539226
44.70353792
44.77057039
44.77818462
44.79159602
44.81771702
44.90660942
44.97616067
44.98680535
44.98728349
45.04793629
45.07294130
45.09701831
45.12432143
45.12839515
45.15633820
45.15822660
45.17197756
45.18124536
45.18441071
45.19671631
45.19788916
45.22808300
45.25439534
45.36129698
45.37436127
45.38848354
45.42360676
45.44848606
45.48022641
45.50509245
45.51585231
45.54183003
45.59259541
45.62623278
45.64044051
45.68867241
45.69366359
45.71453379
45.74363761
45.74746431
45.75096296
45.76653843
45.78286143
45.87173474
45.90193965
45.90553662
45.97367944
45.98548165
46.00353814
46.02935009
46.03126340
46.04913792
46.11663939
46.12032037
46.12195639
46.15720738
46.16893706
46.17564273
46.18135097
46.18901346
46.19691536
46.20034547
46.31120061
46.33368707
46.33690603
46.35452457
46.37389235
46.40823332
46.45338564
46.46092425
46.48947174
46.49205758
46.49865692
46.53358384
46.56513155
46.58535020
46.61134432
46.64260687
46.66689566
46.79985772
46.82977633
46.82996907
46.87169668
46.91077176
46.95436021
46.99259253
47.01418881
47.02807512
47.03638841
47.05302700
47.05690260
47.06080885
47.08122564
47.08482094
47.10597947
47.10857589
47.12036958
47.12956487
47.13099802
47.14731315
47.17017980
47.17612724
47.17924960
47.17943811
47.22245297
47.22495263
47.23300236
47.28563980
47.28639759
47.29122728
47.31678783
47.32308198
47.36460874
47.39854581
47.40566025
47.51220571
47.51951297
47.56413398
47.57308606
47.60042359
47.62681123
47.63592542
47.74317526
47.78664131
47.81795144
47.83891155
47.85944628
47.87275821
47.93979573
47.98265338
47.99523780
48.01479153
48.04082131
48.04128689
48.12396939
48.14029927
48.14779166
48.15351239
48.22348466
48.23757198
48.24589333
48.26749743
48.31496916
48.32547059
48.40460511
48.40768319
48.41733248
48.44601870
48.47221905
48.51873481
48.55509184
48.58107851
48.58305499
48.63581577
48.65504243
48.65736244
48.66231817
48.68118524
48.70477076
48.71028814
48.71925037
48.77005242
48.79274257
48.85403839
48.87415738
48.89748385
48.92050269
48.92663759
48.92767521
48.94495351
48.97815126
48.98211458
49.00603390
49.01786291
49.09608414
49.13722236
49.14884332
49.24756317
49.25845047
49.30679943
49.32183394
49.32755099
49.38347799
49.42245057
49.47118539
49.47612099
49.52223798
49.58182520
49.60952417
49.61543432
49.62465227
49.71435436
49.74022341
49.74075571
49.82279613
49.82328020
49.84986326
49.86063744
49.86701796
49.87028831
49.87608607
49.89915676
49.90295873
49.91397930
49.92713323
49.94287188
49.97674616
50.00378987
50.00743954
50.02739137
50.04690178
50.04806769
50.08328718
50.08541249
50.09013070
50.12683282
50.12913370
50.15245552
50.19417439
50.24076396
50.24432586
50.25219730
50.27980135
50.28441837
50.30076231
50.40495778
50.40527968
50.45720189
50.48646794
50.51566654
50.53227527
50.59313829
50.61581850
50.61605092
50.63969814
50.64447972
50.65794486
50.69264993
50.69391571
50.78474379
50.82516937
50.89530576
50.93189852
50.98801896
51.06020851
51.15645956
51.23108437
51.23665398
51.24512122
51.26850197
51.32296376
51.33571783
51.42737024
51.43930067
51.46779285
51.47271508
51.50315524
51.53679716
51.58462625
51.60633436
51.61387462
51.63866848
51.63979421
51.65571968
51.70146534
51.73067449
51.74360721
51.74381142
51.81312673
51.89051235
51.90012187
51.90699769
51.93471393
51.99733746
52.01346048
52.02438482
52.07182662
52.09501665
52.11226167
52.14822444
52.16475525
52.22616436
52.23883334
52.25015806
52.29791149
52.34834020
52.38236804
52.38963971
52.41117492
52.41878669
52.46324903
52.47335189
52.47600040
52.47617496
52.48175856
52.48489877
52.50856817
52.52948493
52.53359157
52.55887009
52.60331022
52.61007049
52.61047377
52.61681991
52.66557455
52.76990168
52.79448631
52.87140524
52.87542194
52.90530267
52.93339363
52.93793658
52.94624099
53.07642198
53.10102295
53.14040869
53.16373864
53.17342559
53.19438933
53.26139280
53.26472184
53.29466419
53.31140370
53.31592879
53.36829101
53.49705227
53.52276017
53.57621881
53.59442175
53.61462915
53.63418296
53.63528177
53.64554741
53.65017034
53.79772889
53.79935100
53.80439262
53.84285914
53.84850711
53.85187243
53.87493439
53.87798014
53.92476539
53.93034201
53.94751750
53.97461438
53.97935271
54.02167806
54.06889086
54.09151028
54.10121789
54.10601827
54.17216290
54.20012974
54.20713320
54.28036571
54.29282957
54.29666668
54.29782935
54.38182767
54.42057591
54.48105930
54.50878930
54.50881352
54.51257594
54.56869299
54.60772246
54.62035586
54.62302922
54.65151565
54.68706541
54.68750204
54.70752833
54.73184596
54.77189086
54.79524196
54.80559249
54.82826605
54.83420473
54.83925511
54.84204558
54.87833586
54.88907648
54.95835270
54.96417551
54.97661435
55.00163973
55.01958209
55.02670622
55.09001714
55.11418798
55.15884815
55.23980675
55.24886803
55.26783780
55.27898448
55.31188398
55.31334936
55.31994097
55.34151700
55.35566936
55.37183854
55.53878070
55.58254776
55.63495327
55.74063307
55.74074053
55.74129584
55.75753890
55.75867622
55.77411699
55.78802871
55.83226685
55.83710441
55.84549106
55.87346894
55.89673394
55.92106805
55.92696234
55.93259439
55.95068985
55.96359654
56.00244580
56.05124588
56.09982100
56.12167479
56.13327492
56.16042038
56.17041710
56.18440572
56.18881320
56.19766851
56.19889917
56.21281767
56.21911346
56.28902564
56.29053610
56.39462627
56.42705546
56.44960434
56.47039989
56.49205827
56.50074101
56.51745730
56.57594418
56.59336982
56.59425191
56.60007095
56.62725807
56.62980987
56.67303145
56.73139310
56.74847890
56.80956011
56.87171913
56.88206167
56.91159570
56.91213313
56.92015620
56.94139119
56.97526001
56.97578032
56.97664033
56.99561810
57.03217339
57.06513424
57.09051104
57.11701967
57.13890175
57.17186917
57.17196658
57.21544721
57.22792634
57.24317381
57.29557314
57.30048486
57.31287795
57.37290865
57.37997043
57.41453029
57.46561180
57.49104036
57.57265041
57.57843318
57.59675808
57.59756294
57.62370015
57.63795798
57.67060908
57.73089109
57.74926165
57.77663994
57.86829189
57.89164387
57.90365310
57.90690316
57.94930516
58.01030833
58.07414893
58.08010186
58.10492108
58.14244997
58.20789356
58.34196715
58.39449486
58.40928170
58.47425637
58.50996546
58.53841382
58.54723192
58.60879411
58.62591571
58.76505213
58.76561603
58.77203980
58.84021677
58.84149259
58.89344099
58.90117846
58.96877567
59.03749211
59.04704089
59.07658359
59.07953564
59.19345593
59.22671149
59.23779379
59.24256689
59.24831379
59.24998297
59.30408596
59.31794208
59.32642031
59.32910875
59.33608042
59.35031235
59.36512466
59.37113881
59.51477796
59.53343095
59.54211737
59.56101973
59.56802607
59.60017688
59.61902100
59.61963141
59.63128022
59.69305437
59.76196796
59.78378388
59.79112370
59.80987666
59.81377144
59.85361463
59.85388482
59.86907485
59.95346091
59.95591603
59.99531223
60.05939324
60.10480746
60.14420180
60.16615684
60.18445255
60.18998738
60.31279521
60.38775123
60.40408372
60.43064181
60.43277911
60.44079590
60.44574511
60.46689868
60.49114153
60.53700996
60.59627122
60.60361206
60.61178328
60.63565501
60.74160701
60.76911664
60.77493153
60.79613582
60.82000425
60.83450573
60.91898898
60.92405841
60.95535941
60.96539667
61.02025874
61.06508007
61.09655350
61.10160670
61.10606214
61.11508431
61.13571045
61.18599448
61.22210861
61.24466883
61.28786187
61.31065167
61.44139885
61.46613891
61.49376550
61.49696941
61.53956983
61.60308520
61.61998648
61.68064696
61.70531197
61.77651343
61.78017562
61.78688549
61.80626942
61.81424450
61.82959434
61.87160471
61.87878684
61.92038201
124.00000000
