0.00168730
0.00869527
0.08246953
0.08618099
0.11756379
0.23941455
0.26682092
0.26932425
0.26962680
0.29115957
0.32607045
0.34476310
0.36439727
0.39390358
0.41652527
0.41846263
0.43334212
0.47304415
0.47898963
0.51119069
0.51840562
0.55349222
0.56007295
0.64669097
0.94189504
1.00037611
1.00604631
1.01590831
1.03072835
1.04114211
1.07663684
1.09443549
1.10032533
1.16811988
1.26464507
1.27787659
1.32072608
1.43178101
1.43744543
1.51182365
1.53331211
1.54861375
1.57598159
1.58583359
1.59475566
1.61210582
1.65585411
1.69135282
1.69329705
1.73395387
1.78286222
1.78536243
1.83557115
1.83808692
1.83931601
1.86594853
1.90014181
1.90736716
1.90939946
1.92471737
1.95262096
1.97698308
2.02230074
2.11904336
2.13206873
2.16268776
2.16817458
2.17372460
2.20833447
2.23395086
2.26026598
2.27287312
2.27899138
2.30696110
2.30896255
2.31018342
2.32696351
2.38427054
2.43067906
2.44817992
2.44831254
2.50084790
2.55869267
2.56634341
2.58173099
2.59873496
2.62305785
2.64153372
2.68440834
2.68852006
2.77763241
2.79222239
2.81630400
3.00461391
3.04133831
3.07446318
3.10453917
3.12613712
3.14429796
3.16615146
3.18069151
3.19521920
3.22447338
3.23629379
3.26623452
3.29851973
3.30036344
3.30889710
3.32347236
3.34980402
3.36299316
3.40147718
3.40276739
3.41322173
3.54875439
3.58412806
3.61015047
3.61767783
3.64050231
3.67385053
3.69770761
3.71163379
3.72784996
3.74166925
3.75130258
3.82500985
3.83474498
3.86562628
3.91250997
3.92554488
3.93451137
3.94392821
3.94410997
3.94476020
3.97829403
3.98268476
3.98787248
3.99088386
4.02270973
4.09561559
4.15194860
4.16421054
4.18718257
4.19810443
4.20665454
4.21644062
4.21961538
4.23795197
4.23901309
4.24902525
4.26319879
4.28035798
4.33025413
4.33044614
4.33065485
4.35625545
4.37378044
4.40381681
4.43062333
4.44532344
4.52257637
4.55910190
4.57214807
4.58112385
4.61851010
4.66207060
4.67319083
4.68603659
4.70102056
4.71394358
4.72878792
4.74319775
4.79040845
4.85290676
4.86724582
4.88380172
4.90539094
4.94317602
4.94510501
4.95492612
4.97586991
4.98989568
5.00723728
5.01829948
5.02471819
5.02941510
5.11791941
5.12180357
5.19898781
5.20134853
5.23466010
5.26420878
5.26989772
5.27457324
5.28290640
5.28401284
5.29806614
5.30174688
5.35682780
5.36677542
5.39546193
5.46240907
5.47550202
5.49604635
5.52465396
5.52688149
5.53451997
5.55066438
5.56679859
5.60755265
5.61342402
5.62050619
5.62593311
5.65533807
5.73451939
5.73467831
5.76258606
5.77693914
5.80681496
5.89067000
5.92547568
5.93320337
5.99034694
6.00630034
6.01318502
6.03089796
6.03927388
6.05048147
6.07529270
6.08419030
6.10316146
6.12276131
6.16150042
6.17263240
6.19798133
6.20093757
6.20305109
6.21779547
6.23410093
6.27586899
6.30863759
6.32964277
6.33842154
6.36510779
6.42003246
6.42602388
6.50261500
6.55464119
6.55920859
6.67714875
6.68636494
6.69392377
6.70069041
6.73767285
6.74336428
6.82342266
6.87141644
6.87836231
6.87985784
6.92483141
7.04366709
7.05221607
7.07329996
7.13322986
7.14180358
7.18968077
7.20286874
7.23480778
7.23590765
7.25774115
7.30056946
7.35973887
7.36188875
7.36734385
7.37079924
7.37489970
7.38348430
7.47406883
7.49304389
7.50374935
7.50642701
7.52516967
7.52848788
7.57267547
7.62858829
7.69407358
7.75083336
7.80823060
7.83093972
7.84437703
7.89418744
7.90499975
7.93212610
7.94405609
7.97624936
8.03272425
8.04983578
8.05189735
8.06936215
8.09079011
8.11380939
8.11463818
8.12902450
8.14242143
8.15982512
8.18970991
8.21007839
8.23835306
8.24928813
8.25228405
8.28506639
8.31346447
8.32503488
8.33658174
8.34248922
8.36587239
8.40219385
8.42075150
8.43679221
8.43691683
8.55379752
8.57661194
8.62011220
8.69934563
8.75911467
8.76221806
8.78681342
8.79131581
8.81079772
8.87258453
8.88936689
8.90644698
8.95835834
9.02492447
9.08694708
9.09095161
9.19923356
9.19991840
9.22410868
9.26899343
9.31419655
9.32759789
9.37529148
9.38391236
9.39377230
9.42494660
9.45031512
9.49745304
9.50777494
9.56191624
9.59678409
9.62897527
9.65002208
9.70661628
9.74823748
9.78719689
9.78740210
9.82701615
9.83146125
9.84185297
9.86454548
9.86967819
9.89300279
9.90215468
9.93717435
9.94130736
9.94177486
9.95308340
9.99321111
9.99530267
10.02900931
10.08695775
10.22246669
10.22616136
10.23436469
10.25861595
10.28177891
10.32287092
10.41680566
10.43054807
10.44231088
10.44637496
10.48909764
10.49338460
10.49590334
10.58296054
10.59509417
10.61815884
10.65599495
10.66628899
10.67357303
10.68989238
10.69862076
10.72883614
10.79366707
10.79422394
10.83040086
10.88075184
10.89168679
10.89925415
10.91129915
10.92000857
10.95762461
10.98855913
10.99565798
11.02814593
11.02818562
11.04396081
11.10269738
11.11174083
11.11831203
11.14030623
11.21958816
11.25007417
11.25546472
11.26403800
11.27270041
11.29227812
11.29823091
11.33290387
11.37074782
11.40527712
11.49399300
11.51259231
11.52718262
11.54246235
11.56065815
11.58681841
11.71441870
11.71789112
11.73526906
11.74801448
11.74949880
11.79125275
11.84770028
11.85693734
11.85815074
11.87507166
11.89029386
11.92019486
11.92778516
11.93973813
12.06777868
12.09605034
12.12037348
12.13030247
12.15757708
12.16072734
12.16698098
12.21372889
12.21638132
12.21860995
12.25752459
12.28361824
12.29323502
12.29503538
12.30357931
12.30585527
12.32378750
12.33278910
12.33585955
12.35751901
12.38310155
12.38702257
12.40150997
12.46193395
12.49002515
12.55579566
12.62822052
12.63484668
12.64564087
12.65982699
12.66535611
12.69360447
12.69983812
12.71281547
12.73164306
12.74280492
12.77042109
12.77153317
12.77978265
12.81627041
12.83177970
12.87375525
12.92240031
12.98077001
13.01072808
13.04830891
13.07030501
13.09124117
13.12201856
13.12219589
13.16413035
13.19907757
13.21198011
13.22111037
13.28053357
13.30650083
13.33722181
13.34489230
13.35786423
13.38157126
13.41500182
13.41795271
13.42926315
13.47136972
13.50307148
13.58797921
13.64758464
13.65422998
13.66816016
13.69907592
13.73974247
13.76317076
13.78879099
13.82183564
13.87816390
13.87978512
13.94640322
13.97042837
13.97262132
13.99681595
14.02318297
14.02434715
14.03349370
14.16225242
14.19350687
14.21862564
14.27516006
14.27911495
14.34730445
14.40097359
14.43231757
14.51705796
14.54067239
14.58664342
14.61360225
14.61841383
14.62488261
14.64947256
14.70037113
14.70339120
14.72506926
14.74327131
14.76900866
14.77668975
14.79037911
14.79717972
14.81303993
14.81496471
14.81747898
14.83443007
14.85612245
14.88636947
14.89217548
14.90869988
14.91152748
14.92073796
14.94944359
14.96262272
14.99777415
15.07443472
15.08653136
15.08684743
15.12002680
15.12624826
15.14194642
15.14655222
15.15364878
15.16233677
15.21340393
15.22081713
15.23347815
15.24469188
15.28130937
15.40092222
15.46759636
15.47712205
15.49382032
15.49872602
15.51286333
15.52678639
15.54998909
15.55980320
15.57577467
15.59300732
15.59663877
15.62332773
15.63899671
15.65006455
15.68204348
15.71706866
15.71729808
15.72083729
15.76038042
15.84979057
15.85799438
15.90542430
15.95462797
15.97091372
15.98792540
15.99418300
16.04550912
16.05785060
16.07441330
16.08886956
16.11696421
16.15470661
16.15520272
16.22928216
16.23299932
16.33925838
16.37624037
16.44233682
16.45168520
16.45225519
16.47344916
16.49276179
16.51274097
16.59921211
16.60152865
16.65288334
16.65983572
16.71703736
16.74418465
16.75955144
16.79851461
16.82382188
16.84020940
16.85519078
16.85554619
16.90926947
16.95147643
16.95636775
16.95939305
17.00207607
17.00241950
17.00481619
17.02024213
17.03401897
17.04722818
17.09671946
17.11648469
17.11723983
17.12666265
17.13235784
17.19024476
17.21689195
17.25795408
17.27519539
17.28635520
17.31137155
17.32087700
17.45312565
17.47939709
17.48741092
17.48819614
17.49516542
17.49728571
17.51190295
17.57674824
17.59218695
17.59667914
17.61841566
17.72335409
17.72554225
17.74413794
17.74915140
17.76707060
17.79963871
17.84970483
17.93137126
17.97052904
18.00297537
18.02047643
18.09029405
18.10829883
18.15561972
18.23094957
18.25981664
18.26165507
18.27894042
18.29346168
18.33350969
18.34919808
18.38458200
18.40905616
18.43880501
18.47128003
18.49631831
18.53906916
18.58829412
18.60738847
18.65230824
18.70274185
18.71325503
18.71351677
18.72762436
18.77582009
18.79744344
18.79894191
18.80164810
18.83084382
18.92291443
18.95395688
18.95447193
19.00212683
19.00807091
19.01916159
19.04145669
19.07552119
19.07581821
19.07840852
19.08215999
19.10626004
19.13604510
19.14861134
19.15974828
19.19236472
19.19401447
19.21633892
19.22384674
19.22746322
19.28758576
19.28959497
19.31041897
19.32869510
19.33153017
19.34887634
19.42440823
19.46172860
19.47058754
19.47831528
19.48694470
19.51682695
19.53237298
19.56314953
19.56401198
19.59329121
19.67056969
19.69568772
19.81097494
19.92160025
19.93261521
19.96982820
19.97093948
20.04287448
20.04584137
20.08191803
20.14079874
20.18469421
20.22002745
20.26159624
20.26421132
20.31371365
20.32853929
20.33350659
20.38992607
20.40372892
20.41089683
20.43834825
20.45363143
20.55678814
20.56576251
20.57470568
20.62850013
20.70492546
20.74265908
20.76634558
20.79836744
20.80160960
20.86510641
20.87174870
20.91683221
20.92400033
20.94727033
20.99469524
21.00225133
21.04001836
21.07114289
21.08524802
21.09399659
21.11340861
21.12554087
21.17409660
21.19097442
21.21411220
21.25329069
21.29623275
21.29632990
21.29969990
21.42088128
21.42697929
21.45143024
21.45685137
21.46324840
21.47956613
21.50206170
21.54664414
21.55474505
21.62936780
21.65072662
21.69529515
21.71375686
21.73688690
21.74930448
21.79782678
21.81582860
21.82503642
21.96020880
22.03082642
22.04163952
22.04567072
22.15584268
22.18250330
22.19159987
22.20460865
22.22120563
22.22351936
22.26597077
22.29005513
22.30540216
22.34578384
22.38037081
22.42893631
22.44363038
22.46799623
22.46845112
22.48571014
22.52390729
22.52626463
22.53510175
22.59672423
22.61598849
22.65463493
22.66651740
22.71676690
22.74562016
22.77118326
22.77371730
22.79041873
22.81485064
22.81887653
22.85448871
22.88122320
22.88934117
22.95892998
22.96829000
22.97489436
23.01264649
23.02253206
23.03397890
23.05569006
23.08302049
23.08913221
23.10056856
23.12227019
23.15155685
23.15385127
23.16522283
23.18448234
23.24714165
23.28678589
23.39767203
23.43476023
23.48368122
23.50253944
23.51003814
23.51312521
23.55466290
23.58309906
23.63735428
23.64607730
23.70138220
23.74154166
23.74860665
23.76592351
23.80111875
23.82786007
23.86701814
23.92666222
23.98055374
24.02045092
24.08575887
24.17018091
24.17163643
24.19319687
24.28688599
24.30190502
24.32371492
24.37328903
24.40581742
24.40790979
24.44498589
24.46510685
24.46590734
24.46768839
24.48474325
24.48690258
24.48901589
24.49066213
24.49218172
24.50231170
24.51998299
24.59952176
24.60029593
24.64198793
24.65722900
24.66860923
24.71025961
24.71180284
24.73777577
24.77503064
24.79902874
24.81751848
24.82327573
24.91981868
24.92442561
24.93802125
24.96712262
24.97238519
25.08744715
25.12083705
25.13346523
25.20007972
25.21576479
25.21769276
25.30886996
25.32406002
25.33819386
25.36539551
25.42553040
25.43719367
25.44023146
25.50797206
25.54607503
25.58054985
25.58486001
25.62086179
25.65033448
25.67938595
25.71124948
25.73426577
25.76285523
25.84869734
25.95946042
25.96739334
25.99356510
26.01693760
26.09256162
26.12018899
26.20188731
26.23477309
26.27198644
26.27254006
26.33927453
26.38493377
26.40116919
26.45048713
26.46758585
26.48649618
26.51564174
26.51792041
26.51970054
26.52338277
26.53221143
26.64333505
26.70576936
26.70916321
26.75076416
26.88403948
26.88581917
26.88675385
26.93286943
26.94648640
26.97788482
27.06027359
27.06030853
27.09526193
27.17780293
27.22198530
27.24392573
27.32981973
27.33171826
27.33812582
27.34053075
27.34732260
27.36133391
27.37834417
27.37936606
27.38445583
27.39034985
27.40323409
27.45942057
27.47686076
27.48694373
27.48731268
27.50310348
27.52955196
27.58208926
27.59246875
27.59871290
27.63918362
27.64056952
27.66892793
27.70448623
27.71600217
27.71993525
27.72882748
27.73989152
27.74794302
27.76449521
27.80494510
27.82010304
27.82688342
27.82981042
27.84617774
27.85548574
27.88265734
27.90858789
27.90958669
27.92478721
27.92705733
27.93393785
27.96016589
28.02197800
28.03614283
28.05936597
28.06002628
28.07175973
28.10020657
28.10491768
28.12493740
28.13917510
28.15397814
28.24091568
28.25020166
28.25210577
28.26419912
28.26674851
28.27157593
28.29124629
28.30253055
28.32850178
28.35337380
28.39397047
28.43565620
28.51997818
28.55551643
28.55922591
28.56585275
28.60255533
28.62888890
28.66251126
28.67174092
28.68098923
28.68381625
28.72731897
28.79681005
28.81340711
28.84775295
28.85486948
28.88321920
28.91076112
28.91099440
28.91577096
29.00413015
29.06284144
29.06965453
29.07523200
29.09158785
29.12802944
29.13465287
29.14419320
29.15653173
29.15821688
29.18014778
29.20386980
29.20990393
29.23074110
29.23238556
29.24258331
29.24602669
29.27259687
29.27524301
29.27877930
29.28667896
29.36011298
29.36017682
29.37801863
29.40863814
29.45967785
29.47270364
29.49032211
29.53498278
29.54211561
29.55860564
29.57482627
29.58690503
29.60577575
29.60800712
29.61160340
29.65097359
29.68829138
29.69443613
29.71608327
29.75009446
29.78535068
29.85263967
29.88368790
29.92208676
29.93355312
29.95572376
29.95580224
29.99321885
29.99512399
30.02455248
30.05004063
30.21784310
30.23805061
30.25170931
30.28942421
30.29743535
30.36859448
30.37176901
30.37528907
30.39182001
30.42708497
30.44797904
30.56125608
30.57011146
30.58443130
30.70136972
30.74184287
30.79014743
30.80380739
30.88145824
30.89370823
30.91707257
30.92134511
30.95192962
30.96421306
30.97238726
30.97521119
30.98089830
31.00016264
31.01612435
31.02114876
31.03839715
31.08494539
31.13131129
31.13757197
31.14481023
31.14672534
31.19726673
31.23404237
31.24149901
31.25976240
31.28952810
31.30561637
31.33864692
31.40224144
31.46997414
31.51941244
31.53497894
31.57688299
31.61659889
31.63742457
31.66750445
31.67012302
31.67850380
31.68874653
31.69391756
31.72718311
31.74654146
31.78486452
31.81446424
31.84119308
31.85914711
31.86794349
31.88341548
31.90370477
31.94259642
31.95206219
31.97853653
32.00154296
32.02483321
32.07764716
32.07879201
32.08703643
32.10354174
32.10937357
32.12074561
32.16557817
32.18327028
32.20438323
32.29552980
32.30021368
32.36827437
32.48240149
32.48754284
32.49026211
32.53376227
32.58163658
32.67935092
32.71170888
32.71790588
32.72995778
32.78014749
32.87043374
32.87215121
32.94765181
32.98256509
32.98353872
32.98540021
33.01507063
33.05208698
33.09267899
33.10425027
33.13800327
33.14509694
33.14691131
33.17576162
33.21819129
33.22398059
33.22745819
33.25380759
33.28709053
33.39144023
33.39306865
33.44689913
33.46827024
33.50042643
33.51557682
33.53001877
33.53515989
33.53960920
33.56616608
33.57636787
33.59951938
33.60968585
33.63321370
33.64115371
33.64265224
33.69185548
33.69667699
33.70474366
33.70682182
33.74342538
33.74807678
33.75088533
33.79582593
33.80274029
33.80437679
33.80923255
33.84324865
33.85898727
33.86071156
33.86290028
33.87623294
33.92192837
33.94599650
33.95751189
33.98433107
34.05055529
34.08242461
34.08614264
34.09346434
34.10916374
34.14540836
34.19238459
34.20782033
34.21826755
34.22262245
34.24429743
34.26215045
34.31743204
34.33248201
34.33289647
34.42067533
34.45809181
34.49064698
34.51763529
34.53812888
34.58066957
34.59992899
34.60930024
34.61524183
34.62033395
34.65324999
34.66071007
34.67050003
34.67276362
34.68051820
34.68205422
34.70548169
34.72197349
34.77317059
34.84194336
34.89242546
34.89780654
34.90579363
34.92633963
34.93131200
34.98349548
35.09441559
35.11016968
35.14219639
35.14806947
35.20239140
35.23336867
35.24730992
35.26271670
35.37906559
35.38193735
35.40240096
35.43273348
35.49744604
35.53885917
35.58092489
35.59305990
35.62235006
35.62765271
35.62822997
35.70493455
35.71793393
35.72177971
35.73900690
35.74607644
35.82133327
35.86310135
35.87051248
35.87233478
36.08844728
36.11315473
36.13651019
36.16363074
36.17391267
36.20920689
36.21107744
36.21334470
36.22418012
36.24744751
36.24955029
36.26141946
36.26689828
36.29688541
36.29756199
36.29817747
36.34887048
36.35738431
36.36794628
36.39248648
36.43208364
36.44178519
36.46878524
36.51293682
36.53066887
36.53231995
36.54673461
36.56828061
36.57033374
36.59297714
36.61665917
36.64173718
36.64522097
36.70066171
36.77217578
36.77878484
36.82844880
36.83649030
36.85859633
36.86551521
36.87082784
36.92108894
36.92861820
36.93317830
36.93858921
36.94229725
36.94329720
36.96335680
36.96571486
37.03308603
37.03441875
37.04354532
37.08077030
37.17485397
37.22165607
37.23846454
37.25042992
37.29626559
37.32105727
37.32260656
37.33534350
37.37660168
37.37896426
37.39152815
37.40553057
37.41513875
37.50945960
37.52106626
37.54998566
37.55075181
37.60161996
37.62278348
37.66085597
37.68440247
37.73011203
37.73642717
37.74226466
37.77593058
37.77756861
37.79597403
37.80547271
37.81522072
37.89316492
37.89326807
37.89530045
37.94893589
37.99129528
38.07008404
38.07446054
38.12737235
38.19148853
38.32867364
38.34758419
38.38522336
38.43899989
38.55337893
38.57854555
38.59795491
38.61321608
38.62036108
38.63365766
38.63715255
38.68697469
38.68971667
38.71372334
38.74807512
38.75301438
38.77727601
38.96947487
38.97652353
38.98131416
38.98990569
39.07486080
39.11495631
39.22687801
39.24489135
39.27348240
39.29941357
39.31242083
39.31342621
39.43218208
39.47256904
39.47324905
39.47370194
39.53267635
39.53877828
39.56111431
39.57402321
39.63222634
39.70953404
39.73487556
39.73581811
39.76188053
39.77191266
39.83993865
39.85279644
39.86146440
39.86464081
39.87885883
39.90021033
39.92022379
39.92160768
39.93455642
40.01214130
40.01317015
40.04873719
40.06596182
40.11731973
40.13896587
40.28061740
40.29185162
40.30238661
40.35741715
40.37319146
40.40220408
40.41648207
40.42197257
40.54200509
40.54431042
40.54711127
40.63074953
40.66012337
40.66317085
40.67170244
40.68161501
40.70037315
40.71616791
40.73192298
40.75060509
40.80189790
40.81730828
40.85571119
40.89438551
40.91083450
40.91172081
40.93919270
40.95207162
40.99668392
41.03027476
41.05610370
41.07010125
41.10597509
41.12373355
41.13166753
41.16927787
41.17382185
41.19179590
41.19454811
41.20147185
41.22588041
41.26631827
41.28048737
41.28919911
41.29375459
41.29809344
41.30833508
41.31242271
41.32488942
41.42849935
41.42874572
41.43204450
41.44006814
41.45749790
41.47921139
41.48495567
41.49174361
41.49979234
41.50312336
41.58486140
41.59812851
41.59876408
41.61767100
41.63662015
41.68416514
41.73939174
41.75841652
41.78161796
41.83778298
41.83785951
41.85705182
41.87831675
41.89124151
41.90082598
41.90504759
41.93615788
41.94953633
41.98252818
42.04317446
42.10209280
42.10940765
42.11766240
42.11914869
42.13683046
42.14162168
42.15448730
42.16695045
42.21494486
42.24802276
42.31239742
42.32779193
42.36271799
42.37214397
42.41222228
42.42241323
42.46912892
42.48711198
42.50183392
42.51280822
42.55910815
42.57337263
42.60559708
42.64175869
42.66624388
42.68358807
42.69667500
42.72175097
42.75795980
42.76324463
42.76670972
42.78693205
42.79185585
42.82060979
42.86599852
42.88065714
42.98512215
43.05158109
43.05671632
43.08261907
43.13480176
43.13956823
43.15878835
43.32396803
43.32648208
43.34411475
43.40210628
43.44942440
43.51734971
43.56071719
43.58529330
43.60910213
43.63645813
43.67804110
43.75450505
43.77184797
43.85735160
43.86947551
43.88845212
43.90978202
44.00044562
44.02349965
44.03620635
44.12184852
44.17426771
44.17988542
44.20118602
44.20878208
44.22800224
44.23022135
44.28858668
44.29050595
44.30652622
44.33325420
44.35410852
44.40604301
44.41319234
44.43257522
44.44392808
44.47952695
44.48763758
44.51228132
44.56296859
44.60629354
44.63317287
44.69157174
44.76615957
44.79151696
44.79159602
44.83010511
44.83507092
44.86437448
44.88304882
44.90619622
44.99409949
45.02252918
45.03539940
45.04363929
45.04422072
45.07911986
45.10359584
45.13540201
45.14031730
45.14638294
45.15503770
45.15822660
45.17786757
45.18124536
45.18291110
45.18992642
45.21590599
45.29669413
45.30537541
45.31287248
45.37012094
45.49385611
45.53749678
45.54136522
45.55330353
45.62361695
45.64218583
45.64392711
45.68867241
45.69459802
45.70265638
45.72271633
45.72623718
45.73443932
45.75914347
45.77621128
45.80695916
45.82228713
45.83060161
45.83845820
45.87575831
45.91219449
45.92119380
45.92336213
45.93699605
45.98865207
46.02870383
46.03948457
46.05198977
46.07477954
46.11417071
46.12027764
46.12098260
46.12496479
46.19097951
46.23196837
46.23442503
46.25381808
46.26415338
46.27556144
46.30688413
46.33493719
46.34177437
46.34364000
46.37915533
46.39568539
46.43136225
46.44633158
46.48244488
46.50548552
46.51715211
46.54852983
46.56924521
46.66874321
46.70148770
46.70867716
46.75425576
46.80668407
46.86368653
46.90861999
46.94299901
46.98165096
46.98935174
46.99800906
47.00326045
47.14659440
47.16669673
47.17390850
47.17705195
47.21483334
47.27494104
47.28407389
47.29122728
47.29672462
47.35303333
47.36694495
47.40833885
47.45001925
47.47384928
47.53639018
47.54544348
47.59845878
47.72856091
47.73078537
47.73152591
47.77572215
47.79114817
47.83384917
47.84225675
47.84362975
47.87822540
47.90292001
47.92993287
47.95963799
47.96001709
47.99301767
48.03016611
48.03102462
48.03534065
48.05616663
48.08498151
48.08891812
48.11702137
48.13600036
48.17007090
48.20444793
48.20445744
48.22510055
48.22968498
48.25101437
48.33619012
48.38949321
48.39718544
48.44865878
48.47741788
48.48987536
48.54934118
48.62344002
48.72229112
48.75011746
48.76471280
48.79488146
48.79798290
48.80252515
48.80501491
48.93093529
48.95439782
49.06464161
49.11435255
49.13653511
49.14363684
49.16916317
49.18762506
49.21526516
49.26046097
49.26528169
49.30997727
49.35411990
49.38988946
49.47905408
49.52188601
49.54607404
49.55549890
49.58395629
49.62199238
49.64134617
49.73238866
49.73477531
49.74231838
49.75139681
49.77951647
49.86501618
49.88522469
49.91859879
50.00833696
50.05565193
50.08749718
50.09355088
50.10865024
50.11478097
50.12294871
50.13121247
50.24255546
50.24427037
50.27461327
50.28545078
50.32376748
50.35374527
50.35655093
50.37982642
50.38746826
50.42149683
50.44689703
50.47293908
50.51518992
50.52369403
50.54716272
50.57385558
50.60968608
50.63557180
50.65849079
50.67009749
50.68425828
50.69678171
50.70581280
50.71009137
50.71297188
50.71861724
50.79275776
50.79277395
50.79615930
50.80503357
50.83310833
50.91569272
50.92932554
50.93043958
50.94262010
50.95538464
50.96330468
51.02474156
51.05811780
51.09237753
51.09255344
51.15645956
51.19845280
51.21360866
51.25573125
51.28247501
51.35990996
51.39058731
51.40344555
51.41084791
51.45084595
51.47840732
51.47864425
51.49184630
51.55530573
51.63098600
51.63504403
51.64145766
51.64711366
51.66736123
51.67813239
51.71286808
51.74358451
51.76202519
51.77473499
51.80038216
51.84721057
51.85301643
51.87166041
51.88697802
51.89526129
51.90699769
51.95122714
51.97257384
52.03302894
52.03714819
52.05339018
52.10351906
52.13379365
52.15679688
52.16475525
52.18776320
52.19106468
52.20412958
52.22749185
52.23688334
52.26925636
52.30871163
52.32955444
52.32985827
52.33406657
52.39151024
52.45576086
52.48551327
52.54817303
52.54852851
52.55136578
52.57236218
52.57889016
52.58083819
52.62137490
52.65262803
52.66721432
52.67136750
52.68380492
52.70511949
52.70726597
52.72131741
52.72645219
52.75480329
52.75816134
52.78234980
52.79318966
52.80693143
52.81483193
52.81613453
52.82051730
52.82299257
52.83179772
52.83458966
52.88075417
52.91206304
52.94060521
52.94624099
53.06670024
53.07173455
53.08087376
53.11849305
53.14040869
53.31598791
53.34095845
53.36046124
53.37037518
53.42573057
53.43105041
53.44193155
53.45584491
53.54606486
53.55202500
53.57581105
53.58298360
53.58487735
53.62844625
53.65742608
53.66193689
53.66656214
53.68664334
53.71290387
53.72158207
53.72746500
53.73561402
53.75279886
53.79764802
53.80439262
53.81025824
53.84089421
53.85599765
53.89793220
53.90003333
53.90255202
53.96536010
53.97667604
53.98347249
53.99480175
54.00220903
54.01666922
54.06930822
54.07926886
54.08622398
54.10659442
54.11071485
54.13790315
54.18575010
54.20985905
54.29450089
54.38376947
54.41357774
54.43345476
54.55005552
54.62317880
54.71894505
54.73184596
54.79988511
54.80559249
54.83062565
54.90302868
54.90946262
54.94392449
54.95624785
54.96071459
54.96417551
54.96778274
55.00305533
55.06670425
55.07566093
55.08838505
55.14159676
55.26244530
55.29524783
55.30275614
55.32908992
55.33375640
55.37446571
55.41907795
55.41962930
55.43952243
55.44847238
55.46428630
55.53093917
55.53216567
55.54426302
55.54890433
55.56150981
55.60085349
55.60252540
55.61291810
55.62427528
55.63455890
55.64799000
55.72454568
55.73975620
55.77616026
55.78029001
55.80691492
55.80954935
55.86091038
55.91174643
55.93259439
55.94174813
55.95181616
55.95205313
56.02706823
56.08022657
56.08573836
56.12306593
56.16474522
56.16478830
56.19889917
56.21174055
56.21537868
56.23121191
56.23506908
56.24103868
56.24859845
56.25146340
56.27434728
56.33557474
56.35218024
56.35224343
56.36924706
56.37096059
56.37478508
56.38201560
56.38258425
56.44929773
56.52146668
56.52261578
56.53224417
56.55117216
56.58738850
56.60789946
56.60821949
56.61441863
56.62524460
56.62725807
56.63810920
56.67303145
56.72822272
56.74408377
56.79507538
56.83919571
56.84954564
56.88204366
56.89326114
56.89913637
56.90506062
56.91122310
56.95823013
56.98139715
57.01167744
57.02621094
57.04922806
57.10017259
57.10259878
57.12308224
57.14526832
57.15212195
57.16641610
57.27988354
57.43217146
57.50490701
57.64284429
57.64678839
57.66337544
57.67187511
57.68471761
57.74106363
57.79400752
57.80976066
57.83119674
57.85876172
57.86211387
57.92734419
57.93572712
57.96044222
57.97395667
57.98239605
58.01095375
58.02723641
58.04563735
58.07894561
58.11896658
58.15517229
58.15813417
58.16132017
58.21419048
58.23653325
58.29901709
58.38936817
58.39498376
58.40962156
58.41975200
58.50384648
58.55371420
58.60015140
58.63494290
58.63895945
58.64250599
58.67025993
58.67401822
58.70708881
58.77229522
58.79661251
58.80203831
58.89926133
58.90270569
58.90451797
58.91021689
58.93801635
58.93827285
58.94958994
58.97870245
59.00158375
59.00467154
59.03953559
59.06187137
59.07658359
59.12667448
59.12916331
59.16780639
59.19345593
59.29526526
59.30371872
59.33316493
59.44164972
59.46747363
59.55241781
59.59007983
59.61489300
59.62914601
59.67634734
59.71216621
59.71388345
59.72710180
59.77494669
59.79426864
59.80105395
59.82336533
59.83890358
59.87907817
59.91761294
59.92668147
59.93462973
59.94978947
59.96031211
59.97573138
59.97907103
60.02565084
60.04896595
60.08463831
60.09379698
60.09825699
60.16437534
60.17322407
60.18358824
60.22915893
60.23625709
60.25932335
60.26288510
60.27735111
60.28105915
60.30707940
60.32041806
60.41410835
60.43064181
60.44226319
60.45331447
60.48614686
60.48963309
60.52302659
60.63549875
60.71878065
60.75774007
60.76760160
60.84103416
60.85076049
60.85223828
60.86557443
60.87410308
60.89322905
60.89507447
60.91041423
60.92405841
60.92804593
60.99794257
61.00320340
61.02992224
61.09045752
61.09736709
61.22210861
61.31140501
61.40883610
61.41339831
61.43238039
61.44180611
61.45733274
61.51153280
61.51426873
61.55666014
61.56910556
61.64670656
61.75545543
61.80295711
61.80790856
61.81999728
61.82797623
61.84903676
61.87082034
61.87137877
61.91209028
61.93969611
61.96052127
62.00806721
62.05170451
124.00000000
