0.00168730
0.00417368
0.03318456
0.10651965
0.11869543
0.16249369
0.17097220
0.19090219
0.19258287
0.19264872
0.20197627
0.26016439
0.28185069
0.30103342
0.30482192
0.31465139
0.32047810
0.32590845
0.34158957
0.39461891
0.39529321
0.40254151
0.42046290
0.42468775
0.47447324
0.49985520
0.50225234
0.50732346
0.53334488
0.58383777
0.60500034
0.64741566
0.65461925
0.66402774
0.74140499
0.74306631
0.79468502
0.89035820
0.92984250
0.93017255
0.93963862
0.95777617
1.00786945
1.02215889
1.02548591
1.04845684
1.05625949
1.06402524
1.08445220
1.08866683
1.13382789
1.18263867
1.20916010
1.27350747
1.29076306
1.30193489
1.35061778
1.37693763
1.41404269
1.41543764
1.56031203
1.58061568
1.58451258
1.59835208
1.61210582
1.62913432
1.63890762
1.65849839
1.66667591
1.67300689
1.72928337
1.73576397
1.78536243
1.79640382
1.81701195
1.82285808
1.83799688
1.84935352
1.88015294
1.90011462
1.93187633
1.95749190
1.95938008
2.02487791
2.06700520
2.09179069
2.10927446
2.13132313
2.22400812
2.23395086
2.24142882
2.25774341
2.33218559
2.41029006
2.46363026
2.48117811
2.52217873
2.53333771
2.54836562
2.55753878
2.57362392
2.62689309
2.63894366
2.77281238
2.82759784
2.82909069
2.90834653
2.97266992
3.00907442
3.02377037
3.10102810
3.17370277
3.19250003
3.20767111
3.22476363
3.25567090
3.25732036
3.30811095
3.33770150
3.36716354
3.39364647
3.41247149
3.41473172
3.43342591
3.48172415
3.48905818
3.51536476
3.57145670
3.57962991
3.59515090
3.65227186
3.67385053
3.68422424
3.69322561
3.75068276
3.75384439
3.75658030
3.78324019
3.83245636
3.84313693
3.89394283
3.91795930
3.92623454
3.92864989
3.93224546
3.95137189
3.97317442
3.99761227
4.01352323
4.01532943
4.02149426
4.02429699
4.04753593
4.07484576
4.07862318
4.09197257
4.17164687
4.17373056
4.18038980
4.22079706
4.25667873
4.28364488
4.37582018
4.37813356
4.39336941
4.40719605
4.40756354
4.42926880
4.43532036
4.52257637
4.52898561
4.55307807
4.60516754
4.63303818
4.64175585
4.65390556
4.65907532
4.69910474
4.70270526
4.74038602
4.80908227
4.85290676
4.85915359
4.86240369
4.99116257
5.03030296
5.07890449
5.10428457
5.10924886
5.11242770
5.18368555
5.18964858
5.23034779
5.24031112
5.32268991
5.34559648
5.44764852
5.45817591
5.47177015
5.49084067
5.49554252
5.49604635
5.55577044
5.56799256
5.66800918
5.75628777
5.76269339
5.77353783
5.78903624
5.79785933
5.81063702
5.83577679
5.86444016
5.86827411
5.91911185
5.92284713
5.96311033
5.98036726
6.01641293
6.02421182
6.03962356
6.06419501
6.07986357
6.12148100
6.14971936
6.15638687
6.17846594
6.17944740
6.17992449
6.21597565
6.23315896
6.24407708
6.25608307
6.29589848
6.32371221
6.33629672
6.34813795
6.38054934
6.40679025
6.41549168
6.42929786
6.50122927
6.51409489
6.53028367
6.53308822
6.56742736
6.61095924
6.61289807
6.62739614
6.67271369
6.69939967
6.70069041
6.75950709
6.76590254
6.81833265
6.86794021
6.87836231
6.88330668
6.88993971
6.93638926
6.96133068
6.99220826
7.05221607
7.11391247
7.12618312
7.17116065
7.23480778
7.31113170
7.32424772
7.34106333
7.34562478
7.35179140
7.41233756
7.44095927
7.44509283
7.46246645
7.48015475
7.49148795
7.61904792
7.62692298
7.67271862
7.70031330
7.84437703
7.89511698
7.93482027
7.93965689
7.99203397
8.00535944
8.03540382
8.06071661
8.11085748
8.18466983
8.23496212
8.26147611
8.34248922
8.37384091
8.38071156
8.40787747
8.41634314
8.41666171
8.45042146
8.54287680
8.55761357
8.56304266
8.56578457
8.56776164
8.61137048
8.67010742
8.67937416
8.69535538
8.71509725
8.71691062
8.75145211
8.75401508
8.77145336
8.81426313
8.81974793
8.88884440
8.90632607
8.91551682
8.93761661
8.94065269
9.02196973
9.10123536
9.15683285
9.16058447
9.16176395
9.21577589
9.25625372
9.27445243
9.27742639
9.29619905
9.32027712
9.32970163
9.33712813
9.34167541
9.35498927
9.36223116
9.42791673
9.43316999
9.45981815
9.46965824
9.47345313
9.47410925
9.49463171
9.50334264
9.58906892
9.65335092
9.69357357
9.70294772
9.71620035
9.72027776
9.74843841
9.75564984
9.77320584
9.78471721
9.81666048
9.88244788
9.90281783
9.95518340
9.96610628
9.99530267
10.00864973
10.05873098
10.10983017
10.12092083
10.12730798
10.16943978
10.18177000
10.18515695
10.20448575
10.21112440
10.22202180
10.28829603
10.32287092
10.42198681
10.42441657
10.46378633
10.49217300
10.49590334
10.55319551
10.55696910
10.61783544
10.64236553
10.64911717
10.68989238
10.75899141
10.80378607
10.85526818
10.88926693
10.97106682
10.97540361
11.02981602
11.03844158
11.06578238
11.10947761
11.12128918
11.14464589
11.14869035
11.14878926
11.16631160
11.21250407
11.22184270
11.22964354
11.23248341
11.23535970
11.31368145
11.32283876
11.32960894
11.36446940
11.41202965
11.43413050
11.49161053
11.51727472
11.61145948
11.62613891
11.63979604
11.67282882
11.71338798
11.71798540
11.75553844
11.78384866
11.81169768
11.83385126
11.99185621
12.15921966
12.16060588
12.22821429
12.24356793
12.26104790
12.29965435
12.38310155
12.39129339
12.39913532
12.41495999
12.43493849
12.46286142
12.48260788
12.48323270
12.50657432
12.57010962
12.60303214
12.62553825
12.63686284
12.70250247
12.70460672
12.71001021
12.71640380
12.72079125
12.73159710
12.74563844
12.75034653
12.76246805
12.77153317
12.77549929
12.81416240
12.83199894
12.91052986
12.92714712
12.94707331
12.96185266
12.96187403
13.03038867
13.05384426
13.06393254
13.06954610
13.09170775
13.10501722
13.11349611
13.13329111
13.21519713
13.22432860
13.25022883
13.25910979
13.26364238
13.27796150
13.27875873
13.30246665
13.31110367
13.31601421
13.36975406
13.37502085
13.39185137
13.41500182
13.44343107
13.45259606
13.52560841
13.52601416
13.60992271
13.64894499
13.68302802
13.70698292
13.71162189
13.73163077
13.73317577
13.86391430
13.87293493
13.89198716
13.92958141
13.95798499
13.95922841
13.97620667
13.98425989
14.01134296
14.03716475
14.03944697
14.11378417
14.12928224
14.15180033
14.16630120
14.17480650
14.19506618
14.21752770
14.27728260
14.28243287
14.38125111
14.38191233
14.41514982
14.48364895
14.49792557
14.53564314
14.57017851
14.57506211
14.66334696
14.67744472
14.67834183
14.75084350
14.76435344
14.82891219
14.86171015
14.91693621
14.94448844
14.96475019
14.97063613
14.97442419
14.97731577
15.01547554
15.01658461
15.04500257
15.05412771
15.05998073
15.09149047
15.09263684
15.10616236
15.11084302
15.11875226
15.12504010
15.16656457
15.16861526
15.19418302
15.19740369
15.24469188
15.25153348
15.37206729
15.41218539
15.41835978
15.42354403
15.52200798
15.54875481
15.56793578
15.56896711
15.58901072
15.59272087
15.61604156
15.64240035
15.65143344
15.69289172
15.71982561
15.74242983
15.75844769
15.76694102
15.77444891
15.86326853
15.86694416
15.87422711
15.90597613
15.91870650
15.95755954
15.98792540
16.03675692
16.03733631
16.05200686
16.06576868
16.13142932
16.14108652
16.21076616
16.29697338
16.30090956
16.31661062
16.34660039
16.35701933
16.36027952
16.37032665
16.38787805
16.41710024
16.42884157
16.43562115
16.48266680
16.48840036
16.54984787
16.56674177
16.58452730
16.59234008
16.59774418
16.60931798
16.65288334
16.65398566
16.65528319
16.69208565
16.73540188
16.85156601
16.85519078
16.91599051
16.93617053
16.93860495
16.97354961
16.99220745
17.03308078
17.17742958
17.18369338
17.26665326
17.26755170
17.26842173
17.28362124
17.30499465
17.34570851
17.38742259
17.54319999
17.55824894
17.57058325
17.58658432
17.62210904
17.62757646
17.63764348
17.63886086
17.66097600
17.66885103
17.72449523
17.78228324
17.81802018
17.82474769
17.83485276
17.85013348
17.86542578
17.86785149
17.89931230
17.91603750
17.91976430
17.96119556
18.02241244
18.04502941
18.09492061
18.11022920
18.11864479
18.13012729
18.15561972
18.17277036
18.17303840
18.24606604
18.26165507
18.32763351
18.34543283
18.51825335
18.53646561
18.56521301
18.57876141
18.58244659
18.62334525
18.64196812
18.69313675
18.71492866
18.77334702
18.80708281
18.83230258
18.85619365
18.88807504
18.96720141
18.98312299
19.02475409
19.03391300
19.03478332
19.13970877
19.14121783
19.17082562
19.17366175
19.17691476
19.17961556
19.23416262
19.32869510
19.33301267
19.34428172
19.39676012
19.42052978
19.43874800
19.44028510
19.45658673
19.46287689
19.47784709
19.53350498
19.59798495
19.60194994
19.68964948
19.69702313
19.71815104
19.78791161
19.84136237
19.89759482
19.91203651
19.95687428
19.96754478
19.96982820
19.98450837
20.00305365
20.11519996
20.16817735
20.18377980
20.20237876
20.22179807
20.24112902
20.29886051
20.30615536
20.32519205
20.35354616
20.38150640
20.43080134
20.46988468
20.51549502
20.51955510
20.57402906
20.59131346
20.60131841
20.64252074
20.67796529
20.71058320
20.74324346
20.75042061
20.83296904
20.86510641
20.86719607
20.88988962
20.92272740
20.94516379
20.94750687
20.96666296
20.98214845
21.00229263
21.01375962
21.03770722
21.10299279
21.10553261
21.12348290
21.12482747
21.15585605
21.18647082
21.19782153
21.21996130
21.22066890
21.28984701
21.30540448
21.32539705
21.33621986
21.35541740
21.35941616
21.38919829
21.41433181
21.44712743
21.47414369
21.48425044
21.48927031
21.58371417
21.64029136
21.74755685
21.76302456
21.83078079
21.86440973
21.89687792
21.94281874
21.95429933
21.96804438
22.00185560
22.03190619
22.04504799
22.07564916
22.08040172
22.11931287
22.19639972
22.20740573
22.31376522
22.31756766
22.33424769
22.40422113
22.45636095
22.49476749
22.49949584
22.53009932
22.53148804
22.56087991
22.60526892
22.62752270
22.65685818
22.65702309
22.67977024
22.68090995
22.70271379
22.77118326
22.78607951
22.79567920
22.90625926
22.97500862
22.98123712
22.98798744
23.01591099
23.02351468
23.05819475
23.06825496
23.13147049
23.14630597
23.17063320
23.30982486
23.33284389
23.34087939
23.34413913
23.36926609
23.38003766
23.40603290
23.45914624
23.46126821
23.48357922
23.48368122
23.48370418
23.50259340
23.53580774
23.53745529
23.55689981
23.58431376
23.59844521
23.63227748
23.63735428
23.65244068
23.66138363
23.70228114
23.73825566
23.76528447
23.76824290
23.78537936
23.81807129
23.82801087
23.87784549
23.89247777
23.89981479
23.91946252
23.92712707
23.93341798
23.94451815
23.94509016
23.95965758
23.97820052
23.97828187
23.99840629
24.07170612
24.09625420
24.09831289
24.17323834
24.28655371
24.29925908
24.30982598
24.32374246
24.32913419
24.34703420
24.35674197
24.37613927
24.41881809
24.43119523
24.44025268
24.46028344
24.51527518
24.52228078
24.56065125
24.59453091
24.60415129
24.64198793
24.64217169
24.65319798
24.71196679
24.72291875
24.75077934
24.85311392
24.86134212
24.91676079
24.97238519
25.05904858
25.08250574
25.10498042
25.13271384
25.16296375
25.21720976
25.25682971
25.31016869
25.32374607
25.35182413
25.36686214
25.38266124
25.46262314
25.48205584
25.50223654
25.50988268
25.51061115
25.51705496
25.56082435
25.62983659
25.64609763
25.64719305
25.66388152
25.68746086
25.72464732
25.73235145
25.77266508
25.80433218
25.92760787
26.01156415
26.05842826
26.09593278
26.11953615
26.13012734
26.14303847
26.14812843
26.18013010
26.20188731
26.20227616
26.20984151
26.24310612
26.33909115
26.34946648
26.35945186
26.37921412
26.39636379
26.42625233
26.43506448
26.43585231
26.46481940
26.47044049
26.51970054
26.53686492
26.54360160
26.54785296
26.57032169
26.58878159
26.62155994
26.62907921
26.64564077
26.66755368
26.67676554
26.68053919
26.70533687
26.78433340
26.79429804
26.79825254
26.84864834
26.87616496
26.88251813
26.89933473
26.90799866
26.94031609
26.95736414
26.96656095
26.97830780
27.01241644
27.02842301
27.08291976
27.08934296
27.09267381
27.11679625
27.16870787
27.18653833
27.23666947
27.23968652
27.30783999
27.41452992
27.43118919
27.44148800
27.44861528
27.47047445
27.49985970
27.50625772
27.53457641
27.55581294
27.56880813
27.57203211
27.59348049
27.61823221
27.64475294
27.66614383
27.67243041
27.69056742
27.69842928
27.70358521
27.70380574
27.71292522
27.73409761
27.74702918
27.75085141
27.75213577
27.78537552
27.79705769
27.82253108
27.83188233
27.86798456
27.87174432
27.88337083
27.88547334
27.88553938
27.94235241
27.96282201
27.98585532
28.00165446
28.01644178
28.02035777
28.04583184
28.05598706
28.05894940
28.13047157
28.13827597
28.14052378
28.16724008
28.18675048
28.19514300
28.19961347
28.21996259
28.24959449
28.26724265
28.37002734
28.40666212
28.41280181
28.42963285
28.43565620
28.45003341
28.48619178
28.51665572
28.65886595
28.68962978
28.72830082
28.75342247
28.81595623
28.82077922
28.84299834
29.03779351
29.04831751
29.05676641
29.06815591
29.07231765
29.10740785
29.16321555
29.16671480
29.20698980
29.28009330
29.28789292
29.30636438
29.33040793
29.34267525
29.36114816
29.53074845
29.53212333
29.53911835
29.59137889
29.61160340
29.61252005
29.63191379
29.63256447
29.76154661
29.81997130
29.86721648
29.87869127
29.88645153
29.88943145
30.00422071
30.03120324
30.04292070
30.07926939
30.15713948
30.22587620
30.23702763
30.29103743
30.31307938
30.31943727
30.43154691
30.44169468
30.57484279
30.58107619
30.59780202
30.64881085
30.70136218
30.71886751
30.74748617
30.78492371
30.78605912
30.79014743
30.83214983
30.84631407
30.86372966
30.86800803
30.89370823
30.92720707
30.93116293
30.93952990
30.96818467
30.97107238
30.97180895
30.98237022
31.06011639
31.08361279
31.11862570
31.12751679
31.15204291
31.20363701
31.20505301
31.20941726
31.24508086
31.26133884
31.26782585
31.27526775
31.35103893
31.35810193
31.36554840
31.36599890
31.40118540
31.42189016
31.43953620
31.47343471
31.47459988
31.48705285
31.49408490
31.51939102
31.52159565
31.57956972
31.58306158
31.61866082
31.66797904
31.86212051
31.86959789
31.87253284
31.91232662
31.92044895
31.95064784
31.96585471
32.01251627
32.02869878
32.06429999
32.13938812
32.17078415
32.17504522
32.21517605
32.22071699
32.25825721
32.34204592
32.36661170
32.44013892
32.45313243
32.46166496
32.46291282
32.47887823
32.49683193
32.51387263
32.54610706
32.56851100
32.58045438
32.61010564
32.62443809
32.62897156
32.66302578
32.69019870
32.70015936
32.71112496
32.72423622
32.79114606
32.80033119
32.94761484
32.95696461
32.97525964
32.99316572
33.00584975
33.10102529
33.11307316
33.12340092
33.13267123
33.15827043
33.18640836
33.24543324
33.26459929
33.29431665
33.33878897
33.34849636
33.35928000
33.37045789
33.40857003
33.42418122
33.44885935
33.52397038
33.55439022
33.57813660
33.61607216
33.63912466
33.68298382
33.68398458
33.68468812
33.68998607
33.70359747
33.70860135
33.72546338
33.79175796
33.79774588
33.81597628
33.88123432
34.05764054
34.11522551
34.13950356
34.16277774
34.16595492
34.18147247
34.20145865
34.30791147
34.31800818
34.32320999
34.32389081
34.33551797
34.35549560
34.36065716
34.36620380
34.38499737
34.39348940
34.40203058
34.40581465
34.42003115
34.43460069
34.44068032
34.50473886
34.51174725
34.53338925
34.53812888
34.53856467
34.54712983
34.57621324
34.64445161
34.64984245
34.70386055
34.70988935
34.71948314
34.74194531
34.75442158
34.77714630
34.80641780
34.83357927
34.83700020
34.84561497
34.84655542
34.86573375
34.86741152
34.87100170
34.93753909
34.97546810
34.99873994
35.04961815
35.08894418
35.20419910
35.20893857
35.22700147
35.24833329
35.25298987
35.26373997
35.28677706
35.31497184
35.33501694
35.35490082
35.40431471
35.48203066
35.48743715
35.48760370
35.50503869
35.51375406
35.52867008
35.53573362
35.53608451
35.57741419
35.58092489
35.58448039
35.65699656
35.67006879
35.74131243
35.75665038
35.80893372
35.85307325
35.87977360
35.88370444
35.89915082
35.97429258
36.00738844
36.05791168
36.05950577
36.10265698
36.11219688
36.11239391
36.19830154
36.26328949
36.30117348
36.30509789
36.34136111
36.39908550
36.43273607
36.46878524
36.48908953
36.57825538
36.59925361
36.60272275
36.62461798
36.64078458
36.71116021
36.71318083
36.71935605
36.79437835
36.83259647
36.93690518
36.95928854
36.99290275
37.02843790
37.05024901
37.05226389
37.08574637
37.10061630
37.10254271
37.15469607
37.15936286
37.18046359
37.22629371
37.22931344
37.26541087
37.28096570
37.29198782
37.29626559
37.31714452
37.33731664
37.37472624
37.41513875
37.45686549
37.50945960
37.54607771
37.61632227
37.62278955
37.63753096
37.72676272
37.72938519
37.74566144
37.78843990
37.80547271
37.81522072
37.81862748
37.86931278
37.87568274
37.88006264
37.94548567
37.98307219
37.99412722
38.00178145
38.02596178
38.04417520
38.05736363
38.05831959
38.07524550
38.07563189
38.09148962
38.12382915
38.13295760
38.16295105
38.17817802
38.19733415
38.24961700
38.26139324
38.26190798
38.27277277
38.30789225
38.38185167
38.38567483
38.43182895
38.45558477
38.47839901
38.50494527
38.53977434
38.57367432
38.58606144
38.61321608
38.65890917
38.67870266
38.69813659
38.71840925
38.71991416
38.74067729
38.75301438
38.82525669
38.88313920
38.91818630
39.00728703
39.01730908
39.06365912
39.08504984
39.13066411
39.19652750
39.21233618
39.24130342
39.28228647
39.28294747
39.33291937
39.37084345
39.38251138
39.41662410
39.49586168
39.50125699
39.54901233
39.57565317
39.58902682
39.58926411
39.78116788
39.88286842
39.94064395
39.96040862
39.96335207
39.97706371
39.98664648
40.02141259
40.04050343
40.04548062
40.08033778
40.08270380
40.10523522
40.11664831
40.12467973
40.14730390
40.14957503
40.16122210
40.18315835
40.19249889
40.19605393
40.22228177
40.23893796
40.27379771
40.28731167
40.33298343
40.34152230
40.34815508
40.36842119
40.37610297
40.38204197
40.42054646
40.47828250
40.51198946
40.51485363
40.51594416
40.52196000
40.52911658
40.55112231
40.55963780
40.57046046
40.57467760
40.58393540
40.58428871
40.68604418
40.73203831
40.74658644
40.82576402
40.82637235
40.85831096
40.90222567
40.97225925
40.98982850
40.99776856
40.99803175
41.02968219
41.05610370
41.08294369
41.09927246
41.17271658
41.18375619
41.24742946
41.28025328
41.30095676
41.32760065
41.39518464
41.40567315
41.46092446
41.47457229
41.48081368
41.49027344
41.50312336
41.56943076
41.62289610
41.62825850
41.64928080
41.66704781
41.70913733
41.72878995
41.72951732
41.81656909
41.81754701
41.82252478
41.86188039
41.92694603
41.97378829
42.00254472
42.05695368
42.10607224
42.11820637
42.12961353
42.13362325
42.13904050
42.15583881
42.17291235
42.19635024
42.28109255
42.29950650
42.30687046
42.31210047
42.32381333
42.34500789
42.36838632
42.39117809
42.39844504
42.47174737
42.47494386
42.47528137
42.48925505
42.49752006
42.53231956
42.58162985
42.60549102
42.62285531
42.62744765
42.70185634
42.70191922
42.70830516
42.73685009
42.74846512
42.75070203
42.78852219
42.79531027
42.82384641
42.82513884
42.85779242
42.87901175
42.93543750
43.01079608
43.05051850
43.05369821
43.06513465
43.08599697
43.09502303
43.17138393
43.21812237
43.26292401
43.27958354
43.30205056
43.30357621
43.35459570
43.38307389
43.38450056
43.42683165
43.44681406
43.46039296
43.48696576
43.49876201
43.52985640
43.55041286
43.55835132
43.59040238
43.59899269
43.60686887
43.61084342
43.67361129
43.67804110
43.68498038
43.72759393
43.77184797
43.82487400
43.82568620
43.83021417
43.83800806
43.84928568
43.85146298
43.85312239
43.88738244
43.91408858
43.96508894
43.97684650
44.04573406
44.07177248
44.17796950
44.20878208
44.21748995
44.21909206
44.30652622
44.30746424
44.33789716
44.34735130
44.35692934
44.36449250
44.43669358
44.45739127
44.47906895
44.54212721
44.58182669
44.64219269
44.65963201
44.66638094
44.71273388
44.72790842
44.73865570
44.74594526
44.81003843
44.87843838
44.88117608
44.90080901
44.92223057
44.92946797
44.93042488
44.94317430
44.98310658
45.05630567
45.09359691
45.10738035
45.13035638
45.16018128
45.17626212
45.20763677
45.25847274
45.28874519
45.32129560
45.34051388
45.36448701
45.37693735
45.40194490
45.41236050
45.41256937
45.46260540
45.54183003
45.57758537
45.61350191
45.62659827
45.64044051
45.64226371
45.68867241
45.73094753
45.77037116
45.93699605
45.94044721
45.95805929
45.98930214
45.99820044
46.08269878
46.10413174
46.15079228
46.19683748
46.21559374
46.21790516
46.23673035
46.26818384
46.30525442
46.49543503
46.51446798
46.53731855
46.62602600
46.63540267
46.65495962
46.69424782
46.70867716
46.70911328
46.72607654
46.79282235
46.81107711
46.82996907
46.83422591
46.90861999
46.93858494
46.97550567
47.00049562
47.00541969
47.00608007
47.01656473
47.02039273
47.05559175
47.08121481
47.09653042
47.09874411
47.10496536
47.11950852
47.13677087
47.13802348
47.14908941
47.15219047
47.17981237
47.20544624
47.24677150
47.25702597
47.26338868
47.28397456
47.29122728
47.31822109
47.31914614
47.34494811
47.34817658
47.41599670
47.43224731
47.53639018
47.54763994
47.58933900
47.63365673
47.64040057
47.65033475
47.65411165
47.65515133
47.67302958
47.74560222
47.75171863
47.76745384
47.78664131
47.78754952
47.79607255
47.83531471
47.83962690
47.86589859
47.92993287
47.95888110
48.00395090
48.00435233
48.00486668
48.00525285
48.03100963
48.05856361
48.07564042
48.08487072
48.09376926
48.10104103
48.11424637
48.17007090
48.17553833
48.27710046
48.27769571
48.34616439
48.36949857
48.40076110
48.40892132
48.41556171
48.42201950
48.45384566
48.47790896
48.48526880
48.50338690
48.55846034
48.57267915
48.58332883
48.60126603
48.63871180
48.64890911
48.67159709
48.70005934
48.73445876
48.77005242
48.82358596
48.82696648
48.83091151
48.89567852
48.93809916
48.94495351
48.94709984
49.00603390
49.01410862
49.01530566
49.01582902
49.06788754
49.11504602
49.11960917
49.12344050
49.12893828
49.21407470
49.22881159
49.26585672
49.26727062
49.28768192
49.29046398
49.33148891
49.36179328
49.39862180
49.40126727
49.41192339
49.45702561
49.45766403
49.45888081
49.47916278
49.53718825
49.58713777
49.61035471
49.61039181
49.64402743
49.67827252
49.68635639
49.80585700
49.82300226
49.82360505
49.84545398
49.85590104
49.86063744
49.88404230
49.89036454
49.90023903
50.06335508
50.07047936
50.24519119
50.29533341
50.35999308
50.37670686
50.38483479
50.43172250
50.49997331
50.59583823
50.65849079
50.67268334
50.68070472
50.69987599
50.70134840
50.73238252
50.76291524
50.86033802
50.89575447
50.89798960
50.92817191
50.92932554
50.95529986
50.96684830
51.04999038
51.05829237
51.06187318
51.10335194
51.13304081
51.14477909
51.14489431
51.15537046
51.31923031
51.40081309
51.47840732
51.52957238
51.56555213
51.57557431
51.60099139
51.61340617
51.65082618
51.65571968
51.66071674
51.77739260
51.81476636
51.86031562
51.90974717
51.92787370
51.96569857
51.98339178
52.01269863
52.02581964
52.02677396
52.04107360
52.05014334
52.05687185
52.13146175
52.13297730
52.15115112
52.16149585
52.16982079
52.18776320
52.32523471
52.33615694
52.34834020
52.41981017
52.42698657
52.45527948
52.47944085
52.48476136
52.49629412
52.49929334
52.56969823
52.61795848
52.64125004
52.69019468
52.69760990
52.70470471
52.70588688
52.76566579
52.82299257
52.83780642
52.84581763
52.86489900
52.93102107
52.95094319
53.00476699
53.06404597
53.08084117
53.10282943
53.17774160
53.27507488
53.27903327
53.32268338
53.37567094
53.40018540
53.40478351
53.43345783
53.43967905
53.44065148
53.46988168
53.47404367
53.55493266
53.57069267
53.57072148
53.57267467
53.58030685
53.58544952
53.58882579
53.62823288
53.67649045
53.77541432
53.80498907
53.82770697
53.83865376
53.84100516
53.92794178
53.92867199
53.93673224
54.03151470
54.07299518
54.07625051
54.09825594
54.10601827
54.11633906
54.12718653
54.14627287
54.15884870
54.17517876
54.19733150
54.20713320
54.22270539
54.26839734
54.27992112
54.28382443
54.28717174
54.30202352
54.36639730
54.38696962
54.40308341
54.41904310
54.42073581
54.48058619
54.49871403
54.50147201
54.51640457
54.56758046
54.60947732
54.64363370
54.66025043
54.71494097
54.71523602
54.71990608
54.75656734
54.76100919
54.76562633
54.77990657
54.82213389
54.88907648
54.89144658
54.94214233
54.94266126
54.99663970
55.00163973
55.04152677
55.05072967
55.05249901
55.07191414
55.08939520
55.10482166
55.11418798
55.11995425
55.13910667
55.24591974
55.27528157
55.27754549
55.28320334
55.28901970
55.33640767
55.36164050
55.40685155
55.53274190
55.54426302
55.56073282
55.58035852
55.62640059
55.66103169
55.71153520
55.78913578
55.84781012
55.91311932
55.97104256
55.98118853
56.01739685
56.02245971
56.05200464
56.12754905
56.13870525
56.18574498
56.19944689
56.21028089
56.22586464
56.23121191
56.35218024
56.38201560
56.38448240
56.38972558
56.44325057
56.45152345
56.46421661
56.50448975
56.52327057
56.53849096
56.55617121
56.57745871
56.57781513
56.57950769
56.60879665
56.65298059
56.67697688
56.69300537
56.70816469
56.74240726
56.75754666
56.78178200
56.78572169
56.80392028
56.85996137
56.86012336
56.88841610
56.90753000
56.91975098
56.97633687
56.99619524
57.01621161
57.04087885
57.07358109
57.10017259
57.12844719
57.18743970
57.20326990
57.22660540
57.27665672
57.28730469
57.30234070
57.30354518
57.34659302
57.41977590
57.42019936
57.43217146
57.44846495
57.46611426
57.46722831
57.47091752
57.47448335
57.61252115
57.63795798
57.65854169
57.66421151
57.68110323
57.68260720
57.69849334
57.75449781
57.87511535
57.90036472
57.90861657
57.91034695
57.94208101
57.94413122
57.95608334
57.95880440
57.96185584
58.04325119
58.09991080
58.11026180
58.11859893
58.12858589
58.18795148
58.19782610
58.22605169
58.22966478
58.23391548
58.24686063
58.25415691
58.28547296
58.28668289
58.31129727
58.31208478
58.32925354
58.34196715
58.36762902
58.37685797
58.38722230
58.45852755
58.46722620
58.49519118
58.51663285
58.54575539
58.59193605
58.60363809
58.70068397
58.72004691
58.74670301
58.75842201
58.77947304
58.80323226
58.82842102
58.87750357
58.92239439
58.93801635
58.99154236
59.00706227
59.04143728
59.05300803
59.09080903
59.13089456
59.15024915
59.16575512
59.18423477
59.24853213
59.25378404
59.31794208
59.32884842
59.35217874
59.37807110
59.44704222
59.44873669
59.48581903
59.49072960
59.51048104
59.51450906
59.53178731
59.54331438
59.56363050
59.56640672
59.60746992
59.61670326
59.62002795
59.64735477
59.65823588
59.69305437
59.70274647
59.75576812
59.77942542
59.78595306
59.78940075
59.82719375
59.83336046
59.85388482
59.86050389
59.90171335
59.90485615
59.91648996
59.95082818
59.96737892
60.05397370
60.07639281
60.13275871
60.17234367
60.22557727
60.23506200
60.24291026
60.26288510
60.28650608
60.34324822
60.34663507
60.34953716
60.35635845
60.35861993
60.36660835
60.38503575
60.39458866
60.40348938
60.46614921
60.47051235
60.48567406
60.58672403
60.59473719
60.61379607
60.61863621
60.67952745
60.75775681
60.75804498
60.84521722
61.06001909
61.11662025
61.12150143
61.13621205
61.14272089
61.16208132
61.17105591
61.19329961
61.23693689
61.24472354
61.25896575
61.27605379
61.31776151
61.34565064
61.36948791
61.42186400
61.48940104
61.56676174
61.58118939
61.59847768
61.67382501
61.68346025
61.70157125
61.70775335
61.70778990
61.71599850
61.73668623
61.76461907
61.79412738
61.79691298
61.90774457
61.92127649
61.93969611
61.95184168
61.96798709
62.00079913
124.00000000
