0.00417368
0.03554602
0.08310805
0.09729628
0.11631294
0.15293240
0.15308586
0.16285296
0.20575301
0.22539945
0.25576679
0.26322775
0.26995094
0.34476310
0.39461891
0.42723292
0.45094707
0.47898963
0.60392622
0.62438565
0.67310236
0.67332976
0.69147971
0.72015588
0.72565208
0.73137266
0.74956935
0.76233799
0.77717987
0.78514795
0.86161538
0.87856384
0.94538531
0.95140284
0.95777617
1.03201257
1.03715781
1.05538884
1.23028892
1.29956527
1.33106550
1.37219783
1.37807846
1.38960113
1.39130485
1.39595361
1.42470080
1.42655208
1.43702087
1.46687701
1.47379534
1.49620639
1.49748279
1.49962960
1.53331211
1.57546100
1.61303421
1.63491156
1.63826282
1.65849839
1.74156283
1.82636190
1.82752581
1.85917261
1.87674321
1.93969652
1.95938008
1.96189952
2.02592005
2.08877642
2.11377280
2.11700062
2.21416615
2.21465393
2.22645981
2.24902555
2.25718291
2.25789938
2.27899138
2.35681568
2.36123997
2.36229168
2.36905945
2.37702648
2.40202517
2.41457808
2.42132301
2.42395863
2.46063150
2.47449077
2.50348180
2.50389086
2.55363140
2.58234806
2.58544868
2.60956888
2.62187623
2.62305785
2.62836054
2.65103005
2.66472682
2.67088589
2.70306734
2.75330957
2.75593175
2.85150191
2.88814480
2.89799410
2.91209515
2.92244583
2.94859819
2.95659613
2.95665712
2.96501170
2.98142967
3.02496159
3.18694316
3.29295380
3.31025769
3.34037401
3.34146375
3.34650512
3.46982486
3.51494431
3.54670103
3.59515090
3.79529723
3.81482681
3.82962580
3.84553394
3.85288795
3.87012199
3.89909177
3.91620970
3.97447542
3.97517926
3.98727977
3.98768666
4.01532943
4.03040546
4.03964351
4.04973948
4.17798780
4.17863432
4.18315775
4.19810443
4.21449378
4.23516491
4.26240372
4.33056221
4.35391933
4.42700467
4.42926880
4.43614394
4.44385296
4.46129389
4.48092476
4.52040273
4.54301174
4.55297232
4.65390556
4.70537733
4.71193543
4.75021896
4.81956094
4.81976656
4.83416787
4.83855095
4.84539126
4.94897910
4.96407851
4.97326406
5.00979704
5.06531628
5.07602553
5.10252071
5.11907405
5.19077675
5.19173478
5.19898781
5.20905508
5.24031112
5.26420878
5.28401284
5.29083170
5.33891476
5.38362402
5.41839987
5.43703603
5.43902570
5.44311413
5.55067738
5.69953161
5.70700120
5.70918048
5.71442153
5.74053809
5.77700457
5.84080716
5.86005611
5.90151886
5.96871891
5.97600289
6.06340181
6.08997388
6.12398875
6.14975467
6.19153058
6.30031052
6.33195647
6.34628584
6.36768713
6.44631603
6.51106247
6.53154825
6.54411948
6.57046654
6.58073024
6.58692507
6.58841147
6.60116571
6.61428677
6.62824619
6.65969071
6.68677441
6.77225964
6.77289774
6.81987180
6.86421505
6.86528558
6.90645262
6.95853087
6.98576430
7.01091898
7.05884810
7.13471636
7.17605538
7.19713306
7.20816850
7.23769571
7.24961796
7.30018757
7.32384250
7.32424772
7.34562478
7.38988773
7.39630568
7.39867707
7.40821159
7.43829617
7.47703096
7.50917056
7.58183855
7.62669043
7.63572440
7.64281918
7.65321012
7.66468432
7.66534580
7.72707835
7.73174645
7.74021801
7.74173209
7.75690208
7.78621664
7.90838380
7.91910306
7.96008775
7.96919991
7.97524232
8.00188575
8.03259695
8.04580426
8.04883801
8.04983578
8.10274816
8.22859282
8.25599199
8.28291994
8.29955691
8.31539000
8.32503488
8.33755514
8.39709252
8.41960928
8.44982009
8.48552421
8.52290738
8.54619236
8.54733907
8.55373904
8.56415641
8.61918630
8.67010742
8.69666394
8.72695147
8.75422931
8.81846981
8.82398318
8.86774989
8.87207196
8.87475866
8.89425825
8.90945210
8.91193359
8.94258874
8.95746338
8.96503568
9.03319851
9.05759649
9.05902649
9.08304978
9.09095161
9.12325658
9.14401442
9.15555492
9.17473361
9.19388294
9.20743370
9.22047291
9.24480667
9.27270183
9.31578137
9.32801154
9.32970163
9.35059014
9.36703753
9.36794369
9.39358540
9.39730783
9.48154834
9.50777494
9.53535894
9.56194964
9.58089169
9.60209411
9.60587974
9.62367606
9.65008801
9.65761487
9.66217995
9.68462870
9.69112367
9.70934152
9.72027776
9.72843432
9.76773960
9.77584888
9.80048358
9.81392495
9.82459730
9.86634740
9.86647407
9.88197457
9.89949037
9.91328170
9.91588476
9.94172106
9.96653847
9.99062094
10.00016871
10.03681864
10.06744025
10.06972773
10.07982646
10.09362922
10.12730798
10.14305950
10.16011736
10.19244687
10.19342698
10.27355458
10.30944107
10.35776394
10.36337061
10.43896716
10.44873357
10.48166095
10.59129805
10.61316273
10.68217933
10.69956942
10.72103181
10.79599394
10.82324816
10.88510256
10.88691125
10.94257833
11.00406743
11.01698475
11.03406828
11.05048204
11.06885174
11.08661520
11.11417922
11.11730708
11.12920499
11.19125928
11.19229780
11.19447523
11.25744846
11.27434461
11.29534059
11.33415323
11.34061263
11.37427324
11.40884504
11.41884457
11.49571847
11.50148332
11.50803504
11.53744572
11.61145948
11.65025669
11.65571701
11.66709897
11.66744046
11.66892135
11.68453819
11.80597050
11.87140167
11.87202183
11.92261404
11.92807809
11.94688052
11.94892948
11.96347403
11.96984765
12.00015043
12.00664138
12.02489096
12.11732113
12.19392295
12.28261255
12.29939169
12.30599237
12.31723461
12.43182983
12.44201096
12.52312847
12.53589427
12.55642788
12.60169504
12.61419223
12.62572499
12.66825218
12.72718836
12.73774962
12.88391475
12.88818748
12.92240031
12.94380827
13.00368618
13.00863209
13.01105106
13.02084023
13.05464796
13.06954610
13.12454205
13.13312040
13.14098922
13.18367944
13.20381050
13.21625617
13.24302115
13.24518105
13.25246844
13.28992109
13.31546297
13.31728271
13.34816969
13.45489755
13.46924319
13.47909708
13.48674003
13.49328665
13.49815267
13.65125845
13.68250199
13.74994602
13.75068576
13.77676170
13.82478210
13.83335262
13.84252604
13.84822467
13.86004390
13.91588003
13.93863664
13.95324772
13.96459589
13.99951739
14.00720053
14.08149156
14.08295222
14.09782248
14.13374045
14.15285203
14.18439935
14.22065419
14.27635809
14.29508768
14.35327325
14.36212709
14.41375602
14.48630782
14.49928740
14.54067239
14.54231264
14.56584289
14.58986805
14.59376032
14.61360225
14.69631165
14.73154167
14.73753323
14.77770892
14.78398351
14.79423979
14.80249577
14.80990114
14.88352187
14.89957990
14.91793463
14.93500343
14.95416112
15.01697246
15.06644370
15.07354458
15.18888906
15.19310340
15.20401845
15.23347815
15.27546013
15.28576950
15.31085021
15.32722569
15.32973703
15.34302154
15.39622009
15.39683762
15.42043588
15.42045479
15.43088455
15.45947920
15.47815936
15.52072179
15.57112424
15.57790711
15.67590188
15.70488913
15.71729808
15.72589138
15.73379248
15.73447780
15.76138129
15.77974532
15.78129997
15.94292309
15.96417434
15.99309502
16.00788064
16.03538381
16.04889162
16.09972124
16.11560332
16.13771514
16.14049952
16.15044987
16.15211128
16.17459019
16.17935198
16.21385702
16.25135886
16.27941013
16.29042228
16.29424505
16.31877714
16.33214035
16.34416744
16.40030144
16.41254049
16.41776919
16.44619738
16.45934846
16.46507246
16.55137458
16.63324808
16.67790412
16.71016885
16.76398247
16.76646571
16.76921155
16.85767553
16.87532943
16.92254886
16.92647228
16.99009007
17.02409485
17.04460061
17.06500631
17.07838310
17.14398519
17.14590669
17.16953503
17.21288896
17.22085557
17.23023222
17.29823146
17.35292500
17.35467742
17.35484779
17.37198032
17.38344094
17.38648146
17.40436367
17.44157132
17.45697815
17.47182002
17.47981686
17.52216865
17.56691576
17.58206588
17.58767033
17.59150019
17.60512192
17.62000430
17.62131546
17.63764348
17.69595371
17.69715018
17.73743866
17.74348003
17.77218365
17.77943273
17.78142217
17.80342993
17.81931475
17.84566856
17.84992425
17.85084442
17.86043804
17.86219474
17.86785149
17.87639551
17.88868330
17.89663732
17.94484061
17.95357098
17.97539711
17.99163625
18.03191955
18.04495012
18.06646409
18.13504362
18.14870642
18.15829332
18.16405561
18.17530491
18.19212494
18.20373453
18.21348292
18.25093557
18.30481806
18.34310920
18.34405335
18.37530407
18.40139775
18.44243139
18.48262330
18.48909506
18.51059804
18.54224702
18.54332752
18.58699012
18.62012967
18.62840088
18.62893354
18.65086472
18.65370178
18.65426180
18.66088260
18.68857714
18.69542302
18.70718344
18.71325503
18.72186034
18.73335090
18.74506738
18.76040969
18.76168050
18.80277544
18.82298380
18.82939282
18.88896989
18.90520687
18.93498314
18.99082918
19.01385582
19.02714240
19.07840852
19.10008514
19.10055279
19.12447440
19.14861134
19.17138053
19.23999245
19.24880038
19.33317604
19.35672433
19.36037045
19.39676012
19.42178359
19.47850265
19.51009932
19.54142387
19.60952253
19.61034786
19.61214517
19.63704203
19.65447097
19.72178266
19.82731098
19.82992439
19.84381593
19.96809385
19.96943239
19.97133930
19.98450837
19.98826871
19.99395117
20.00093330
20.02877086
20.12896000
20.13847373
20.17963376
20.21737206
20.21780298
20.22621625
20.24739066
20.34474155
20.35354616
20.35406330
20.37547100
20.44970848
20.46846381
20.53574561
20.55412772
20.61373548
20.63448379
20.66708997
20.68579612
20.70810199
20.70822072
20.72387721
20.76951343
20.77672965
20.82892122
20.83473233
20.85284737
20.89453757
20.89920016
20.95275523
20.97418676
20.99469524
21.00744917
21.02615647
21.03101882
21.05069942
21.10553261
21.13330773
21.14087166
21.15784514
21.26196518
21.27182144
21.30978526
21.40670042
21.42088128
21.46244229
21.51832335
21.53553681
21.60968121
21.61777107
21.63838439
21.65160423
21.68199503
21.70555552
21.72139672
21.72553275
21.72721707
21.72811725
21.73387863
21.75000957
21.75942127
21.78411395
21.85363565
21.89935579
22.00728187
22.01342471
22.04163952
22.11283522
22.11736485
22.12562671
22.17685167
22.24771807
22.24951461
22.24982139
22.32056871
22.32362241
22.32831595
22.35097665
22.36923837
22.39239310
22.40820144
22.42001037
22.44404826
22.46915942
22.49165909
22.52753322
22.64387453
22.66154462
22.67555164
22.72636345
22.80124611
22.83636857
22.84219221
22.85281513
22.86453259
22.89943693
22.90461919
22.99487231
23.00129540
23.08135132
23.09817418
23.13962702
23.14289296
23.16018791
23.21205008
23.27715027
23.30505575
23.30712653
23.40385289
23.40472409
23.43794130
23.46846212
23.54862779
23.54977050
23.56955526
23.57652654
23.61594313
23.61767274
23.65607196
23.74027630
23.79483559
23.81154870
23.84073863
23.86017918
23.86518829
23.87031258
24.04103948
24.07174348
24.10670709
24.12228259
24.17318194
24.17909384
24.21509608
24.22877219
24.36244018
24.38299922
24.39097622
24.41542447
24.42948456
24.45400429
24.48776896
24.52171227
24.53109636
24.54025928
24.56654523
24.57288726
24.57687874
24.63228215
24.64153095
24.66590311
24.70067714
24.79352383
24.82634199
24.83501119
24.88033722
24.95430447
24.95836588
24.96151963
24.97801060
24.98638876
24.99394117
24.99914421
25.02654938
25.02706271
25.03762276
25.06474123
25.07601784
25.08059023
25.08744715
25.09446109
25.10149183
25.10648446
25.14382514
25.21575515
25.22532825
25.23068832
25.24035889
25.24850217
25.28441784
25.30243914
25.32549980
25.43710524
25.44705751
25.46109479
25.48739654
25.51775895
25.55433231
25.56082435
25.58679449
25.58774738
25.63060588
25.64508398
25.64830156
25.66895758
25.68570374
25.69104680
25.70775770
25.76035356
25.84206890
25.85997654
25.86632482
25.88059838
25.88272812
25.91884039
25.93851801
25.95683486
25.99258949
26.02860380
26.11770590
26.13109269
26.13361104
26.13553834
26.19509836
26.23325621
26.34147492
26.34280289
26.38183209
26.38493377
26.39267086
26.41681487
26.42405740
26.45290490
26.52275490
26.55370888
26.56723696
26.57188368
26.57387226
26.57836024
26.58648888
26.60501671
26.64637588
26.66180107
26.67100236
26.75583325
26.75782026
26.78192085
26.78319896
26.79335143
26.80493817
26.83164748
26.84178352
26.84976920
26.86704750
26.88593896
26.94721111
26.95626715
26.98824210
26.99559107
27.02842301
27.07796736
27.07919521
27.08571868
27.09267381
27.09273952
27.10453235
27.13674383
27.14731078
27.15620946
27.16037363
27.16887037
27.19341643
27.21471321
27.22198530
27.22723901
27.28988231
27.29063013
27.32675427
27.44741993
27.45461825
27.59170843
27.59246875
27.61656156
27.62888547
27.70380574
27.71964490
27.75047565
27.75356638
27.76645547
27.77159669
27.79351110
27.80597805
27.86124264
27.92692240
27.95446548
27.97471355
27.99133369
28.01552628
28.02197800
28.02837668
28.03606610
28.03674591
28.05739262
28.05757803
28.06262845
28.10751812
28.10854346
28.12238056
28.14630592
28.15397814
28.18701029
28.18966186
28.28801563
28.30939059
28.32584096
28.32704444
28.32870584
28.33830978
28.35643046
28.38124690
28.48367273
28.49976790
28.50625937
28.55099354
28.55551643
28.56797130
28.58228020
28.64600337
28.67275235
28.72405381
28.74599299
28.78184260
28.79104492
28.82986123
28.86470183
28.87156242
28.88552270
28.89198445
28.99694780
29.01966579
29.10708030
29.16232734
29.16721980
29.16943979
29.19172415
29.19978493
29.25042472
29.25722849
29.28207610
29.28347281
29.32946515
29.33233492
29.33240132
29.33606752
29.36318988
29.41262171
29.43199848
29.45859499
29.50404565
29.51311400
29.58287492
29.58719985
29.58991747
29.62920353
29.72025201
29.72429776
29.72772209
29.77019438
29.79772413
29.82030602
29.82720938
29.82774266
29.84028252
29.90448435
29.90982482
29.93180195
29.97451841
29.97479083
30.02154263
30.03222771
30.04654148
30.04688675
30.07463877
30.07830454
30.09240209
30.12812855
30.12880841
30.17947661
30.20623100
30.22533555
30.24703134
30.25597085
30.37091678
30.40552280
30.41190421
30.42971654
30.47737249
30.48869843
30.51786060
30.52477710
30.52561699
30.53074400
30.55333351
30.60814598
30.62799463
30.66375395
30.67462738
30.73474540
30.78002606
30.78698224
30.81815199
30.83901746
30.86813400
30.86974895
30.88390450
30.96360020
31.01199475
31.04143646
31.05081251
31.07199295
31.07699338
31.11034576
31.11529564
31.13242964
31.13393978
31.14672534
31.18196419
31.22489975
31.24508086
31.27837207
31.28405452
31.29239025
31.33991380
31.35328874
31.36100678
31.37026890
31.37509045
31.42899700
31.48035111
31.54376997
31.54607542
31.56367637
31.58095001
31.58612237
31.61632412
31.61659889
31.65998728
31.78692011
31.80283232
31.83182280
31.83773260
31.84363769
31.88103315
31.93877015
31.96736101
32.04071545
32.12998891
32.17236831
32.18267833
32.18330819
32.20086307
32.20305317
32.24073031
32.30298042
32.40539178
32.41195535
32.42427016
32.45313243
32.45464131
32.45832635
32.48407952
32.48717313
32.48861983
32.52380199
32.53615158
32.53871770
32.62897156
32.64475426
32.67636284
32.68362061
32.70785545
32.71565345
32.72796911
32.77232210
32.98848773
32.99010362
33.02513394
33.05466528
33.07833005
33.08454949
33.11307316
33.11338864
33.13065820
33.18640836
33.19042959
33.19954666
33.21712298
33.25216916
33.26222361
33.26424214
33.26543026
33.27775113
33.28998925
33.33589821
33.42838518
33.44710555
33.49777214
33.52465973
33.53292442
33.54690067
33.62244972
33.65883813
33.69528224
33.70104247
33.70860135
33.72898698
33.73359316
33.74032045
33.78563354
33.80798220
33.82837245
33.82913764
33.87861823
33.88480254
33.91919509
33.92192837
34.01078314
34.01572369
34.07836406
34.08329020
34.09151189
34.10165885
34.13127838
34.14162922
34.20782033
34.25536333
34.26867320
34.31743204
34.32568156
34.34826479
34.37201959
34.39595967
34.43814537
34.44856102
34.45256943
34.46336290
34.46838439
34.47532309
34.48076425
34.48440163
34.50921991
34.53796469
34.53812888
34.57361562
34.58000351
34.58047967
34.59769472
34.60094846
34.65148644
34.66447161
34.68050908
34.74921561
34.75267867
34.79531100
34.83357927
34.85104795
34.87100170
34.89358808
34.91085192
34.92925765
34.93753909
34.95892028
34.97473266
34.97904289
34.99963097
35.09128913
35.10423266
35.12233406
35.12493082
35.13257145
35.17609138
35.19830053
35.20893857
35.22404367
35.24147682
35.24833329
35.26990886
35.29314859
35.41715123
35.48990736
35.49106925
35.51385544
35.53643539
35.54029799
35.54054539
35.54621262
35.56650088
35.57841106
35.59702522
35.62696272
35.64590729
35.65757501
35.65780640
35.71185073
35.81129046
35.89208637
35.90934785
35.91258674
35.91288214
35.92752657
35.95688430
35.97162702
36.01554126
36.05573405
36.05791168
36.09302382
36.09952064
36.11315473
36.12941464
36.20108567
36.30117348
36.34691882
36.34791339
36.35625046
36.38916931
36.39031825
36.39908550
36.43498465
36.43843281
36.43981854
36.45151696
36.56336617
36.59282217
36.62038165
36.64147072
36.64886317
36.67200780
36.67890574
36.73969352
36.75886702
36.78849851
36.82321512
36.87463447
36.91356361
36.95442442
36.96182256
36.96571486
36.98963510
37.03795940
37.04100275
37.05969276
37.06706997
37.11167402
37.17798563
37.22165607
37.23307864
37.24014358
37.26901662
37.28628356
37.32407005
37.33161037
37.35030713
37.38502988
37.40294682
37.43774114
37.44363325
37.48468107
37.56728963
37.59879311
37.61055962
37.65160445
37.67527527
37.71311558
37.74089460
37.75848009
37.79538762
37.92816813
37.94259335
37.94834897
37.98933351
38.11733246
38.14866532
38.16524195
38.20145067
38.23478108
38.30592256
38.31510671
38.41815794
38.48982583
38.51314988
38.55472149
38.59142425
38.60355432
38.60485792
38.62036108
38.62334796
38.62364861
38.62579099
38.62663878
38.63992433
38.66426262
38.67160092
38.68905533
38.72710257
38.73668555
38.74060678
38.74537973
38.78258489
38.78919688
38.80875076
38.85601726
38.86133005
38.90334572
38.95681877
38.99931996
39.01435476
39.03037043
39.05428034
39.11201957
39.11848816
39.12148514
39.20377175
39.21778367
39.26286882
39.27046178
39.27160794
39.33955391
39.36510055
39.44739805
39.58555118
39.59209922
39.66665455
39.70677683
39.72644021
39.72909556
39.73944444
39.74871427
39.75908014
39.76673523
39.77900082
39.81725632
39.89157345
39.90973870
39.92555806
39.94998237
39.95410423
39.98408248
39.98664648
40.00525941
40.06426158
40.10444532
40.11570368
40.11596062
40.14702071
40.18315835
40.18447109
40.19244335
40.19813785
40.22112738
40.24338740
40.25713127
40.27013744
40.27379771
40.36752882
40.39514623
40.40468709
40.40914393
40.43807048
40.49166087
40.49367870
40.49641061
40.50423620
40.57151860
40.65391442
40.66012337
40.66349390
40.66349677
40.66884245
40.68605398
40.77638878
40.79451929
40.81422712
40.84527563
40.86187900
40.93919270
40.94215396
40.97196403
40.97963791
40.98636204
40.99596444
40.99885721
41.01290080
41.02760349
41.06990974
41.08088290
41.09432186
41.10710619
41.17382185
41.17695188
41.18375619
41.18382333
41.20435138
41.23105938
41.27984973
41.28018170
41.29864897
41.33815303
41.34169398
41.35607610
41.37069750
41.40050636
41.44512711
41.46109052
41.46603855
41.48144607
41.49356867
41.53127369
41.54646729
41.55043031
41.55193367
41.60123541
41.61282312
41.61767100
41.63260296
41.66549146
41.68322428
41.69502676
41.72878995
41.79387487
41.82209443
41.88827594
41.90151392
41.90562680
41.92261903
41.96636340
41.98719054
42.05492249
42.05903921
42.09927536
42.13456565
42.13904050
42.15201942
42.17516129
42.20664727
42.23001605
42.23111105
42.25935590
42.30693923
42.30975905
42.35420644
42.46292490
42.47038106
42.48994583
42.54375731
42.55560952
42.56780675
42.63834815
42.69369651
42.72203121
42.76106606
42.80591347
42.80614558
42.82163078
42.85779242
42.86397559
42.92321230
42.96686854
42.98768959
42.99383415
42.99947597
43.01971488
43.02503321
43.03159619
43.03430856
43.07090778
43.12921835
43.15348896
43.18292721
43.20401676
43.21625941
43.22276597
43.22684761
43.27310942
43.29517426
43.30242211
43.33926133
43.34074541
43.38124903
43.42437116
43.42992385
43.45681040
43.46619746
43.47141102
43.51681354
43.54096040
43.55420074
43.60407450
43.64245208
43.67301572
43.68319032
43.75095872
43.75198352
43.80593466
43.81204708
43.81486578
43.90263455
43.90370080
43.90868390
43.92061768
43.93423855
44.02654392
44.04314015
44.05471702
44.08266137
44.10150108
44.10417787
44.11935512
44.14484522
44.16742700
44.25104581
44.25640878
44.25965268
44.27730582
44.34335658
44.46850482
44.48958828
44.52383204
44.53449964
44.55495216
44.63317287
44.64084944
44.64393087
44.67777120
44.70025634
44.72724823
44.73330094
44.74127156
44.76353108
44.80196381
44.80332895
44.81450672
44.82799847
44.85975464
44.89997238
44.92659019
44.94343280
44.99370212
45.01191947
45.04208372
45.04350676
45.04410858
45.04422072
45.07223351
45.10359584
45.12744509
45.15879724
45.18364715
45.22958815
45.25144564
45.26049899
45.27928796
45.28874519
45.31592808
45.33305020
45.37012094
45.37693735
45.38416808
45.38614339
45.39521484
45.40165922
45.41327630
45.41954662
45.43318975
45.44230309
45.50632653
45.51559767
45.57194909
45.66619803
45.67065056
45.72209519
45.76186221
45.77021926
45.80160406
45.82677136
45.87421575
45.88086279
45.90364203
45.94722909
45.95805929
45.98065533
46.01365963
46.06635126
46.12136388
46.12195639
46.14330105
46.21239553
46.22856988
46.23653160
46.25941277
46.28360563
46.30545634
46.31824216
46.32831293
46.35378117
46.43946649
46.47206025
46.48430100
46.53167001
46.58927187
46.60343554
46.61905040
46.62000671
46.67467056
46.74040915
46.79953576
46.81995940
46.86280959
46.88511160
46.92541910
46.95198118
46.97761993
46.98853370
47.03991307
47.04828681
47.08874152
47.10745259
47.13209746
47.13824038
47.15083865
47.15373973
47.16795691
47.18440149
47.22467093
47.25702597
47.26252287
47.27647624
47.30929898
47.31806590
47.36499631
47.36694495
47.41609762
47.50824050
47.52034750
47.55175582
47.57486879
47.60994282
47.61038187
47.61533435
47.67970360
47.71042729
47.80521138
47.82022072
47.82210957
47.90273109
47.94873785
47.97950961
47.99301767
48.01033781
48.04966047
48.05737660
48.06086224
48.10965177
48.11682125
48.12044639
48.14834052
48.15724369
48.18506760
48.21610865
48.24515887
48.28578944
48.29044247
48.38366411
48.47539315
48.47790896
48.48526880
48.54173636
48.54791213
48.59611451
48.62305348
48.62974725
48.70331473
48.73316945
48.74494744
48.74824290
48.75869534
48.75999071
48.79926168
48.82178110
48.82935119
48.84937671
48.86808717
48.86863135
48.87066482
48.91608327
48.94495351
48.99291593
48.99932022
49.09559542
49.15365363
49.17465471
49.17806585
49.18963324
49.20007955
49.21531776
49.26057578
49.29675786
49.30239603
49.32883896
49.34728310
49.40001759
49.40781705
49.45394441
49.48459157
49.50016076
49.53537411
49.55309006
49.62104061
49.63993498
49.74462629
49.75020455
49.78983241
49.81910951
49.90923685
49.92320463
49.92713323
49.97434462
50.00743954
50.07895750
50.12953572
50.13415664
50.16858829
50.17738382
50.22199860
50.27980135
50.30296556
50.39761134
50.44864598
50.50633343
50.64177469
50.69987599
50.71861724
50.77477141
50.78840468
50.83778337
50.85254790
50.90813153
50.95485938
51.05378741
51.11096427
51.12491829
51.14959110
51.17482172
51.18350350
51.25573125
51.28355308
51.30270048
51.33334789
51.36518823
51.39777394
51.40952039
51.43697691
51.46440974
51.46896572
51.52046495
51.55458273
51.55794417
51.57082135
51.58994989
51.60214840
51.65146733
51.65753705
51.66251363
51.71262311
51.71286808
51.72061596
51.72790633
51.77103797
51.81535758
51.84809449
51.85408736
51.85834072
51.93471393
51.94822839
51.95330797
51.97257384
51.98919816
52.00268869
52.02743544
52.04201117
52.06127012
52.07184324
52.16901397
52.19902066
52.23466145
52.30488077
52.30627538
52.34064606
52.47216470
52.51934253
52.52244783
52.55378287
52.63903285
52.67409084
52.75517826
52.82051730
52.82321052
52.83610551
52.85208497
52.91330297
52.93383760
52.94624099
52.97185198
52.97342511
53.00607425
53.08507524
53.08928080
53.12198971
53.12747361
53.15198274
53.17241756
53.17435851
53.19087389
53.20206836
53.24262937
53.28426858
53.35479811
53.35645331
53.38312731
53.49197236
53.49202951
53.52276017
53.55481061
53.58059285
53.61640547
53.63555195
53.66156965
53.66228524
53.75279886
53.77240387
53.82572870
53.83447484
53.89898587
53.96117744
53.97387780
53.99653174
54.00132179
54.04977091
54.08441387
54.09209161
54.10072027
54.17568596
54.18575010
54.20219960
54.21879208
54.26624711
54.32050816
54.35223335
54.36567591
54.39885130
54.51147253
54.51257594
54.54665107
54.55732624
54.56300334
54.59133399
54.60257668
54.60772246
54.60899565
54.64585914
54.65552142
54.66647857
54.71540867
54.71726714
54.76127279
54.79199000
54.79740370
54.89243676
54.91043395
54.93191654
54.94214233
55.01137616
55.04014920
55.04504067
55.06274744
55.08594725
55.09364738
55.11995425
55.14159676
55.21576810
55.24440452
55.25582728
55.26712183
55.27832112
55.31901121
55.39458795
55.42342842
55.45804174
55.47502830
55.47850974
55.53878070
55.56891290
55.57884968
55.61015505
55.61451430
55.64982952
55.71437764
55.71836614
55.71837804
55.76587863
55.84774446
55.84999839
55.87183015
55.87697765
55.91613743
55.97378392
55.99832393
56.00198320
56.01106640
56.03442201
56.05118234
56.12754905
56.14439052
56.14523860
56.20968736
56.25756774
56.30195364
56.35194000
56.37637258
56.39460772
56.39545754
56.40208598
56.43015584
56.44963144
56.45078432
56.46388530
56.47568936
56.60821949
56.61918599
56.64312312
56.66094166
56.68800466
56.69090826
56.80918582
56.81466678
56.85366483
56.86333560
56.87171913
56.92922251
56.95271905
56.97526001
57.00080272
57.01772708
57.07733709
57.11416745
57.11701967
57.11723488
57.11992337
57.15016200
57.15764858
57.18990995
57.21503075
57.25123887
57.26929576
57.27434016
57.27665672
57.28871537
57.36892872
57.37406815
57.37691388
57.38901239
57.39531200
57.46342869
57.49865978
57.50193676
57.61364166
57.64206050
57.68640428
57.70863621
57.74366332
57.74423794
57.82764059
57.84594983
57.85449221
57.87765962
57.90036472
57.90836662
57.96185584
57.98541623
58.02552749
58.04538867
58.06071341
58.10030442
58.11026180
58.13234320
58.16210407
58.27110101
58.28790747
58.31160653
58.32041390
58.32958401
58.34729280
58.36628881
58.53841382
58.55003474
58.56325564
58.56334133
58.57310154
58.65867870
58.73265165
58.73416777
58.73461270
58.77947304
58.78395850
58.79057586
58.79384042
58.81889455
58.86925986
58.89010451
58.99374000
59.00162227
59.02117238
59.02917490
59.06075641
59.08205629
59.09922172
59.12237399
59.14671836
59.15514506
59.16575512
59.17158733
59.18107373
59.24998297
59.25342313
59.25413245
59.25965382
59.26497627
59.28079939
59.28792815
59.33316493
59.38798278
59.41707487
59.43967714
59.48919484
59.51519694
59.53153299
59.54481389
59.56210937
59.58716623
59.59711741
59.70697555
59.73445066
59.73506828
59.76200910
59.91458910
59.91761294
59.92632789
60.00324172
60.00701810
60.01428808
60.03542512
60.14411928
60.18358824
60.30197312
60.30537092
60.32578999
60.38907797
60.41546364
60.45872304
60.47515875
60.48673441
60.49916386
60.50509207
60.58916619
60.60361206
60.68489829
60.71956794
60.75214029
60.82405243
60.82747424
60.82940173
60.86429113
60.88474523
60.88518593
60.88720292
60.90525991
60.96276402
61.04650099
61.04684113
61.04896003
61.06168952
61.08073738
61.08082210
61.10606214
61.11070510
61.11662025
61.12904687
61.20435988
61.23693689
61.28786187
61.29297226
61.31826274
61.32388911
61.45430007
61.46452061
61.48533591
61.49438009
61.54463589
61.54649657
61.68363910
61.69478974
61.75532587
61.77763678
61.79659811
61.80119289
61.81658192
61.82264900
61.83031095
61.87923925
61.96624757
62.02392800
124.00000000
