0.05220096
0.06988660
0.07639634
0.12473979
0.15293240
0.22099434
0.26682092
0.26695179
0.27626148
0.27870956
0.28690176
0.30398925
0.30583464
0.32352920
0.36831814
0.36901632
0.37567346
0.47923183
0.49131334
0.50451388
0.54865469
0.60694028
0.62333548
0.66793511
0.70740951
0.70943782
0.72101836
0.72319469
0.81754063
0.81919916
0.83817959
0.84296390
0.86405701
0.86580176
0.86978868
0.87881236
0.90100437
0.90161078
0.90786037
0.93963862
0.94245657
1.00001843
1.03098840
1.05065705
1.05283171
1.17185859
1.18487225
1.26318331
1.30074048
1.31189945
1.31853060
1.33308132
1.37422012
1.39060500
1.39436672
1.40109186
1.41027500
1.43857454
1.49025242
1.53397318
1.57189348
1.59732182
1.61858079
1.64025510
1.65396353
1.66121659
1.67765550
1.68629833
1.80490933
1.81144328
1.82363650
1.82888868
1.83951191
1.84463967
1.86477557
1.86594853
1.89695409
1.90347655
1.95239298
1.96233168
1.97638866
1.97786509
2.00636341
2.01293664
2.07861705
2.08988148
2.16799839
2.27899138
2.30333491
2.32862938
2.43067906
2.43712791
2.44625244
2.44817992
2.51475029
2.52368650
2.53333771
2.56094283
2.64189615
2.66028185
2.67104251
2.69838834
2.70386513
2.70450047
2.74130663
2.74511044
2.76065797
2.77964140
2.80902054
2.83260977
2.88814480
2.93789224
2.94727283
2.94775461
2.96894449
3.02745445
3.04133831
3.06077948
3.06900379
3.07926795
3.10268682
3.10598313
3.13168479
3.16615146
3.17048249
3.24815120
3.25732036
3.28007067
3.28197017
3.32249729
3.32440319
3.38418238
3.39184506
3.40167269
3.41850982
3.42053694
3.48938926
3.52678246
3.54875439
3.61094462
3.72731010
3.79537063
3.82741337
3.92407972
3.92733302
3.99661082
4.06322182
4.07285203
4.09561559
4.13013017
4.16279965
4.18038980
4.22141619
4.23534339
4.23901309
4.26908491
4.29171358
4.38719655
4.41051416
4.41756755
4.51441191
4.54810100
4.56476764
4.56513335
4.57388609
4.60281550
4.62405630
4.63194483
4.64281425
4.66782228
4.70441417
4.80908227
4.84539126
4.84619002
4.87375840
4.88943222
4.94143302
4.94548638
4.95865908
5.00449511
5.02200029
5.04737198
5.12180357
5.12744884
5.13265507
5.14745571
5.15321152
5.17440367
5.18368555
5.20134853
5.21732783
5.22257917
5.24763257
5.29467487
5.31071881
5.52467426
5.52746090
5.53271881
5.54739439
5.57371205
5.66991729
5.74403966
5.82629600
5.83578603
5.86827411
5.90994127
5.93664037
5.94782781
6.06534843
6.07892044
6.13026168
6.15532217
6.17155655
6.18520372
6.22715097
6.26341337
6.26378234
6.30246930
6.36135138
6.40083122
6.42123412
6.42630134
6.50780678
6.55920859
6.57709770
6.57817091
6.60911064
6.62228996
6.64967093
6.70069041
6.72212873
6.72798914
6.73192053
6.77225964
6.77832045
6.80853293
6.81582873
6.88330668
6.88547955
6.88751768
6.97616227
6.99528217
7.05574423
7.05855990
7.06959762
7.08482386
7.11391247
7.16789585
7.17893749
7.21408610
7.32621236
7.32841054
7.35141759
7.37751662
7.41515197
7.45856465
7.48531837
7.52033987
7.54711976
7.57468324
7.57625551
7.58651092
7.66063291
7.68193127
7.70187299
7.77762611
7.80534497
7.84282896
7.91132764
7.92384161
7.93380604
7.93650803
7.93799545
7.97806780
7.97920312
7.98003336
8.11931002
8.12087864
8.12678992
8.13700864
8.15900369
8.18802511
8.22547456
8.27044506
8.28937510
8.33479519
8.37405227
8.41412826
8.47604996
8.52556172
8.56997961
8.57988410
8.60267724
8.66608476
8.71333270
8.74418631
8.76332159
8.84103135
8.90520473
8.91404131
8.91555898
8.94258874
9.00521013
9.00921145
9.08418654
9.13124968
9.14200417
9.14351407
9.21577589
9.24532239
9.27045128
9.32391453
9.33712813
9.37837145
9.40465221
9.41663713
9.52883534
9.54773699
9.56194964
9.62466629
9.71750601
9.73126671
9.80695853
9.85751576
9.91670145
9.93933425
9.97574951
10.02445170
10.02962044
10.05326077
10.07689785
10.07982646
10.08601431
10.09802145
10.11949647
10.12644770
10.13875915
10.14305950
10.15011342
10.17587501
10.17858953
10.22474923
10.30944107
10.31701774
10.36337061
10.37455890
10.39448234
10.45389377
10.46168169
10.51312539
10.52819530
10.53799314
10.59806702
10.62313874
10.63522339
10.63927593
10.64171427
10.64483851
10.66141761
10.70562625
10.72096501
10.75251579
10.76486571
10.81611097
10.81922643
10.85991507
10.86267167
10.88075184
10.88102926
10.88993463
10.91635171
10.92606030
11.02519138
11.06885174
11.06935824
11.06937947
11.07946494
11.11297362
11.15052318
11.19345804
11.22134018
11.25546472
11.27200227
11.29480752
11.32813869
11.36511606
11.37280645
11.37415658
11.40054738
11.48027151
11.57684323
11.61333127
11.62613891
11.63683060
11.64154789
11.64893736
11.65254154
11.66353227
11.70448552
11.71669004
11.72488469
11.73040594
11.76020606
11.86769303
11.87202183
11.88766354
11.90905079
11.93317585
11.96479440
11.96922880
11.97968854
12.00015043
12.09330567
12.12976535
12.13615617
12.15757708
12.18714779
12.18745648
12.21177238
12.21372889
12.22012559
12.26180724
12.32528068
12.45529932
12.45838608
12.63250214
12.67562738
12.77710801
12.80293950
12.80409282
12.83199894
12.83398537
12.85810967
12.89278141
12.90325372
12.91375917
12.96783329
12.97115725
12.98830865
12.98976828
13.00430098
13.00536809
13.02408326
13.03326729
13.05216086
13.05941638
13.06676095
13.10771500
13.11084379
13.12219589
13.13376419
13.16680482
13.17470201
13.20532444
13.20897488
13.21625617
13.23482305
13.27243386
13.27438584
13.28053357
13.32084479
13.33108112
13.34816969
13.41266954
13.41786188
13.46949414
13.56979609
13.58766820
13.59282979
13.66523576
13.70822443
13.73974247
13.77857138
13.78887300
13.79693881
13.82462379
13.86391430
13.87293493
13.88963630
13.89168115
13.90610760
13.92111448
13.92703667
13.93863664
13.95421769
13.99013917
13.99530728
14.01134296
14.02308108
14.03019296
14.05841650
14.09128449
14.09275199
14.13374045
14.13895300
14.14625891
14.22096851
14.23714248
14.23821662
14.27370949
14.28868296
14.40686210
14.41543910
14.43107558
14.45836742
14.47981277
14.48713792
14.52286503
14.53922576
14.54638318
14.55583076
14.61549090
14.65109441
14.65747632
14.69981558
14.72118335
14.73753323
14.75084350
14.78962380
14.80524199
14.84257958
14.86171015
14.93500343
14.94944359
15.01658461
15.01790580
15.01887697
15.02238611
15.14540093
15.18232775
15.20512721
15.21968892
15.27395858
15.30669348
15.32199756
15.35477061
15.38489081
15.38627954
15.40263329
15.42045479
15.42825623
15.48726247
15.50594538
15.52512910
15.52678639
15.55521986
15.56958023
15.58099549
15.59818870
15.61598751
15.68803507
15.70802994
15.73817255
15.75526626
15.76038042
15.76575364
15.78435682
15.89028484
15.93869302
15.96248779
15.98167304
16.00344814
16.03716210
16.07655794
16.10821892
16.14763083
16.15470661
16.15605089
16.20456076
16.22668132
16.26214745
16.28608794
16.29957657
16.39670160
16.40445212
16.41776919
16.47356275
16.48095982
16.65591431
16.68453561
16.74654295
16.81838124
16.82396945
16.86076087
16.88567033
16.93523822
17.01010810
17.01321824
17.03018515
17.04710309
17.08395466
17.09009363
17.12696753
17.17596511
17.27571059
17.32507350
17.33724360
17.37775678
17.41368525
17.45282685
17.48879449
17.48905217
17.55361545
17.55626490
17.59686256
17.65851806
17.67107206
17.69595371
17.70387047
17.71281444
17.76675346
17.81824696
17.88868330
17.94073366
18.04874908
18.11672707
18.11864479
18.12636772
18.14003970
18.15128946
18.24971523
18.28678750
18.29822107
18.33616077
18.35420219
18.35549886
18.46696000
18.51059804
18.52030812
18.57876141
18.58333340
18.62857923
18.62893354
18.63778406
18.65169104
18.66402157
18.67545794
18.72029361
18.72679419
18.73666812
18.77615427
18.80277544
18.82298380
18.84660356
18.88874823
18.90786741
18.91376699
18.94865062
18.95314098
18.96103631
18.98834060
19.03894691
19.05189509
19.05948358
19.06653658
19.09262287
19.09506183
19.31482403
19.32109353
19.33341760
19.34809302
19.41295593
19.43679973
19.44028510
19.45658673
19.46450362
19.46542471
19.52067921
19.54059384
19.62984566
19.63955956
19.70299388
19.73817818
19.75188660
19.78176068
19.78852157
19.81097494
19.83634718
19.88889870
19.91777907
19.93261521
20.00016026
20.06313231
20.07968474
20.09746899
20.11430890
20.15935351
20.20839604
20.22249699
20.24112902
20.29981746
20.34385177
20.35602532
20.36791688
20.39119227
20.39184150
20.46147060
20.49034838
20.52065333
20.52262782
20.52393853
20.62262777
20.67542211
20.68821562
20.74816739
20.75082731
20.75449625
20.75478236
20.76735618
20.80479811
20.85267422
20.94290803
21.01375962
21.02077085
21.05540649
21.06867920
21.09012882
21.11190512
21.11369935
21.13621567
21.19520955
21.24313918
21.26146866
21.26479953
21.26577215
21.26658264
21.30540448
21.31552298
21.31704802
21.39621052
21.42697929
21.44473889
21.45696812
21.49277837
21.54620660
21.59306434
21.61946604
21.62948981
21.64078232
21.69391260
21.71943601
21.76050731
21.78324914
21.86658488
21.97950435
21.98314015
22.02178748
22.04065596
22.08054897
22.13631535
22.13852562
22.16267942
22.16589413
22.19950700
22.21822768
22.30798168
22.31258064
22.33063922
22.33228773
22.33380229
22.35097665
22.37070229
22.38282917
22.38544931
22.39405412
22.41727102
22.41969697
22.43591191
22.44031499
22.46845112
22.48591341
22.48821990
22.50697234
22.54456390
22.55207261
22.58438590
22.61567167
22.62424895
22.62974571
22.64501666
22.66675292
22.68071942
22.68090995
22.72730734
22.75806958
22.76162757
22.89253106
22.89379149
22.89468363
22.92023353
22.96435279
23.01958554
23.09007740
23.10681695
23.12908332
23.13973416
23.13983777
23.23352108
23.26376933
23.26636990
23.28755918
23.42441215
23.45455426
23.45997238
23.46612461
23.47975475
23.48262709
23.48370418
23.52126116
23.54239854
23.54390271
23.56210451
23.56955526
23.57748494
23.61435692
23.63384223
23.65819670
23.67032334
23.69146673
23.73548377
23.74532950
23.83372902
23.84650764
23.90685528
23.94124949
23.97485012
23.97698764
24.01952538
24.04200335
24.07325492
24.08303821
24.09117881
24.17018091
24.28021643
24.32921957
24.34591133
24.43941964
24.45623618
24.48578775
24.51278361
24.51922902
24.53236111
24.54025928
24.67625383
24.68232007
24.72883623
24.73492791
24.74902519
24.75879784
24.81688339
24.83871583
24.86364525
24.86861215
24.89993261
24.91960666
24.92324928
24.92442561
24.97648152
24.98384783
25.01798295
25.02231293
25.04915306
25.05288026
25.12695279
25.15544499
25.18227546
25.18581801
25.19313007
25.22646359
25.24463098
25.27905156
25.31385979
25.33943915
25.40040024
25.41386653
25.46034859
25.47912394
25.48557373
25.49325801
25.52071931
25.53983090
25.54318729
25.54663598
25.57788646
25.58513229
25.60111019
25.61300088
25.63142043
25.66656721
25.72089284
25.73842196
25.77278588
25.77826294
25.78416318
25.81548194
25.81653900
25.91639501
25.95965973
25.99359105
25.99782519
26.05348487
26.07607360
26.10840664
26.12526888
26.19484925
26.25438293
26.26657513
26.26959593
26.28911817
26.39464625
26.39631560
26.39905951
26.42726518
26.45078016
26.47782656
26.57356918
26.58588001
26.59825120
26.64221194
26.66180107
26.67639069
26.68473507
26.76830115
26.81086176
26.81918366
26.84447633
26.91729592
26.94719316
26.94914079
26.95736537
26.96160518
26.97047501
26.97958372
26.98772445
27.04867863
27.05902921
27.18354389
27.18653833
27.22576734
27.25246459
27.28857445
27.28982129
27.30951146
27.31102294
27.33207128
27.34828005
27.37853445
27.41974350
27.42517773
27.45246646
27.47134252
27.47645087
27.47691903
27.60403681
27.69027689
27.75047565
27.76957457
27.77579817
27.79988280
27.80779180
27.86834681
27.97471355
28.07641997
28.07892916
28.08192046
28.14101818
28.15800505
28.23054362
28.25857457
28.36095047
28.38124690
28.52334862
28.52562685
28.53789606
28.54584478
28.55645303
28.57947191
28.61105731
28.64600337
28.69240479
28.69790469
28.70197514
28.70251020
28.70520475
28.71841403
28.72910112
28.73373335
28.80114200
28.80942911
28.81353187
28.81463712
28.83293527
28.88366807
28.90396846
28.90808867
28.93913783
28.97014803
29.00425584
29.05935529
29.06927346
29.13008631
29.14040200
29.14168967
29.15115481
29.15405057
29.20516701
29.30313232
29.32626728
29.33040793
29.33101272
29.33653922
29.34997268
29.36017682
29.37801863
29.38259242
29.42083654
29.43196642
29.44110001
29.57205984
29.62721129
29.63593547
29.64616647
29.65632444
29.66112449
29.66873029
29.68049532
29.69027663
29.72248837
29.76137686
29.80161812
29.82734395
29.84261390
29.88967171
29.96128536
29.99898768
30.02751760
30.04950746
30.08102163
30.12880841
30.24174264
30.24858684
30.27569473
30.27952625
30.31130995
30.32936262
30.39143233
30.43079339
30.43957992
30.46508675
30.49793061
30.51853777
30.54279711
30.58136736
30.60806817
30.62799463
30.64881085
30.66659598
30.66827792
30.67920082
30.70462230
30.71278581
30.72268964
30.86372966
30.86440406
30.88437160
30.90031501
30.92279402
30.93116293
30.94422688
30.94511781
30.94900600
30.96630575
30.97006659
31.01298403
31.04925124
31.06011639
31.06230042
31.11397625
31.14607681
31.16068167
31.16505669
31.18083887
31.19354351
31.35956069
31.36100678
31.38932819
31.41728986
31.43902295
31.47788605
31.56367637
31.61964522
31.63472252
31.65095717
31.68410403
31.71157983
31.73156107
31.74611613
31.75833429
31.78887512
31.82187604
31.87471801
31.92347141
31.94940100
31.96814131
31.97019063
31.97315632
31.97785739
31.97881558
32.03354761
32.07709124
32.12816900
32.13938288
32.14805471
32.15227889
32.20171223
32.25650422
32.34691144
32.37538532
32.39155416
32.42529965
32.45471279
32.45833853
32.47904807
32.48685475
32.50838169
32.50841187
32.51387263
32.54651357
32.58190996
32.63709108
32.76693479
32.84938555
32.85569463
32.88154985
32.92441366
32.97525964
32.98390265
32.98488082
32.98540021
33.04913031
33.06024618
33.10734943
33.12089711
33.19327985
33.21599378
33.21819129
33.21905112
33.23240760
33.24802534
33.25185543
33.29510117
33.29669522
33.30469916
33.44179199
33.49799056
33.53292442
33.54274799
33.55835785
33.58499441
33.58802701
33.66287212
33.67240303
33.69585076
33.75338472
33.76123972
33.77399793
33.78006610
33.78129891
33.78389567
33.85574885
33.90505517
33.91201457
33.91468110
33.92192837
33.93573721
33.96338824
33.98228124
34.01413234
34.03195836
34.03552229
34.03907253
34.04367762
34.06976029
34.07836406
34.08947099
34.09972298
34.10916374
34.17653652
34.23863116
34.24306741
34.26818358
34.40028511
34.41969612
34.45449917
34.49933066
34.52370145
34.58417813
34.58732110
34.59922937
34.59992899
34.60554278
34.63510225
34.64924272
34.74091154
34.74395500
34.74921561
34.75816163
34.78129596
34.79603359
34.81304338
34.82150665
34.82589649
34.83359797
34.84279282
34.85778346
34.88980760
34.92512462
34.92669007
34.92936968
34.94026715
34.94793459
34.96122556
34.96353466
34.98655202
35.00236868
35.03136185
35.04210127
35.07265077
35.07813696
35.11423785
35.16028881
35.19228511
35.20523195
35.23842232
35.26564524
35.28281355
35.29667875
35.30782984
35.32309153
35.38745349
35.41423646
35.43667600
35.44773864
35.45964077
35.48068712
35.48582780
35.48990736
35.50156966
35.53001174
35.55816259
35.56650088
35.58272254
35.60027094
35.63292317
35.64998767
35.69701922
35.72226047
35.72455952
35.75009929
35.76480085
35.76578123
35.80694193
35.84936205
35.85443417
35.86077664
35.86740576
35.88255929
35.88982830
35.89050649
35.89918633
35.95066606
35.96681021
35.98853455
35.99032627
36.02537971
36.03044841
36.09302382
36.09955742
36.10732482
36.13315255
36.17589349
36.17715126
36.20629515
36.25658322
36.26689828
36.30259239
36.31352140
36.33633981
36.38110394
36.41367214
36.43253778
36.51293682
36.52018358
36.55409442
36.57001853
36.59915615
36.62038165
36.64173718
36.68345322
36.71042910
36.72118997
36.77975378
36.78849851
36.80048663
36.80593256
36.85591929
36.91403830
37.09142780
37.10345969
37.10531187
37.11861604
37.13715282
37.16590612
37.21439299
37.22851081
37.30210405
37.36809536
37.38084614
37.45883913
37.49777120
37.54503169
37.54571313
37.55256042
37.60238921
37.67871861
37.68133570
37.71046274
37.73011203
37.74911399
37.81016521
37.86931278
37.91233495
38.07008404
38.07069133
38.07513986
38.12244152
38.15365172
38.18943632
38.23823378
38.27558102
38.28223342
38.30047981
38.36678998
38.41006640
38.42350034
38.46776478
38.47453931
38.47665321
38.50889025
38.57367432
38.58206772
38.59142425
38.59795491
38.66201172
38.68259039
38.69192439
38.70239899
38.75383168
38.85385323
38.86185518
38.87772276
38.92989965
38.95549451
38.95574569
38.96193655
38.98490106
39.01416431
39.05750627
39.07486080
39.08482709
39.11976030
39.12473210
39.17332946
39.20377175
39.22424061
39.22444788
39.25473232
39.26012766
39.27046178
39.27611191
39.31567922
39.31784664
39.36008261
39.40381739
39.57497606
39.62032030
39.63696785
39.68422408
39.73944444
39.80227284
39.81565536
39.89096504
39.90980937
39.94053912
39.96557315
40.03240424
40.04548062
40.08791335
40.09992529
40.11570368
40.14957503
40.19398071
40.21330837
40.25054393
40.25980844
40.27084728
40.28061740
40.29400818
40.30011334
40.37515247
40.39236023
40.40350576
40.49110403
40.51130596
40.52254871
40.59792408
40.66121701
40.66603093
40.68354346
40.68539132
40.70598632
40.73203831
40.76145994
40.80164802
40.80827967
40.81608168
40.82443032
40.82637235
40.88335392
40.88502053
40.89158792
40.92598000
40.96304174
41.01731439
41.01789494
41.02104558
41.05337974
41.09043802
41.11968970
41.18785903
41.24571573
41.24889031
41.26912473
41.29370938
41.32639802
41.33726734
41.34685711
41.36939059
41.37576924
41.38104919
41.39974269
41.47570013
41.49356867
41.57749730
41.59100347
41.67594405
41.69010659
41.71827331
41.77755714
41.81259808
41.82297532
41.86830130
41.88995706
41.89367237
41.92741649
41.93143710
41.93726849
41.95846264
41.97090079
42.01005244
42.02946251
42.03005544
42.03301373
42.05300238
42.05549577
42.07386833
42.09747448
42.10890788
42.14920509
42.15201942
42.18509899
42.24533476
42.25710262
42.26920387
42.27385521
42.32752167
42.34686643
42.34828544
42.36594464
42.37671592
42.39382516
42.41448860
42.42877784
42.44213351
42.46765198
42.49679668
42.54316923
42.55301073
42.57429628
42.63503410
42.64306951
42.66492522
42.70156571
42.78283266
42.80047556
42.82410532
42.84890258
42.85819258
42.86133373
42.86610289
42.86958494
42.92083796
42.94571008
42.97864095
43.00725025
43.03060500
43.03185586
43.11442152
43.13188952
43.16307116
43.18734347
43.21899373
43.25617627
43.26525904
43.30699517
43.34074541
43.36096787
43.39775079
43.40053510
43.43250905
43.49235673
43.50098153
43.50212605
43.53435080
43.57082303
43.68769992
43.69447140
43.71316926
43.71716368
43.72657825
43.74458547
43.76447822
43.82034819
43.91585026
44.00615656
44.09221057
44.10340943
44.10417787
44.14235156
44.17500672
44.24894220
44.25815411
44.25955838
44.27110389
44.27391527
44.32573611
44.39563046
44.39713406
44.40904628
44.44347462
44.54344301
44.59917851
44.68758286
44.71708705
44.73856314
44.75319252
44.88691991
44.89997238
44.90619622
44.91923890
44.98297485
45.04350676
45.09649922
45.18364715
45.24894578
45.38708455
45.40165922
45.46022284
45.54678041
45.55628007
45.62969429
45.69615564
45.69615689
45.72178476
45.73293474
45.73683987
45.83218045
45.84746061
45.84942589
45.85420399
45.87202225
45.89923131
45.90280420
45.91139922
45.94722909
45.95993771
45.98237157
46.04109970
46.12496479
46.13357509
46.16384425
46.16893706
46.17529129
46.17659422
46.18332077
46.33368707
46.33584572
46.33650356
46.35378117
46.35452457
46.38342956
46.51673046
46.52941667
46.58909347
46.61905040
46.63540267
46.64193783
46.69631012
46.70911328
46.71159107
46.72134016
46.73835785
46.77782147
46.78974360
46.79612671
46.82727734
46.83422591
46.86430666
46.88551778
46.90475681
46.90932908
46.96905981
47.00747263
47.00805521
47.00890583
47.05751156
47.11431183
47.12566785
47.13677087
47.14731315
47.17981237
47.20835912
47.22157222
47.22467093
47.25835894
47.26407018
47.33260363
47.39399921
47.53866640
47.62870951
47.67559585
47.72089805
47.74560222
47.81907474
47.84997335
47.91316171
47.91329407
47.92545333
47.92756901
47.92853421
47.95326597
47.97782025
47.99095595
48.03102462
48.05505573
48.08716286
48.14599070
48.16189790
48.18889452
48.26914715
48.27220793
48.30629525
48.33213861
48.34461515
48.48567265
48.51266046
48.64770789
48.65504243
48.76721587
48.78281499
48.78987053
48.81766023
48.82537492
48.87578715
48.91995831
48.99291593
49.01166593
49.04347245
49.08883966
49.11504602
49.13143804
49.14919443
49.15249691
49.17471043
49.19361354
49.20247298
49.20408910
49.22881159
49.24357195
49.24857551
49.25233868
49.27006813
49.38068087
49.38498790
49.40608525
49.42131723
49.55916936
49.62104061
49.66410399
49.69060488
49.70719238
49.74366879
49.74755755
49.84361583
49.84535813
49.86501618
49.87548112
49.88467660
49.88881818
49.88972188
49.91678116
49.91859879
49.95093123
49.95223603
49.95920498
49.97434462
50.09578337
50.10630711
50.15415461
50.19603868
50.25217254
50.27017652
50.29664044
50.30203112
50.35374527
50.40165452
50.40276303
50.41209892
50.41312764
50.43435272
50.44864598
50.45375284
50.57060997
50.57469606
50.65832880
50.66011149
50.67268334
50.74004048
50.76152468
50.81969468
50.82272821
50.82369959
50.87076381
50.89319028
51.01221941
51.02950997
51.02979018
51.03990982
51.04417115
51.09098235
51.13703439
51.15069264
51.21705219
51.23509689
51.27764962
51.30270048
51.35359715
51.36359094
51.42058822
51.46620664
51.51788257
51.52995806
51.56968291
51.62576857
51.65200035
51.67606086
51.68510295
51.71769490
51.74358451
51.80471291
51.80553812
51.82679589
51.85301643
51.90989303
51.93107911
51.94271855
51.95479284
51.98273230
52.02743544
52.08136147
52.09501665
52.10489769
52.17072925
52.19632171
52.21641470
52.27468185
52.27879588
52.35871059
52.43502904
52.43745671
52.47804813
52.47944085
52.50814232
52.54483240
52.55433685
52.56540477
52.63285364
52.63468506
52.68041874
52.69480431
52.71842168
52.75786746
52.76226314
52.78219369
52.78234980
52.78513529
52.81099059
52.84214378
52.84256939
52.86451978
52.93339363
52.93643927
53.00330439
53.00476699
53.01019677
53.06990035
53.08084117
53.12709955
53.17714783
53.21219572
53.23029359
53.26233177
53.33179289
53.33893068
53.35076466
53.38312731
53.39341888
53.42036633
53.43409874
53.50626886
53.52048161
53.53103557
53.58378602
53.59644646
53.61462915
53.65361296
53.66072908
53.69310788
53.71018546
53.72158207
53.73895150
53.80216563
53.80890234
53.87477378
53.88690473
53.89283148
53.90824241
53.97522477
53.99374283
54.02383320
54.03151470
54.06213204
54.07631983
54.07926886
54.13580540
54.14350999
54.17216290
54.19908776
54.20584860
54.28382443
54.37601260
54.41015250
54.41550988
54.48805030
54.49589761
54.50148465
54.54595375
54.54752158
54.58252245
54.58462501
54.65798895
54.66048792
54.71990608
54.74259251
54.74297882
54.75089154
54.80457775
54.88168653
54.92534469
54.94494106
54.96788272
55.03089927
55.26550308
55.26871914
55.27461251
55.27775953
55.28082445
55.28446964
55.29524783
55.30317084
55.33375640
55.34668882
55.36295622
55.39311250
55.39762018
55.42924799
55.43886101
55.47608030
55.49214231
55.51025235
55.59744985
55.63499683
55.66739422
55.69535415
55.73284165
55.77022840
55.79556509
55.81048840
55.82466941
55.84500185
55.88582758
55.90074436
55.90737005
55.99832393
56.00816837
56.05673863
56.10184275
56.15734851
56.17943756
56.18550483
56.19944689
56.23296087
56.24058385
56.25756774
56.32399980
56.35131128
56.35705801
56.37096059
56.37773081
56.42628276
56.45759858
56.46237422
56.47824142
56.49218653
56.51386941
56.58172401
56.59477786
56.63448245
56.68800466
56.72615014
56.73561086
56.75538040
56.80300785
56.81864270
56.88206167
56.96335857
57.05454647
57.06157259
57.10194448
57.12668471
57.13112522
57.14123305
57.15016200
57.16791561
57.18027735
57.18726187
57.20237363
57.20326990
57.20343426
57.21263131
57.27961085
57.31113645
57.32282490
57.33188757
57.33837282
57.34025153
57.34796643
57.36820689
57.38946665
57.39818076
57.46200120
57.48376740
57.49410095
57.50461258
57.51635294
57.54052826
57.57405585
57.60833243
57.61833371
57.61971729
57.62086308
57.62948922
57.64191189
57.64369643
57.69764549
57.74781511
57.82764059
57.85667119
57.87511535
57.88868193
57.91188417
57.98369808
58.04325119
58.06176542
58.08489069
58.15813417
58.16475202
58.24688786
58.27346665
58.29512073
58.31548299
58.31946234
58.34969625
58.44976528
58.45061721
58.52101783
58.55843363
58.56388674
58.60810800
58.61070150
58.66349082
58.70642304
58.72218674
58.73422982
58.76505213
58.79126019
58.82842102
58.83120389
58.84532833
58.85689815
58.87162081
58.94442269
58.95293006
58.98435726
59.00162227
59.03953559
59.04704089
59.08378257
59.10067273
59.10391106
59.12667448
59.15724780
59.16575512
59.19297555
59.29242874
59.36320942
59.38563549
59.39036567
59.47406677
59.48334143
59.49294188
59.51542745
59.55533285
59.61224551
59.63806834
59.66875048
59.71991791
59.73136100
59.76001071
59.77910150
59.79985328
59.84953503
59.86687560
59.90137062
59.91032565
59.92098461
59.92565020
59.92887634
59.94722539
59.95073821
59.95346091
59.95487512
59.95696331
59.97413277
59.98058788
59.99564348
60.06868490
60.07317689
60.07639281
60.09632761
60.09914188
60.10480746
60.12878232
60.15362562
60.22159974
60.23657761
60.23831696
60.24462418
60.24921191
60.25358455
60.26254498
60.26288510
60.32578999
60.34520820
60.36431434
60.43936519
60.44079590
60.44486474
60.46599516
60.46669133
60.49777070
60.51986787
60.60361206
60.68505115
60.69504442
60.72016056
60.77510104
60.78771353
60.79996041
60.80042907
60.80472964
60.84217616
60.89634465
60.90045436
60.92864116
60.92864424
60.96636079
60.97189841
61.01085320
61.02025874
61.08140826
61.13621205
61.16106952
61.17849619
61.19275947
61.21571960
61.28495226
61.29452232
61.29945423
61.30884730
61.32684485
61.35226454
61.37599520
61.40883610
61.41427372
61.50714648
61.53487532
61.54649657
61.58409879
61.63238429
61.65073176
61.65931079
61.65989156
61.70350430
61.70619264
61.72062462
61.73719468
61.84912082
61.89513180
61.93277001
124.00000000
