0.07461484
0.07514145
0.08799444
0.10328232
0.15467425
0.17612512
0.18161369
0.19165481
0.22267726
0.26254079
0.26644024
0.27483961
0.30103342
0.33023813
0.33271543
0.33515542
0.35420815
0.39588613
0.41652527
0.42890883
0.44177976
0.51731200
0.53332233
0.58278495
0.63080165
0.73590997
0.74517502
0.75496462
0.81429891
0.89432665
0.92476392
0.93784227
0.98918391
0.99695694
1.00858234
1.02971494
1.09189805
1.09561927
1.10105738
1.10481627
1.13062288
1.16702308
1.20591206
1.20977983
1.21433149
1.21443121
1.21961026
1.27789316
1.36189621
1.36427236
1.42670682
1.43149871
1.43495720
1.45679162
1.45696092
1.50214606
1.53984812
1.54861375
1.55504016
1.57189348
1.61858079
1.71990052
1.77813983
1.78638599
1.82888868
1.83155234
1.91234831
1.92525458
1.93185158
1.94440520
1.96878916
1.99177121
1.99368841
2.01282184
2.01293664
2.02474276
2.16817458
2.23395086
2.31596469
2.36089723
2.37734726
2.39453187
2.40833335
2.40923414
2.43137266
2.43398263
2.46781468
2.48858964
2.55070947
2.61827111
2.63377452
2.63755467
2.66095999
2.66658828
2.68370522
2.72883101
2.73109854
2.77175085
2.77964140
2.82759784
2.82993367
2.85769043
2.87336781
2.92195877
2.93874124
2.94919803
2.95111200
3.00548286
3.03354211
3.03485971
3.07166509
3.07926795
3.09951500
3.19968557
3.28588586
3.32845244
3.35760788
3.50606333
3.52678246
3.54895589
3.61015047
3.61902002
3.62467817
3.64099064
3.70237399
3.72784996
3.75341197
3.84143176
3.86712444
3.87066492
3.91795930
3.94326923
3.99088386
3.99239419
4.01221160
4.02777567
4.06663148
4.08964147
4.10701022
4.13695336
4.14383888
4.14752427
4.16026104
4.16399988
4.16638458
4.17902449
4.21037854
4.23059119
4.25724060
4.32569052
4.36180671
4.39252510
4.40719605
4.42926880
4.43062333
4.48659663
4.48671971
4.49268966
4.54429031
4.56576533
4.58657793
4.59290829
4.59888096
4.60353511
4.61383743
4.65002431
4.69910474
4.70336256
4.71389904
4.79352022
4.82622105
4.83324257
4.85269262
4.87614961
4.92583829
4.94897910
4.97028754
5.01615502
5.02270034
5.11668087
5.12180357
5.18857295
5.21157014
5.24623258
5.27947005
5.28800598
5.28935255
5.29806614
5.33596606
5.41627460
5.41839987
5.44690166
5.46491379
5.47550202
5.49931895
5.52807155
5.55227111
5.57619606
5.57927313
5.58636367
5.62786712
5.63958880
5.69984780
5.71054312
5.74403966
5.78002117
5.83907561
5.89067000
6.01381104
6.05449034
6.06896079
6.07523448
6.07529270
6.11323439
6.21463432
6.22625222
6.27449829
6.38054934
6.39466825
6.39764087
6.41304686
6.41851908
6.45510398
6.48298706
6.51169340
6.52314303
6.54939436
6.56153175
6.58692507
6.61289807
6.64295074
6.64698194
6.70188841
6.70288220
6.75556475
6.81244728
6.86932548
6.87860712
6.88751768
6.89061062
6.89323896
6.94330151
6.94541966
6.97616227
7.00580460
7.01514879
7.04913731
7.05454110
7.06245885
7.12454613
7.14830211
7.20145976
7.22221715
7.24220576
7.25730949
7.25872448
7.28169122
7.28713637
7.35816305
7.40222543
7.40983014
7.45880631
7.48894310
7.49821835
7.50132329
7.51408059
7.54613427
7.56124581
7.62840233
7.63246358
7.66138922
7.70262444
7.72814398
7.74595551
7.79522519
7.81151231
7.81883052
7.82472782
7.85443755
7.85916801
7.86420305
7.89766589
7.89893083
7.92066655
7.96146687
7.98116424
8.00924457
8.03718668
8.04353795
8.04580426
8.04902494
8.06046491
8.11463818
8.12902450
8.15684638
8.21589106
8.23144122
8.29889822
8.30579453
8.34725219
8.35569673
8.35776710
8.35987635
8.46002947
8.52553083
8.55379752
8.56381012
8.73150539
8.79559279
8.84581774
8.86772064
8.90644698
8.92601822
8.98971939
9.06894086
9.08041400
9.08418654
9.10246069
9.12326428
9.13076286
9.14426476
9.15340455
9.21408393
9.25499992
9.29082828
9.30823407
9.31578137
9.31870250
9.33354784
9.41965706
9.44688451
9.47513514
9.48287408
9.48853121
9.49886024
9.53415791
9.54957863
9.56976866
9.58906892
9.68742416
9.74539009
9.77615628
9.77751474
9.80695853
9.82044732
9.84358469
9.86509274
9.88365047
9.90215468
10.02483181
10.02858688
10.07137958
10.10632489
10.12644770
10.16536173
10.20429457
10.22756663
10.27790108
10.28409406
10.33578933
10.38105484
10.45044831
10.47743365
10.48081507
10.48692540
10.54053084
10.54875008
10.54950751
10.56407703
10.60015337
10.62117827
10.63307138
10.63522339
10.65791623
10.69862076
10.71728998
10.71787391
10.75897441
10.79515638
10.79735011
10.81044754
10.87253372
10.88214084
10.89925415
10.92861599
11.01759707
11.02264308
11.04396081
11.06354088
11.08134621
11.15052318
11.17148228
11.32793813
11.33290387
11.34061263
11.41884457
11.48880735
11.49161053
11.49285353
11.49501378
11.50475256
11.61333127
11.63602281
11.67837836
11.69109122
11.70679327
11.73599411
11.74599716
11.78242798
11.80576306
11.81333771
11.84890357
11.87715832
11.87909631
11.93144260
12.03098547
12.03886221
12.04695454
12.09734517
12.18264799
12.18745648
12.18783049
12.22012559
12.26865871
12.27638018
12.28361824
12.28885548
12.29134561
12.30003433
12.31723461
12.50264087
12.59851554
12.63927296
12.67358623
12.68555372
12.71879897
12.73329476
12.73504565
12.77653994
12.81892328
12.83731521
12.85244317
12.85602874
12.90320079
12.90362808
12.91132116
12.91375917
12.92272705
12.95899638
13.02333963
13.03038867
13.04024864
13.04082808
13.08214371
13.12585994
13.12746949
13.14098922
13.15669864
13.17018534
13.18270567
13.19467222
13.25276943
13.26966027
13.29011966
13.33852163
13.40851380
13.40949085
13.42653337
13.43815844
13.46490436
13.48899061
13.49191360
13.51179340
13.53857823
13.55760606
13.61314144
13.67824472
13.73878795
13.73970820
13.74993545
13.78849574
13.78887300
13.80015355
13.86636716
13.88746096
13.90138969
13.92622069
13.92958141
13.94493166
13.96042749
13.96459589
13.98208688
14.02068904
14.11381562
14.17442013
14.18840882
14.19258684
14.21862564
14.22565617
14.22824451
14.28609638
14.32803755
14.43593582
14.48330118
14.50658432
14.52307912
14.58319008
14.58665489
14.58986805
14.64202910
14.69981558
14.70743876
14.73169302
14.79717972
14.87936346
15.00741375
15.01142292
15.04813120
15.06454257
15.06636153
15.12958759
15.15810417
15.20176091
15.20719529
15.21484563
15.22304448
15.24469188
15.27810031
15.27894542
15.30329536
15.32456348
15.38562680
15.45589657
15.47479813
15.50755814
15.53432342
15.62332773
15.65142351
15.66460827
15.69821471
15.70164694
15.71982561
15.72336162
15.74995498
15.76378991
15.76903649
15.78902052
15.82661915
15.85570497
15.88424501
15.97954254
15.98023953
16.02630284
16.07441330
16.13165498
16.26935182
16.27401327
16.31664784
16.32908101
16.34416744
16.34668831
16.35734647
16.40370687
16.41192020
16.41254049
16.43243925
16.48895503
16.49458207
16.49544162
16.54267050
16.55357433
16.60108044
16.63324808
16.64253958
16.67340034
16.72189598
16.73440205
16.73627067
16.75602422
16.84988460
16.87127022
16.87212553
16.92254886
16.95790092
16.95951902
16.97822144
16.99484997
17.00676146
17.07844770
17.08395466
17.08421386
17.08485138
17.10134129
17.12563297
17.14008103
17.17723629
17.21093331
17.26110437
17.26560631
17.27146177
17.37198032
17.38058262
17.39242784
17.41042242
17.41188468
17.43981175
17.47956616
17.48170502
17.49191104
17.52216865
17.52788360
17.53217112
17.54226145
17.61093573
17.61343948
17.61779610
17.65916417
17.69715018
17.71898302
17.73740823
17.76894711
17.80342993
17.82387536
17.89395952
17.93140632
17.95236421
18.00297537
18.01148364
18.04313928
18.04495012
18.07178231
18.08205659
18.13960240
18.15478539
18.15561972
18.16756796
18.17190524
18.20133311
18.35379059
18.39950653
18.41632536
18.52565842
18.53344882
18.53872631
18.56130594
18.58591615
18.65111665
18.68129117
18.68268259
18.70058673
18.73307597
18.73772301
18.77455425
18.78326501
18.81552565
18.86489366
18.86851050
18.87323480
18.87412343
18.88306569
18.89237116
18.90520687
18.90902962
18.92535830
18.94998652
18.95126473
18.96826072
19.04106293
19.04145669
19.06543079
19.09397924
19.13350821
19.18049120
19.19236472
19.23416262
19.25256834
19.26229745
19.26557014
19.27495103
19.28644626
19.36851418
19.37458098
19.42298541
19.47794204
19.60126664
19.60830613
19.66438395
19.72873548
19.76068849
19.77247357
19.85669807
19.99395117
20.01590001
20.01705973
20.03749038
20.08765803
20.09954891
20.14093845
20.15662179
20.20277386
20.20534147
20.22276570
20.23574012
20.25784789
20.26896107
20.27099857
20.27792716
20.28786409
20.29189882
20.37826573
20.45911372
20.46696244
20.47176029
20.48424849
20.49509628
20.50461725
20.57402906
20.57470568
20.58980500
20.60016956
20.61078447
20.66359210
20.69353213
20.72168730
20.77449776
20.80364071
20.82023297
20.85267422
20.90987791
20.94966356
20.97302861
21.04153171
21.04611762
21.05540649
21.11978375
21.13286850
21.13697719
21.14693094
21.18008834
21.26352917
21.28984701
21.29112919
21.29474747
21.29623275
21.30095880
21.31725728
21.45517022
21.55806673
21.57900975
21.60197200
21.64236298
21.73378109
21.74276276
21.77909078
21.78324914
21.81582860
22.01342471
22.04746440
22.04892364
22.10439122
22.11152919
22.12833504
22.12836317
22.13041520
22.14759607
22.17001509
22.19950700
22.21231238
22.21449195
22.22681823
22.23879384
22.26897017
22.28514630
22.29435614
22.31376522
22.31610615
22.37874700
22.38005976
22.39434381
22.40421982
22.43006490
22.44218169
22.46478334
22.47492446
22.49339289
22.52753322
22.53510175
22.55207261
22.56456324
22.56968252
22.56986046
22.63093630
22.65695617
22.66651740
22.68312594
22.81577105
22.86177902
22.88356106
22.96967533
23.01300821
23.05250987
23.12340443
23.12391241
23.13220626
23.14712194
23.14795388
23.19099386
23.23276334
23.25933295
23.27689862
23.32280867
23.32489634
23.34088032
23.38333083
23.41250375
23.42549973
23.43476023
23.43869111
23.44934520
23.48635729
23.53783090
23.54239854
23.54977050
23.55528918
23.58407858
23.60715268
23.62290235
23.63931011
23.64624374
23.65166523
23.65487023
23.74818980
23.75036500
23.76437608
23.82184162
23.82786007
23.83372902
23.85371785
23.88110523
23.88759560
23.88862538
23.92620720
23.97236720
23.99443521
23.99454182
24.03723015
24.03750440
24.05378375
24.06732167
24.10721626
24.11423256
24.12461634
24.14221360
24.14683899
24.14870530
24.14973005
24.17000826
24.19319687
24.23966612
24.27663374
24.28979576
24.30046090
24.31509392
24.32433752
24.32921957
24.34656855
24.38536667
24.39527086
24.40549782
24.48578775
24.52260176
24.56834135
24.60029593
24.67928320
24.68784928
24.72405442
24.73547374
24.78112189
24.78834853
24.85471311
24.86086597
24.86134212
24.87839566
24.90738112
24.93435340
24.95637459
24.99469454
24.99919562
25.04915306
25.05976509
25.08646127
25.15612509
25.22082424
25.23223904
25.26234526
25.26269653
25.31334460
25.34248001
25.41475891
25.45887363
25.50797206
25.51182948
25.61725892
25.61799078
25.63783370
25.63827377
25.66070578
25.72089284
25.76285523
25.79199853
25.84869734
25.95794209
25.96009755
25.96961522
25.98415503
26.02720595
26.03644285
26.03759562
26.07173243
26.19476762
26.21524456
26.29321423
26.33348359
26.34454525
26.37853148
26.39115596
26.40506817
26.42930566
26.43361841
26.43700585
26.47044049
26.56441533
26.56723696
26.57684380
26.62907921
26.63904714
26.66736270
26.67406209
26.69378612
26.74082839
26.76372071
26.76696891
26.78549760
26.79806006
26.83164748
26.88027437
26.89807428
26.90832278
26.96009567
26.96465247
26.97447861
26.97830780
27.01161783
27.08331561
27.10135952
27.15233969
27.23204295
27.23486484
27.26176180
27.26282996
27.27868498
27.29063013
27.31079997
27.32376925
27.33026929
27.40816240
27.45844351
27.46438271
27.46605556
27.47042222
27.49698481
27.50783022
27.51230511
27.52123292
27.57115976
27.67243041
27.68030248
27.70488983
27.75212821
27.76364398
27.79142173
27.80947273
27.81742192
27.82279069
27.82586799
27.84366373
27.86698653
27.90773968
27.92918419
27.99747575
28.04583184
28.05356751
28.06550759
28.07175973
28.09124504
28.15397814
28.17146354
28.19093980
28.21172494
28.23054362
28.24472981
28.25395057
28.27833058
28.28801563
28.32894819
28.37462211
28.37501957
28.41407561
28.41439764
28.44845821
28.49349628
28.51925458
28.58684725
28.63953992
28.64986056
28.69739131
28.71901747
28.72405381
28.72830082
28.75122370
28.78184260
28.80338160
28.87549727
28.89290298
28.90994734
28.92786082
28.94202210
28.94879359
28.95320965
28.95893817
29.06725108
29.12430171
29.15776337
29.21027902
29.23238556
29.24284683
29.29647176
29.39481970
29.43199848
29.43289047
29.46542542
29.51908410
29.59280666
29.60577575
29.61961204
29.64731416
29.76355535
29.79037274
29.82099375
29.82677931
29.84207148
29.87921803
29.88331430
29.93070244
30.00317259
30.02183139
30.12545021
30.15881824
30.18781346
30.19884404
30.23846425
30.24467983
30.28568561
30.33103304
30.33926818
30.34092381
30.38032089
30.39243460
30.39658232
30.44553638
30.46773044
30.56122554
30.63690375
30.65921408
30.66375395
30.66659598
30.68747147
30.69577932
30.75754443
30.78698224
30.82077365
30.82166435
30.83674067
30.85589485
30.86047410
30.91680191
30.92588597
30.95192962
30.97107238
31.04737580
31.08949256
31.13131129
31.15802271
31.17669479
31.23795340
31.26782585
31.27507835
31.31099931
31.34100812
31.36601074
31.47265736
31.50430331
31.53260514
31.57761206
31.62407832
31.65802937
31.65998728
31.66064090
31.79351701
31.79745483
31.80065072
31.81886235
31.85187429
31.85914711
31.86530409
31.87946088
31.90206602
31.92026181
31.92347141
31.97335180
31.98595111
31.99892494
32.01461389
32.10191814
32.10937357
32.12074561
32.16540497
32.23963885
32.24042410
32.27682146
32.28096444
32.29077218
32.37538532
32.44431110
32.57116485
32.59480002
32.64959412
32.69019870
32.69505754
32.72088491
32.73290592
32.75488891
32.75981527
32.80033119
32.82118912
32.82588799
32.84499680
32.86602920
32.89456426
33.00730211
33.05940932
33.06931202
33.08724481
33.12089711
33.12340092
33.13433704
33.13595195
33.14457245
33.16011107
33.17086825
33.18045626
33.18548749
33.20978300
33.30033408
33.33751602
33.35281025
33.36206593
33.54274799
33.57773960
33.63572881
33.67514680
33.68398458
33.70459731
33.70932141
33.72929782
33.82151541
33.83694408
33.90127735
33.92351616
33.95751189
33.97216663
33.99681815
33.99889463
34.00515552
34.08947099
34.11155802
34.17353527
34.18879678
34.20400777
34.32181253
34.34401631
34.37012017
34.37460542
34.41896868
34.42005872
34.42167053
34.48781719
34.50921991
34.51462170
34.51763529
34.57638675
34.58740573
34.60130163
34.63768395
34.64890794
34.66567512
34.72004356
34.74395500
34.75022098
34.75816163
34.81092828
34.83972777
34.92937286
34.93131200
34.95293294
34.98584593
34.99304989
34.99807579
35.04210127
35.08198772
35.09128913
35.10651791
35.13239771
35.22404367
35.23557710
35.23842232
35.26034506
35.27020731
35.27675054
35.28132930
35.28510400
35.29406382
35.35145779
35.36216640
35.38745349
35.38748101
35.43256410
35.44044784
35.46392315
35.49106925
35.54182806
35.54232635
35.54590215
35.55264434
35.59702522
35.62297091
35.63292317
35.69029970
35.69745739
35.70191998
35.71254403
35.77746368
35.77835245
35.85443417
35.90435041
35.92282343
35.93699454
35.94242593
36.06186060
36.09114493
36.14625446
36.21124079
36.23054678
36.25650471
36.25780990
36.30464122
36.31153608
36.33102408
36.33297421
36.35770300
36.39580624
36.40037385
36.41169611
36.43208364
36.53285559
36.59282217
36.61242641
36.61601073
36.67214716
36.67698022
36.69522836
36.71116021
36.72196955
36.75895682
36.77289534
36.81415204
36.81816968
36.84303199
36.85859633
36.88527932
36.91545932
36.94466599
36.96147530
36.96335680
36.98348363
36.99621907
37.00380620
37.04480007
37.07655529
37.10685355
37.17485397
37.17702838
37.19203852
37.21952260
37.27277637
37.35135633
37.40573695
37.43729970
37.53044659
37.55454259
37.63213653
37.67871861
37.71232058
37.71918208
37.75402198
37.79669124
37.82317278
37.83320686
37.90096828
37.91644194
37.94893589
38.00160690
38.00973556
38.03033646
38.04597307
38.05763862
38.10404672
38.11100054
38.17086582
38.23655566
38.28167337
38.28515732
38.32845500
38.33043739
38.34942603
38.35598242
38.36819192
38.51154448
38.52630378
38.57909686
38.58461777
38.60885750
38.63914751
38.65386175
38.67870266
38.70325952
38.72166942
38.74060678
38.75443569
38.82048836
38.83238207
38.84020800
38.89879344
38.90109678
38.92344581
38.97864863
39.02167734
39.06738117
39.08096671
39.12775881
39.18473586
39.18926441
39.21810011
39.23511767
39.28228647
39.33791199
39.33955391
39.36008261
39.38065254
39.42449360
39.47342321
39.50024402
39.50680736
39.51738624
39.52362596
39.52995138
39.56565896
39.57252741
39.58350606
39.63644202
39.67594597
39.71360752
39.78564832
39.82888252
39.83993865
39.85185252
39.87465742
39.90734224
39.91746555
39.98879169
40.01099562
40.01675164
40.06122884
40.08032124
40.13024317
40.15295100
40.17637414
40.22963707
40.29084521
40.29109818
40.31582601
40.34070551
40.34804236
40.36247616
40.37283193
40.46958234
40.47828250
40.51400354
40.52180898
40.52719444
40.55425586
40.62011992
40.64509765
40.81699436
40.82304480
40.84230450
40.84734314
40.86352519
40.88223493
40.91897288
40.92608906
40.98270849
40.99001046
40.99489354
40.99596444
41.02011213
41.03027476
41.06878576
41.14928445
41.15080420
41.18266866
41.23616074
41.33815303
41.34357515
41.35562733
41.37576924
41.46924893
41.47457229
41.47910867
41.47921139
41.50060949
41.54558970
41.56108878
41.57827519
41.68809186
41.71778021
41.72664535
41.73939174
41.73947514
41.82252478
41.84723355
41.85549876
41.85705182
41.88830580
41.89511822
41.92694603
41.93332431
41.93726849
41.94304897
42.06025725
42.07130832
42.11522106
42.12122185
42.15230418
42.18485738
42.19923839
42.22047025
42.27137775
42.27336310
42.27669905
42.27690421
42.29919906
42.32197960
42.34582956
42.37535065
42.38758659
42.40125096
42.44095014
42.48994583
42.49647605
42.50371418
42.55114223
42.58437879
42.58549537
42.59787430
42.60001717
42.60539785
42.60712110
42.62401073
42.63157606
42.70237448
42.76188827
42.78374322
42.84510788
42.86060605
42.86610289
42.92623545
42.95520497
42.98768959
43.08261907
43.08413236
43.10036050
43.11996842
43.20556002
43.22453983
43.25377143
43.27250252
43.31296922
43.36487159
43.39817212
43.43926575
43.45626009
43.46187193
43.53842009
43.54497950
43.57028624
43.65828555
43.69349865
43.70191069
43.71513403
43.71941078
43.72657825
43.72795145
43.84851263
43.85859842
43.86501645
43.86936980
43.88247225
43.88341492
43.88519878
43.91121124
43.91239591
43.91917669
44.08561484
44.09530123
44.11499215
44.15336942
44.15523269
44.16036413
44.17491805
44.18314395
44.18382277
44.19093185
44.21684178
44.22580129
44.26119517
44.27597933
44.28622041
44.29526892
44.30746424
44.31246684
44.31369146
44.33052970
44.36082582
44.39746715
44.40413479
44.40586126
44.46173457
44.48763758
44.50991267
44.53005150
44.64219269
44.67359145
44.68967093
44.71415347
44.71764539
44.83504264
44.86700618
44.88117608
44.88180812
44.96576449
45.01214282
45.06771396
45.11919719
45.13190649
45.16181663
45.16619032
45.21718741
45.24355982
45.24659598
45.24930098
45.25858228
45.31287248
45.31592808
45.32158071
45.34406790
45.37436127
45.38600151
45.40140235
45.40165922
45.44925955
45.47683659
45.49221393
45.55267821
45.55330353
45.56712751
45.58364723
45.59219772
45.59548173
45.64392711
45.69107656
45.71229673
45.72623718
45.76047573
45.80099979
45.83704954
45.93699605
45.94868222
45.96062346
45.96423151
45.97632561
46.03592458
46.07306868
46.07454854
46.10473471
46.16121678
46.18037652
46.22982846
46.24003966
46.25635290
46.26383157
46.33176948
46.34820172
46.36685842
46.37350429
46.39583571
46.40180430
46.40420582
46.46092425
46.47857454
46.48976248
46.49205758
46.53562818
46.54130533
46.54719560
46.57902746
46.62090151
46.64829811
46.69631012
46.70148770
46.73172761
46.73286845
46.76969277
46.77455323
46.78426023
46.79233685
46.80107527
46.80287852
46.80318130
46.81337668
46.84445631
46.84853409
46.86212140
46.88312433
46.91670068
46.94718709
46.97970602
46.98908048
47.00462655
47.01684589
47.01684869
47.01755680
47.02039273
47.04504257
47.04769914
47.10496536
47.10564323
47.13832133
47.18674501
47.20835912
47.23724036
47.30530338
47.31806590
47.34173462
47.47330459
47.50824050
47.51143209
47.55254795
47.56039753
47.60117857
47.63885554
47.64444671
47.65215274
47.67207760
47.67712716
47.68974646
47.69535699
47.72856091
47.75160493
47.75520964
47.83093533
47.84522399
47.88613175
47.92545333
48.01444096
48.03442855
48.03990091
48.14779166
48.15040631
48.18889452
48.20559988
48.23606887
48.30331938
48.34795183
48.38664579
48.40532657
48.40945055
48.42872623
48.43113306
48.48526880
48.52828315
48.54669756
48.55669858
48.56530962
48.58397911
48.59611451
48.61802758
48.62268549
48.63499229
48.63745452
48.63871180
48.65910970
48.66427309
48.68469900
48.70416611
48.72195339
48.72854664
48.73752138
48.75011746
48.76311299
48.84937671
48.86608857
48.97073280
48.99120719
49.05005029
49.09004819
49.14645305
49.14884332
49.15365363
49.16110855
49.16211735
49.16279123
49.18902069
49.26832785
49.29053095
49.29675786
49.32655310
49.32883896
49.36658591
49.37939519
49.38609526
49.42870409
49.43525479
49.50016076
49.50632833
49.52410608
49.57752047
49.61195560
49.67775624
49.72509016
49.74009459
49.88727070
49.88806528
49.91397930
49.99075754
49.99681775
50.02412384
50.06056658
50.07844476
50.09497118
50.13997776
50.15547430
50.15676351
50.16012501
50.16022594
50.19615799
50.24255546
50.29604214
50.30296556
50.34856100
50.38998714
50.40834113
50.42333983
50.43781717
50.45375284
50.55616950
50.58034766
50.62344972
50.63151670
50.65174270
50.65849079
50.68274031
50.70134840
50.72960173
50.73021996
50.73239790
50.74967653
50.77531348
50.83318324
50.84329269
50.87367670
50.90387946
50.92614660
50.94830557
50.95529986
51.01024014
51.01315054
51.03251403
51.03679560
51.18231717
51.24082890
51.24799291
51.25377507
51.30933936
51.36139743
51.39100851
51.43190508
51.43331396
51.45663701
51.48695923
51.50028199
51.50489768
51.50677542
51.52338684
51.57082135
51.61614175
51.62241678
51.62556598
51.67962450
51.68440192
51.68510295
51.69496973
51.69762484
51.71053439
51.71736763
51.73863017
51.74200779
51.75694356
51.77739260
51.81718207
51.83425505
51.85104009
51.85795542
51.90655388
51.90971704
51.90976622
51.95428415
51.96663751
51.98481932
52.00153458
52.03960886
52.08606727
52.13297730
52.15130930
52.15654759
52.17005471
52.17631225
52.23415520
52.27082749
52.28438349
52.29824426
52.36245934
52.39130135
52.40682486
52.45287545
52.45576086
52.46607362
52.46678034
52.47680362
52.48551327
52.48887889
52.49559256
52.49929334
52.55378287
52.57166213
52.59394942
52.61376767
52.61902185
52.63130493
52.67343647
52.69038624
52.75786746
52.79246222
52.80883559
52.81223156
52.89989920
52.93643927
52.94768981
52.99800725
53.00326388
53.00407428
53.01016601
53.03420232
53.05756946
53.18210382
53.19087389
53.28442345
53.33471936
53.35152548
53.37874249
53.44144197
53.47594037
53.49399326
53.53686217
53.57059965
53.58487735
53.61462915
53.64595933
53.65289615
53.66156965
53.66317847
53.67276793
53.67923033
53.75970987
53.84719992
53.90255202
53.93056547
53.99861801
54.00438275
54.00648877
54.02870929
54.08505521
54.10604087
54.10659442
54.11440362
54.13275052
54.17216290
54.19853645
54.26839734
54.32241749
54.41154760
54.44436688
54.44845160
54.44986146
54.45140384
54.46588045
54.50974473
54.58157253
54.61139531
54.62035586
54.63260484
54.63883254
54.67511541
54.69069501
54.69263215
54.70682291
54.71454563
54.73394846
54.75656734
54.81433190
54.82559484
54.83062565
54.88402221
54.92372991
55.04152677
55.07191414
55.07791383
55.14655162
55.17552948
55.18255772
55.20324541
55.22506345
55.26712183
55.32670758
55.36085629
55.39458795
55.41836376
55.41907795
55.42116048
55.43768731
55.45397728
55.48569849
55.51679359
55.52847317
55.55150493
55.56304407
55.66026248
55.67986679
55.83855968
55.83970599
55.84500185
55.85929379
55.87414116
55.92106805
55.96062140
55.96184010
56.01739685
56.03036973
56.07468664
56.08130334
56.08372763
56.10166765
56.13082996
56.15064417
56.15169193
56.20913502
56.29056319
56.29893897
56.33170230
56.35224343
56.35820809
56.38259251
56.40004118
56.41713057
56.43057606
56.43652715
56.44779486
56.46388530
56.46489838
56.46940892
56.47637058
56.51072840
56.56081696
56.56821050
56.58738850
56.64142845
56.65620192
56.69006026
56.69739483
56.75825633
56.77088295
56.79452457
56.97664033
56.99561810
57.00080272
57.00621373
57.02311935
57.02512608
57.05330515
57.06865528
57.09032445
57.10203667
57.21912373
57.25895234
57.33589601
57.42591466
57.44888274
57.50389961
57.59782382
57.61807111
57.68026991
57.69541042
57.73492893
57.73502332
57.80976066
57.81666290
57.82868773
57.82966160
57.89325741
57.89926201
57.90365310
57.93352165
57.93859304
57.96565878
57.99208687
58.00671192
58.01954317
58.08489069
58.09428353
58.14244997
58.19322651
58.21810919
58.23370112
58.24063037
58.28733315
58.30336603
58.31913850
58.35241034
58.41908697
58.43319363
58.46542732
58.53198414
58.53493617
58.57687878
58.66289298
58.70642304
58.72220084
58.73492765
58.75459421
58.78091563
58.83374284
58.89374933
58.90270569
58.95156852
58.96317278
58.98419748
59.00990988
59.02917490
59.04897167
59.05769977
59.06955154
59.07350417
59.07741599
59.07988260
59.08467890
59.08948436
59.10556758
59.12302249
59.18107373
59.18605475
59.19077731
59.20406960
59.22271185
59.24404518
59.29993943
59.34490751
59.35164730
59.35444418
59.36326168
59.37970242
59.41871388
59.51604104
59.54243742
59.60054524
59.64623749
59.70663687
59.73439849
59.76960529
59.79145282
59.80137528
59.81824141
59.84061957
59.86105890
59.87684916
59.88142907
59.92098461
60.05314300
60.08511665
60.14627982
60.17620006
60.18477047
60.24747896
60.26288796
60.26735767
60.37430776
60.38503575
60.43318778
60.61520709
60.67952745
60.68331386
60.76420470
60.76760160
60.77988913
60.79996041
60.80057096
60.80754485
60.84077972
60.87744519
60.92864424
60.95544342
60.96582406
61.01817909
61.08140826
61.12738569
61.12942205
61.13621205
61.13797995
61.16106952
61.16494522
61.17726438
61.25902656
61.26728417
61.32429605
61.34025550
61.41143424
61.46452061
61.47908006
61.47995360
61.49412420
61.49617307
61.49962295
61.51534511
61.52611062
61.54867665
61.55953107
61.60247485
61.60690684
61.65224587
61.69613903
61.70458462
61.70619264
61.72479458
61.74619892
61.75252536
61.75842131
61.76461907
61.79445819
61.83199228
61.83560284
61.84165270
61.92300694
61.96374098
61.97460441
61.97871514
62.04288094
124.00000000
