0.01612932
0.02125203
0.08703599
0.14543064
0.15527336
0.19160495
0.19264872
0.22290216
0.22488000
0.23427998
0.23805223
0.33414919
0.35163117
0.42434733
0.43759201
0.48812202
0.52036149
0.53595728
0.54686195
0.55958851
0.59179422
0.62667473
0.63349645
0.70740951
0.71572684
0.72772989
0.74923490
0.81454601
0.92476392
0.92502202
0.92752020
0.97082265
1.00430205
1.00624563
1.00786945
1.01771993
1.01914689
1.05116570
1.06402524
1.07994341
1.09189805
1.09443549
1.10032533
1.17049849
1.19309435
1.25496914
1.30437754
1.34506471
1.34985124
1.39226232
1.43248729
1.43438232
1.45621484
1.49144516
1.49145614
1.53331211
1.55691926
1.58441489
1.68514472
1.76341256
1.81959347
1.85364840
1.94339013
1.97603117
2.07241356
2.09379823
2.11377280
2.12713742
2.13132313
2.15021030
2.18877413
2.23343410
2.25718562
2.25774341
2.26434503
2.27735441
2.31405847
2.36618732
2.40833335
2.40925873
2.41666601
2.42132301
2.47692733
2.52890454
2.59873496
2.61603861
2.64789833
2.65974416
2.69192434
2.72217638
2.80604919
2.83219247
2.84048694
2.91410039
2.94727283
2.95522965
3.02679476
3.05028328
3.07446318
3.07906593
3.08750506
3.13696755
3.14905788
3.19765101
3.20182890
3.22390396
3.28224787
3.32440319
3.34577390
3.39821462
3.40839229
3.41247149
3.41322173
3.42703735
3.44480397
3.46526736
3.46865320
3.48641507
3.50676849
3.50871336
3.51702871
3.54062685
3.55564589
3.56431885
3.58946870
3.59838233
3.61628125
3.61654404
3.64065744
3.64283073
3.64957873
3.66482375
3.73186553
3.76133132
3.78905790
3.80028538
3.81906368
3.85157039
3.85786936
3.86451283
3.87817346
3.89393186
3.94690976
3.97317442
4.00339674
4.02693736
4.06732854
4.12403016
4.12660159
4.14548626
4.16399988
4.18120589
4.18315775
4.18807139
4.27872926
4.28652192
4.30682726
4.44007328
4.44174763
4.45902547
4.46129389
4.47190416
4.51757597
4.52965873
4.57388609
4.59819686
4.60346560
4.63827369
4.70592906
4.71394358
4.76930977
4.78925783
4.79025874
4.81631793
4.83153828
4.83324257
4.84619002
4.86900625
4.87614961
5.02471819
5.03578903
5.09232567
5.09537658
5.11584994
5.11705030
5.12040396
5.14552846
5.17060347
5.23346652
5.28695507
5.29003181
5.31275348
5.42490445
5.49084067
5.49931895
5.55066438
5.56013338
5.56786659
5.58386798
5.59754003
5.60193144
5.61812297
5.63140697
5.63640773
5.66991729
5.67033011
5.68398601
5.68644207
5.70865063
5.71054312
5.74403966
5.77279322
5.80994575
5.81152851
5.82701852
5.85715783
5.87130041
5.87240137
5.87635669
5.93042066
5.94525725
5.97299003
5.97600289
6.00630034
6.02721824
6.04120791
6.07523448
6.10465043
6.12276131
6.13896643
6.14485803
6.14975467
6.17328530
6.24312588
6.24532326
6.29297043
6.38693013
6.46862873
6.50122927
6.51827765
6.52507355
6.55673366
6.58832917
6.59775983
6.62730146
6.63737200
6.63775176
6.64057133
6.64282382
6.65577079
6.72199716
6.73631261
6.73755727
6.75051215
6.78102458
6.81410081
6.83009428
6.85040708
6.87141644
6.87765285
6.89323896
6.98260412
7.05855990
7.06926730
7.08482386
7.09116602
7.10314293
7.12008384
7.15687676
7.15758432
7.17307035
7.17849327
7.18094016
7.18616435
7.19767217
7.21165094
7.25730949
7.34562478
7.35141759
7.35156661
7.35816305
7.39348585
7.43464427
7.45644268
7.45721894
7.46961971
7.47166243
7.55982050
7.55999174
7.57122059
7.58913290
7.60779942
7.62354412
7.62935583
7.64270861
7.68665371
7.73480846
7.74021801
7.76441038
7.78692181
7.79462164
7.88873311
7.90017243
7.94310894
7.95175608
7.96715285
8.00160322
8.03743925
8.03755229
8.03821297
8.06995054
8.08390360
8.09079011
8.10317348
8.11869635
8.15626589
8.19623946
8.19719247
8.27056572
8.28484218
8.29982573
8.31623520
8.34247533
8.34619474
8.34946950
8.39292410
8.39689832
8.41666171
8.42369813
8.45025365
8.49238612
8.50935968
8.52047838
8.52097858
8.59279303
8.60305831
8.69684061
8.77649816
8.78565292
8.80720738
8.98384808
9.00983141
9.07623532
9.08014846
9.08694708
9.11859339
9.13820473
9.15895060
9.18994775
9.20283668
9.21397670
9.23803234
9.25075449
9.30109399
9.31195135
9.31578137
9.36703753
9.41815685
9.42494660
9.44165395
9.50036976
9.50613824
9.54681560
9.58701693
9.66217995
9.66931971
9.69598240
9.70334817
9.70960882
9.74183256
9.78433880
9.79485970
9.82530930
9.84727037
9.85751576
9.86470065
9.87221659
9.90063620
9.91461392
9.91776450
9.92729737
10.01521738
10.04011186
10.04985573
10.08695775
10.09198368
10.09338891
10.13509671
10.15018713
10.20419963
10.25861595
10.26471631
10.27081626
10.30021522
10.30515384
10.32692666
10.32865662
10.41889115
10.44873357
10.50557331
10.51312539
10.54053084
10.55181103
10.55322685
10.62900471
10.63456155
10.64236553
10.76486571
10.77522139
10.83103694
10.88993463
10.97809821
10.98162301
11.00752081
11.00756373
11.07219412
11.08168418
11.09738011
11.13994810
11.14223266
11.16378367
11.16616983
11.16775152
11.17065888
11.19125928
11.23081630
11.35099334
11.38136758
11.38690160
11.40884504
11.41312675
11.42359212
11.42443639
11.45881924
11.46071387
11.47531810
11.49152808
11.54277020
11.56394246
11.67183812
11.73548091
11.74919639
11.75225844
11.81520691
11.84890357
11.87674382
11.88215131
11.93447521
11.94076879
11.94475477
11.97968854
12.08295913
12.08873923
12.08895408
12.12717942
12.13109330
12.15679947
12.22044366
12.25540909
12.25556239
12.27080412
12.30084617
12.31244351
12.36627204
12.38283814
12.38539874
12.48798633
12.53082853
12.57074025
12.59409425
12.61453217
12.62917348
12.63987818
12.66351747
12.73647557
12.77042109
12.79122059
12.85244317
12.86466993
12.88570920
12.90539379
12.91674677
12.92746587
12.94380827
12.94707331
12.95330845
12.98816011
12.99605769
13.05638190
13.06143532
13.08251363
13.09646008
13.09721705
13.12950906
13.13743625
13.19441576
13.19467222
13.23104793
13.23812602
13.26806925
13.31601421
13.32557792
13.41434694
13.44343107
13.52601416
13.53894894
13.54772141
13.56530234
13.61703753
13.66804351
13.69758694
13.70985866
13.71878036
13.73036067
13.74203910
13.74993545
13.75272562
13.76176869
13.79841937
13.84673010
13.93021946
13.95569933
13.97096015
14.04888560
14.14971428
14.15243810
14.20404756
14.23714248
14.23948783
14.34283904
14.35230152
14.36384611
14.38369577
14.39877935
14.44782454
14.49745013
14.54531144
14.56316289
14.57138233
14.58319008
14.58986805
14.60437760
14.61071590
14.66652904
14.67897037
14.69201851
14.69202975
14.71497486
14.72506926
14.74125896
14.75417184
14.76218650
14.76594141
14.83900882
14.90129960
14.91251113
14.94448844
14.95308588
14.96589650
14.99301434
15.08684743
15.08994220
15.09149047
15.18315856
15.19193356
15.23379079
15.23828765
15.24557745
15.30669348
15.32816235
15.39237000
15.40699017
15.57360042
15.60408863
15.65264263
15.72979796
15.77295477
15.78316513
15.80023189
15.81078529
15.82139010
15.87379027
15.88368192
15.90440448
15.92920234
15.95094688
15.95830699
15.96589843
15.99474350
16.02476356
16.09027593
16.09095076
16.12409695
16.16946739
16.19619216
16.22526038
16.25622077
16.29042228
16.31294899
16.34807101
16.36953402
16.41776919
16.42990077
16.45628439
16.46038866
16.46983909
16.48449166
16.49276179
16.50170696
16.51172439
16.55148920
16.56119140
16.58746326
16.59742437
16.62047362
16.62477498
16.65504509
16.66024924
16.67529107
16.71668528
16.75539965
16.82606599
16.83589917
16.86812001
16.91302916
16.93298004
16.95515975
16.97275903
17.01010810
17.14008103
17.17723629
17.18088705
17.19024476
17.19517916
17.21547738
17.22555624
17.26024388
17.26842173
17.28025056
17.42352408
17.43720671
17.44157132
17.44462747
17.44545294
17.47670009
17.47752317
17.48819614
17.51942463
17.53874932
17.55312848
17.56232941
17.56630360
17.56845585
17.56985639
17.62146498
17.63965722
17.64494574
17.64616415
17.66700943
17.67270910
17.70289063
17.76707060
17.76894711
17.77014716
17.78321299
17.83485276
17.85605361
17.87394227
17.91975714
17.98378360
17.99033801
18.03383711
18.03901547
18.13109565
18.15829332
18.18771261
18.22950464
18.28678750
18.30350579
18.33836649
18.37549486
18.40542036
18.43503628
18.44786592
18.46588207
18.51627740
18.52465678
18.60680859
18.63739440
18.70743959
18.72017743
18.76040969
18.77816942
18.86813228
18.88896989
18.90050994
19.00679587
19.02283639
19.02672740
19.05477777
19.05829216
19.05838545
19.06631810
19.06638201
19.07552119
19.12035161
19.14114688
19.21744806
19.22519555
19.26122961
19.27535813
19.37666687
19.51860448
19.52894955
19.55373108
19.59825095
19.60811373
19.64147155
19.65447097
19.65888194
19.66438395
19.69539880
19.76245609
19.79462393
19.82387197
19.89763804
19.94147234
20.00016026
20.02556663
20.04950033
20.09546297
20.09746899
20.14418493
20.15687406
20.17663627
20.19892582
20.21568427
20.22099595
20.24799400
20.29886051
20.31867049
20.35248794
20.40915264
20.42213612
20.46149607
20.46912066
20.49509628
20.49649134
20.58450326
20.59357178
20.59425738
20.60016956
20.66944239
20.70744231
20.73512564
20.76541358
20.78534393
20.81076559
20.83473233
20.85341741
20.89994545
20.97418676
20.99638434
21.02371574
21.06262959
21.07188428
21.09814148
21.11978375
21.12075179
21.12554087
21.24671250
21.25715312
21.26011487
21.29474747
21.31138201
21.32867213
21.34883393
21.43821709
21.47225267
21.47278670
21.50412169
21.50729339
21.53617062
21.68632917
21.70685297
21.71390902
21.71405538
21.75942127
21.76006102
21.80156908
21.80379939
21.81687989
21.86650318
21.92094054
22.03998660
22.12833504
22.13494751
22.14469785
22.15604249
22.17512387
22.22764402
22.26652773
22.27924143
22.29205270
22.33063922
22.39363016
22.41727102
22.43102598
22.45967964
22.47244583
22.56968252
22.59205437
22.66489694
22.69974576
22.72659769
22.73345392
22.75550973
22.75917733
22.76374191
22.77912871
22.82366242
22.83302048
22.84055998
22.86068490
22.86816349
22.89741052
22.89943693
23.01348087
23.02874407
23.03717385
23.05004339
23.05265922
23.09007740
23.11731225
23.15625072
23.20313761
23.22760742
23.26443723
23.28186111
23.29180434
23.30326441
23.31859975
23.31930161
23.42441215
23.48368122
23.48899527
23.51349820
23.53580774
23.55311380
23.56830545
23.60481924
23.63735428
23.70213822
23.70525795
23.74117129
23.74860665
23.78923416
23.84139115
23.84650764
23.85841022
23.87031258
23.89981479
23.90421981
23.95542353
23.97754287
23.98536363
23.99476347
24.01952538
24.02948764
24.03750440
24.07170612
24.08303821
24.11955453
24.15107081
24.15845217
24.16857158
24.17000826
24.18715886
24.23852128
24.25682541
24.29956303
24.40581742
24.41743116
24.43564209
24.45623618
24.45873160
24.45995459
24.46590734
24.48038289
24.55813902
24.63762013
24.65722900
24.67328483
24.71255186
24.80686900
24.82473933
24.84937467
24.86448947
24.89281877
24.93108987
24.99442600
25.01569734
25.03231122
25.03717745
25.06939826
25.15383086
25.15667392
25.15778659
25.16184675
25.17931756
25.19955620
25.20736073
25.21513623
25.25166700
25.29284682
25.36989071
25.40584955
25.43968470
25.46102044
25.47100646
25.51775895
25.54318729
25.56756311
25.57586021
25.63625440
25.64743452
25.65583296
25.70164496
25.73973327
25.73990238
25.75058222
25.77766142
25.79199853
25.80138915
25.80720312
25.81212990
25.82753557
25.87919304
25.89801901
25.90357408
25.92219115
25.97049419
26.02540230
26.03185236
26.11785676
26.13944004
26.14812843
26.17636478
26.27254006
26.27553177
26.29687764
26.33836146
26.38362573
26.43050778
26.43574145
26.49090827
26.49754804
26.51813452
26.52529872
26.53003978
26.54899719
26.57717761
26.60448620
26.63904714
26.65312492
26.67214741
26.67830419
26.70466360
26.74036404
26.76372071
26.77087776
26.79825254
26.82013527
26.89807428
26.90275394
26.90443618
26.94721111
26.98798534
27.03149514
27.14907702
27.17790964
27.19641232
27.27519690
27.28663954
27.32666996
27.33372630
27.38814157
27.39374073
27.42232043
27.42554209
27.56000964
27.56734021
27.58475978
27.59246875
27.60359928
27.65945298
27.68296683
27.74941770
27.78537552
27.79207109
27.81026687
27.81918611
27.85068127
27.85851810
27.93231614
27.93393785
27.95220273
27.95778186
27.98856610
28.01436062
28.01562931
28.01927310
28.03592335
28.14489717
28.17146354
28.20887395
28.26943178
28.35355917
28.41799068
28.43465075
28.43623391
28.44188912
28.44535224
28.47901736
28.52085056
28.54715079
28.56277656
28.63337095
28.64986056
28.65629354
28.65871422
28.66104110
28.73451059
28.81954942
28.82881896
28.83824621
28.84670403
28.85064203
28.88499128
28.92260693
28.94879359
28.95910448
28.97273309
28.99766039
29.09489555
29.12814581
29.15405057
29.19413324
29.23379196
29.24259698
29.28347281
29.28667896
29.28996627
29.29211229
29.29740005
29.32726062
29.37801863
29.38510428
29.39461216
29.40479280
29.42548488
29.43289047
29.47419032
29.49639135
29.50541251
29.51388451
29.51576438
29.52128064
29.53911835
29.59326864
29.59739624
29.61931413
29.67365125
29.68049532
29.68444367
29.68520250
29.69443613
29.69675583
29.72248837
29.73935842
29.81946203
29.83241011
29.87477630
29.92134108
29.92194392
29.93756405
29.95385618
29.95811700
29.97482606
29.99321885
30.01746598
30.01851891
30.03143918
30.03400067
30.05073776
30.10832713
30.16825530
30.17840712
30.17912278
30.18543645
30.22102062
30.24420107
30.27365514
30.29529123
30.31943727
30.32736649
30.33352190
30.34206023
30.34216634
30.34303125
30.34622004
30.37908667
30.39753965
30.39935772
30.40552280
30.41215673
30.42696365
30.43154691
30.44553638
30.46457703
30.48619843
30.49318693
30.51065167
30.57938550
30.66940115
30.67462738
30.70598735
30.78077905
30.79838571
30.90887063
30.92588597
30.96630575
31.01612435
31.04239205
31.11870268
31.12181521
31.16977187
31.17893167
31.23795142
31.30561637
31.36387601
31.42711080
31.46086305
31.49140559
31.49852184
31.50430331
31.60994803
31.63693691
31.70040396
31.74654146
31.77209179
31.80930284
31.82617814
31.82987896
31.83928057
31.85788541
31.85913750
31.86530409
31.92892964
31.94421784
31.95064784
31.95525168
31.96658740
31.97103625
31.98253334
32.05079022
32.11921477
32.15924531
32.38328429
32.43024249
32.46220647
32.47810994
32.55617220
32.61940966
32.63274290
32.64287330
32.66512661
32.68027596
32.70054473
32.71170888
32.75765180
32.77404474
32.79906452
32.80165572
32.80850243
32.81408267
32.82641303
32.85593374
32.90099278
32.99908432
33.00730211
33.01657772
33.04120126
33.06688267
33.07305349
33.09936827
33.12089711
33.16860296
33.18045626
33.19482135
33.19487403
33.19892586
33.21390246
33.22043223
33.23130949
33.30469916
33.30832799
33.36458745
33.36711619
33.40243472
33.41598492
33.44710555
33.44728951
33.44885935
33.53292442
33.55283763
33.55515417
33.56043112
33.58499441
33.66081681
33.70127330
33.76052269
33.77936497
33.79220692
33.79604467
33.80798220
33.89643004
33.89955131
33.94816403
33.99388121
33.99889463
34.08630225
34.17697592
34.17998384
34.22262245
34.22606481
34.24258300
34.24414981
34.27808716
34.30965438
34.32349217
34.34973144
34.36032013
34.37012017
34.38424590
34.40027848
34.47532309
34.48781719
34.51381489
34.56909795
34.57361562
34.59877144
34.63878284
34.67648672
34.68050908
34.68051820
34.69093808
34.69917178
34.76001460
34.79603359
34.80025726
34.82715406
34.87548808
34.88767049
35.00083236
35.02471720
35.03314407
35.04604918
35.10931520
35.11423785
35.14509398
35.16017835
35.16593156
35.17225427
35.17921288
35.18004125
35.18803451
35.19687777
35.23095167
35.23450322
35.23733768
35.26807479
35.32309153
35.35825549
35.36255816
35.38377150
35.40346221
35.40807878
35.41279328
35.42210967
35.42586837
35.47407341
35.51155531
35.51446298
35.53557450
35.55503944
35.56681832
35.57841106
35.58307455
35.62235006
35.63020667
35.64054155
35.67006879
35.67097422
35.68355965
35.68821516
35.72955200
35.74312538
35.74350463
35.75958220
35.80694193
35.87701953
35.87977360
35.89918633
35.96681021
35.96921812
35.97314003
35.97682043
36.00709176
36.09464747
36.11796036
36.17265066
36.18227918
36.23505274
36.25980936
36.27748170
36.28986436
36.30115148
36.31352140
36.33102408
36.33233286
36.34291393
36.37894894
36.38807612
36.39031825
36.40417470
36.41169611
36.43681014
36.45786943
36.48908108
36.51120501
36.54647615
36.57870844
36.64886317
36.66829269
36.70173973
36.72005133
36.75233698
36.78616161
36.80503529
36.88171216
36.97500013
37.03926957
37.08885861
37.10985425
37.11231341
37.11861604
37.12174786
37.14154810
37.17580681
37.17724271
37.19853299
37.20656935
37.22623843
37.22629371
37.22861630
37.24057031
37.24826805
37.37374844
37.41757360
37.42484132
37.45883913
37.47526353
37.47746062
37.49764202
37.57302955
37.61843251
37.67490873
37.70331180
37.70646580
37.74422087
37.77593058
37.80709018
37.86542054
37.90766558
37.94380757
37.96829273
37.96829824
37.96980339
37.99129528
37.99301602
38.01873868
38.03641816
38.03959869
38.04964991
38.05393788
38.07008404
38.07599502
38.11912679
38.12260011
38.15365172
38.20438663
38.22474673
38.24666791
38.26579363
38.27725219
38.34758419
38.43192078
38.48393729
38.48605898
38.49161439
38.53122803
38.59328029
38.60885750
38.65729846
38.70325952
38.72601017
38.72673313
38.74123114
38.76907995
38.78677266
38.82917443
38.84447772
38.90109678
38.92344581
38.93667767
38.93838476
38.94013434
38.96192157
38.96288189
38.97869343
38.98125187
39.02261363
39.03255866
39.06737416
39.07055281
39.10399458
39.10624013
39.13423066
39.16525326
39.17802760
39.22424061
39.22569646
39.23462499
39.33000535
39.34304971
39.38251138
39.44883144
39.46016965
39.47567403
39.48596887
39.49400285
39.50267675
39.54533115
39.57309367
39.57565317
39.61130087
39.62855491
39.65335037
39.70184582
39.70589403
39.72267273
39.72544096
39.73944444
39.77900082
39.80262066
39.81380208
39.81675837
39.82984878
39.85059083
39.86325806
39.96759139
39.96855784
39.97445573
40.01905597
40.02845387
40.04238377
40.06688033
40.07566925
40.10354308
40.16209058
40.19508603
40.21262092
40.22489137
40.24332816
40.26835213
40.29947352
40.35998992
40.36123072
40.36570864
40.41609162
40.44476505
40.44585070
40.46695623
40.47301524
40.51594416
40.57909059
40.59940421
40.60003395
40.62352663
40.66960263
40.67604036
40.75279787
40.76154157
40.76758168
40.77921175
40.78058032
40.82736881
40.87786439
40.89158792
40.95154783
40.95207162
40.95415760
40.95831247
41.08273117
41.10234260
41.12151956
41.12569628
41.12595667
41.17019218
41.21566844
41.21582681
41.24668287
41.26187878
41.29598818
41.32639802
41.35607610
41.40536450
41.40750632
41.43204450
41.54558970
41.56618283
41.60123350
41.60298237
41.62825850
41.71278739
41.72527242
41.72664535
41.74771192
41.76797241
41.77736395
41.77897058
41.78204227
41.78754017
41.81259808
41.85030864
41.86013298
41.89511822
41.89704710
41.93858977
41.97381095
41.97580480
41.97597595
42.01000122
42.06058788
42.06517765
42.06743351
42.06852828
42.07451518
42.10070104
42.10864708
42.21175790
42.27908709
42.32721160
42.37130957
42.37814065
42.37986573
42.38224738
42.40337159
42.40860465
42.49424006
42.51399607
42.59252065
42.67225462
42.70313029
42.70865232
42.72035637
42.83618698
42.86987112
42.87589623
42.88980038
42.92272681
42.93174116
42.95090607
42.97635757
43.00457344
43.05299342
43.08322549
43.13068696
43.15355172
43.17745177
43.18283941
43.22117574
43.25598644
43.26728374
43.26862660
43.28769131
43.29263333
43.31757037
43.37297360
43.40021224
43.45578933
43.47585074
43.47603053
43.48145404
43.50577593
43.56266358
43.60910213
43.63980402
43.65532731
43.80503963
43.83751711
43.88188849
43.92220900
43.93985620
43.97684650
43.98231937
44.02349965
44.03239897
44.12822653
44.13147803
44.14660261
44.14680488
44.16583051
44.17548108
44.18483809
44.19554721
44.21909206
44.21990989
44.23567423
44.28622041
44.31889621
44.32546166
44.38016651
44.39713406
44.43257522
44.43394799
44.44693837
44.47349922
44.50171401
44.55778058
44.59874246
44.59917851
44.63874787
44.64314562
44.66164272
44.72232370
44.73998811
44.77013273
44.81840573
44.82799847
44.85137620
44.85246911
44.95432100
45.04363929
45.06784152
45.08291543
45.09701831
45.11379219
45.14201774
45.16477932
45.18121170
45.20509437
45.22674980
45.22808300
45.27928796
45.31383066
45.32644526
45.38600151
45.38923482
45.39521484
45.42659757
45.46021857
45.50264766
45.50787287
45.59558571
45.60352687
45.63131449
45.64656554
45.66868042
45.69459802
45.72566085
45.79371496
45.80782504
45.84188060
45.84615413
45.85320118
45.86280613
45.94252491
45.99820044
46.00836261
46.04913792
46.08999499
46.15320218
46.22966503
46.23673035
46.24003966
46.25332359
46.27070457
46.30375010
46.31120061
46.34396766
46.38557843
46.41813133
46.45338564
46.45569788
46.66168858
46.68238893
46.69593445
46.71159107
46.78974360
46.79985772
46.80318130
46.81200746
46.84445631
46.86834044
46.88551778
46.91240999
46.93687691
46.94062607
47.01030467
47.02048538
47.02807512
47.05654310
47.06632697
47.08121481
47.08122564
47.08554725
47.09653042
47.09768276
47.17821694
47.18916501
47.23498398
47.27242579
47.27647624
47.30711745
47.31668361
47.33222097
47.36036383
47.37000676
47.37399719
47.41598949
47.44015772
47.48600261
47.55166048
47.59188140
47.60051889
47.64665386
47.67326744
47.72521082
47.73917322
47.75171863
47.77403348
47.83098282
47.87354974
47.88286962
47.88443650
47.88574176
47.88718193
47.89360378
47.90042168
47.95079969
47.95357972
48.00702578
48.03410491
48.06193091
48.10898245
48.14834052
48.16255893
48.21610865
48.23416296
48.28738217
48.29087678
48.31798688
48.31876646
48.41178502
48.41266876
48.44945144
48.46845815
48.46957529
48.49141527
48.59572740
48.65677996
48.68118524
48.72181238
48.85509399
48.89148239
48.91893667
48.95154480
48.98164175
48.98337643
49.04347245
49.06396846
49.07118561
49.08531095
49.11808147
49.15249691
49.16916317
49.18546582
49.32094141
49.47630522
49.52767225
49.53472232
49.55916936
49.61543432
49.62104061
49.65762543
49.66119190
49.69958753
49.71928819
49.73794150
49.75185419
49.75511002
49.76671103
49.78667853
49.83071267
49.83607353
49.89813062
50.06253805
50.07555229
50.07595107
50.07806376
50.08058575
50.10642841
50.11953481
50.12065605
50.12746344
50.16524664
50.17423948
50.24432586
50.25217254
50.27300065
50.30076231
50.32536077
50.32953867
50.34187453
50.35589347
50.38483479
50.41734408
50.49014912
50.58710314
50.59110008
50.61511010
50.63147628
50.69264993
50.70198219
50.78408921
50.81374775
50.81852766
50.91409635
50.92817191
50.95582430
51.02587480
51.08221052
51.10335194
51.10389093
51.12491829
51.13011972
51.13159224
51.17906834
51.18350350
51.20940855
51.24700637
51.25469843
51.25692901
51.26227199
51.26329798
51.29526292
51.34356758
51.34689460
51.36491740
51.43697691
51.47250207
51.47840732
51.51788257
51.52046495
51.54837904
51.56787148
51.58462625
51.60508065
51.60747131
51.64269819
51.64340990
51.65233945
51.68745047
51.74565375
51.75694356
51.81312673
51.83564974
51.84721057
51.87643922
51.91773829
51.94329912
51.97186819
52.00204496
52.01503512
52.03322193
52.06860264
52.08136147
52.13561704
52.14286599
52.20770382
52.32191058
52.35113228
52.37142531
52.45689233
52.45707960
52.47617496
52.49929334
52.54270665
52.55378287
52.55503568
52.55814625
52.56423228
52.57939664
52.64423568
52.64981370
52.66103935
52.67156475
52.68583896
52.68642146
52.70988089
52.73780780
52.74612373
52.75360741
52.80883559
52.82527573
52.82672047
52.85173186
52.86848718
52.95121560
52.97845617
53.07844168
53.09939051
53.11881949
53.16437996
53.19203789
53.24687902
53.25573441
53.28205244
53.30115850
53.33075788
53.33860589
53.34368115
53.35479811
53.37300266
53.41277218
53.43105041
53.48566835
53.58382137
53.58573933
53.65258692
53.71536024
53.73561402
53.75342733
53.84097421
53.85834583
53.88405545
53.88960468
53.92476539
53.99953032
54.14627287
54.14732961
54.15421735
54.19113083
54.20296513
54.21120340
54.28367311
54.36110948
54.36124044
54.37162525
54.38182767
54.38318977
54.40308341
54.45131554
54.50442291
54.50784897
54.53001722
54.56963399
54.62351760
54.66491974
54.67499117
54.68918593
54.71223220
54.71894505
54.73177332
54.80218025
54.80923846
54.82273316
54.82826605
54.88633474
54.93191654
54.95476181
54.95624785
54.96059078
54.98019448
54.99508903
55.04812695
55.06835434
55.07609481
55.10600081
55.18803847
55.20683361
55.23430616
55.23567459
55.29236288
55.30317084
55.30571171
55.31003583
55.36295622
55.38566584
55.40295516
55.41711136
55.47707184
55.50501073
55.54783165
55.56674282
55.60459660
55.63922602
55.74982399
55.79844416
55.80393533
55.81400441
55.87255533
55.89673394
55.90074436
55.90587993
55.91121113
55.95105055
55.98473098
55.99152766
55.99226685
56.01597998
56.07211006
56.07743340
56.08649088
56.15980314
56.18132315
56.18490974
56.20626384
56.21757024
56.30210078
56.33170230
56.37105176
56.39459541
56.39460772
56.41713057
56.43057606
56.50952189
56.52981261
56.54263175
56.57918028
56.90200740
57.00828417
57.01275217
57.01896709
57.04225323
57.09344778
57.10228885
57.12838801
57.16641610
57.16709367
57.19492419
57.21912373
57.22792634
57.25123887
57.27179458
57.28116473
57.32046122
57.32763985
57.34796643
57.38703349
57.40883631
57.42063957
57.43560464
57.44052684
57.46722831
57.46877021
57.49568918
57.51575498
57.51993134
57.53519507
57.53861746
57.55947958
57.56690877
57.57220510
57.61807111
57.61971729
57.63721861
57.64450175
57.65115778
57.69781521
57.80228554
57.80283958
57.81531549
57.84882300
57.87865162
57.89764264
57.89771260
57.89966640
57.90799937
57.91820195
57.98092199
57.98369808
58.01380997
58.03303549
58.06911145
58.07967869
58.12341346
58.16132017
58.16597449
58.26043503
58.29620202
58.31946234
58.32041390
58.34031771
58.38668650
58.40513465
58.50846020
58.57687878
58.57771985
58.59483119
58.61494574
58.62240038
58.62399526
58.70708881
58.72016712
58.75459421
58.76469227
58.78519030
58.88475567
58.88830802
58.88863897
58.89132189
58.91624292
58.96831396
59.00063064
59.01442385
59.02762052
59.02917490
59.03251799
59.04704089
59.06955154
59.13172656
59.17634532
59.19587104
59.22271185
59.22943537
59.24902036
59.27045497
59.27176504
59.27203640
59.34605514
59.36848679
59.37779499
59.39129237
59.42381256
59.44718680
59.45510258
59.51048104
59.54942202
59.60381466
59.64692613
59.66424958
59.68393817
59.69701284
59.71310487
59.75842455
59.76658935
59.79985328
59.81288185
59.81824141
59.86261786
59.91906578
59.92632789
59.95082818
59.96373060
59.99531223
59.99603599
60.01042145
60.02212791
60.05700330
60.10487234
60.20272381
60.26508438
60.32934635
60.34477928
60.36050939
60.47515875
60.50194197
60.51677967
60.54837411
60.57096784
60.57557864
60.59114723
60.60968980
60.61918616
60.62226116
60.62337419
60.66968327
60.75588010
60.75628760
60.78589713
60.88374766
60.91949865
61.09875887
61.11270902
61.12942205
61.14100093
61.19687151
61.23282577
61.25890404
61.28664477
61.33773713
61.37853584
61.42186400
61.45430007
61.52073387
61.52611062
61.53289725
61.56166261
61.57400573
61.57942837
61.58859226
61.64794190
61.66314104
61.68618749
61.70094967
61.72495762
61.76669108
61.79561091
61.80395172
61.82621848
61.86186523
61.87082034
61.87137877
61.91208362
61.92519578
61.96212470
61.97800138
62.00321960
124.00000000
