0.05131830
0.20055747
0.20197627
0.20472577
0.20888192
0.22099434
0.23040357
0.26322775
0.26644024
0.26682092
0.26695179
0.30074086
0.32834646
0.35418933
0.40128317
0.41929049
0.48694846
0.48795322
0.49152767
0.54083897
0.57524074
0.68677472
0.70565679
0.73995109
0.74306631
0.75553167
0.76747940
0.78821349
0.81368198
0.81638084
0.84060076
0.84977196
0.90687486
0.94090866
0.94132578
0.95329764
0.96377784
0.98083171
1.00246291
1.01005765
1.01373055
1.03201257
1.05116570
1.05552317
1.19097254
1.19100898
1.21145657
1.21443121
1.22241241
1.22411986
1.24046371
1.27255185
1.27626464
1.39130485
1.40953261
1.43119136
1.43141706
1.47362755
1.49620639
1.50204197
1.51609364
1.51898721
1.51976439
1.54901396
1.55854338
1.66075163
1.67698463
1.68514472
1.70929321
1.75247985
1.76712725
1.81701195
1.84013663
1.85246457
1.88163170
2.01509158
2.01902902
2.08877642
2.11688520
2.12474911
2.19958101
2.23482088
2.28939393
2.29337509
2.34662003
2.34681348
2.42807155
2.48858964
2.51581056
2.53623728
2.56627655
2.56634341
2.59740147
2.63241685
2.68852006
2.70563763
2.80047713
2.80181909
2.80355583
2.86516809
2.87108161
2.91658757
2.92975728
2.99635218
3.03272426
3.04768192
3.06348266
3.09764168
3.10268682
3.16024870
3.16615146
3.18723125
3.19561275
3.21842723
3.23629379
3.25490903
3.27774410
3.29195196
3.29538203
3.29869689
3.32356276
3.32530741
3.33581580
3.35416536
3.36963062
3.38522396
3.39202617
3.43342591
3.49243702
3.49811160
3.50628034
3.51007826
3.54062685
3.58183898
3.59167362
3.66482375
3.67897140
3.70249161
3.71743903
3.73301561
3.77735639
3.83223973
3.83333162
3.90591988
3.93029106
3.95261034
3.95535893
3.95837123
3.97393519
4.05449256
4.14009095
4.17575307
4.22298042
4.23213243
4.24924195
4.26013768
4.31815823
4.32884507
4.35391933
4.35625545
4.38008334
4.41780609
4.43188952
4.50573185
4.52898561
4.53046939
4.54722543
4.58606781
4.71157684
4.72858870
4.83466509
4.90235000
4.93089234
4.97028754
5.04021942
5.11657109
5.17997663
5.21723957
5.22263696
5.23313496
5.23346652
5.23416316
5.25822547
5.26911658
5.29753525
5.31553355
5.32011972
5.38381327
5.39394865
5.42490445
5.42776591
5.43109549
5.46538916
5.47411753
5.56339893
5.60914331
5.61799440
5.63254958
5.63608422
5.64323977
5.65291113
5.66443460
5.67092097
5.67388527
5.68895239
5.74100012
5.75007571
5.76034653
5.78156141
5.80017209
5.91806292
5.94652600
5.99034694
6.01381104
6.04665302
6.08997388
6.30246930
6.36115754
6.36985267
6.42130858
6.43158943
6.45072906
6.48823410
6.51894505
6.58576597
6.58591056
6.62228996
6.63424421
6.64013081
6.66335686
6.69392377
6.72181837
6.79450727
6.83986125
6.84895282
6.87026148
6.91163495
6.91656222
6.97616227
6.98726715
6.99460086
6.99728295
7.03217405
7.05066753
7.05722936
7.24961796
7.30204938
7.31433301
7.31732893
7.33412442
7.34347852
7.34617029
7.36734385
7.36741122
7.38268543
7.41515197
7.42291558
7.56563297
7.62095656
7.62358798
7.64398445
7.65579307
7.67186757
7.67271862
7.70031330
7.71290051
7.77406106
7.77617594
7.77881717
7.86308560
7.91215908
7.92384161
7.93169359
7.96146687
8.02462387
8.06446965
8.09486694
8.18368439
8.18802511
8.19301810
8.20134310
8.20572779
8.22000147
8.23794255
8.26969514
8.27548493
8.28291994
8.30565056
8.32679393
8.32917685
8.34479416
8.38138752
8.39051626
8.40012327
8.40190793
8.44515081
8.46349348
8.46727106
8.47516583
8.48741766
8.49944720
8.50136516
8.53047875
8.60228937
8.60267724
8.62125942
8.63416580
8.66358710
8.79131581
8.84329274
8.84563718
8.85294427
8.87365289
8.89425825
8.94222163
8.99941058
9.04032344
9.04311080
9.05902649
9.10465550
9.13850054
9.14200417
9.15683285
9.18292031
9.20283668
9.20353095
9.22714832
9.23801085
9.24480667
9.28565439
9.29956883
9.33054122
9.34314309
9.34921609
9.36794369
9.37480870
9.39688344
9.42053788
9.43316999
9.46317906
9.50334264
9.50527617
9.53099079
9.54919427
9.55467139
9.61653558
9.62319847
9.62466629
9.64247012
9.65033175
9.65652568
9.66561574
9.66986181
9.67439023
9.67849388
9.70334817
9.71614201
9.74001890
9.79014683
9.81849044
9.84315807
9.87580691
9.88237104
9.88719317
9.97714953
9.98694935
9.99062094
10.01473924
10.05591931
10.09802145
10.17858953
10.27757263
10.28308950
10.29681398
10.31717050
10.32686424
10.33887321
10.37493893
10.39923673
10.49683949
10.49924954
10.51568673
10.59806702
10.60015337
10.60925251
10.61655746
10.64296936
10.68217933
10.68718202
10.70788145
10.72740122
10.74541186
10.75788654
10.75897441
10.78403587
10.79422394
10.80909311
10.82056110
10.83410028
10.89149960
10.89973950
10.90450855
10.95823014
11.09738011
11.09809243
11.12150579
11.14002450
11.14429881
11.14894388
11.22403053
11.23342587
11.24853963
11.26403800
11.29223770
11.30256714
11.31314929
11.32485601
11.32813869
11.34483102
11.40884504
11.42586380
11.47309588
11.49207489
11.49285353
11.50265749
11.50763496
11.54139807
11.55354992
11.57878254
11.58541165
11.62949554
11.64893736
11.70346554
11.70908238
11.74898174
11.79652308
11.97005425
11.98354246
11.99285838
12.00636862
12.02777664
12.03377741
12.14687368
12.14901374
12.15410175
12.16072734
12.18215217
12.21638132
12.25082082
12.28431096
12.29602986
12.29753478
12.31342102
12.44512363
12.46651930
12.50034747
12.59137000
12.62972343
12.63951959
12.65728909
12.66660159
12.67687265
12.70240881
12.74612488
12.74812170
12.77710801
12.77978265
12.78011022
12.81144286
12.87101727
12.88570920
12.89278141
12.90013197
12.90389469
12.93880091
12.95571654
13.03125716
13.08283782
13.08440062
13.11331057
13.13934873
13.14343252
13.17064765
13.17472529
13.30383570
13.30650083
13.31268853
13.32385341
13.34001286
13.36975406
13.42373797
13.42653337
13.44903369
13.51373466
13.53185264
13.58117344
13.60041724
13.71023638
13.73878521
13.74639015
13.82259613
13.85537395
13.86367852
13.94421587
14.05024052
14.06197112
14.07979425
14.12232528
14.14549692
14.14973195
14.18840882
14.23252826
14.23821662
14.24533811
14.27747969
14.28878231
14.30356459
14.30604763
14.33587372
14.36406298
14.39186987
14.44348611
14.46299879
14.48178680
14.53860806
14.56504178
14.59700066
14.60771678
14.62380646
14.74312633
14.76779876
14.82139787
14.82333764
14.82450511
14.84364265
14.89217548
14.91498393
14.91655376
14.92150417
14.97063613
14.97448275
15.01697246
15.08320982
15.09263684
15.12918962
15.13912485
15.16656457
15.18637022
15.20784203
15.21484563
15.27579903
15.41470705
15.45043200
15.46120080
15.46623597
15.46759636
15.48981241
15.53432342
15.54948641
15.57669972
15.61768675
15.63028093
15.66350765
15.76002580
15.76614710
15.81550258
15.82992811
15.85799438
15.86355645
15.89806404
15.93816008
15.94991578
15.95755954
15.96205080
15.96455162
15.98167304
16.01651236
16.09095076
16.12207812
16.16432580
16.16988068
16.19619216
16.20927301
16.24589571
16.28352600
16.29697338
16.29957657
16.34016678
16.34061754
16.34502575
16.41962556
16.42804074
16.45233372
16.51054440
16.51274097
16.59578639
16.61566319
16.63776441
16.65046064
16.65504509
16.70880123
16.76076223
16.78599825
16.88107624
16.88433967
17.02024213
17.04032754
17.04396272
17.06148851
17.06591918
17.07651649
17.09404143
17.20583108
17.22276071
17.23023222
17.27014997
17.28635520
17.28716189
17.29339895
17.29795057
17.30671758
17.35768293
17.35978115
17.44545294
17.58446448
17.59902673
17.62097941
17.63086876
17.63572030
17.64616415
17.74378350
17.80793218
17.82487964
17.82586395
17.83657732
17.84740771
17.88306454
17.90472329
17.93386809
17.98419584
17.99603344
18.02197279
18.02494012
18.03271905
18.07178231
18.09091155
18.14708665
18.16103330
18.16209429
18.18052368
18.19965271
18.21605312
18.24151328
18.25469609
18.25682037
18.28971002
18.30119105
18.33690031
18.33836649
18.35379059
18.36171702
18.46113217
18.47826065
18.56130594
18.56392639
18.58333340
18.61330818
18.61856432
18.77455425
18.81484156
18.87432868
18.88306569
18.94287949
18.95610892
18.98294789
19.01746006
19.01928666
19.05369406
19.10207901
19.17039327
19.19408712
19.21408284
19.26816889
19.30428498
19.34887634
19.38615113
19.40694915
19.41095559
19.42658060
19.43524464
19.47237282
19.48622893
19.53396022
19.54142387
19.57438294
19.58164332
19.60126664
19.61872331
19.71815104
19.73595244
19.82257091
19.82989764
19.83480917
19.88415850
19.89457724
19.90823119
19.91356930
19.91777907
19.93729848
19.98450837
20.02443012
20.03615181
20.05543375
20.08342743
20.09546297
20.10150945
20.11891933
20.13761520
20.15270638
20.16606809
20.17418722
20.19892582
20.20277386
20.23516662
20.24060272
20.24739066
20.24799400
20.26158956
20.26446715
20.26601822
20.27446666
20.32043004
20.33175739
20.36117435
20.40410473
20.46988468
20.47176029
20.51659850
20.52362712
20.55778701
20.58980500
20.59768644
20.63086341
20.67542211
20.76074606
20.76307272
20.77754605
20.87934651
20.88207376
20.88824820
20.90926122
20.92125275
20.93799610
20.98387662
20.99699583
21.03244504
21.06346611
21.14515188
21.15806271
21.34604566
21.35169178
21.36192053
21.36314443
21.48340180
21.54643649
21.58187965
21.58765219
21.65103315
21.68680094
21.71096322
21.71355251
21.71477573
21.72633448
21.74018343
21.74062569
21.75276481
21.75852171
21.76006102
21.76827403
21.78143959
21.78411395
21.80379939
21.81747430
21.82197423
21.83608682
21.86442778
21.92964019
21.99091389
22.00185560
22.01276172
22.03190619
22.04171330
22.08100162
22.08794350
22.14848015
22.15698342
22.16577873
22.18068211
22.19106786
22.22065629
22.22648280
22.28662008
22.38037081
22.41320217
22.43669656
22.43833077
22.47714549
22.55207261
22.57654134
22.58337702
22.61284717
22.64744122
22.67939370
22.86788609
22.87699325
22.89492027
22.91377407
22.94850730
22.98667268
23.00981743
23.01591099
23.01978804
23.02874407
23.03265798
23.03526931
23.04409382
23.05522920
23.06341057
23.07285429
23.08135132
23.12435163
23.14319443
23.15164075
23.15974907
23.16649959
23.16797097
23.16964594
23.17234595
23.19292356
23.30670182
23.31587787
23.41417013
23.43645700
23.44092964
23.45169528
23.45997238
23.47677018
23.49700119
23.50626936
23.53027692
23.55466290
23.59293116
23.59436036
23.60936974
23.61594313
23.62254690
23.64531033
23.64832845
23.65487023
23.65607196
23.65959681
23.74154166
23.74860665
23.80772957
23.81817489
23.82235364
23.82613822
23.86266255
23.90033098
23.92712707
23.97503976
24.03134778
24.07098423
24.12461634
24.14581673
24.16339600
24.22408390
24.26715086
24.30995023
24.36864183
24.40735442
24.47931267
24.51998299
24.55934832
24.57687874
24.58571474
24.59996959
24.62135359
24.63228215
24.64262899
24.66860923
24.68570042
24.73771496
24.75290689
24.82149151
24.84216269
24.87048771
24.92324176
24.93293325
24.96213880
24.99914421
25.05243563
25.09446109
25.16073544
25.18551687
25.18581801
25.21254776
25.22486903
25.25317663
25.27087131
25.29295743
25.30252525
25.34456967
25.35787681
25.36074351
25.39772991
25.42418529
25.47100646
25.49642520
25.58037516
25.58054985
25.62119206
25.62968930
25.64743452
25.67857889
25.76876873
25.78416318
25.79783371
25.81548194
25.83033418
25.84784277
25.89953002
25.92772494
25.95552433
25.98191869
26.00420776
26.01156415
26.01203960
26.03185236
26.06743619
26.07680719
26.09629704
26.14017963
26.15752131
26.19110018
26.23730475
26.30361806
26.31339785
26.35360033
26.38053906
26.38735968
26.39115596
26.41235470
26.42045595
26.42108295
26.42399867
26.43585231
26.44051700
26.49494845
26.51564174
26.54494222
26.56451940
26.58878159
26.60322174
26.66541668
26.77686121
26.79825254
26.86254338
26.86704750
26.88013066
26.90105280
26.97515928
26.99613060
27.07360368
27.09000886
27.09584773
27.10601265
27.11673106
27.16019380
27.19709076
27.20368628
27.23517923
27.24479609
27.25803009
27.31097377
27.31554011
27.34154792
27.38623561
27.39002004
27.39034985
27.41053233
27.41521628
27.41599525
27.44246850
27.47134252
27.47419081
27.48341862
27.49351467
27.52085709
27.55046454
27.58604060
27.60558697
27.61375719
27.88183408
27.88700635
27.90757117
27.96282201
27.99149967
28.03958371
28.05357509
28.05739262
28.09124504
28.14125921
28.20195112
28.24565337
28.27332186
28.35355917
28.36224758
28.36916618
28.39835457
28.41407561
28.43692217
28.48515796
28.48576961
28.49349628
28.49379192
28.51881822
28.58006829
28.59091155
28.64737443
28.69807856
28.70197514
28.73866403
28.78888714
28.79681005
28.85486948
28.88865966
28.93815286
28.97380771
28.97561417
29.00560495
29.03505752
29.03565904
29.10811460
29.13675139
29.16721980
29.26980450
29.38961775
29.39969581
29.42686337
29.43196642
29.45470731
29.47638595
29.47687190
29.48058862
29.49032211
29.50192348
29.50796577
29.55727721
29.55991229
29.59217297
29.61372172
29.61495024
29.62239782
29.66112449
29.70545598
29.75009446
29.78118380
29.81894523
29.83636963
29.87754520
29.97511486
30.01179507
30.19844249
30.23815811
30.30151409
30.34651756
30.36457878
30.36684470
30.38451907
30.39182001
30.43957992
30.46199560
30.46956230
30.54640028
30.55539704
30.57484279
30.58047311
30.59333744
30.65921408
30.69139751
30.70462230
30.70824490
30.72454545
30.76294151
30.79101633
30.79838571
30.89986979
30.91070064
30.91512844
30.95135792
30.95895095
30.96930779
30.98858235
31.00016264
31.03027136
31.03715433
31.06060140
31.08792859
31.11961077
31.13393978
31.13511747
31.16531765
31.16873203
31.20811309
31.23158670
31.26051861
31.28223294
31.31499084
31.34566248
31.43708530
31.44750001
31.57134661
31.65502531
31.70767618
31.71992241
31.74611613
31.77886933
31.80006579
31.80075089
31.81165109
31.81987081
31.83052476
31.83492226
31.84788064
31.86924134
31.86959789
31.92760842
31.92986562
31.94940100
32.01187803
32.01461389
32.03105251
32.03473322
32.06599783
32.11665177
32.19314445
32.22667635
32.28135613
32.29990431
32.30909921
32.33906192
32.41769264
32.43194205
32.45833853
32.53582023
32.55849712
32.57577340
32.57601875
32.59705337
32.64326925
32.66503860
32.67045392
32.72423622
32.73076138
32.74429449
32.75765180
32.79995703
32.81348201
32.81849372
32.87056029
32.91046360
32.97926722
32.99975612
33.00346852
33.02513394
33.02644094
33.06173781
33.06931164
33.08665735
33.13568697
33.13752494
33.16992599
33.18885249
33.22749190
33.26222361
33.26707164
33.26989651
33.30456423
33.31492359
33.31648337
33.36890654
33.40243472
33.42084189
33.42749861
33.43001145
33.43893354
33.46283298
33.56166973
33.57246980
33.57691183
33.58926848
33.62455519
33.63977386
33.64969098
33.68298382
33.68398458
33.71218431
33.71245378
33.72546338
33.75088533
33.80123336
33.83769683
33.85138866
33.90806703
33.95228983
33.99681815
34.01271697
34.02958717
34.05764054
34.06549777
34.06849970
34.15172781
34.16543395
34.17653652
34.21353121
34.28786996
34.29921880
34.31071591
34.33105143
34.34013156
34.34826479
34.39646561
34.43017123
34.43722660
34.43933545
34.47067896
34.47756718
34.48107548
34.53194683
34.55615000
34.57361562
34.57753688
34.62974360
34.62997583
34.63257711
34.63910649
34.64487795
34.69033461
34.75232732
34.76197603
34.78384239
34.79735151
34.79918672
34.82759270
34.83700020
34.85608297
34.92720469
34.94596694
34.94892136
35.04075846
35.04086974
35.08893351
35.08894418
35.11123488
35.18950080
35.19228511
35.20535320
35.21571288
35.32309153
35.32940402
35.35490082
35.41559295
35.41854784
35.46392315
35.46762238
35.52814073
35.54232635
35.57632616
35.73201645
35.74033968
35.75470285
35.76480085
35.85583242
35.86191404
35.86740576
35.89050493
35.89587181
35.92411425
35.94492973
35.95855289
35.98352196
35.98938274
35.99526623
36.01721850
36.02836301
36.09413202
36.09732607
36.10265698
36.12545308
36.15869698
36.22117433
36.22926243
36.25650471
36.26141946
36.30066167
36.32053091
36.39206762
36.43843281
36.49355335
36.49375960
36.50176225
36.50253438
36.63743440
36.64147072
36.64907109
36.66133295
36.67698022
36.68308717
36.69913519
36.73264133
36.83962627
36.91295430
36.95386675
36.96006520
36.96231444
37.01192609
37.05055175
37.07984087
37.12189234
37.13956174
37.17076136
37.17702838
37.18043224
37.22931344
37.25701700
37.27252231
37.29714691
37.36342870
37.38084614
37.41264656
37.42856272
37.42919011
37.43555523
37.46528996
37.49618567
37.51340540
37.51780392
37.54441367
37.54747882
37.55207739
37.58762088
37.60641443
37.61306742
37.64088550
37.64543480
37.65988553
37.66207327
37.69744429
37.70465053
37.70707951
37.71918208
37.72114639
37.72721534
37.75836734
37.81016521
37.87811481
37.88838058
37.91644194
37.94834897
37.96099596
38.01760310
38.02596178
38.04605979
38.06156285
38.06529391
38.06666736
38.09455206
38.11912679
38.12382915
38.16022748
38.20120241
38.20471402
38.24841657
38.25694150
38.26758257
38.27139797
38.41006640
38.45646358
38.50494527
38.50625564
38.50905527
38.53342946
38.53708349
38.53972052
38.58232887
38.62364861
38.63914751
38.69321384
38.73378304
38.74060678
38.78074676
38.82048836
38.83920901
38.85864225
38.86336900
38.90467429
38.94013434
38.96947487
38.99606468
39.01343816
39.03506570
39.04582117
39.05361165
39.06235985
39.07263983
39.17332946
39.19750453
39.19923446
39.27241646
39.27565413
39.27996755
39.29525267
39.32271462
39.36749738
39.47661667
39.49118499
39.55799187
39.55925488
39.57574929
39.57862562
39.62148864
39.64916622
39.67864437
39.73884975
39.76262921
39.79298412
39.80689508
39.81055996
39.85313694
39.85747378
39.86325806
39.90111118
39.94658250
39.97504908
39.98879169
40.02682583
40.04423927
40.06678153
40.13608122
40.16408081
40.17849550
40.22687864
40.27351957
40.29012256
40.36838872
40.42054646
40.55819472
40.57467760
40.58699980
40.65466928
40.68539132
40.76145994
40.78547380
40.79451929
40.81422712
40.81608168
40.83707033
40.84695535
40.91434316
40.92810874
40.96304174
40.98270849
40.98795230
40.99214969
40.99803175
41.00180705
41.00648677
41.06878576
41.07395655
41.09211240
41.09432186
41.11595430
41.19450711
41.30778981
41.31840486
41.32770974
41.39052202
41.40218442
41.44672964
41.46603855
41.46985487
41.52062632
41.55711047
41.57115171
41.57749730
41.57868992
41.62562160
41.64288003
41.67355994
41.71025399
41.72881626
41.73044960
41.77931513
41.82252478
41.85784040
41.86013298
41.88192945
41.92315736
41.94904011
41.95598640
41.95810572
42.03522283
42.06852828
42.07130832
42.07451518
42.07934171
42.09697340
42.10143632
42.10698756
42.10968811
42.15436281
42.18981504
42.19227499
42.21835964
42.25778210
42.28683557
42.29417986
42.29531436
42.29713400
42.30512180
42.33288033
42.38176792
42.39219149
42.40337159
42.44535880
42.47666975
42.48486570
42.49784351
42.57820412
42.58266995
42.60134925
42.67488192
42.71715367
42.76324463
42.76744959
42.77905498
42.83618698
42.83703496
42.87533319
42.91282661
42.92812830
42.98512215
43.03792715
43.08420640
43.11820584
43.13480176
43.17254863
43.17693263
43.23174533
43.23878842
43.29531074
43.34411475
43.34505680
43.39775079
43.47729022
43.57062907
43.63861960
43.66231596
43.67616662
43.68577581
43.69889576
43.71513403
43.74243161
43.75246748
43.75889894
43.76447822
43.82568620
43.84329152
44.03504519
44.03595327
44.05374663
44.05390804
44.10340943
44.10530202
44.13147803
44.14084765
44.14680488
44.17061482
44.18034850
44.21358863
44.23222578
44.24927781
44.25619924
44.25640878
44.26768238
44.28983213
44.29050595
44.29577718
44.33299629
44.33467746
44.34286335
44.34476371
44.34532584
44.36172526
44.37387178
44.41850405
44.44067695
44.44793683
44.45483810
44.46742523
44.47002381
44.47581638
44.48576448
44.53449964
44.56734137
44.67764457
44.69096722
44.70257810
44.71696133
44.74766520
44.80063823
44.83684551
44.83998652
44.86900582
44.86965675
44.87407180
44.96103420
44.96576449
44.97703369
45.01122648
45.04245853
45.04350676
45.10738035
45.15132009
45.20239202
45.22674980
45.23943204
45.30395656
45.38545068
45.39653880
45.40165922
45.41256937
45.41309204
45.44527849
45.46957108
45.51479515
45.55346186
45.69366359
45.71814584
45.74418666
45.75275873
45.79966176
45.81774949
45.81919047
45.82715769
45.90057899
45.90193965
45.90553662
45.91139922
45.91442153
45.94722909
45.95170802
45.96849768
45.97270688
46.01900803
46.07188634
46.14776611
46.18037652
46.20469069
46.22921017
46.24605873
46.26383157
46.26415338
46.29345772
46.31354113
46.33176948
46.34522379
46.37524052
46.38342956
46.38696501
46.40180430
46.40723376
46.43958244
46.46092425
46.48683364
46.53114440
46.54624668
46.54852983
46.60396048
46.60908868
46.64348873
46.64507591
46.67616777
46.67878873
46.68717383
46.70867716
46.70992807
46.71197985
46.72134016
46.79509622
46.83378005
46.92577768
46.96193611
47.01684869
47.03225528
47.05464043
47.07860453
47.08646612
47.09223815
47.10564323
47.11696809
47.11869314
47.13941894
47.17112783
47.17982470
47.20835912
47.23045656
47.23996931
47.28852907
47.31678783
47.33493593
47.44093134
47.46177636
47.48962245
47.57544613
47.61533435
47.63439953
47.65033475
47.65885032
47.68057047
47.68464608
47.69587694
47.71829307
47.74802097
47.77816802
47.77985217
47.84336937
47.84368077
47.85944628
47.86463466
47.88594515
47.89919144
47.92536560
47.98265338
48.00026765
48.00457697
48.02945948
48.03442855
48.03879000
48.04128689
48.06284512
48.07413668
48.08561990
48.09130679
48.09448058
48.12044639
48.12645092
48.17070730
48.17797755
48.19450903
48.20442464
48.20445744
48.22752442
48.31818894
48.32781937
48.33885521
48.38328428
48.40351575
48.44412953
48.47741788
48.47803882
48.48109910
48.49304639
48.55509184
48.59572740
48.64547125
48.64770789
48.68134278
48.68484355
48.68644998
48.72866730
48.76471280
48.76820773
48.83831995
48.86714294
48.88508511
48.88742785
48.89115752
48.90727796
48.97983662
48.99340162
48.99868908
49.00348070
49.01410862
49.03830142
49.05797045
49.09379555
49.09608414
49.12833125
49.14089257
49.21328124
49.22239512
49.33618871
49.34340321
49.36240037
49.39637443
49.42131723
49.43525479
49.43909070
49.48882878
49.53537411
49.55426542
49.61543432
49.66630143
49.68776689
49.69089512
49.71476251
49.74022341
49.83429273
49.83485397
49.86097561
49.86701796
49.87591676
49.90295873
49.91597260
49.93024680
49.94038106
49.95093123
49.96862076
49.97555023
50.00159744
50.07733430
50.08568463
50.11269057
50.12423232
50.13363489
50.13438381
50.13506866
50.15288296
50.24594514
50.36710986
50.38906926
50.39132778
50.44072211
50.48361833
50.49847989
50.53735798
50.55534834
50.58461460
50.65372894
50.65528201
50.66919216
50.73239790
50.79423720
50.79638426
50.82912972
50.83778337
50.90813665
50.91698328
50.92817191
51.07639973
51.12491829
51.14492307
51.15555609
51.19363859
51.21004828
51.21541116
51.23108437
51.25469843
51.26100375
51.26318599
51.26321542
51.26920088
51.27359878
51.30294002
51.31006595
51.35807323
51.41105894
51.48958691
51.49135811
51.50289100
51.51275217
51.56806296
51.56836617
51.57881558
51.63098600
51.64269819
51.65146733
51.65408657
51.71927917
51.74111506
51.81556760
51.82336148
51.85053430
51.85408736
51.87049675
51.90203993
51.98273230
52.01246835
52.06200722
52.06450782
52.23876321
52.25985846
52.32346792
52.46558035
52.60228680
52.60655485
52.61007049
52.61617681
52.61795848
52.66240383
52.66436773
52.66557455
52.70470471
52.80883559
52.82299257
52.83365750
52.85226468
52.88982548
52.91539924
52.94749165
52.96203371
52.98737868
53.00607425
53.04253376
53.05179726
53.06705359
53.07173455
53.07844168
53.10304208
53.11735666
53.13160452
53.14787784
53.17610982
53.19317045
53.21983423
53.22180497
53.23776635
53.24194639
53.26717850
53.29466419
53.29666686
53.29909989
53.33375776
53.33565159
53.34735024
53.37099417
53.37300266
53.39408798
53.43017847
53.44065148
53.48013008
53.48656781
53.49705227
53.50552974
53.52607029
53.54194667
53.57163920
53.57747649
53.64336065
53.64750713
53.70743449
53.71917545
53.72418831
53.73868178
53.76062816
53.84285914
53.93601455
53.93744804
53.93889332
53.96117744
53.96952406
53.99145845
54.01666922
54.05607981
54.06223249
54.06738669
54.07305724
54.10866303
54.13965631
54.14627287
54.16606724
54.16761427
54.17842019
54.18810741
54.20007044
54.23069147
54.23438103
54.24236367
54.29246513
54.29459746
54.30639685
54.38280329
54.43009121
54.55522731
54.65549221
54.74259251
54.75892242
54.78510918
54.78814607
54.80574111
54.81989557
54.84433705
54.86599789
54.89243676
54.91685710
54.98859102
55.03492999
55.09424537
55.10559879
55.16095724
55.21875187
55.29236288
55.30621008
55.38735232
55.48311668
55.48560224
55.54295843
55.54890433
55.63781377
55.65730876
55.71836614
55.74267872
55.84643802
55.95084906
55.99226685
56.06445985
56.07997781
56.14523860
56.17100359
56.17943756
56.21174055
56.24103868
56.24586383
56.33312041
56.36948769
56.38399558
56.38999424
56.39735595
56.40405511
56.42993185
56.44987149
56.45074018
56.47824142
56.49597980
56.50473651
56.52146668
56.52684215
56.58036169
56.58147850
56.63236162
56.64480965
56.68348368
56.73295475
56.74809196
56.83312611
56.87434060
56.90753000
56.90912960
56.95824690
56.98165419
56.98985670
57.00828417
57.05454647
57.06100151
57.11723488
57.14526832
57.17877982
57.21813783
57.22424783
57.22764500
57.25911287
57.30976235
57.32463195
57.36552794
57.57806178
57.61906250
57.61909900
57.64284429
57.64914782
57.67587652
57.70357240
57.78908825
57.82523956
57.82764059
57.82868773
57.88336857
57.95900908
57.98411236
58.04563735
58.07414893
58.12922661
58.16048476
58.16268398
58.27574102
58.31208478
58.31992851
58.31997351
58.39082746
58.39338951
58.40301512
58.40928170
58.43701691
58.47447332
58.48192069
58.49620694
58.53365373
58.57224412
58.64425932
58.66371450
58.67248569
58.68631360
58.68691124
58.69423396
58.69588744
58.71092339
58.72218674
58.75459421
58.77186443
58.79126019
58.79843168
58.87144991
58.88830802
58.92809940
58.93395036
58.96877567
59.01765606
59.03953559
59.06859570
59.07894331
59.08205629
59.10391106
59.12302249
59.12365566
59.14671836
59.20406960
59.23266520
59.27045497
59.27061610
59.29031559
59.38189192
59.39012277
59.41230619
59.43220056
59.51048104
59.52028395
59.53178731
59.53226743
59.58433550
59.60746992
59.61437039
59.63865774
59.64225791
59.72836328
59.73439849
59.74811980
59.75333330
59.77829927
59.79262380
59.87948089
59.88716804
59.89436065
59.90701204
59.91396524
59.95082818
59.97223191
59.97289178
59.97702194
60.00232051
60.00701810
60.02285534
60.09914188
60.17952848
60.19410443
60.20569218
60.23566206
60.24592907
60.25845902
60.28738285
60.30755687
60.32537999
60.32884918
60.34477928
60.40682469
60.48962016
60.51272103
60.57131139
60.58292442
60.63302830
60.64721009
60.64815487
60.65300060
60.70455693
60.70637399
60.80042907
60.81122991
60.84521722
60.90525991
60.92695102
60.97731880
60.98052601
60.99969910
61.01290477
61.05622935
61.09875887
61.12150143
61.12820887
61.13005098
61.17173896
61.17257949
61.17726438
61.18672675
61.20879879
61.23753387
61.26794248
61.28091954
61.28411214
61.32994685
61.38474341
61.40883610
61.41704570
61.43420545
61.45733274
61.47346967
61.49438009
61.49686593
61.57006315
61.64862989
61.65073176
61.73452057
61.74351544
61.75150735
61.84903676
61.87040748
61.91208362
61.98294786
62.00353970
62.01498647
62.02069639
124.00000000
