0.00072601
0.02763158
0.05912063
0.12395147
0.13728966
0.14881807
0.17097220
0.21653420
0.21917225
0.23121305
0.24084199
0.26254079
0.28185069
0.28985324
0.30398925
0.31246999
0.36658708
0.36901632
0.41362396
0.43146149
0.43594771
0.44776661
0.49131334
0.49229894
0.51393427
0.51731200
0.78240665
0.80115227
0.81086474
0.81851688
0.90799076
0.95339485
1.02215889
1.02994942
1.04130437
1.05538884
1.12271021
1.13891287
1.14545167
1.19627289
1.23231272
1.27350747
1.31444512
1.32630598
1.34763780
1.36933218
1.37874384
1.39436672
1.40475174
1.43744543
1.45918854
1.46285971
1.48042430
1.48480006
1.49620639
1.63990088
1.70150766
1.71199362
1.72228607
1.73474318
1.73856509
1.76651474
1.81160786
1.87697762
1.91776676
1.94961152
1.95882588
1.95921827
1.97637692
2.00552492
2.00900725
2.02391401
2.07241356
2.07861705
2.12474911
2.13132313
2.13206873
2.16906937
2.17588546
2.18586324
2.21481761
2.36123997
2.40754709
2.41029006
2.41321766
2.44817992
2.45221474
2.53754838
2.54608026
2.54836562
2.57256703
2.57362392
2.58697596
2.63128722
2.65369894
2.67088589
2.72217638
2.72627523
2.76065797
2.77302647
2.81176392
2.87964604
2.88937802
2.92244583
2.97906957
3.02679476
3.17370277
3.18723125
3.20127921
3.22390396
3.24386838
3.25412392
3.25757012
3.28604299
3.29538203
3.34293103
3.34777838
3.38291146
3.39406860
3.46419304
3.50746531
3.54062685
3.61598673
3.64065744
3.66482375
3.70042478
3.70828767
3.78325440
3.89847833
3.91051062
3.94447899
3.95461669
4.02946116
4.03040546
4.04237336
4.08371307
4.12660159
4.14194864
4.15379744
4.20020550
4.21238200
4.21449378
4.22390314
4.24509465
4.26489194
4.33065485
4.33710329
4.38996639
4.39383151
4.41640920
4.41756755
4.52257637
4.56610606
4.64718101
4.66176430
4.67503538
4.69747914
4.74319775
4.82186655
4.85351852
4.88050931
4.93708953
4.95492612
5.00281759
5.00747947
5.01772991
5.06262135
5.07714348
5.08135071
5.09436537
5.16549452
5.17168264
5.20982748
5.21112656
5.24471515
5.27715953
5.29467487
5.30174688
5.33447579
5.34827410
5.47621434
5.51510578
5.52690402
5.60017064
5.60099080
5.61799440
5.64245767
5.66443460
5.67351831
5.68398601
5.71348353
5.72568922
5.75159947
5.75612457
5.76269339
5.78895476
5.83369008
5.83491876
5.83907561
5.86888856
5.93252439
5.94437499
5.97884748
5.98223189
6.02187462
6.05629033
6.06340181
6.06426203
6.07523448
6.12398875
6.14975467
6.21775707
6.30032766
6.31227653
6.38054934
6.38825905
6.39260567
6.41610247
6.42630134
6.44652880
6.48092481
6.48193240
6.49645064
6.50949098
6.52254784
6.53177485
6.60595015
6.66013498
6.71398276
6.72181837
6.72595108
6.73917816
6.77445991
6.78102458
6.81725502
6.84045025
6.85788995
6.88330668
6.89720045
6.90193785
6.91475372
6.92483141
6.93574310
6.94096825
6.97208740
6.98809762
6.99833442
7.00052544
7.00294049
7.00629445
7.04996119
7.06625655
7.07330230
7.08233905
7.12314590
7.14327273
7.25730949
7.27153705
7.27635400
7.37908259
7.39349534
7.40222543
7.43820472
7.44509283
7.45192631
7.45726059
7.48259760
7.50132329
7.53748747
7.54713397
7.57430091
7.62193970
7.62664296
7.63768826
7.64392154
7.68962468
7.70187299
7.74644073
7.77406106
7.79632427
7.80413684
7.83065221
7.87467232
7.88744112
7.91132764
7.97440193
8.03272425
8.09849646
8.10244292
8.10793548
8.12433024
8.13156417
8.13887229
8.15707764
8.15751956
8.17004935
8.17710515
8.25022954
8.26691478
8.28051698
8.29889822
8.34655425
8.38650844
8.39825125
8.41960928
8.50558534
8.52553083
8.53717083
8.59311196
8.59554780
8.59758452
8.67122623
8.67548947
8.67653878
8.72221414
8.74294640
8.75762374
8.76126696
8.77915514
8.79739169
8.81904323
8.82390761
8.87485420
8.88054190
8.93958200
9.07288869
9.07817963
9.10677033
9.12552564
9.17144946
9.19106446
9.21933725
9.23613240
9.23801085
9.25593088
9.27260780
9.28192261
9.30196166
9.30397801
9.32144024
9.37837145
9.40458056
9.41663713
9.42585384
9.43173677
9.45035667
9.45997044
9.48287408
9.50001722
9.50499427
9.50932101
9.53535894
9.54681560
9.66046274
9.68285688
9.68919840
9.69294541
9.70160894
9.70306138
9.73550142
9.75948552
9.81571104
9.83801973
9.91976319
9.93933425
9.95013026
9.97784796
9.99530267
10.02483181
10.06744025
10.09224992
10.18418341
10.20448575
10.26847833
10.29379480
10.29681398
10.32124036
10.32614218
10.34668787
10.37493893
10.41101085
10.45773956
10.47594918
10.47612997
10.48872176
10.49683949
10.50991919
10.62981409
10.64296936
10.74094858
10.75899141
10.85636525
10.86944068
10.88126399
10.88214084
10.89168679
10.92203441
10.94985164
10.98041921
11.00275623
11.03362000
11.04052477
11.08854399
11.11310450
11.18528749
11.19201396
11.20183623
11.22997142
11.28890811
11.29760016
11.30280762
11.31368145
11.32793813
11.34855085
11.42343529
11.45156704
11.49207489
11.50283950
11.52868222
11.54966555
11.64474939
11.66275015
11.67779629
11.74949880
11.77324036
11.79547039
11.83299104
11.85815074
11.86313362
11.89197316
11.95556536
11.95875579
11.96984765
11.98512097
11.99025578
11.99067411
12.00810327
12.07425566
12.08719716
12.12445137
12.12606022
12.14687368
12.15480707
12.16713915
12.20387025
12.21919577
12.23514355
12.24224615
12.28885548
12.40813518
12.42504259
12.42893006
12.62033384
12.63566014
12.64278634
12.64419433
12.65800702
12.67752076
12.67956599
12.71022130
12.71879897
12.74299323
12.82037623
12.82280797
12.85810967
12.88406442
12.90013197
12.90787628
12.92166289
12.96626319
12.98676699
12.98830865
12.99969540
13.01545668
13.03187763
13.03956350
13.10690481
13.12233970
13.20769242
13.21294300
13.32010072
13.33705338
13.35786423
13.39829000
13.42926315
13.45208712
13.47102819
13.50751434
13.52564405
13.53894894
13.57671436
13.58460980
13.58982421
13.61106533
13.62251875
13.62288609
13.69540454
13.73317577
13.78481349
13.80176472
13.82183564
13.84822467
13.84926969
13.88341854
13.89168115
13.90228535
13.97357443
14.04909305
14.07002347
14.10314259
14.13971706
14.23156002
14.28989981
14.30243728
14.30310681
14.31595855
14.33339020
14.38425616
14.44800336
14.45828237
14.48279259
14.53017829
14.53483745
14.54628996
14.55279094
14.57793875
14.58899851
14.68854037
14.69123638
14.69201851
14.70339120
14.74708403
14.77476395
14.80990114
14.84257958
14.89959464
14.91231159
14.91655376
14.91793463
14.93372345
14.94283455
14.94531557
14.95630534
14.96921473
15.05509979
15.11268321
15.12958759
15.13912485
15.14589505
15.20729962
15.23347815
15.24625471
15.26865342
15.27262783
15.27395858
15.27894542
15.29274642
15.29759935
15.32199756
15.34999323
15.35012855
15.39105696
15.39683762
15.40263329
15.47498595
15.53612385
15.54546928
15.55909428
15.57056920
15.59722196
15.66599798
15.67862840
15.67901318
15.69583155
15.69593938
15.70537445
15.71982561
15.77070981
15.77499078
15.78068276
15.78097158
15.79234591
15.82175008
15.82847907
15.83953647
15.87909050
15.91855883
15.94991578
16.03133638
16.05878551
16.07441330
16.09078016
16.21681128
16.22310989
16.22989678
16.25093720
16.26561817
16.27887938
16.31341259
16.33198893
16.38787805
16.40286867
16.40816015
16.44246738
16.44337921
16.46038866
16.47344916
16.48263209
16.48534305
16.54876569
16.56501690
16.56701758
16.59578639
16.66024924
16.66981928
16.67032161
16.72732215
16.73571469
16.74978542
16.75596911
16.80528378
16.81350750
16.82076375
16.83726380
16.85554619
16.90574902
16.92136020
16.93088526
16.93523822
16.96128787
17.02359475
17.05268564
17.16984891
17.20646616
17.22431142
17.23953801
17.33312730
17.37299396
17.38583276
17.40625961
17.42898959
17.44520378
17.56985639
17.57081051
17.62000430
17.66209767
17.70387047
17.74614463
17.75436253
17.76531344
17.79963871
17.80249539
17.84370430
17.92416279
17.95236421
17.97052904
18.04298098
18.06848538
18.09162953
18.12276451
18.14003970
18.15244023
18.17823003
18.18346817
18.25218429
18.25682037
18.26009373
18.29565989
18.29701344
18.31383187
18.31555222
18.31688812
18.38083849
18.42536381
18.43279614
18.43680328
18.44212062
18.47413174
18.52809068
18.54989411
18.55609250
18.58244659
18.59750706
18.62175170
18.62334525
18.63778406
18.65426180
18.69083480
18.69765665
18.74506738
18.75486273
18.80400236
18.84169290
18.86694390
18.88109136
18.89964339
18.90383403
18.90480884
18.94379296
18.98774470
19.00108627
19.00186095
19.00212683
19.01419723
19.03072706
19.03317975
19.05829216
19.05948358
19.07552119
19.09506183
19.14186460
19.22562090
19.23386634
19.23416262
19.24819416
19.26259577
19.30629718
19.31880350
19.32788746
19.36141938
19.46913015
19.47794204
19.49116864
19.49409171
19.52894955
19.54231395
19.60566590
19.61214517
19.65515169
19.65600625
19.77228240
19.78474693
19.78964753
19.80208502
19.84136237
19.87862191
19.96193573
19.98481309
20.04654982
20.07968474
20.11028963
20.18240572
20.20499752
20.24799400
20.29193927
20.34541165
20.36497206
20.38992607
20.43080134
20.43274096
20.44527999
20.45670809
20.46503276
20.59357178
20.61078447
20.61526189
20.70492546
20.74580414
20.77195396
20.81701352
20.84772549
20.90846786
20.96938001
21.01182232
21.02176446
21.03101882
21.06721714
21.09949328
21.14327998
21.15514612
21.22691915
21.26146866
21.30533654
21.31552298
21.42774363
21.43673293
21.48469093
21.59101620
21.59231532
21.61777107
21.65796249
21.70685297
21.71009831
21.71096322
21.73534294
21.76302456
21.80961630
21.82201568
21.82538918
21.82823851
21.83608682
21.91759792
21.97597599
21.97950435
22.01280168
22.02178748
22.05302499
22.07830868
22.10722601
22.11283522
22.12998538
22.15698342
22.19457758
22.21231834
22.22034193
22.22648280
22.32066021
22.34743358
22.36654748
22.36923837
22.38906793
22.43131637
22.43591191
22.45306337
22.46338699
22.47492446
22.50697234
22.54641034
22.63969468
22.64617737
22.67502290
22.69571503
22.72315682
22.73334322
22.73444076
22.75098256
22.75537836
22.79498661
22.82397539
22.82931163
22.84144738
22.84245849
22.90461919
22.90552349
22.90803508
22.92320600
22.95480492
22.95554474
22.98921133
23.01300821
23.01978804
23.08913221
23.15131722
23.16117154
23.16272564
23.16847829
23.17694890
23.20983581
23.26784557
23.31705873
23.38635712
23.42704265
23.48368122
23.51003814
23.51681150
23.56582026
23.59350966
23.64624374
23.65607196
23.76824290
23.77819404
23.79222323
23.79722497
23.81072252
23.81448439
23.84306486
23.88200129
23.88793087
23.91731604
23.93362064
23.95542353
23.97463263
23.98368318
23.98536363
24.02034619
24.02948764
24.09117881
24.14409230
24.16060315
24.17018091
24.18187550
24.23483009
24.25547158
24.28025232
24.34618039
24.36278045
24.40417597
24.42948456
24.45429575
24.45873160
24.47945623
24.48682704
24.50668683
24.50841512
24.53297031
24.55377107
24.59239461
24.59453091
24.61647581
24.64262899
24.71544676
24.72348067
24.79411162
24.81491366
24.82826461
24.84935059
24.85561284
24.85996504
24.86117682
24.87234407
24.88339245
24.88527353
24.90190918
24.90196801
24.92442561
24.93721284
24.95745615
24.99394117
25.04560109
25.07032091
25.08068559
25.08891200
25.10367269
25.11049673
25.14978023
25.16383143
25.16784214
25.17926898
25.18551687
25.18581801
25.24850217
25.27518023
25.31745724
25.34347935
25.34436472
25.35182413
25.36524603
25.40584955
25.41386653
25.45163318
25.46989110
25.52071931
25.54607503
25.54801026
25.56147281
25.56460269
25.57586021
25.60691910
25.61452380
25.68338736
25.68746086
25.69628345
25.70187996
25.70775770
25.71058343
25.71638440
25.71935736
25.72089284
25.75491468
25.79023101
25.79199853
25.84433277
25.89944638
25.90992617
25.92177819
25.95552433
25.96286886
25.99561800
26.02720595
26.12822478
26.14170344
26.20989627
26.24092153
26.28083849
26.35945186
26.39967596
26.46622756
26.48649618
26.50448158
26.51564174
26.52501849
26.56391990
26.56451940
26.60571239
26.62131894
26.66807065
26.67830419
26.72194717
26.73864142
26.76029315
26.79389023
26.82497567
26.87340499
26.91355972
26.91729592
26.94609051
26.95736537
26.97633560
27.02284966
27.02636069
27.09584773
27.10171083
27.10405704
27.11089960
27.13185470
27.13911113
27.16526620
27.16887037
27.19363818
27.19709076
27.25117425
27.29572494
27.30145247
27.31079997
27.32328216
27.32947795
27.40680459
27.40816240
27.41263711
27.41452992
27.48979349
27.49351467
27.52795663
27.55573099
27.57293068
27.62888547
27.63738591
27.64676257
27.66614383
27.67192310
27.70488983
27.76100216
27.78537552
27.78731498
27.81026687
27.82335200
27.83854599
27.88553938
27.89333574
27.92186407
27.98254006
28.02197800
28.05499623
28.06824234
28.08347644
28.09907712
28.12240753
28.12503085
28.15950641
28.17197055
28.20945102
28.28942876
28.44743759
28.47444933
28.49554425
28.56163716
28.64584449
28.67328440
28.71476961
28.72835839
28.77098745
28.85964236
28.88728018
28.91388407
28.95574727
28.96118745
29.05470927
29.05920502
29.07226780
29.10524912
29.12178015
29.19243350
29.31260054
29.35341964
29.40051836
29.46137740
29.51789332
29.53212333
29.54591262
29.56559827
29.58357236
29.58523145
29.68038458
29.69560029
29.70597175
29.73599089
29.76087245
29.76355535
29.76580549
29.78118380
29.79037274
29.89687847
29.90343197
29.93180195
29.93532246
29.95138061
29.96942993
29.97387549
30.00082099
30.02749675
30.03346341
30.04292070
30.08581017
30.12332555
30.23336534
30.25604218
30.30320048
30.31130995
30.31873323
30.32936262
30.35713303
30.37207757
30.38899753
30.41183805
30.42103932
30.52511631
30.52914495
30.53521309
30.58136736
30.63788447
30.65158228
30.66020662
30.67783772
30.69204389
30.72268964
30.78698224
30.82077365
30.84877766
30.85589485
30.86047410
30.89584813
30.91512844
30.91533790
30.93896218
30.96632061
30.97980825
31.03186783
31.05240326
31.05320253
31.07699338
31.09266609
31.19416239
31.25245485
31.26158076
31.28980621
31.31766957
31.34868004
31.40803769
31.45289072
31.46997414
31.56445053
31.61964522
31.62527538
31.62813637
31.63739165
31.67871162
31.68874653
31.70212657
31.71464827
31.77886933
31.79190725
31.79351701
31.80593192
31.83451153
31.87145960
31.88652389
31.91600119
32.10636347
32.13316425
32.19007385
32.21785069
32.29049857
32.34670204
32.38313525
32.41195535
32.46220647
32.46927965
32.48717313
32.48861983
32.49959498
32.50286435
32.52465115
32.53391182
32.53615158
32.55097913
32.55682529
32.58021579
32.63648592
32.71170888
32.71679212
32.77764284
32.80067449
32.84516631
32.96288624
32.97424104
32.97926722
33.00584975
33.01801259
33.04815642
33.05237023
33.09689654
33.10277382
33.12358233
33.13909977
33.19042959
33.20314062
33.20356821
33.21745306
33.27851802
33.32808474
33.33589821
33.34456455
33.36890654
33.38531362
33.42089210
33.49362866
33.53001877
33.53632204
33.56616608
33.57691183
33.62427711
33.63572881
33.67254490
33.70005158
33.73215070
33.74159812
33.82194578
33.84639000
33.85430307
33.91468110
33.93749875
33.93860256
33.95696692
33.99350570
33.99385246
34.05769088
34.06849970
34.09972298
34.11785112
34.14334295
34.15872964
34.21826755
34.22262245
34.22959283
34.23291896
34.26276926
34.30791147
34.30812801
34.31047950
34.32320999
34.32389081
34.32874531
34.33940330
34.35788176
34.37008283
34.45689488
34.45828389
34.50443002
34.53126219
34.53856467
34.55615000
34.56271737
34.56679448
34.60644335
34.63257711
34.64016761
34.65113083
34.73074059
34.74091154
34.75442158
34.85608297
34.89493953
34.92221553
34.92720469
34.93573684
34.94892136
34.96615964
35.04239660
35.06381969
35.07265077
35.08894418
35.19845172
35.21595726
35.24102190
35.29112799
35.30150352
35.30712240
35.34697535
35.35366988
35.36203013
35.39906929
35.43682081
35.46225898
35.47407341
35.50174440
35.51446298
35.52035186
35.59518949
35.59591622
35.61635508
35.63643544
35.64998767
35.65358040
35.65780640
35.67905964
35.67941860
35.68785546
35.68964913
35.69745739
35.76236161
35.76575412
35.83955464
35.84088639
35.84936205
35.85327502
35.90806343
35.92603947
35.96527217
36.00998637
36.05677878
36.12472400
36.14058602
36.20542677
36.22945667
36.24742391
36.28459563
36.30117348
36.32454407
36.36076640
36.43208364
36.43827176
36.43953163
36.45151696
36.51293682
36.53062100
36.57311202
36.59997828
36.61383088
36.61636308
36.61829674
36.66305830
36.69299293
36.70763027
36.76104044
36.76232060
36.81075930
36.83808230
36.83871188
36.83962627
36.89084106
36.89280083
36.91545932
36.92861820
36.94676771
36.94974599
36.98563367
36.98740381
37.00454568
37.01192609
37.06903076
37.09108572
37.09547943
37.09905825
37.12129550
37.15232656
37.15661726
37.17702838
37.19350057
37.20548865
37.21952260
37.25895542
37.27185300
37.27208956
37.27908408
37.28167753
37.32407005
37.35485530
37.38029653
37.38502988
37.42632774
37.49618567
37.49886132
37.54571313
37.56157001
37.56917763
37.60576178
37.61290191
37.63592047
37.69744429
37.71046274
37.73011203
37.79525528
37.81969092
37.82317278
37.87193314
37.89026804
37.97634941
37.98722470
37.98829618
38.00839376
38.03883146
38.04247603
38.07008404
38.09148962
38.10404672
38.18931365
38.20334459
38.27724630
38.27892502
38.31613687
38.32845500
38.32867364
38.34758419
38.36819192
38.37562871
38.38185167
38.41062611
38.43899989
38.44838827
38.63409541
38.66201172
38.67854773
38.74816489
38.75618614
38.78258489
38.78919688
38.79843022
38.80384526
38.86185518
38.93818493
38.95510550
39.02009910
39.03042133
39.04023195
39.07298051
39.08255446
39.16238480
39.17757370
39.20503729
39.21065523
39.22287125
39.22717442
39.28294747
39.29739872
39.32423459
39.35031927
39.35572999
39.35651576
39.38619545
39.47867659
39.50125699
39.51774648
39.56862235
39.57818761
39.59279724
39.59931121
39.61100883
39.62766009
39.63589190
39.63601500
39.68093710
39.76460494
39.78920733
39.81344013
39.84412749
39.84877775
39.95485008
39.96277646
39.96335207
40.07933767
40.08629521
40.14443511
40.19047261
40.23024191
40.27377403
40.28731167
40.30307011
40.30829083
40.35221725
40.41098838
40.43798156
40.45441546
40.45632809
40.48575240
40.54346997
40.55243316
40.56899906
40.58428871
40.60303341
40.60674026
40.61409093
40.62011992
40.69759013
40.70697189
40.71034681
40.73382452
40.73723033
40.79484369
40.84252395
40.88160465
40.90709993
40.90760829
40.95171789
40.97225925
40.98636204
40.98795230
40.99515716
41.10003451
41.14770280
41.17314049
41.18913253
41.18997366
41.22056353
41.29809344
41.37588537
41.39476731
41.39834325
41.40434066
41.42593769
41.42618604
41.43464061
41.44672964
41.46893196
41.49219166
41.50312336
41.59025580
41.59389614
41.61884414
41.72951732
41.77185617
41.77736395
41.77755714
41.79959756
41.80019000
41.83792892
41.85705182
41.89798305
41.94671606
41.96488878
41.98218320
41.98716411
41.98719054
42.01031084
42.04317446
42.10432295
42.11641556
42.13120616
42.13728627
42.14215181
42.16226904
42.19462682
42.24757056
42.27892232
42.34686643
42.36302292
42.36672106
42.36709498
42.36987357
42.41768259
42.43114509
42.46765198
42.47168693
42.49658223
42.52778860
42.54386555
42.55440304
42.63828835
42.65963371
42.66492522
42.67225462
42.69185997
42.70313029
42.76187928
42.77977551
42.79989409
42.80174412
42.80252316
42.81918329
42.84393611
42.84785915
42.86425092
42.88007291
42.92194435
42.94590710
42.95589491
43.01047606
43.01744996
43.02139158
43.05426366
43.06227002
43.09502303
43.09609777
43.11192260
43.15878835
43.21812237
43.25113423
43.25201999
43.27958354
43.28769131
43.28786436
43.29282054
43.32957092
43.36638366
43.38697677
43.39907220
43.41814915
43.44252461
43.44681406
43.44855361
43.45024377
43.45578933
43.49984549
43.52854501
43.55000800
43.62672560
43.63245191
43.65528965
43.71043472
43.73376763
43.79290514
43.79400706
43.80503963
43.81053291
43.82438804
43.90262903
43.90521938
43.90761422
43.91881411
43.92730394
43.95054893
44.04314015
44.07204036
44.07683624
44.09800403
44.11596264
44.13147803
44.14603724
44.15211773
44.16684616
44.17796950
44.25189554
44.27058031
44.29050595
44.35132042
44.36609893
44.37387178
44.41829711
44.46742523
44.48958828
44.49700117
44.52852998
44.58354393
44.60654442
44.67359145
44.67386580
44.67489997
44.68367484
44.75075435
44.76615957
44.78693377
44.80332895
44.80397625
44.81722222
44.81771702
44.83348428
44.83986644
44.89970339
44.90107419
44.95840546
45.02345645
45.03415170
45.05430632
45.05630567
45.06306739
45.08344883
45.13338267
45.13711304
45.17026828
45.26943721
45.36471365
45.38708455
45.38923482
45.41362418
45.42964303
45.46021857
45.48520682
45.48944097
45.50049829
45.50264766
45.56056264
45.58326012
45.63131449
45.68152889
45.68293939
45.73475603
45.79010592
45.79715103
45.83518687
45.84269235
45.87421575
45.87831758
45.91139922
45.93699605
45.94282375
45.96512942
45.96555562
45.99718761
46.00652059
46.02125344
46.12136388
46.12953732
46.22571058
46.23722176
46.23933727
46.26818384
46.31640956
46.33221569
46.34605995
46.35775960
46.36685842
46.38888158
46.39917803
46.48077119
46.58535020
46.58854144
46.59245157
46.61247456
46.62090151
46.62099572
46.66264357
46.74023729
46.76792012
46.78442197
46.81559793
46.84306417
46.85877249
46.86858255
46.98853370
47.01684869
47.08489868
47.09768276
47.17112783
47.17821694
47.20071160
47.20228144
47.20253102
47.23675607
47.23724036
47.26338477
47.28407389
47.33038712
47.34397739
47.37924121
47.38379344
47.38806808
47.39241060
47.41598949
47.42053418
47.42369419
47.43339414
47.46177636
47.51220571
47.54544348
47.62681123
47.62870951
47.64447575
47.72093072
47.73204841
47.77720935
47.78835571
47.83170713
47.83962690
47.85362933
47.94283931
47.95334249
47.95793332
47.95820904
47.99301767
47.99582924
48.02239870
48.06728482
48.08487072
48.10187783
48.14861239
48.16205616
48.22122842
48.22397241
48.26749743
48.27845066
48.33619012
48.40155461
48.49153267
48.50338690
48.51049391
48.55894918
48.57414795
48.57498004
48.59951703
48.64547125
48.65677996
48.66109042
48.76590864
48.79286682
48.80156625
48.83529130
48.90403324
48.92826752
48.95387985
48.97073280
48.98896567
48.99291593
49.00085828
49.01813147
49.03717230
49.06396846
49.12394453
49.14679289
49.17307150
49.20108592
49.25233868
49.27139648
49.29925709
49.30997727
49.31307221
49.40873601
49.45442754
49.50016076
49.51170754
49.55051875
49.57484278
49.67524526
49.67671096
49.69988013
49.71476251
49.78344469
49.78626227
49.78983241
49.79717241
49.81135075
49.86701796
49.86725540
49.88289030
49.92739467
49.93988341
49.97197522
50.00193687
50.02822251
50.02867123
50.04232405
50.05689766
50.06724478
50.07377334
50.09148599
50.09655984
50.10642841
50.10742810
50.15547430
50.16271582
50.19826952
50.22144275
50.23866227
50.26242342
50.27021884
50.28545078
50.31983274
50.40718267
50.41734408
50.44267283
50.44728895
50.47745779
50.48327470
50.53606858
50.61858784
50.62133959
50.62897226
50.65626448
50.67010014
50.70198219
50.70539336
50.70780864
50.74770910
50.80918295
50.84863706
50.86217295
50.92614660
50.93923514
50.95134490
50.95440466
50.95680410
50.96415088
50.97421090
51.00108220
51.05219662
51.10358218
51.12942728
51.14522115
51.15069264
51.19260690
51.26215895
51.27842532
51.34356758
51.36302458
51.37184193
51.39482663
51.41449532
51.45129763
51.48006592
51.49201524
51.49620002
51.50663345
51.54261069
51.55341242
51.55455374
51.57577003
51.59656191
51.66557988
51.67870287
51.68197175
51.68433962
51.68772163
51.69852450
51.75500988
51.85795542
51.86031562
51.86506579
51.89689588
51.90682890
51.90987029
51.93397007
51.93801800
51.95495643
51.96487146
51.97186819
52.01264913
52.04866853
52.05557477
52.11147388
52.11434377
52.11436308
52.14822444
52.15130930
52.15885075
52.18078633
52.18920089
52.19287359
52.22156485
52.27419295
52.30328374
52.31469762
52.32194245
52.32955444
52.35714847
52.37591777
52.42996238
52.43014429
52.43954588
52.50453686
52.51224929
52.57615271
52.58289315
52.59394942
52.60921963
52.61967516
52.62080308
52.64973264
52.66103935
52.66436773
52.66996682
52.68580642
52.68642146
52.68727868
52.70001994
52.70726597
52.71457946
52.72161262
52.74408359
52.75370287
52.75831342
52.77731770
52.82618078
52.83067704
52.83272333
52.83610551
52.88830056
52.89109220
52.96243708
52.97347176
52.99800725
53.01322048
53.03224150
53.07531123
53.12709955
53.13225964
53.13758534
53.15727636
53.17387469
53.17927203
53.24793452
53.28205244
53.28333294
53.29503034
53.29780688
53.33471936
53.34485376
53.37701598
53.38024594
53.42842237
53.44844223
53.46130223
53.48765552
53.49841150
53.50122241
53.52352310
53.61230335
53.61640547
53.62423285
53.63416801
53.64336065
53.68429037
53.74714038
53.75333227
53.75342733
53.82239845
53.84406769
53.87551888
53.87798014
53.88690473
53.88891724
53.94751750
53.96791321
54.07299518
54.11071485
54.12146570
54.15975403
54.16098216
54.20584860
54.21261108
54.22097130
54.28382443
54.34503885
54.34932804
54.41018829
54.45131554
54.47187477
54.47884151
54.49410711
54.50227199
54.55387850
54.56093638
54.59552452
54.64099475
54.65219223
54.65858312
54.71562502
54.71968600
54.73031066
54.75656734
54.79072955
54.80040077
54.84209735
54.84984174
54.86753410
54.88633474
54.89457164
54.98200617
55.01958209
55.02466491
55.03089927
55.03384905
55.04504067
55.10256114
55.10813602
55.12671201
55.30544268
55.31913860
55.36164050
55.39983646
55.40121649
55.41019458
55.42924799
55.44576079
55.44589753
55.50342226
55.53664387
55.53905746
55.62878256
55.63657340
55.66063610
55.69865082
55.74130017
55.83710441
55.87414116
55.94322300
55.95097047
55.98808222
55.99260316
56.00218169
56.05118234
56.07251205
56.07468664
56.08701948
56.14439052
56.17100359
56.17726173
56.20770343
56.21204445
56.21537868
56.25058313
56.25822418
56.31475073
56.33632517
56.37669221
56.44160202
56.44963144
56.44987149
56.46386683
56.47554939
56.51118502
56.51745730
56.53067227
56.54636863
56.55047983
56.57132904
56.57567097
56.59546969
56.60137860
56.61354597
56.62043629
56.64277973
56.80918582
56.81392740
56.85592677
56.87252582
56.88237995
56.88841610
56.92922251
56.94006754
56.97610862
56.98557983
57.06839047
57.08812267
57.09030405
57.10259878
57.11723488
57.13393090
57.14123305
57.16791561
57.17041115
57.20059810
57.22860033
57.30564510
57.31113645
57.31917645
57.38946665
57.39176318
57.41026308
57.42211176
57.43939779
57.46800450
57.52282614
57.56225614
57.69547490
57.69764549
57.69849334
57.71184558
57.72017196
57.72865134
57.74983588
57.75542804
57.80228554
57.89120627
57.91820195
57.94208101
57.95771085
57.97657203
57.99208687
58.01369578
58.01452509
58.02723641
58.07414893
58.09163822
58.15123111
58.18214838
58.20997406
58.22100519
58.22605169
58.22964821
58.29901709
58.31489910
58.32610187
58.37070082
58.39082746
58.42816111
58.46542732
58.48131370
58.51396507
58.51635009
58.58938190
58.61805234
58.64250599
58.74792041
58.80606112
58.93913432
58.94377978
59.01026377
59.01167718
59.02663159
59.04071056
59.04704089
59.05769977
59.06955154
59.07002108
59.19912936
59.20244924
59.20344119
59.20383709
59.22112501
59.22993071
59.24209602
59.24774738
59.29031559
59.29281965
59.30408596
59.36442290
59.38145087
59.38189192
59.38427734
59.38475894
59.40059025
59.47572165
59.47603333
59.56787109
59.58528353
59.61426295
59.61437039
59.65242345
59.69701284
59.72710180
59.74732048
59.77649649
59.81036673
59.91975986
59.93940365
59.96373060
60.00232051
60.05939324
60.11127004
60.18477047
60.20946251
60.26616889
60.35543932
60.36660835
60.38461623
60.42321915
60.43764913
60.57896107
60.59313712
60.60734878
60.67948856
60.68518193
60.70296133
60.75690768
60.76073403
60.81710419
60.84760783
60.90662424
60.90722768
60.96341306
60.96539667
60.96600367
61.02798666
61.07808973
61.12471213
61.17173896
61.18252902
61.21117357
61.23062644
61.25509542
61.28888034
61.29350169
61.32388911
61.33820785
61.34565064
61.35009723
61.37853584
61.42906489
61.43206830
61.46516625
61.51153280
61.52611062
61.53073900
61.59291404
61.61382890
61.62447838
61.73753904
61.76359900
61.78103262
61.79309551
61.80626942
61.86455494
61.89824758
61.90721856
61.92367163
61.92689010
61.92750554
61.96798709
62.00942603
62.05979458
124.00000000
