0.00320802
0.02499282
0.03143132
0.05321074
0.05465877
0.07010599
0.07104235
0.07514145
0.09429277
0.12789850
0.14644606
0.16792147
0.20055747
0.26995094
0.27665290
0.31071517
0.35163117
0.39220450
0.43997841
0.44239833
0.46490131
0.51029370
0.59971932
0.68146117
0.71638346
0.73014769
0.74140499
0.77717987
0.80115227
0.81799165
0.82097465
0.84096919
0.84676520
0.85412980
0.90148037
0.93484967
0.96829053
1.00430205
1.01595648
1.02971494
1.05830245
1.06810222
1.07264258
1.10684981
1.19936981
1.24210976
1.28056681
1.32966186
1.36608321
1.37422012
1.41607258
1.42670682
1.43495720
1.43503412
1.48179962
1.51659939
1.53558710
1.54125893
1.55841531
1.62958883
1.65849839
1.66337313
1.71457733
1.72928337
1.76341256
1.76712725
1.79134228
1.79428303
1.83808692
1.85828261
1.86281583
1.87674321
1.88163170
1.90533165
1.91234831
1.92189904
1.97518569
2.00391042
2.02088933
2.03259656
2.07492876
2.09081088
2.09107128
2.09798749
2.10642850
2.11983406
2.17372460
2.18363076
2.18877413
2.24090638
2.28128790
2.38599730
2.39453187
2.46063150
2.46170655
2.48634994
2.55563365
2.56028156
2.60671271
2.61570262
2.62242316
2.64153372
2.66095999
2.67088589
2.67178441
2.67309976
2.70523025
2.78421048
2.79958293
2.83965913
2.86859261
2.94789718
2.96728836
3.00461391
3.06900379
3.14904743
3.16522745
3.16615146
3.17127420
3.20510755
3.23458496
3.27264504
3.28197017
3.28588586
3.29851564
3.33205780
3.35761329
3.36896254
3.39458893
3.41580068
3.41639148
3.42167634
3.43773094
3.51533217
3.58946870
3.61628125
3.66015860
3.67748349
3.68331067
3.73104959
3.76341651
3.79537063
3.79538712
3.84553394
3.91669568
3.96137264
3.97393519
3.98768666
4.00971919
4.05494932
4.06732854
4.08371307
4.11939531
4.14233931
4.19376729
4.19474714
4.21979493
4.27604475
4.27872926
4.33068742
4.34822757
4.36132035
4.37000205
4.42926880
4.43061702
4.46912908
4.47626943
4.54109129
4.56688811
4.61246164
4.64718101
4.69140141
4.70842819
4.71555966
4.71601100
4.75886209
4.76151435
4.78705074
4.81622694
4.92583829
4.93089234
4.93119539
4.95379965
4.97028754
4.99152232
5.01829948
5.02223273
5.19693509
5.20110809
5.20599055
5.22263696
5.24471515
5.28968423
5.34722184
5.39546193
5.40063118
5.44311413
5.46531627
5.54847099
5.56924731
5.61651509
5.62215506
5.66937826
5.68164150
5.70678553
5.71165526
5.72273673
5.74501113
5.78079751
5.80014446
5.81022803
5.87353228
5.87503270
5.97600289
6.06874230
6.07523448
6.10390849
6.21292111
6.23672937
6.24418373
6.24803515
6.26341337
6.28179152
6.31227653
6.35070650
6.39515763
6.49046217
6.49793258
6.54742111
6.56943273
6.62574569
6.62691225
6.69535691
6.70036593
6.71062598
6.72191915
6.72595108
6.79176713
6.86160722
6.89721323
6.90177953
6.96703791
7.04765970
7.05318866
7.07041660
7.19822622
7.19828495
7.21954444
7.23351573
7.24748937
7.26435800
7.28079835
7.31022567
7.32841054
7.35534606
7.35816305
7.40356163
7.43039591
7.43464427
7.48587304
7.53456872
7.53790739
7.54141846
7.55982050
7.59243215
7.61435528
7.62151406
7.64281918
7.66732500
7.70719536
7.71861214
7.74393320
7.74595551
7.76916604
7.81193464
7.88428839
7.89893083
7.90452292
7.90867189
7.91910306
7.96239719
7.96637190
8.00679684
8.06519184
8.09079011
8.11266316
8.17485140
8.20467205
8.21007839
8.23906733
8.24041490
8.26785984
8.29841189
8.29982573
8.31916205
8.34659328
8.35445569
8.47288148
8.47903016
8.48714701
8.52868273
8.54077603
8.55923699
8.59913785
8.61137048
8.65594228
8.69864852
8.70607894
8.71378214
8.72221414
8.75328452
8.77248663
8.79688134
8.84563718
8.88884440
8.92178578
8.99545868
8.99838125
8.99941058
9.02774930
9.06239334
9.07817963
9.10123536
9.12325658
9.12587221
9.16349856
9.18640837
9.22452655
9.22714832
9.25499992
9.27045128
9.35059014
9.36792909
9.37841536
9.38193926
9.42585384
9.43475745
9.52677661
9.63462021
9.68450394
9.70960882
9.74338920
9.74539009
9.76626169
9.77069297
9.79014683
9.86092458
9.94430814
10.00782553
10.15204313
10.19806752
10.20558771
10.20934755
10.23436469
10.32686424
10.33463643
10.34282606
10.35136863
10.37056969
10.37950766
10.42367511
10.45389377
10.45538858
10.45561466
10.47294368
10.49338460
10.50317224
10.54875008
10.58175703
10.59129805
10.62203550
10.62434672
10.62845418
10.67357303
10.71401658
10.82957557
10.83530350
10.83555188
10.86088929
10.92429143
10.94112967
10.94375341
10.98483617
11.02981602
11.12639802
11.13121077
11.17451398
11.20187089
11.21596741
11.22046846
11.24316923
11.24669444
11.26589210
11.27434461
11.28890811
11.37280645
11.41125356
11.41592078
11.43601224
11.49285353
11.50082117
11.52868222
11.53239038
11.53614747
11.57458782
11.63407422
11.63999544
11.65059713
11.65555306
11.68221317
11.68598279
11.72488469
11.72543953
11.73388902
11.86466449
11.89947872
11.90532596
11.91568450
11.95644132
11.96929188
12.00664138
12.00815951
12.03655881
12.05636201
12.05890501
12.07479884
12.13258162
12.19799906
12.24909920
12.27080412
12.28216525
12.29976315
12.32440046
12.41453124
12.42580466
12.46467405
12.50393766
12.53378198
12.59608244
12.61453217
12.62972343
12.64239107
12.66037529
12.67780489
12.79081558
12.87759745
12.89632026
12.89793437
12.95088256
13.02666565
13.03187763
13.07030501
13.08021293
13.08180832
13.09367705
13.12201856
13.12585994
13.13312040
13.14166394
13.15117639
13.20263387
13.20325320
13.26163134
13.26578453
13.27369389
13.33228277
13.37472888
13.38774956
13.39707545
13.46490436
13.47102819
13.49607862
13.52601416
13.53532705
13.53939685
13.54224823
13.56568650
13.61587785
13.69498816
13.70822443
13.71878036
13.75740905
13.76190603
13.77062790
13.79015709
13.84078144
13.84788447
13.85395432
13.99110613
13.99502928
14.04495880
14.12718110
14.12928224
14.16929640
14.19350687
14.19426609
14.22606498
14.22824451
14.23030141
14.23238765
14.24676232
14.24949339
14.31923832
14.32054632
14.35436369
14.39928710
14.41543910
14.45394885
14.54638318
14.56463490
14.61151665
14.74015822
14.76356960
14.77446861
14.78353640
14.83226116
14.83700750
14.86171015
14.88331886
14.92073796
14.95416112
14.98352739
14.98538714
14.98749492
15.00571515
15.02683658
15.03236304
15.07176573
15.10287053
15.18232775
15.20731371
15.22678746
15.27845235
15.32816235
15.34999323
15.35325248
15.35654330
15.38864308
15.39362459
15.40629221
15.40843794
15.44999955
15.47624633
15.55562231
15.58528333
15.59722196
15.61843272
15.63899671
15.70203576
15.70488913
15.75526626
15.77364554
15.79620229
15.81084182
15.82100623
15.85570497
15.94222755
15.94292309
15.95755954
16.00822943
16.01651236
16.02278494
16.05120939
16.09972124
16.12736670
16.20456076
16.22886158
16.25230617
16.26516941
16.29697338
16.32901919
16.43472082
16.46863078
16.48612038
16.49276179
16.50349373
16.50461015
16.50845357
16.52263501
16.55895537
16.56032008
16.58746326
16.59076632
16.59480781
16.60371319
16.67562202
16.69208565
16.75908704
16.76646571
16.78817311
16.81516428
16.83238438
16.86208217
16.87127022
16.88433967
16.95790092
16.97566804
16.97967622
17.00772248
17.04722818
17.12696753
17.13352129
17.14175712
17.14229895
17.19416734
17.21818545
17.28333030
17.28487483
17.28949956
17.29339895
17.35790844
17.38665737
17.49407201
17.52668065
17.54235831
17.56762155
17.63649304
17.65732668
17.68452869
17.76894711
17.77218365
17.79508555
17.87660965
17.89851746
17.96923940
17.98175014
17.99164185
18.00997905
18.05596054
18.07043553
18.08130452
18.08205659
18.10829883
18.11713947
18.14580184
18.15128946
18.19665146
18.21215184
18.24897619
18.28380169
18.30216139
18.31080155
18.33111125
18.37605377
18.38442284
18.40005324
18.41285595
18.43526018
18.44243139
18.48798836
18.49458658
18.52413876
18.57467574
18.58108225
18.59854675
18.61628207
18.61980260
18.63739440
18.66256920
18.67543824
18.69215907
18.73298952
18.75184670
18.82623655
18.85211280
18.92253796
18.96306528
18.99534066
19.02475409
19.03636917
19.06241691
19.06543079
19.07175628
19.09887402
19.10248907
19.17039327
19.22088416
19.22630509
19.24980197
19.26229745
19.28959497
19.29375325
19.33834585
19.35833752
19.37376568
19.38861353
19.45280875
19.45539282
19.59890730
19.61088074
19.67195088
19.68399713
19.69120534
19.71371409
19.72149933
19.72780349
19.76757179
19.77306342
19.79843546
19.83666179
19.84381593
19.84674143
19.85412544
19.87272164
19.88889870
19.90448602
19.92356589
19.92434987
19.96371671
19.98481309
20.00296060
20.04587752
20.05934194
20.09993283
20.11574265
20.12965317
20.14432519
20.15391016
20.19892582
20.20682895
20.25977365
20.29193927
20.32519205
20.33238472
20.36497206
20.40478223
20.46985614
20.54301757
20.59293287
20.59768644
20.60050910
20.60964793
20.62262777
20.73480370
20.76978484
20.79151835
20.81334512
20.81554073
20.81675222
20.97856244
21.01441471
21.02448869
21.04993849
21.05885394
21.08972829
21.09012882
21.14795875
21.15319868
21.21972002
21.23920218
21.44473889
21.51616205
21.54923776
21.55474505
21.56901963
21.59402030
21.63521053
21.65974042
21.70685297
21.73387863
21.74118191
21.77909078
21.78670659
21.79871080
21.81687989
21.83608682
21.86253148
21.91410710
21.93659535
21.94258643
21.97317197
21.99882692
22.04504799
22.06963158
22.12639592
22.13452806
22.22681823
22.24982139
22.25332099
22.34044689
22.35097665
22.36923837
22.37006807
22.40184908
22.42001037
22.46047373
22.46884895
22.47714549
22.50355917
22.52587653
22.56451122
22.57687205
22.61976668
22.65695617
22.69571503
22.71498670
22.72932162
22.82278903
22.85080717
22.86816349
22.90625926
22.96967533
22.97029961
22.97244776
22.99487231
23.01027160
23.02262342
23.13791749
23.15155685
23.17054742
23.18066704
23.23856165
23.23944865
23.27665286
23.35513367
23.38986599
23.40865987
23.46321177
23.49814505
23.52126116
23.54442924
23.59094628
23.65959681
23.68947658
23.71324370
23.72178864
23.75821517
23.83333571
23.84139115
23.85841022
23.89929380
23.90508831
23.93788178
23.97246663
24.02301620
24.03668616
24.05893422
24.05956661
24.06375045
24.07678963
24.14221360
24.15242519
24.17306837
24.20271288
24.22107440
24.24050624
24.32147989
24.33835734
24.34201319
24.37878526
24.39409326
24.41178084
24.46877945
24.47673565
24.55934832
24.56887800
24.58755446
24.60040726
24.61769611
24.62661756
24.67074680
24.68736675
24.69980619
24.75820293
24.86566630
24.87760919
24.88527353
24.95637459
25.01569734
25.01798295
25.02374773
25.05743721
25.12734150
25.17504537
25.19617081
25.20867976
25.22771792
25.24338222
25.25778504
25.28569935
25.31078281
25.40599071
25.42774686
25.43586844
25.53983090
25.55583663
25.56331992
25.56993895
25.59459715
25.72841891
25.74279010
25.74997468
25.76035356
25.77663923
25.77766142
25.80122804
25.80789097
25.82350920
25.90357408
25.90750903
25.91221567
25.91275176
25.96009755
25.96779309
25.96887404
26.03185236
26.07173243
26.09360766
26.15963942
26.18493315
26.19432578
26.21037671
26.31166114
26.31218429
26.33475720
26.33537284
26.40876015
26.41736749
26.45159184
26.51564174
26.57977613
26.60501671
26.62704029
26.62999567
26.64221194
26.66958473
26.67214741
26.75583325
26.78507403
26.82433340
26.82580706
26.84606593
26.85130558
26.85429029
26.87332162
26.89470161
26.90617589
26.92980713
26.93286943
26.94145581
26.98438449
26.98704797
26.98798534
26.99613060
27.00390496
27.00700886
27.06021302
27.07599335
27.09526193
27.10002432
27.10975051
27.11089960
27.11298119
27.15620946
27.16860322
27.32011134
27.32027679
27.33588556
27.34480116
27.35439567
27.46396850
27.46699058
27.49606717
27.50675733
27.52345910
27.59362021
27.63864577
27.66892793
27.71997180
27.76380160
27.79468585
27.84784514
27.88547334
27.91791595
27.96423574
27.96917789
27.98585532
28.05895419
28.08583116
28.13169193
28.14200209
28.16039050
28.17992278
28.19703210
28.21710578
28.23724243
28.23776601
28.28746552
28.29967966
28.33301456
28.34833078
28.41347181
28.45766758
28.47895686
28.47986059
28.54741272
28.55348175
28.55645303
28.56789196
28.56797130
28.58228020
28.63337095
28.65265456
28.70124617
28.71841403
28.72088254
28.77651093
28.87799788
28.91728694
28.91930227
28.94445717
29.00764917
29.02634248
29.04502045
29.06334671
29.08333517
29.09389554
29.13711928
29.20506757
29.20745223
29.22091611
29.23074110
29.24282825
29.25391192
29.25722849
29.28981470
29.30158536
29.32144383
29.37315308
29.42711188
29.47176889
29.47645686
29.47688487
29.50211238
29.53966103
29.54077400
29.56366606
29.58562653
29.61961204
29.68144745
29.68444367
29.68572403
29.68595221
29.68744632
29.69429310
29.69454579
29.69664291
29.69675583
29.71559062
29.76949002
29.81707658
29.83697195
29.84261390
29.86038315
29.93688836
29.93890547
29.94701805
29.97511486
30.04967596
30.06310717
30.09486778
30.18134950
30.18802592
30.20165404
30.20783360
30.21025738
30.23815811
30.24182139
30.26808335
30.29529123
30.31165527
30.31873323
30.32135989
30.33103304
30.34408645
30.36684470
30.36840226
30.40174480
30.49099928
30.56438657
30.56566413
30.56996816
30.59243812
30.66406905
30.66646421
30.70598735
30.71099928
30.74763959
30.75929782
30.75999951
30.76598202
30.79014743
30.83083782
30.84722763
30.87424549
30.87778618
30.89584813
30.90887063
30.99770480
31.00570062
31.09311397
31.14045114
31.14651911
31.22708076
31.23158670
31.27507835
31.27616742
31.28405452
31.28927891
31.31499084
31.33644537
31.38938048
31.43199089
31.50430331
31.56607603
31.58576043
31.58612237
31.61659889
31.62527538
31.69391756
31.70457897
31.77581791
31.79351701
31.81228578
31.84767263
31.85069621
31.85914711
31.94939516
31.98045409
31.98253334
32.11921477
32.12163724
32.12998891
32.16288168
32.17078415
32.22386620
32.26513799
32.31228523
32.34670204
32.40539178
32.44774482
32.46166496
32.47887616
32.47887823
32.51876536
32.56243875
32.62883712
32.70785545
32.73056114
32.74729089
32.75105639
32.75765180
32.81516372
32.82068283
32.82641303
32.84799221
32.88439496
32.90159120
32.93233636
32.96241897
32.96378468
32.96601038
32.97641898
32.98193745
32.99316572
33.01160384
33.03569143
33.04450161
33.05017178
33.06451146
33.07305349
33.08290395
33.17878267
33.18836663
33.18885249
33.25034021
33.26222361
33.35928000
33.37217836
33.38215769
33.40683243
33.41462284
33.42418122
33.42749861
33.43937728
33.45041229
33.47410731
33.48391773
33.51128621
33.53019828
33.54173462
33.58802701
33.61083543
33.63120007
33.75088533
33.76046764
33.77382436
33.78120762
33.78676981
33.80080837
33.80798220
33.82420003
33.82524856
33.85003805
33.86992003
33.90822909
33.90904705
33.92126170
33.92390436
33.93860256
33.94618883
33.95169477
33.96535244
33.99681815
34.00571664
34.07203676
34.09346434
34.11533151
34.11893216
34.13795654
34.14334295
34.20101936
34.22473251
34.23972856
34.30048418
34.30629621
34.32320999
34.32568156
34.33248201
34.34111720
34.38377031
34.41077627
34.42329425
34.45689488
34.49867841
34.53856467
34.57638675
34.62033395
34.64359970
34.66088789
34.67050003
34.67785828
34.69847843
34.69853363
34.69917178
34.74266153
34.75575497
34.76239665
34.76960361
34.80928467
34.84816549
34.86573375
34.88278196
34.92924018
34.94477570
34.95768450
35.01571697
35.10071807
35.12816934
35.24726852
35.31497184
35.34314173
35.36290472
35.40965950
35.41423646
35.45964077
35.48760370
35.50156966
35.53001174
35.55822349
35.55925345
35.57741419
35.58272254
35.62822997
35.62849506
35.63156327
35.64477062
35.64554035
35.67467656
35.70756979
35.72906179
35.72958349
35.76067180
35.84873833
35.89918633
35.91378161
35.91403034
35.99184351
36.05593948
36.07195856
36.07257601
36.08489165
36.08692959
36.11847304
36.16363074
36.21334470
36.26141946
36.28197909
36.29812025
36.40381434
36.41181323
36.43981854
36.48619443
36.49410964
36.50635430
36.60764825
36.61110398
36.61242641
36.64080936
36.64912579
36.68952529
36.70285969
36.73264133
36.80593256
36.82599680
36.93317830
36.94851285
36.95738453
36.99398684
37.01058429
37.01177907
37.07820799
37.07984087
37.09258207
37.11670068
37.11860671
37.17580681
37.17798563
37.17959777
37.19086166
37.21227028
37.23519971
37.24204830
37.24468677
37.26025933
37.29670799
37.33672147
37.36342870
37.36809536
37.37476607
37.38558454
37.39171679
37.45883913
37.47526353
37.48317105
37.48468107
37.49440264
37.55371808
37.57401196
37.59424069
37.61732687
37.62278348
37.67871861
37.70331180
37.71497913
37.74010651
37.75848009
37.76648577
37.76982197
37.77756861
37.85964250
37.87928085
37.90784254
37.91526544
37.94550710
37.98330795
37.98829618
37.98945101
38.00429500
38.05417682
38.10404672
38.12049512
38.16524195
38.27060747
38.31148344
38.31793392
38.34126435
38.42374681
38.44824667
38.47513287
38.48076278
38.48422508
38.56346423
38.57954828
38.61348298
38.64697246
38.67018120
38.69701290
38.69813659
38.73180741
38.74807512
38.80875076
38.82154479
38.90255330
38.90670413
38.98952001
39.00793479
39.01416431
39.02194860
39.05970934
39.06301096
39.07048620
39.08287530
39.08776893
39.08857801
39.08925340
39.11003813
39.15791140
39.17194062
39.18820855
39.19987716
39.20647171
39.22444788
39.24026127
39.26286882
39.27348240
39.28445875
39.30216438
39.32373436
39.34110796
39.35651576
39.36360331
39.36498902
39.37432088
39.50469523
39.59279724
39.62158027
39.64141393
39.64867719
39.69154871
39.69394136
39.75423392
39.78108068
39.80525361
39.92022379
39.92729013
39.96557315
39.97236348
39.99019966
40.02372512
40.04238377
40.04548062
40.05172597
40.06122884
40.11664831
40.16528034
40.18580190
40.22740690
40.23151684
40.34497885
40.37779620
40.39685511
40.40886694
40.45400376
40.50524231
40.51485363
40.57563347
40.62704632
40.65603906
40.70258118
40.72094199
40.73382452
40.73680200
40.75609064
40.78547380
40.90576006
40.91245639
40.91734255
40.92810874
40.93153085
40.98770783
40.99489354
41.04873259
41.05600614
41.06504678
41.08764452
41.11535606
41.17271658
41.17752859
41.18254844
41.20673880
41.20756030
41.24349971
41.31885221
41.38790319
41.39844166
41.40050636
41.48585672
41.50312336
41.53799067
41.55711047
41.55882649
41.60123541
41.63899492
41.65359795
41.69986816
41.73727646
41.73938379
41.75074338
41.87519033
41.87690384
41.93290607
41.98350097
42.00367684
42.02189295
42.04615265
42.05123111
42.07337608
42.07934171
42.08308076
42.18800672
42.23031811
42.28284663
42.31272175
42.32756615
42.35250833
42.38545657
42.39139340
42.42058064
42.42226761
42.43114509
42.43650473
42.47070871
42.49647605
42.54851934
42.55301073
42.55560952
42.57749887
42.57839241
42.58549537
42.59973431
42.61499003
42.64019973
42.68523821
42.69372229
42.74021197
42.74095880
42.80614558
42.87210079
42.92934347
42.93982513
42.95090607
42.97197304
43.06030168
43.06271283
43.10347345
43.10599307
43.13480176
43.18283941
43.26454255
43.26525904
43.29531074
43.36638366
43.38898810
43.44236963
43.51598187
43.58779713
43.61571393
43.67513695
43.67572880
43.69627739
43.71847749
43.72222171
43.74101534
43.74141643
43.74458547
43.77184797
43.82558733
43.83563709
43.84206283
43.85660310
43.89943087
43.92673694
43.93730790
44.00915610
44.01710711
44.05556129
44.11277549
44.19093185
44.24711239
44.25619924
44.25759417
44.27139988
44.28622041
44.35296710
44.36842988
44.37752367
44.38401187
44.41612669
44.44842171
44.44868855
44.49977768
44.50801241
44.51857717
44.52944343
44.53449964
44.55963337
44.63260576
44.67048479
44.68539226
44.73237462
44.76073538
44.78693377
44.79007745
44.80063823
44.85238899
44.85433393
44.85805067
44.86252149
44.86520599
44.94343280
44.95338881
44.98233491
45.05630567
45.05729652
45.14736779
45.17197756
45.17925071
45.18802919
45.18992642
45.19788916
45.21532418
45.31650583
45.32315533
45.32541340
45.38409588
45.41392885
45.43851672
45.44889047
45.49221393
45.51578744
45.56940111
45.58430992
45.59558571
45.64472579
45.67378832
45.70932560
45.71138723
45.71991668
45.72115418
45.72327552
45.72531123
45.77505861
45.80605298
45.82498146
45.84544170
45.87809662
45.87955346
45.93278940
45.96261786
45.99073612
45.99433355
46.00951652
46.03955188
46.06635126
46.10686966
46.11663939
46.13998962
46.14995964
46.18332077
46.20444056
46.21790516
46.23158618
46.26727239
46.27890190
46.29011037
46.39334928
46.46151441
46.47202447
46.47857454
46.49076908
46.50654479
46.51076976
46.58909347
46.62099572
46.62421123
46.77447442
46.81037146
46.83403847
46.85934598
46.89178379
46.90487701
46.91398840
46.94101605
46.95109553
46.95143794
47.01413465
47.04620074
47.06236502
47.15584107
47.18695901
47.20544624
47.22805394
47.23409722
47.27402408
47.28397456
47.31822109
47.33231003
47.34767546
47.37122782
47.46138045
47.49935270
47.51262548
47.59845878
47.60078142
47.61038187
47.63592542
47.63757301
47.69463032
47.73917322
47.76843318
47.77403348
47.80897937
47.89919144
47.90350254
47.90891762
47.90976141
48.00323626
48.01295461
48.01444096
48.03410491
48.07413668
48.08452775
48.10991010
48.13523217
48.15351239
48.16971580
48.19886975
48.22397241
48.22783160
48.23405653
48.24369269
48.26749743
48.30629525
48.31818894
48.34024612
48.34595117
48.35197647
48.35854890
48.45384566
48.45901185
48.47692502
48.48076072
48.52620832
48.54176093
48.54377535
48.55837618
48.55899227
48.57146085
48.58397911
48.60446549
48.62974725
48.64547125
48.67159709
48.73756412
48.74494744
48.75011746
48.82537492
48.85352714
48.91358956
48.91608327
48.92121540
48.96693589
48.99597982
49.01013402
49.02006745
49.02882997
49.05755634
49.05987133
49.06158379
49.07133629
49.07829460
49.08531095
49.10124035
49.15365363
49.18399770
49.20108592
49.20648439
49.25350842
49.26585672
49.29046398
49.29255581
49.30009519
49.37018301
49.40308010
49.41717558
49.50412468
49.60093601
49.61039181
49.61195560
49.61873678
49.65333656
49.65927603
49.66401638
49.67827252
49.69786023
49.72561139
49.77300428
49.77529955
49.78626227
49.83657864
49.86785089
49.87591676
49.91993751
49.92739467
49.93951087
49.93988341
49.95035619
49.96105987
49.98355402
50.00832414
50.00833696
50.02412384
50.06253805
50.13943540
50.15066925
50.21395358
50.23040281
50.23866227
50.23897655
50.24076396
50.24098318
50.24255546
50.28545078
50.34856100
50.39022665
50.44689703
50.48353810
50.53606858
50.62456564
50.63151670
50.63792279
50.65852120
50.69201260
50.70694527
50.73262834
50.73667328
50.83310833
50.88140390
50.95263257
50.95440466
50.95800028
50.97421090
51.08456971
51.09248307
51.10389093
51.12640505
51.14302746
51.19068466
51.19153065
51.23085369
51.26318599
51.29847814
51.36814519
51.38582094
51.42665366
51.44783137
51.44803583
51.49229282
51.55435038
51.55794417
51.56865870
51.61387462
51.64630153
51.66557988
51.69264989
51.71715310
51.74514361
51.75734486
51.78096281
51.80471291
51.87411565
51.89348002
51.89981074
51.90753870
51.94240954
51.94316658
51.96417774
51.98844260
52.00301456
52.02677396
52.03684471
52.07533294
52.07843741
52.10976887
52.11965901
52.11988707
52.15767258
52.16481863
52.21084598
52.24836838
52.28300282
52.36117795
52.36619256
52.39439044
52.44526100
52.45373279
52.53742161
52.66917521
52.68185165
52.75480329
52.76082991
52.78403925
52.78829299
52.82321052
52.82413677
52.87360219
52.88042261
52.88551098
52.89829979
52.93643927
53.01501647
53.07667068
53.07844168
53.08042200
53.08353361
53.08507524
53.08563648
53.14645746
53.26267719
53.26358144
53.28374081
53.28426858
53.29354501
53.31050826
53.33179289
53.33860589
53.38339046
53.41903879
53.46431591
53.46928647
53.49940528
53.50353910
53.52352310
53.53103557
53.53954367
53.59955542
53.70989296
53.75970987
53.76086672
53.77604628
53.80200219
53.80341763
53.86528272
53.87530174
53.89285878
53.91972229
53.93673224
53.97387780
54.01059902
54.02984398
54.03975850
54.06483110
54.08161219
54.13580540
54.15287917
54.15528188
54.17834999
54.20012974
54.20188015
54.22704704
54.23005809
54.35476529
54.39710514
54.48105930
54.56835066
54.57151157
54.58708619
54.60038888
54.60336711
54.65219223
54.65798895
54.71523602
54.72139389
54.73197449
54.76868911
54.80559249
54.81156095
54.93971676
54.96071459
55.00459426
55.04894434
55.10256114
55.10447821
55.11747202
55.12109105
55.19781654
55.20412898
55.25639648
55.26141875
55.28572625
55.28969619
55.30621008
55.32502266
55.33578121
55.35491522
55.39135144
55.41576347
55.42424534
55.48944322
55.53274190
55.53429493
55.53601568
55.53727265
55.55273125
55.55374739
55.58254776
55.60194664
55.60200547
55.62595100
55.63455890
55.69549315
55.73100282
55.74267872
55.75343623
55.77179618
55.86954993
55.87457970
55.92594169
55.94174813
55.94322300
55.95205313
55.97378392
56.01355927
56.05528140
56.05652495
56.13061259
56.23506908
56.24423042
56.27174882
56.27199053
56.35011978
56.35348807
56.37773081
56.43843775
56.45233114
56.46403860
56.47039989
56.47850536
56.48173269
56.51074479
56.51386941
56.51697812
56.56047555
56.59560051
56.63598145
56.66418287
56.68442916
56.73597050
56.74240726
56.75071922
56.81409615
56.83812078
56.84105361
56.86108064
56.87582811
56.89626857
56.90000566
56.97767064
56.98507718
57.01760708
57.02621094
57.08415356
57.08812267
57.10215083
57.26337938
57.28871537
57.31981690
57.32408074
57.33019645
57.36083774
57.43396408
57.49568918
57.58106795
57.61833371
57.64801991
57.69781521
57.70451850
57.77157886
57.80228554
57.89926201
57.92879295
57.95723873
58.12341346
58.13435324
58.13442775
58.13644729
58.16680684
58.21302238
58.24346920
58.28790747
58.31759998
58.31997351
58.33202847
58.35141169
58.35542733
58.37067428
58.38298582
58.38668650
58.40610175
58.44030644
58.45319422
58.47920219
58.50525093
58.53631260
58.62399526
58.67025993
58.67248569
58.75459421
58.77089348
58.77449713
58.79843168
58.81473077
58.91021689
59.01167718
59.03811805
59.06118489
59.07350417
59.07658359
59.08943616
59.09546273
59.10231965
59.11918461
59.17697180
59.23266520
59.24256689
59.24865176
59.25053697
59.31811550
59.32356028
59.41229645
59.43732566
59.44792584
59.46721075
59.49072960
59.50080758
59.52145254
59.54469652
59.54942202
59.56694756
59.58670378
59.61902100
59.62482096
59.63268990
59.64185447
59.70039287
59.77714050
59.81522164
59.82191733
59.83336046
59.89850436
60.02543454
60.03228839
60.05692632
60.20157547
60.20569218
60.20774287
60.25391820
60.25489132
60.27168918
60.27735111
60.28738285
60.29554646
60.29821275
60.30742273
60.30999639
60.37234238
60.37465419
60.38552977
60.41289840
60.41696597
60.43813794
60.45302852
60.47034617
60.48511306
60.57131139
60.57557864
60.68505115
60.69072548
60.72250693
60.72952975
60.74976808
60.75346691
60.76454155
60.82405243
60.85987488
60.92107338
60.92245458
60.93331219
60.95915374
61.07711399
61.11270902
61.12040181
61.12620297
61.13205983
61.14272089
61.19111531
61.20049073
61.22009028
61.31456528
61.31826274
61.32692849
61.33668709
61.34025550
61.34989111
61.40000036
61.42978944
61.44802231
61.53207393
61.53717308
61.56199061
61.58685198
61.59291404
61.64955228
61.65066816
61.66527513
61.68064696
61.84063820
61.87082034
61.89686813
61.94016221
61.94195815
62.07994153
124.00000000
