0.08047730
0.13227011
0.13900405
0.20472577
0.23205232
0.28610021
0.30741376
0.36658708
0.41652527
0.46690904
0.48971872
0.49131334
0.52777436
0.55258309
0.58084541
0.60522187
0.68330868
0.68930929
0.69580260
0.71874423
0.73995109
0.74306631
0.74458876
0.80623696
0.84096919
0.87398003
0.89822352
0.90542524
0.95339485
0.97709399
1.02018615
1.09189805
1.10318322
1.10684981
1.14995397
1.15589546
1.16005279
1.18263867
1.18611715
1.22782649
1.23231272
1.23862004
1.24817381
1.25242105
1.29828290
1.34367928
1.41607258
1.43702087
1.46285971
1.46408959
1.56888608
1.57598159
1.62873636
1.67935084
1.70196404
1.71199362
1.80272666
1.82888868
1.83077619
1.83808692
1.83951191
1.84507434
1.89244918
1.90769405
1.91240094
1.95392155
2.03259656
2.04698563
2.09610122
2.18472680
2.18473646
2.18586324
2.21416615
2.26476232
2.39453187
2.39697282
2.42347587
2.43712791
2.48012012
2.48634994
2.58897376
2.59873496
2.61841426
2.62305785
2.63377452
2.65548518
2.65677427
2.68122118
2.68957910
2.71231429
2.73650387
2.87767725
2.89454999
2.90991822
2.93039334
3.00444970
3.02787884
3.05075091
3.13239666
3.14904743
3.16632755
3.18828350
3.26110031
3.29295380
3.29851564
3.33228204
3.34300983
3.36717218
3.36963062
3.38418238
3.47818386
3.50746531
3.50871336
3.54818122
3.55276669
3.60344829
3.65008183
3.65450559
3.66736920
3.71743903
3.77535104
3.78432973
3.79538712
3.82124065
3.83223973
3.83506001
3.85288795
3.85786936
3.87012199
3.89393186
3.96137264
3.99239419
4.06097899
4.07285203
4.12431535
4.13890755
4.14194864
4.16313271
4.18086728
4.21238200
4.21976179
4.23534339
4.24087053
4.26545516
4.26866480
4.33447740
4.34953128
4.37134793
4.39150971
4.39336941
4.39793370
4.42917064
4.49268966
4.54379201
4.56200937
4.57572026
4.60653712
4.63269998
4.63727774
4.63951959
4.67319083
4.76036096
4.76924549
4.78840584
4.78869320
4.79352022
4.93383600
4.96862188
5.00281759
5.02941510
5.03810962
5.07933729
5.08872454
5.16919901
5.17060347
5.21065830
5.21112656
5.21777331
5.23188787
5.30174688
5.31047056
5.33596606
5.35682230
5.36108283
5.39394865
5.43983399
5.50147767
5.51020553
5.54820926
5.61988569
5.62050619
5.62831754
5.63254958
5.65715426
5.66916777
5.70016624
5.71185565
5.72337729
5.75175454
5.76479533
5.94102058
5.97884748
5.99585187
6.06340181
6.06874230
6.14483006
6.17992449
6.21206713
6.21645901
6.21668644
6.23065694
6.26370720
6.26685461
6.30153688
6.32009242
6.32199215
6.33689461
6.34354594
6.34576194
6.50949098
6.55964180
6.58553289
6.63811554
6.64272524
6.69939967
6.70833097
6.73440171
6.73923260
6.79222032
6.79949443
6.80291380
6.82602338
6.84895282
6.87991969
6.93774080
7.02452763
7.09072258
7.10404876
7.12856002
7.13471636
7.14327273
7.23505668
7.28079835
7.28776760
7.31453904
7.31823662
7.34347852
7.34825183
7.35083607
7.39348585
7.39630568
7.40821159
7.44863899
7.46961971
7.53270572
7.57430091
7.60932795
7.61067096
7.62840233
7.63742672
7.64965249
7.70202558
7.73174645
7.73553525
7.75696399
7.76676534
7.76682769
7.80413684
7.83630268
7.85587321
7.87012146
7.89418744
7.91040585
7.93137035
7.94538239
7.96564642
7.99187443
8.00146447
8.01568551
8.02207766
8.03472388
8.06358246
8.08888491
8.11603636
8.16461967
8.17004935
8.18777430
8.18885785
8.27457959
8.33752814
8.34247533
8.35191442
8.38650844
8.40150935
8.46563143
8.59965815
8.62011220
8.67510338
8.70308944
8.73577596
8.79688134
8.84823001
8.85255390
8.86809965
8.87485420
8.87884940
8.89404562
8.89473677
8.89921541
8.92112664
8.95835834
9.01290530
9.03587715
9.05575059
9.08843053
9.11114982
9.16176395
9.19991840
9.23029940
9.23634140
9.31578137
9.36107867
9.39370088
9.43035682
9.44113509
9.45753703
9.46446687
9.51999666
9.57621679
9.65033175
9.66217995
9.66817368
9.69867121
9.73084227
9.74442945
9.74823748
9.77751474
9.77798847
9.78433880
9.82863649
9.83721615
9.85722431
9.87070399
9.95002451
9.95518340
10.00558058
10.03466389
10.07050277
10.08663105
10.09224992
10.09362922
10.18392944
10.18528903
10.20066087
10.20916443
10.26293873
10.26427248
10.26471631
10.28308950
10.29972985
10.30727784
10.34467328
10.37950766
10.41889115
10.45773956
10.48101746
10.49258362
10.49582480
10.57095454
10.57149694
10.60419673
10.60469691
10.61342509
10.62763077
10.64232059
10.66033913
10.69227755
10.70907497
10.74857852
10.88153730
10.92203441
10.97759795
11.00275623
11.01851388
11.04875546
11.10793059
11.11730708
11.11908340
11.12615049
11.14869035
11.15714580
11.16616983
11.17149647
11.20979986
11.21080964
11.26589210
11.26874388
11.28747121
11.29192565
11.29616321
11.30997052
11.32292638
11.33598935
11.35055090
11.38320054
11.44869128
11.45632078
11.52541083
11.56768160
11.58802666
11.61915361
11.63683060
11.64078803
11.64893736
11.66840283
11.68137906
11.68991079
11.69222695
11.76113845
11.78313541
11.81333771
11.84536933
11.86313362
11.87345536
11.89343757
11.97972940
11.98137230
11.99285838
12.02034261
12.07758490
12.09584283
12.16713915
12.21224850
12.23810182
12.23869097
12.25540909
12.27638018
12.32623916
12.33873270
12.40953888
12.42011063
12.47266120
12.48798041
12.53264674
12.55115348
12.65728909
12.65800702
12.69857915
12.70114898
12.73026161
12.73779134
12.75976869
12.83765151
12.86803769
12.87175968
12.88391475
12.90239086
13.03460444
13.07589229
13.10827522
13.12950906
13.14282627
13.18367944
13.20894664
13.23911529
13.26966027
13.28249303
13.29644215
13.30246665
13.34112205
13.41123291
13.44070973
13.58460980
13.61587785
13.65041940
13.65192359
13.67066269
13.73445249
13.76423489
13.78785955
13.80827786
13.81257911
13.83942175
13.84926969
13.86329798
13.86636716
13.89483681
13.90239124
13.94640322
13.95299031
13.98434466
13.99951739
14.14748580
14.15406289
14.17480650
14.17605177
14.18206693
14.18840882
14.20832920
14.23238765
14.23804972
14.25825438
14.27336833
14.29508768
14.33801425
14.35436369
14.38217753
14.42941820
14.49436303
14.52903568
14.55220847
14.57103278
14.67788309
14.70037113
14.70786700
14.74015822
14.74488650
14.74708403
14.76636535
14.77446861
14.77824632
14.81111817
14.82562576
14.84736493
14.85612245
14.88935981
14.94283455
14.95639370
15.01142292
15.03470671
15.06335252
15.07303126
15.08802548
15.09263684
15.10287053
15.14712243
15.17569344
15.20100343
15.20176091
15.23379079
15.23828765
15.24872728
15.29051392
15.32722569
15.33176894
15.34999323
15.35079167
15.46759636
15.48726247
15.54948641
15.55368383
15.57409443
15.57577467
15.59818870
15.65264263
15.65491851
15.65700440
15.66758217
15.69925329
15.76002580
15.80317028
15.81084182
15.81538453
15.82869319
15.84294412
15.85588797
15.88067252
15.90028275
15.90117173
15.90675079
15.95073865
15.96526233
15.98679025
16.06497211
16.09304538
16.10821892
16.11431275
16.11451442
16.13165498
16.15991402
16.19513218
16.19619216
16.28171610
16.28958130
16.31341259
16.33214035
16.34502575
16.35474091
16.36797838
16.36953402
16.39057452
16.44208438
16.44246738
16.45691141
16.47469528
16.51274097
16.54210055
16.55646826
16.56674177
16.59742437
16.63776441
16.64234295
16.67790412
16.71595683
16.81624310
16.82088663
16.82210412
16.82638661
16.94518202
16.98301115
16.99126933
16.99277070
17.01010810
17.01954780
17.01970457
17.07805773
17.19775789
17.20253453
17.21503595
17.25453960
17.26052841
17.26150058
17.29548550
17.30601802
17.31914653
17.37683978
17.38583276
17.39687256
17.46207765
17.46884219
17.55361545
17.56702995
17.58125053
17.58775291
17.60879331
17.60956605
17.62210904
17.62757646
17.65127730
17.66885103
17.69822467
17.80793218
17.86796543
17.89182025
17.93596062
17.94791720
17.95531355
17.96417209
18.02241244
18.06753224
18.08171938
18.09542324
18.14747655
18.20218888
18.23763034
18.24295481
18.29085964
18.29465558
18.31959690
18.34554716
18.37189983
18.38442284
18.43503628
18.43513242
18.44573371
18.47718179
18.48906047
18.51059804
18.62840088
18.67601431
18.76376113
18.77580742
18.81442477
18.84190465
18.84718782
18.86184505
18.88109136
18.88239304
18.92375999
18.96103631
18.99685757
19.02220698
19.02714240
19.05827837
19.11110753
19.12718940
19.18035913
19.19658531
19.26364460
19.33317604
19.38893364
19.44411510
19.44859017
19.46287689
19.47850265
19.49116864
19.53862559
19.59329121
19.60899831
19.66398725
19.67495379
19.67546531
19.68553644
19.70930989
19.72780349
19.72873548
19.73544949
19.74571551
19.77156784
19.78023489
19.85118015
19.85620671
19.89168026
19.90252876
19.90458260
19.93729848
19.95634405
20.02720193
20.05934194
20.07968474
20.09199387
20.10403085
20.19725963
20.21568427
20.24739066
20.27594777
20.29019745
20.29796557
20.31844302
20.32620138
20.34548730
20.40439237
20.46912066
20.46985614
20.49649134
20.52393853
20.56380873
20.57080816
20.59900869
20.61078447
20.64426299
20.66504987
20.67672622
20.77298235
20.79999965
20.80278267
20.99502778
21.02289870
21.07788530
21.08102423
21.10172098
21.10338800
21.11340861
21.23699773
21.23920218
21.24498543
21.24983627
21.26196518
21.27347212
21.29474747
21.35541740
21.38156687
21.43475952
21.43821709
21.45591623
21.49149336
21.51032065
21.59156611
21.59519817
21.59592258
21.63462822
21.68199503
21.73245240
21.74118191
21.75579854
21.79709253
21.79956797
21.82150046
21.87379361
21.92964019
21.97317197
22.01630257
22.06387163
22.07581704
22.10127082
22.12836317
22.13230854
22.14469785
22.15584268
22.17572011
22.24144797
22.24836513
22.26281434
22.28514630
22.30358628
22.30388900
22.31389168
22.37634201
22.39434381
22.44031499
22.45967964
22.46478334
22.46877464
22.49312760
22.51198444
22.52753322
22.55658183
22.56995525
22.57991740
22.58681110
22.61059360
22.61753204
22.62556437
22.65178867
22.68071942
22.68128688
22.69015619
22.70892982
22.76036199
22.79041873
22.79280688
22.79306356
22.85448871
22.86440159
22.86512838
22.86778422
22.96967533
22.99959961
23.02351468
23.03885195
23.04400781
23.06754968
23.07971946
23.09896438
23.10328878
23.12334101
23.13791749
23.15218818
23.15470300
23.16203670
23.20005366
23.38731702
23.39673136
23.47844309
23.50259340
23.53434677
23.53480906
23.56830545
23.60410966
23.63420590
23.70956846
23.87360313
23.89325887
23.92679154
23.96254692
23.96395376
23.97352127
23.97698764
23.99868905
24.00140829
24.01786941
24.14668899
24.15426188
24.17318194
24.19309505
24.20271288
24.26442319
24.28688599
24.36260978
24.39527086
24.46150585
24.50699638
24.50717086
24.52330980
24.56549969
24.57657752
24.60935036
24.61645989
24.62658180
24.66590311
24.69980619
24.72400954
24.75077934
24.77112989
24.79902874
24.79987196
24.80467077
24.81579337
24.82327573
24.88080059
24.93576330
24.98384783
24.99341906
25.01349475
25.02201142
25.05744173
25.05904858
25.08506146
25.12301358
25.14978023
25.15118731
25.17926898
25.18341956
25.21883847
25.23259071
25.27558973
25.29284682
25.38636424
25.40613557
25.44067247
25.48655358
25.52951034
25.58268398
25.58618418
25.58679449
25.60912360
25.61300088
25.62119206
25.63060588
25.64508398
25.64657048
25.64769636
25.65479977
25.73560387
25.74965141
25.81437031
25.82214036
25.83176668
25.84784277
25.93446346
25.98825517
25.98909800
25.98968407
26.02108697
26.11063701
26.12399094
26.15753498
26.22072352
26.23477309
26.24092153
26.24519328
26.27655471
26.33537284
26.34262068
26.36799160
26.39761600
26.40521450
26.41333927
26.43506448
26.54360160
26.58303109
26.59318470
26.59505404
26.60322174
26.60488015
26.66381935
26.68391549
26.68659861
26.68793135
26.70533687
26.73122963
26.74036404
26.81918366
26.84095288
26.84447633
26.95292226
27.03390351
27.04941546
27.09000886
27.11298119
27.15233415
27.17268286
27.18667567
27.23115187
27.24401231
27.27893048
27.28435929
27.30539311
27.35439567
27.35461018
27.38804096
27.41175573
27.41521628
27.41924292
27.45461825
27.45982625
27.48526973
27.61136996
27.61999449
27.63755322
27.66984430
27.67177241
27.68951434
27.71964490
27.75295219
27.77212165
27.82070729
27.83757654
27.87315580
27.89904575
27.90858789
27.96016589
27.99786479
28.08413574
28.11568720
28.13169193
28.14101818
28.20680496
28.25251504
28.40953892
28.41814194
28.46642967
28.50786998
28.52130540
28.52496970
28.52853139
28.53789606
28.56163716
28.63704918
28.71530268
28.71841403
28.78282696
28.82007714
28.84362074
28.84909185
28.88865966
28.91118432
28.91725516
29.02612139
29.05144625
29.09210520
29.11699468
29.12802944
29.13605861
29.15235124
29.20359481
29.20659073
29.20956515
29.33568878
29.36984101
29.40192294
29.42396268
29.43483001
29.43569867
29.45452356
29.46736787
29.47638595
29.47725355
29.54591262
29.55609471
29.58719985
29.64731416
29.68049532
29.68639130
29.82281686
29.82677931
29.82761992
29.84242057
29.84261390
29.85153353
29.86103592
29.89342204
30.00798794
30.01484105
30.02154263
30.02751760
30.03449023
30.08453815
30.11123732
30.15058108
30.19022533
30.24235213
30.25604218
30.30320048
30.31940975
30.33103304
30.34584011
30.34651756
30.36916196
30.42174148
30.44553638
30.46545561
30.46584484
30.61986701
30.66319947
30.66659598
30.71837409
30.72741204
30.73135845
30.74308784
30.75929782
30.79137112
30.81102326
30.82585090
30.83083782
30.83454051
30.83901746
30.84722763
30.88322203
30.90713993
30.98443620
30.99544657
30.99770480
31.01792610
31.05499839
31.08792859
31.08905150
31.09266609
31.20958995
31.24149901
31.28223294
31.28405452
31.28587959
31.30391533
31.38445500
31.40917381
31.47158457
31.53260514
31.54474293
31.57273306
31.60376138
31.62332005
31.62760817
31.66428528
31.74228380
31.76103071
31.77886933
31.79988630
31.80075089
31.81446424
31.81987081
31.85163281
31.86153781
31.87035829
31.87946088
31.89203752
31.92262312
31.96398064
31.98059712
31.98253334
31.98348030
31.99561203
32.04162725
32.05079022
32.18327028
32.19007385
32.22851356
32.23258293
32.24242146
32.24859277
32.25994869
32.28135613
32.28453946
32.30909921
32.31770003
32.35351054
32.37267390
32.38328429
32.38413728
32.39659093
32.40624016
32.41557708
32.42577596
32.43023934
32.45471279
32.46533049
32.47606782
32.48677049
32.48900677
32.50089965
32.50512023
32.53727884
32.53964534
32.60171522
32.61144496
32.65945905
32.66450913
32.67290108
32.73397034
32.74438468
32.74674744
32.79995703
32.84508127
32.84879129
32.91808700
32.93899378
32.96601038
32.99179561
32.99555672
33.01160384
33.08454949
33.08724481
33.17794612
33.17878267
33.25034021
33.27851802
33.32661210
33.32808474
33.33751602
33.34042806
33.35281025
33.35321000
33.40562256
33.46411810
33.48088679
33.53019828
33.53292442
33.53822627
33.57773960
33.58499441
33.58560872
33.59281298
33.63497824
33.63719406
33.65610517
33.66145696
33.68398458
33.69210750
33.69667699
33.70459731
33.76046764
33.76800438
33.77320945
33.77343287
33.77983306
33.78676981
33.79220692
33.83294031
33.84270263
33.84355346
33.90806703
33.90999767
33.95656478
33.97702342
34.02535850
34.06349729
34.08242461
34.08630225
34.09685740
34.12503775
34.12504583
34.18315219
34.20101936
34.26204766
34.28786996
34.48594903
34.51063544
34.52962672
34.58539503
34.58740573
34.63033428
34.63906028
34.65104467
34.70548169
34.70843197
34.73131238
34.77056554
34.78046976
34.80183863
34.83671045
34.84279282
34.86353656
34.86874738
34.88278196
34.89436213
34.90497671
34.93376033
34.98469885
35.02014285
35.07985803
35.10421590
35.14806947
35.18019812
35.19061433
35.22700147
35.22836194
35.26564524
35.28264531
35.30608939
35.31360526
35.38193735
35.38748101
35.41559295
35.42070084
35.42586837
35.42898667
35.44983127
35.48068712
35.48210469
35.50503869
35.51375406
35.52468894
35.53656795
35.57250307
35.58092489
35.58916657
35.59520858
35.74782524
35.75184941
35.81129046
35.82501958
35.83405601
35.83888839
35.84203678
35.88982830
35.90378430
35.91258674
35.94242593
35.94492973
35.98079050
36.05573405
36.14770595
36.16145652
36.22926243
36.36882967
36.38515631
36.39206762
36.41137983
36.47738044
36.47762812
36.49827262
36.54125260
36.58651018
36.66621044
36.69557940
36.78681971
36.79437835
36.88856257
36.97371789
37.05509025
37.05544181
37.10419252
37.12129550
37.19689293
37.24468677
37.27145401
37.28270795
37.33598459
37.34226659
37.37660168
37.39765242
37.51231640
37.54422529
37.55196015
37.60173692
37.60755098
37.61914430
37.62863295
37.63725638
37.77722852
37.78192349
37.79036344
37.82580457
37.83948084
37.84695797
37.86499234
37.87630452
37.91526544
37.94797175
37.97349223
37.97865352
38.00178145
38.04417520
38.05736363
38.06666736
38.10257579
38.17931832
38.18163662
38.18488847
38.21867412
38.22475953
38.23478108
38.26040530
38.27060747
38.27171554
38.28561457
38.28651605
38.31490941
38.32743064
38.40823725
38.41130477
38.44417240
38.46059886
38.53079445
38.53514388
38.55584292
38.56047040
38.58505414
38.63365766
38.67218835
38.68942689
38.69701290
38.72710257
38.74123114
38.75329397
38.75557689
38.76993408
38.77182717
38.78297753
38.78994163
38.83096816
38.84368699
38.86601763
38.87472018
38.93562881
38.95574569
38.98439477
38.99891813
39.00728703
39.00919627
39.03609176
39.06365912
39.07306179
39.11003813
39.17443713
39.20559872
39.24024300
39.24093989
39.26191438
39.27313887
39.28985483
39.37631019
39.38399670
39.38404537
39.44960783
39.46325239
39.48311874
39.50025227
39.50562177
39.53845580
39.61296999
39.64845997
39.66449563
39.69351654
39.70677683
39.70953404
39.72544096
39.72602593
39.80227284
39.87628483
39.87639262
39.91082698
39.92555806
39.94329426
39.98816559
40.02141259
40.05798188
40.13966827
40.18580190
40.28918131
40.29031341
40.29377228
40.29960752
40.32206756
40.33162446
40.34317820
40.35302782
40.46958234
40.49367870
40.51812528
40.52706363
40.53578190
40.55425586
40.62199588
40.64470394
40.64937140
40.65707908
40.65765043
40.66154855
40.73723033
40.78455521
40.84313157
40.85049062
40.96791417
40.97633366
41.02760349
41.06990974
41.10710619
41.12595667
41.15611559
41.16817000
41.28025328
41.33726734
41.34571927
41.35479231
41.36659264
41.36953307
41.38790319
41.42849935
41.43464061
41.44512711
41.46217198
41.60582385
41.64288003
41.64502438
41.77503822
41.79188663
41.82209443
41.82252478
41.83733579
41.90067349
41.91801608
41.94953633
41.99105319
42.05961812
42.07482722
42.09205800
42.13456565
42.14060254
42.23756642
42.26422918
42.27892232
42.29301094
42.37468759
42.43650473
42.44959218
42.48439460
42.49424006
42.56091915
42.61981622
42.62622177
42.66191450
42.66794740
42.70156571
42.73794756
42.80129327
42.80808458
42.83038007
42.83507554
42.85779242
42.86279738
42.88980038
42.92083796
42.93400559
42.95126919
42.97891143
42.99452245
43.05051850
43.07090778
43.10359780
43.13024046
43.13434368
43.13930968
43.15076074
43.17006083
43.18060278
43.19961946
43.21899373
43.25598644
43.26015998
43.30513251
43.30699517
43.33926133
43.35256302
43.38898810
43.38947533
43.40690716
43.42248377
43.44139612
43.49791035
43.55835132
43.56266358
43.62611893
43.63645813
43.65339024
43.75030093
43.80503963
43.86947551
43.90607374
43.93156894
43.99015389
44.01855594
44.03594456
44.05374663
44.09576668
44.10038457
44.10530202
44.10997970
44.13726321
44.17594897
44.19093185
44.23567423
44.25306113
44.28624643
44.28983213
44.40582176
44.41855022
44.43101026
44.43775364
44.58118807
44.59935747
44.62311309
44.63317287
44.64314562
44.64774722
44.70768264
44.72767098
44.75983294
44.78549958
44.80935623
44.83718142
44.85433393
44.85551278
44.85975464
44.88854663
44.90660942
44.91103344
44.93369649
44.93853905
44.94674511
44.97656260
44.98295749
45.04208372
45.05584994
45.09041252
45.12642946
45.16080614
45.21163949
45.22808300
45.24735298
45.34406790
45.37523251
45.38703536
45.40558073
45.51479515
45.54961564
45.57004970
45.57145481
45.60104323
45.61114243
45.61687686
45.62361695
45.77037116
45.78079906
45.78286143
45.82042866
45.83704954
45.84140935
45.90170036
45.94282375
45.98930214
46.00932638
46.07477954
46.09507452
46.10728124
46.12622226
46.13998962
46.15729626
46.22463909
46.23673035
46.25744547
46.30328147
46.31120061
46.32065008
46.33368707
46.34017909
46.37350429
46.39481265
46.39941607
46.44089231
46.44260793
46.45283094
46.51375292
46.52192474
46.52496790
46.54113268
46.63558252
46.66728920
46.68821723
46.69215883
46.71399959
46.77513529
46.81717083
46.82543493
46.82727734
46.83469386
46.85733801
46.85877249
46.86150641
46.88805076
46.90041472
46.90487701
46.90950247
46.92709700
47.03583063
47.05363539
47.09079913
47.13458581
47.14752708
47.16476787
47.17266980
47.18454477
47.20983934
47.25760681
47.28116294
47.29122728
47.31653778
47.31668361
47.33393031
47.34016933
47.34643408
47.35456156
47.41598949
47.43244632
47.46719875
47.46812437
47.51203034
47.57694402
47.60852288
47.62675301
47.62772692
47.68072300
47.71260304
47.77869477
47.79819142
47.82546722
47.83170713
47.83531471
47.84362975
47.86092316
47.88773796
47.89360378
47.89640217
47.90630730
47.91609295
47.94174699
47.94335926
48.00095040
48.05505573
48.09376926
48.12350497
48.16798663
48.18263087
48.20200756
48.25630807
48.27220793
48.29274258
48.36961192
48.39323728
48.39878894
48.41871631
48.42410032
48.43188694
48.44807014
48.49304639
48.49358470
48.49369063
48.50284720
48.51522513
48.52882057
48.58256248
48.63499229
48.65504243
48.71589120
48.71894482
48.74829821
48.76516054
48.76820773
48.79939349
48.80644377
48.85119033
48.90438595
48.93541923
48.98164175
49.00742953
49.00991108
49.01007331
49.01813147
49.02431726
49.03740726
49.05152462
49.05627671
49.06853296
49.11035835
49.12344050
49.24857551
49.32127708
49.34340321
49.37010776
49.41260803
49.49414791
49.50430152
49.51732431
49.54802076
49.63993498
49.64402743
49.64654223
49.68324990
49.74075571
49.74152489
49.75020455
49.81554259
49.81621312
49.82752748
49.85047640
49.86501618
49.86901759
49.87028831
49.88820622
49.96105987
49.96862076
49.96878084
49.99333829
49.99969818
50.00378987
50.02412384
50.02622310
50.06253805
50.09529415
50.10840334
50.10912763
50.13363489
50.16070057
50.16454685
50.19603868
50.26078802
50.34535816
50.35575908
50.44607413
50.44911754
50.45720189
50.47840221
50.48353810
50.52468039
50.52487099
50.54706298
50.54715885
50.60071556
50.63110889
50.67976226
50.69031604
50.69700691
50.77930307
50.78803956
50.93526350
51.02950997
51.04804948
51.09955721
51.10358218
51.15752679
51.23085369
51.25180521
51.28095716
51.28766142
51.30706477
51.31019520
51.32232360
51.36287585
51.38488840
51.38862925
51.41105894
51.45110992
51.46779285
51.49229282
51.51113544
51.52497271
51.59234491
51.69918789
51.79607904
51.81365343
51.90518148
51.96569857
52.01346048
52.01955445
52.18463609
52.21787124
52.24308057
52.29265967
52.31931526
52.33356626
52.34690339
52.47216470
52.47728703
52.48887889
52.49824294
52.50759632
52.50856817
52.51934253
52.64727117
52.69645817
52.76082991
52.76905214
52.77124017
52.78403925
52.80883559
52.85226468
52.86144293
52.91015629
53.01019677
53.02098565
53.04569362
53.06990035
53.08928080
53.12424044
53.13754036
53.16345127
53.19438933
53.20206836
53.24493392
53.24687902
53.29354501
53.30183476
53.31194846
53.34317522
53.34656716
53.35195694
53.40478351
53.41437968
53.44904060
53.46169557
53.47560391
53.53686217
53.55412440
53.59220470
53.59928328
53.60115740
53.62113846
53.63528177
53.78780420
53.90639160
53.92480209
53.96268131
53.96359735
53.96535470
53.97522477
54.04634803
54.05005803
54.08441387
54.08622398
54.10866303
54.13989622
54.19724346
54.22538903
54.24505925
54.24728621
54.30774414
54.34736564
54.36291805
54.38652143
54.41015250
54.41040921
54.44557088
54.47719808
54.52786392
54.56137350
54.56758046
54.58708619
54.59863467
54.65732756
54.66647857
54.68270539
54.71281923
54.72435150
54.72916127
54.76743037
54.77783128
54.88275177
54.91685710
54.91995113
54.93999236
54.95038791
54.98301312
55.00163973
55.04066187
55.04156768
55.08634791
55.12983157
55.18447787
55.21576810
55.25091223
55.25129746
55.28015023
55.32940979
55.54426302
55.54893731
55.54957542
55.56304407
55.66116258
55.71437764
55.72454568
55.74129584
55.74130017
55.81667125
55.85073752
55.85404274
55.89939155
55.93382326
55.95989047
55.98769957
55.99381770
55.99832393
56.02997758
56.05483188
56.08372763
56.09774242
56.17041710
56.17506515
56.20842714
56.26047446
56.35200021
56.36125774
56.39971429
56.41545616
56.43954648
56.44929773
56.46484886
56.49879994
56.50818172
56.52146668
56.55163351
56.57522635
56.68272361
56.68901883
56.70455011
56.73398042
56.73495044
56.74240726
56.78833880
56.78921978
56.79237154
56.79435615
56.83794179
56.83812078
56.83919571
56.84336472
56.85535233
56.88578486
56.96557993
56.98139715
56.98940962
57.02774136
57.03826028
57.03858131
57.08517890
57.12668471
57.14072000
57.16776530
57.20237363
57.24525189
57.25980318
57.27179458
57.30564510
57.32320440
57.33629923
57.37042608
57.40015897
57.43999009
57.48249313
57.52986416
57.61588317
57.61807111
57.64191189
57.65857058
57.69849334
57.77851261
57.86576083
57.88336857
57.91470220
57.95768848
57.96933342
57.99674437
58.05882941
58.07318059
58.08261441
58.15123111
58.16210407
58.21355252
58.21810919
58.25644156
58.41447494
58.43543078
58.51635009
58.54597636
58.55736460
58.61070150
58.61890962
58.62409612
58.64250599
58.66023901
58.67216484
58.68229866
58.68876146
58.73422982
58.79016043
58.79126019
58.79616454
58.80606112
58.81107512
58.84021677
58.86883604
58.87144991
58.87177470
58.87936355
58.92096170
58.92494347
58.93510493
58.95195721
59.00990988
59.03251799
59.06666384
59.08527853
59.08948436
59.09373163
59.13679266
59.14604896
59.15465989
59.17794153
59.24816758
59.27611382
59.29823754
59.33565124
59.38189192
59.39998087
59.40905499
59.47889612
59.49072960
59.50309889
59.52154865
59.55097619
59.61437039
59.62337634
59.65322694
59.66060333
59.67778578
59.71119727
59.71378977
59.82191733
59.85678089
59.92632789
59.95035702
59.95138350
59.95696331
59.96641060
59.98336355
59.99122357
60.01781994
60.14144399
60.14595199
60.25932335
60.26626836
60.37590376
60.37922387
60.43006480
60.47034617
60.48104629
60.48832658
60.49798264
60.50299688
60.51177084
60.52314986
60.56884929
60.57448359
60.68505115
60.69072548
60.70188849
60.70342169
60.79613582
60.88720292
60.94280721
60.96341306
60.96636079
61.06655778
61.07894137
61.10160670
61.12055849
61.20459422
61.24466883
61.26307453
61.26342609
61.28786187
61.31322708
61.33820785
61.40014364
61.41202738
61.45622072
61.45788060
61.46631971
61.54332973
61.60690684
61.63856013
61.64398952
61.65698244
61.66216970
61.67727069
61.68363910
61.70619264
61.73400169
61.75102146
61.75876414
61.79309551
61.84794301
61.85451604
61.87040748
61.87046877
61.87619154
61.90393625
61.91475628
61.95844853
61.99202491
61.99850665
62.03696259
124.00000000
