0.03554602
0.10736642
0.11664904
0.11926695
0.13855443
0.15308586
0.16482912
0.16802042
0.19672493
0.20941807
0.24084199
0.26016439
0.26357296
0.27665290
0.29327009
0.30342171
0.39588613
0.39604919
0.40128317
0.40143406
0.41156195
0.41936322
0.43405691
0.44776661
0.45031642
0.47476121
0.52777436
0.54652625
0.55414647
0.58160734
0.60522187
0.62166429
0.63954276
0.66793511
0.66818099
0.69526551
0.70879721
0.71156737
0.74013246
0.74124874
0.79037143
0.81368198
0.81830184
0.87011015
0.89241505
0.89759987
0.89972853
0.95140284
0.95221169
0.99624571
1.00786945
1.02149649
1.02921929
1.03280706
1.06611213
1.07051017
1.08136210
1.08445220
1.10032533
1.11056116
1.12974949
1.13997134
1.19309435
1.21398411
1.21433149
1.21853041
1.21896670
1.27234657
1.29076306
1.35156627
1.36601421
1.36608321
1.39580319
1.41284318
1.41607258
1.43664528
1.44710983
1.54407170
1.54794572
1.57598159
1.58583359
1.58919118
1.60150833
1.62501272
1.65682234
1.66526624
1.67475414
1.68688612
1.75180504
1.80209767
1.80668968
1.82618308
1.85312054
1.85954382
1.88015294
1.90068086
1.90736716
1.91776676
1.92803380
1.95392155
1.95933895
1.97649758
2.08813252
2.09799830
2.10066031
2.11245219
2.11265182
2.16567983
2.23204250
2.24192984
2.25718562
2.27748093
2.32284099
2.35734106
2.37702648
2.40090051
2.47383371
2.48073319
2.50962913
2.53506528
2.57694672
2.67130636
2.67635167
2.69192434
2.69542211
2.75643443
2.76065797
2.78066883
2.79817264
2.85769043
2.88989637
2.93756627
2.97526195
3.00571377
3.07163496
3.07446318
3.12402185
3.16254464
3.16650170
3.17814758
3.27811121
3.30121359
3.33228204
3.35302471
3.37052795
3.39005307
3.40370397
3.41758880
3.43921214
3.45747051
3.49962620
3.50628034
3.56177495
3.56577751
3.58946870
3.59515090
3.64055703
3.66423196
3.66482375
3.70249161
3.71091937
3.72731010
3.76100755
3.76303875
3.77314200
3.79896295
3.80721164
3.81416449
3.85644825
3.87066492
3.87740875
3.95837123
4.02693736
4.07452910
4.07484576
4.14194864
4.16279965
4.20217628
4.20564470
4.22141619
4.22390314
4.25724060
4.31815823
4.36468819
4.39336941
4.42926880
4.43557780
4.46912908
4.48671971
4.52257637
4.52965873
4.54602217
4.60178403
4.63194483
4.63286916
4.64175585
4.64718101
4.65004906
4.65062092
4.66059331
4.66248167
4.72878792
4.72953911
4.78122227
4.79025874
4.85137131
4.85915359
4.86815709
4.90235000
4.90339510
4.95388188
4.98172226
5.02585855
5.08091158
5.09960199
5.21649137
5.24623258
5.28277042
5.28290640
5.28800598
5.34972189
5.36677542
5.39375258
5.55932500
5.57927313
5.60755265
5.62831754
5.63388266
5.64431598
5.68036181
5.69678733
5.77392204
5.78895476
5.79471228
5.85389500
5.88908657
5.94065637
5.96094726
5.96871891
5.96943518
5.97796242
6.00159496
6.03542645
6.08978615
6.11874336
6.12114147
6.13896643
6.15532217
6.16096782
6.17263240
6.20757902
6.23410093
6.29367440
6.31227653
6.35325163
6.39294678
6.46007871
6.48244958
6.63784971
6.66005393
6.67258967
6.69694030
6.71039678
6.71930657
6.72191915
6.73631261
6.77008467
6.82712936
6.93262598
6.98925529
7.06055188
7.06745066
7.15687676
7.19046242
7.21548784
7.23590765
7.30280662
7.31046493
7.31119394
7.35141759
7.36617869
7.40189554
7.40300165
7.45303427
7.46316417
7.52754652
7.54446188
7.55876927
7.56343159
7.57841226
7.58322903
7.64598011
7.65321012
7.66138922
7.68193127
7.73480846
7.73553525
7.74173209
7.74393320
7.77378973
7.80823060
7.81121617
7.82619822
7.83742971
7.86373190
7.90348202
7.95166372
7.96008775
7.96787777
7.97806780
7.99187443
8.01405005
8.01505371
8.02487484
8.06029182
8.08281651
8.13077130
8.13650863
8.17485140
8.20134310
8.24431894
8.27248695
8.28705114
8.29955691
8.31856756
8.37384091
8.40301422
8.47817856
8.48806904
8.49877455
8.54287680
8.56997961
8.58687375
8.59635105
8.63785248
8.69828617
8.70283302
8.70360144
8.72695147
8.74398541
8.76083863
8.83528987
8.84823001
8.84938655
8.89186449
8.90527155
8.91193359
9.04738191
9.05888106
9.07475241
9.10246069
9.12326428
9.15895060
9.27777673
9.33171190
9.35059014
9.35482706
9.35490360
9.36958625
9.37529148
9.37648333
9.44113509
9.57630195
9.60554727
9.67604677
9.71836151
9.74363807
9.74539009
9.75746990
9.77162966
9.77584888
9.77780610
9.80080039
9.81183072
9.81666048
9.86540185
9.96138707
9.96653847
10.03471625
10.08152444
10.12644770
10.12721933
10.13509671
10.17152272
10.17402094
10.20934111
10.21958547
10.26471631
10.31199245
10.32124036
10.34528274
10.44231088
10.50901795
10.50945861
10.59129805
10.62253785
10.64911717
10.66569146
10.67357303
10.68072955
10.69437459
10.72446127
10.76818821
10.77711303
10.78422456
10.80909311
10.81445779
10.81889482
10.83395132
10.86267167
10.94238962
10.94768115
10.95085098
10.95823014
10.98041921
10.98400724
11.01597857
11.01759707
11.13951077
11.14869035
11.15049221
11.17777660
11.18673286
11.20086511
11.22046846
11.25007417
11.28120616
11.30274024
11.31368145
11.31638948
11.33290387
11.34185609
11.34323670
11.35055560
11.40245457
11.49033120
11.49863972
11.50803504
11.52857548
11.54002647
11.55388846
11.57131934
11.61992237
11.63602281
11.65113194
11.70037926
11.71206753
11.72543953
11.74299258
11.82319411
11.92772583
11.93144260
11.94482525
12.04695454
12.06487226
12.07081466
12.08873923
12.10145177
12.11835397
12.14416890
12.23810182
12.23901854
12.24198237
12.25556239
12.25600580
12.29555668
12.32893776
12.40855214
12.41453124
12.42504259
12.43184140
12.43216446
12.45529932
12.48286539
12.49119190
12.50347703
12.51887821
12.52780124
12.53503670
12.55642788
12.56360980
12.58779484
12.59137000
12.59390242
12.59581765
12.62373113
12.63250214
12.64030661
12.67687265
12.67780489
12.70240881
12.77153317
12.84125260
12.85602874
12.86466993
12.94981337
12.95385249
13.00285602
13.00374321
13.11525293
13.12490082
13.12605555
13.17018534
13.19843414
13.25708305
13.38157126
13.39890673
13.40294186
13.47351652
13.48232935
13.50684526
13.52375702
13.52569289
13.53022796
13.54208461
13.56241853
13.58797921
13.60892320
13.67805708
13.70985866
13.73163077
13.73317577
13.73660647
13.78539245
13.78725477
13.82478210
13.83518397
13.84317829
13.85650157
13.86391430
13.89198716
13.91428322
13.93021946
13.94658260
13.95343509
13.95798499
13.96274052
13.97045334
13.97357443
14.07671086
14.10568982
14.13514928
14.16895951
14.20072763
14.25894425
14.25992158
14.26297160
14.26341705
14.27336833
14.28716216
14.33777418
14.35091372
14.38249104
14.40686210
14.40816865
14.43231757
14.43688095
14.53483745
14.53942633
14.54200867
14.54638318
14.56541537
14.57041297
14.61247034
14.61876986
14.62488261
14.65004438
14.66010984
14.67515137
14.67892148
14.67968958
14.68096790
14.69561364
14.71319213
14.74327131
14.77914464
14.79564620
14.81303993
14.88446115
14.91197517
14.91937740
14.98603764
15.10616236
15.14192118
15.16909564
15.19625997
15.24629618
15.26653871
15.29073648
15.29582596
15.31880245
15.38627954
15.39362459
15.39622009
15.41470705
15.42354403
15.45043200
15.47624633
15.49753772
15.50491070
15.54683596
15.56216786
15.57200841
15.57928378
15.59476882
15.60191559
15.60201954
15.67288882
15.67834039
15.70203576
15.75766272
15.77070981
15.79598136
15.79706224
15.88067252
15.88424501
15.98167304
16.01407723
16.08385727
16.16415002
16.16617286
16.17076039
16.19223640
16.20524496
16.30303760
16.31661062
16.35838155
16.36797838
16.37624037
16.37770165
16.41962556
16.47468219
16.49663713
16.55137458
16.57626555
16.59578639
16.61737336
16.63270221
16.65107040
16.68937674
16.74422048
16.85554619
16.86681192
16.87447693
16.90574902
16.92693666
16.93088526
16.93530714
16.95177023
17.04710309
17.04737394
17.06739315
17.07770839
17.08415438
17.08485138
17.13917762
17.14229895
17.15127353
17.15562344
17.18492088
17.18823859
17.21588581
17.24895316
17.28256176
17.28635520
17.30396840
17.31550026
17.38804076
17.45056713
17.45286947
17.48193942
17.62914716
17.64616415
17.74348003
17.81322829
17.81926470
17.82325699
17.82487964
17.83461709
17.83607605
17.91247643
17.91385918
17.92835907
17.95978138
18.00799896
18.05589833
18.07181219
18.10052782
18.11598799
18.12636772
18.15478539
18.15938621
18.18970760
18.24151328
18.24919475
18.31272261
18.35379059
18.49631831
18.50229830
18.52809068
18.55137419
18.58226364
18.66088260
18.70743959
18.73666812
18.77952445
18.79762650
18.82706619
18.84190465
18.84718844
18.85559639
18.89893902
18.90050994
18.93498314
18.94671190
18.96422887
19.03252838
19.07552119
19.17502892
19.22228932
19.22370107
19.22460112
19.27036557
19.27047362
19.27313953
19.27805287
19.31742849
19.33153017
19.36948085
19.40342884
19.42025297
19.42298541
19.42726061
19.43788084
19.44411510
19.49209408
19.51400318
19.53553120
19.56511797
19.63897703
19.67345995
19.73544949
19.77228240
19.78907964
19.81760631
19.87435243
19.96528471
20.00972948
20.03920758
20.04287448
20.08408284
20.09993283
20.11677649
20.12990527
20.14910295
20.20237876
20.24923595
20.25999581
20.27792716
20.29534280
20.31122809
20.32656986
20.35511244
20.37163438
20.49060694
20.51430138
20.58393542
20.61526189
20.64998355
20.65028017
20.69566585
20.70201440
20.70264084
20.71108869
20.75639484
20.76932807
20.78140333
20.80933044
20.81603492
20.86719607
20.92522975
20.93546289
21.00179051
21.00448592
21.04919287
21.08972829
21.14576003
21.15204670
21.15629019
21.17993689
21.19520955
21.19763564
21.24983627
21.25625354
21.26702331
21.39037762
21.39621052
21.39751075
21.45725018
21.46353487
21.47062741
21.47225267
21.47495927
21.49518597
21.54295203
21.55806673
21.59231532
21.60839526
21.60968121
21.64354006
21.64806744
21.69805888
21.70990090
21.71477573
21.73378109
21.73920991
21.74488613
21.79071991
21.81687989
21.90258853
21.92890461
21.94089917
22.01428603
22.01485536
22.04504799
22.10439122
22.11451582
22.11548161
22.14744445
22.17512387
22.20376581
22.22001310
22.26156683
22.31694275
22.33775179
22.34578384
22.39363016
22.40421982
22.42908229
22.45855285
22.47560242
22.48821990
22.51033793
22.54778880
22.63723618
22.64679395
22.65519770
22.65702309
22.70636648
22.74363081
22.74778157
22.81485064
22.81497836
22.83244416
22.84245849
22.84660294
22.86177902
22.86512838
22.86688706
22.87645965
22.92090093
22.96006336
22.96020959
22.97208014
23.01591099
23.01883204
23.01902108
23.02874407
23.04104699
23.06087590
23.12586397
23.15625072
23.19099386
23.26443723
23.29519960
23.29626352
23.31872558
23.32140582
23.35641666
23.40793870
23.40865987
23.43869111
23.46846212
23.64490467
23.64624374
23.64775384
23.65166523
23.67802663
23.67943213
23.89247777
23.89599383
23.90306174
23.90926900
23.98707461
24.00894847
24.01011474
24.02301620
24.05133870
24.07281102
24.15242519
24.25223940
24.39126615
24.41000684
24.41162475
24.45623618
24.47607427
24.48474325
24.55454550
24.57923456
24.69518570
24.69980619
24.71319106
24.71470324
24.71641365
24.75269873
24.77682517
24.86518903
24.91478279
24.95430447
24.95637459
24.96667145
24.99919562
25.03634416
25.04344016
25.07032091
25.12734150
25.14685977
25.17968972
25.19249964
25.20758176
25.21460088
25.23201837
25.28094055
25.31032744
25.35989469
25.37589472
25.54997065
25.55159946
25.60265169
25.60288579
25.63687321
25.67014965
25.70799037
25.73560387
25.77078488
25.80980390
25.86260124
25.89455386
25.96286886
25.96296274
25.97291815
25.97855522
25.99359105
25.99561800
26.02796006
26.03185236
26.06819853
26.09294802
26.09693610
26.11770590
26.13012734
26.14163512
26.16337344
26.20159094
26.21426963
26.23764669
26.29759722
26.32077947
26.33836146
26.36149944
26.36570949
26.36818098
26.38214411
26.38493377
26.41180830
26.42058709
26.42876279
26.43782992
26.43998663
26.47782656
26.50668584
26.51564174
26.51813452
26.52693521
26.56567082
26.57338711
26.57977613
26.58165556
26.65431214
26.66548222
26.68473507
26.70576936
26.76018516
26.81600242
26.83553084
26.86540301
26.86649162
26.89565900
26.91853708
26.92380744
26.94145581
26.96375357
26.98528184
27.00795460
27.01070884
27.02636069
27.07553607
27.07627916
27.11732172
27.12833937
27.14066501
27.14729849
27.15233969
27.16286122
27.23968652
27.25244538
27.26365425
27.30675063
27.39965935
27.40747883
27.41838389
27.42614447
27.48446772
27.55796988
27.56740867
27.58037998
27.60111282
27.60705783
27.60970307
27.61136996
27.68030248
27.68392461
27.73315043
27.73720918
27.76656198
27.77494053
27.77933043
27.81918611
27.82208480
27.82515169
27.83528350
27.86124264
27.86834681
27.92000064
27.92937826
27.96552698
27.97471355
27.98536657
28.02121861
28.03100846
28.07977503
28.09611369
28.10854346
28.14032257
28.14999751
28.16596566
28.19345608
28.19674460
28.19679886
28.22243602
28.24044995
28.27646498
28.37816545
28.38168829
28.41668325
28.42995273
28.44523813
28.47444933
28.52335679
28.64600337
28.65886776
28.66704420
28.68724722
28.69739131
28.70197514
28.70520475
28.71839636
28.74416475
28.75122370
28.76175152
28.79349558
28.83824621
28.88366807
28.92839905
28.94476848
28.96242216
28.96948829
28.98579590
28.99276098
28.99606072
29.03015624
29.03614374
29.04502045
29.05935529
29.10061722
29.18868650
29.19280492
29.22070645
29.28165158
29.30410791
29.31811088
29.32521523
29.34432016
29.38259242
29.41089732
29.42667162
29.47085155
29.47688487
29.52035962
29.54141870
29.58302001
29.60522130
29.61706662
29.64731416
29.67684894
29.70597175
29.71608327
29.72578066
29.81894523
29.86038315
29.87037553
29.87754520
29.88360589
29.89594976
29.90801210
29.90982482
29.93070244
29.95081679
29.95385618
29.99321885
29.99512399
29.99616122
30.12880841
30.20956697
30.25013892
30.27232988
30.28496459
30.33926818
30.35811456
30.36316199
30.36859276
30.41464498
30.41498602
30.46013336
30.46875719
30.50059765
30.53069710
30.55022994
30.61412406
30.67643209
30.73779862
30.74791976
30.75194082
30.78698224
30.88439227
30.91805172
30.92500250
30.96579484
30.99039674
31.01952630
31.04708892
31.06148709
31.08991933
31.14652417
31.19527762
31.22551259
31.23640323
31.23795340
31.26884259
31.38188119
31.38572568
31.38920513
31.42771915
31.43953620
31.46086305
31.47846468
31.56743085
31.59089759
31.63104715
31.68296137
31.69463162
31.71706519
31.72904797
31.77250805
31.79528528
31.80742004
31.82981504
31.84874215
31.87519094
31.91521512
31.92262312
31.92347141
31.92956666
31.95202002
31.96153157
31.96426635
32.08703643
32.11524528
32.12732917
32.17711363
32.18793244
32.22481535
32.23399444
32.27241990
32.30883453
32.31089385
32.31610425
32.36914819
32.38733821
32.39659093
32.41320376
32.42812054
32.43023934
32.44683449
32.45833853
32.46731675
32.47252034
32.47409003
32.51387263
32.57496500
32.59713385
32.63773966
32.64334011
32.65411964
32.66450913
32.70015936
32.73056114
32.77232210
32.80703549
32.84158764
32.84666143
32.86607664
32.89418833
32.96902220
32.98256509
32.98790988
33.05466528
33.06452406
33.07833005
33.08290395
33.10972507
33.17886948
33.22398059
33.23391484
33.28373322
33.34268616
33.35627722
33.36341695
33.36615762
33.36970314
33.37879262
33.40107112
33.44179199
33.45461680
33.47685982
33.48391773
33.49777214
33.51097878
33.56166973
33.61607216
33.62244972
33.70453818
33.70474366
33.80274029
33.80798220
33.84635117
33.85430307
33.87623294
33.90550179
33.92351616
33.93285672
33.93833285
33.95926903
33.98479330
34.01413234
34.05214044
34.06849970
34.12975722
34.16277774
34.17732554
34.18301872
34.21972236
34.24414981
34.28484324
34.30832324
34.34604230
34.36786617
34.38162412
34.40680365
34.41426574
34.43265265
34.43985097
34.44962883
34.49865955
34.51381489
34.52962672
34.58000351
34.61325411
34.66544003
34.67050003
34.69122437
34.75816163
34.76010278
34.77581944
34.78351319
34.78428732
34.83559245
34.84279282
34.85717213
34.90612011
34.92925765
34.94990411
34.98785819
34.99807579
34.99899287
35.04110447
35.10666243
35.12233406
35.13257145
35.18041003
35.19830053
35.19889500
35.22516114
35.34619646
35.36290472
35.36652379
35.38491474
35.43667600
35.44003232
35.45604208
35.45721811
35.47282056
35.48203066
35.50562997
35.56386004
35.58092489
35.58940064
35.59938367
35.60191696
35.62696272
35.63670089
35.64054155
35.65464977
35.69562316
35.71462016
35.73709465
35.75272016
35.75470285
35.78128684
35.79611262
35.84088639
35.87051248
35.90325343
35.91284850
35.92869805
35.94586427
35.98942599
35.99184351
36.00181638
36.05573405
36.10843514
36.11315473
36.17391267
36.22926243
36.25980936
36.29633377
36.30117348
36.38916931
36.40406641
36.40874704
36.41299375
36.53016189
36.64078458
36.69533859
36.71588076
36.72070341
36.77263901
36.78933046
36.83871188
36.83972768
36.84588742
36.88900373
36.89424300
36.89987876
36.90065033
36.95442442
36.98245907
37.00527390
37.01219616
37.04354532
37.12189234
37.17003468
37.17485397
37.19997821
37.23519971
37.23660512
37.30182743
37.37896426
37.38558454
37.39762117
37.40337675
37.40470154
37.42496223
37.49589857
37.54747882
37.72740587
37.74089460
37.75206972
37.75697524
37.77994503
37.81522072
37.83253253
37.86196625
37.88006264
37.94726496
37.98342418
37.99544407
38.01552983
38.05072669
38.11296394
38.17314828
38.19299034
38.23249505
38.32487088
38.33198915
38.40474737
38.41247054
38.42341774
38.43479869
38.44962327
38.46036982
38.46776478
38.50944027
38.64234138
38.68408831
38.70759700
38.71127455
38.74537973
38.78336239
38.85601726
38.94109164
38.94351418
38.99325786
39.03506570
39.07263983
39.08287530
39.13716947
39.14369589
39.20797911
39.23849725
39.26059726
39.26998204
39.28975646
39.29253830
39.30216438
39.33193594
39.38476439
39.39121980
39.40031151
39.40526826
39.43975210
39.47256904
39.47661667
39.50562177
39.50680736
39.53181329
39.53877828
39.54533115
39.62893568
39.64141393
39.80141496
39.89924053
39.90702772
39.92204670
39.94064395
39.94958887
39.96277646
39.98994271
40.01317015
40.03254352
40.05509715
40.13044541
40.13096372
40.16133014
40.17423512
40.20238293
40.27065552
40.28761502
40.31624541
40.36248704
40.36838872
40.38140736
40.39514623
40.39998948
40.41439646
40.46876236
40.49081528
40.50181474
40.51795451
40.57563347
40.58393540
40.61327273
40.62146824
40.69021497
40.69991334
40.70258118
40.71881455
40.73203831
40.79708300
40.80480900
40.87374112
40.89783848
40.99613992
41.10610809
41.11027148
41.17579614
41.27984973
41.31882021
41.35607610
41.37190648
41.42618604
41.43419519
41.45364572
41.48144607
41.50060949
41.51189417
41.52592206
41.53799067
41.53830835
41.56618283
41.59249026
41.60123541
41.61238354
41.63605175
41.64265461
41.64502438
41.68165251
41.69761453
41.72596002
41.73947514
41.74296839
41.75068752
41.75509745
41.79393689
41.81114863
41.87161086
41.88755891
41.89687026
41.93271453
41.93726849
41.98806729
42.00254472
42.02301534
42.15448730
42.16644383
42.22252157
42.23281684
42.26373590
42.30005022
42.30512180
42.30975905
42.32585476
42.33705279
42.37130957
42.38135696
42.38481118
42.45047271
42.47168693
42.47528137
42.50069002
42.53700562
42.55866485
42.57068219
42.58817089
42.62744765
42.65430207
42.70497265
42.71853255
42.75045072
42.76552988
42.77810907
42.79522118
42.80125624
42.80927344
42.83082092
42.84510788
42.90860473
42.91035736
42.93543750
42.95580207
42.99947597
43.01744996
43.04726527
43.06669030
43.08413236
43.09741157
43.19455895
43.21822143
43.24293673
43.25377143
43.25902534
43.26728374
43.28588622
43.29780543
43.37297360
43.49672518
43.53435189
43.54379188
43.64660177
43.65892988
43.69447140
43.69495661
43.70770834
43.72209270
43.73631094
43.76447822
43.77223957
43.77828092
43.78576684
43.82102952
43.83470477
43.85735160
43.86229185
43.91428335
43.97437673
43.99015389
44.01107119
44.04129489
44.09716053
44.13168054
44.15883933
44.21303104
44.21748995
44.21990989
44.23222578
44.23780177
44.24711239
44.29186645
44.36609893
44.39879267
44.54397576
44.58182669
44.69297793
44.72202376
44.79007745
44.79151696
44.80950096
44.85475529
44.85685531
44.86862058
44.92288336
44.94157826
44.94343280
44.97487117
44.98080585
45.05196783
45.05551206
45.09649922
45.13828946
45.16477932
45.23104430
45.25750289
45.26691267
45.26956991
45.32013325
45.43710610
45.58364723
45.58803022
45.61262965
45.63306335
45.64218583
45.69325966
45.71420209
45.73117773
45.75048655
45.77948426
45.83518687
45.83744611
45.84942589
45.94282375
45.99970529
46.00004771
46.03515479
46.16768565
46.20713541
46.22856988
46.31640956
46.31751734
46.40666882
46.42057451
46.44447271
46.44995478
46.46908371
46.53300816
46.55567890
46.56005175
46.60641293
46.64348873
46.66067065
46.68862814
46.68939293
46.69593445
46.77826803
46.85012066
46.85187925
46.86979497
46.88442196
46.89896392
46.90141778
46.92553964
46.92709700
46.93525679
46.99877626
47.00401248
47.03638841
47.08385869
47.13355890
47.13458581
47.13677087
47.14089126
47.14447816
47.15373973
47.17170750
47.23724036
47.24113121
47.26408609
47.27647624
47.28116294
47.30711745
47.33275354
47.34112633
47.38379344
47.40750173
47.41939498
47.44354813
47.44768671
47.46812437
47.47279575
47.47578770
47.48239785
47.50135184
47.54544348
47.58003428
47.60329873
47.65328634
47.65336539
47.66491499
47.69309568
47.75447559
47.77099200
47.83921357
47.84212967
47.84368077
47.87792083
47.89640217
47.90261683
47.90350254
47.90891762
47.94366924
47.99414678
48.03129354
48.03410491
48.07510072
48.09130679
48.09549106
48.13363919
48.15178140
48.16798663
48.18166131
48.25581333
48.29044247
48.29262084
48.33612199
48.36038509
48.46765067
48.47692502
48.48987536
48.49358470
48.52571542
48.56095479
48.56482366
48.57736076
48.58107851
48.58562080
48.58606907
48.59687526
48.62170617
48.63950366
48.64890911
48.66006237
48.70005934
48.72748471
48.73425403
48.79186099
48.82178110
48.84625683
48.85352714
48.89041411
48.92595552
48.96549825
48.97190522
49.01166593
49.01196093
49.07270629
49.10777532
49.13973477
49.18954310
49.25160952
49.29053095
49.40547508
49.41717558
49.44053877
49.45376647
49.48534113
49.48555157
49.49264769
49.52774144
49.55050582
49.55838453
49.55925218
49.57779522
49.58182520
49.58273397
49.61039181
49.63090095
49.66630143
49.67953562
49.70844297
49.71803681
49.73477531
49.74022341
49.77679924
49.82752748
49.83429273
49.83657864
49.86254260
49.88820622
49.91224265
49.93973438
50.02412384
50.02612480
50.07700250
50.07733430
50.08749718
50.10630711
50.13779320
50.23018734
50.27017652
50.30534684
50.34270263
50.40878249
50.41312764
50.44067010
50.44728895
50.46032929
50.51561795
50.57132793
50.61491894
50.61581850
50.63110889
50.65528201
50.65607116
50.65756060
50.67324593
50.68260390
50.69896320
50.75298548
50.77221003
50.77593654
50.82904477
50.86144282
50.88140390
50.92932554
50.93286505
50.93923514
50.95160183
51.03625231
51.08737565
51.17341338
51.21039475
51.21545921
51.22505809
51.31019520
51.31239965
51.32259949
51.34178761
51.35378904
51.44616995
51.48006592
51.50250483
51.57557431
51.58462625
51.65753705
51.66071674
51.67383409
51.68631185
51.74472063
51.77739260
51.83922099
51.88570984
51.89348002
51.95626038
51.96569857
51.97430110
52.00301456
52.01708547
52.02156912
52.03131716
52.07182662
52.07473152
52.10993102
52.12039355
52.15930955
52.19552691
52.21641470
52.22169943
52.24341006
52.28438349
52.32191058
52.41878669
52.43165707
52.46215993
52.46639046
52.47600040
52.51224929
52.51689289
52.54192611
52.54612899
52.55244019
52.58555336
52.64578066
52.65369866
52.66738884
52.78068666
52.80757362
52.81944671
52.83842655
52.84325706
52.84518500
52.84737995
52.88774079
52.98523654
53.05102458
53.09681434
53.10613200
53.12198971
53.12199392
53.19203789
53.20206836
53.20396074
53.21019066
53.21983423
53.24446391
53.26139280
53.31171383
53.40478351
53.40725902
53.41354013
53.48656781
53.48765552
53.56670964
53.65429004
53.66317847
53.69642214
53.69819668
53.70643443
53.70840276
53.71881422
53.77541432
53.79308964
53.80358072
53.84090424
53.84861770
53.85834583
53.86528272
53.86893277
53.88690473
53.95744652
53.97824182
54.02516428
54.11053174
54.11060083
54.12056281
54.13998886
54.17842019
54.37241531
54.38965471
54.41357774
54.42073581
54.43120157
54.49513730
54.52486821
54.52939785
54.54665107
54.57335161
54.61122691
54.61702611
54.62351760
54.69069501
54.70584644
54.70682291
54.70890600
54.73925809
54.75044454
54.79072955
54.80559249
54.80923846
54.83245682
54.83581781
54.84536924
54.87241121
54.88275177
54.91739075
54.91771256
54.97047004
54.99396970
55.04812695
55.08594725
55.09451037
55.11995425
55.12462165
55.14655162
55.17801316
55.19646645
55.23204588
55.25129746
55.26141875
55.29526055
55.30621008
55.33578121
55.38026958
55.38566584
55.40310205
55.42760892
55.47111806
55.51025235
55.54295843
55.54783165
55.55150493
55.56674282
55.57884968
55.60451445
55.61291810
55.63954769
55.66026248
55.71261203
55.83827191
55.86720573
55.87346894
55.91168023
55.94164350
55.96062140
55.97117807
56.03602149
56.14431397
56.16042038
56.19787670
56.24444489
56.27054206
56.29320235
56.30720226
56.38774604
56.41372720
56.42128316
56.42644213
56.43313152
56.44927815
56.46388530
56.46912791
56.47568936
56.50448975
56.50587566
56.50816731
56.51118502
56.57950769
56.58036169
56.58738850
56.60337215
56.61134471
56.63750424
56.67699320
56.69699525
56.69739483
56.73921203
56.76303204
56.80956011
56.84106406
56.85229443
56.85366483
56.90064121
56.91122310
56.95823013
57.01133752
57.02543951
57.04922806
57.14624668
57.17583379
57.22546500
57.22764500
57.26321905
57.27179458
57.28730469
57.33629923
57.35480172
57.40270684
57.42093931
57.42648785
57.43419044
57.46089523
57.46949255
57.47018634
57.51606886
57.52824424
57.54209173
57.58055832
57.58583986
57.64801991
57.65057804
57.68110323
57.68163519
57.72435140
57.77429647
57.80080716
57.82869257
57.84320901
57.95093563
58.01670794
58.06057804
58.07246990
58.13399529
58.16132017
58.20774141
58.21419048
58.21619229
58.24180237
58.24692503
58.32610187
58.33568110
58.38722230
58.40513465
58.47001847
58.48720343
58.55208573
58.66976613
58.72220084
58.74832548
58.76043512
58.78064752
58.82064886
58.82577375
58.84420954
58.89927345
58.90870696
58.97118315
59.00706227
59.09546273
59.13679266
59.15472841
59.22721693
59.23865713
59.29242874
59.33697332
59.37410526
59.38189192
59.39346727
59.41875633
59.42789181
59.43360233
59.50699930
59.54243742
59.54710124
59.60140783
59.62825299
59.64185447
59.66963452
59.71020289
59.71119727
59.75682279
59.86687560
59.88182984
59.89313307
59.92573434
59.97223191
59.97695450
59.98358074
60.00771949
60.02535999
60.03541104
60.12060627
60.17234367
60.18177273
60.18346191
60.19106598
60.19374950
60.19410443
60.22159974
60.24462418
60.27071406
60.30685009
60.36612992
60.37922387
60.38315829
60.45039220
60.45684973
60.46823179
60.47515875
60.49743346
60.50274141
60.50428993
60.53588111
60.55240634
60.59372336
60.66968327
60.71972992
60.73509525
60.73618961
60.76454155
60.82940173
60.85076049
60.85090210
60.92695102
61.00350673
61.02322160
61.02659641
61.03421477
61.05758984
61.09932640
61.14100093
61.16005811
61.16212075
61.20459422
61.20854704
61.23062644
61.26910638
61.27990944
61.30160601
61.33645712
61.33668709
61.33837998
61.34021810
61.39234988
61.40883610
61.41806198
61.42980978
61.45871804
61.51213157
61.54553989
61.63070928
61.70137544
61.70822163
61.74713969
61.75252536
61.81866976
61.82264900
61.83197249
61.84457595
61.85185180
61.86713637
61.87160471
61.88284064
61.91359139
61.95435736
61.96212470
61.97519368
62.00509845
124.00000000
