0.02321207
0.02323946
0.07634214
0.09985815
0.17048298
0.22826955
0.24250386
0.25147626
0.26592250
0.27216959
0.29741795
0.32504346
0.33395042
0.33532777
0.34064434
0.34130119
0.34473441
0.37650071
0.39562009
0.43948348
0.44078848
0.44640829
0.47138499
0.51393427
0.54652625
0.62438565
0.63349645
0.66818099
0.66890598
0.66980087
0.68930929
0.69111703
0.71019518
0.74823515
0.80756145
0.81612248
0.81754063
0.83090103
0.83817959
0.85559934
0.87650780
0.88304978
0.90585599
0.91742045
0.94746553
0.97083429
0.97440807
0.98918391
1.00037611
1.01872860
1.03072835
1.05116570
1.06817593
1.09124055
1.10036731
1.17361628
1.20591206
1.25496914
1.30739137
1.35971666
1.36754561
1.42828960
1.43702087
1.47721192
1.48130597
1.48532103
1.50856583
1.51897737
1.55841531
1.63192358
1.69303236
1.69324254
1.75719121
1.86200702
1.90736716
1.92918355
1.93773130
2.02088933
2.07313688
2.10908554
2.13132313
2.16464761
2.17029908
2.17372460
2.18896421
2.22944927
2.23331124
2.23490008
2.24192984
2.25594640
2.27735441
2.29337509
2.29586364
2.31492632
2.35522171
2.40090051
2.41576213
2.46049111
2.46781468
2.49044761
2.52217873
2.52434522
2.54547384
2.56155820
2.56433974
2.60671271
2.63128722
2.64189615
2.69390114
2.70456320
2.71324732
2.80604919
2.85831043
2.90230520
2.93828939
2.95659613
3.00183124
3.05269497
3.05864996
3.07498840
3.07693381
3.08001136
3.11341887
3.12575723
3.13221099
3.13262850
3.22768342
3.24868892
3.29055722
3.30344012
3.32363163
3.38291146
3.40147718
3.44929579
3.46419304
3.47271420
3.47861113
3.48172415
3.48336385
3.48641507
3.48664720
3.50757583
3.56244146
3.67897140
3.68356546
3.69480861
3.70570454
3.71091937
3.71612201
3.73072283
3.75487445
3.76256068
3.77314200
3.78944954
3.82124065
3.83912466
3.85177008
3.85288795
3.86451283
3.89712826
3.95261034
3.96137264
3.99761227
4.01585526
4.07484576
4.10281616
4.19077504
4.26102853
4.27786869
4.34285187
4.36693380
4.37637619
4.38727769
4.41459367
4.42700467
4.42917064
4.49197628
4.52030955
4.53046939
4.55860763
4.83855095
4.84252862
4.86724582
4.98757858
5.02471819
5.02652382
5.04559948
5.05623150
5.07602553
5.08872454
5.10081364
5.13594578
5.14841003
5.21137340
5.27947005
5.30230289
5.30372845
5.33086970
5.36108283
5.36844108
5.45433018
5.46592084
5.47642543
5.49636307
5.49931895
5.54820926
5.56100764
5.57918546
5.59225215
5.67092097
5.71974733
5.77700457
5.81589535
5.86005611
5.90616430
5.92924772
5.95773573
5.97973165
5.99729238
6.03867991
6.05449034
6.09398819
6.09784179
6.10465043
6.13571898
6.17992449
6.22715097
6.24803515
6.34081630
6.36135138
6.42123412
6.43184754
6.48092481
6.49244706
6.50077845
6.50105360
6.51115732
6.54742111
6.57544892
6.72645858
6.74868674
6.77445991
6.81496614
6.85303817
6.87531487
6.94330151
6.96394348
6.97078280
6.97683126
7.00591677
7.06245885
7.14794461
7.16854848
7.17709021
7.17849327
7.22856367
7.25858296
7.26638430
7.30496781
7.33488259
7.44999481
7.46961971
7.50374935
7.51814199
7.53748747
7.53827504
7.60715034
7.67976744
7.68275755
7.68665371
7.70778739
7.72363388
7.73206701
7.74100891
7.77611788
7.90867189
7.93211224
7.94310894
7.99187443
8.05189735
8.12111251
8.13723063
8.15211365
8.15707764
8.18802511
8.19301810
8.21258066
8.21589106
8.21732913
8.22633277
8.22958241
8.23356593
8.25473758
8.26649087
8.30565056
8.33127294
8.35445569
8.39976033
8.41666171
8.44994580
8.45471853
8.48553653
8.49081671
8.49877455
8.49953528
8.59913785
8.60656447
8.61271279
8.62733727
8.63684186
8.63733905
8.69325714
8.70903083
8.72695147
8.73150539
8.74344891
8.76206694
8.77248663
8.80646455
8.81426313
8.81691258
8.81932642
8.82079963
8.84329274
8.86809965
8.90669850
8.92178578
8.93038344
8.93567911
9.00983141
9.08469339
9.15093406
9.20367482
9.20449321
9.21336407
9.24400700
9.25244465
9.29371182
9.29956883
9.38102673
9.42053788
9.51411722
9.57884662
9.59122987
9.60587974
9.65761487
9.65869892
9.70934152
9.71230884
9.71750601
9.71897308
9.72180324
9.74442945
9.76898267
9.77780610
9.78471721
9.79940519
9.89107682
9.90000645
9.96705276
9.98340027
9.99530267
9.99801700
10.05174856
10.07050277
10.08434979
10.12678780
10.13837107
10.13954166
10.15243644
10.16154077
10.19247981
10.21188212
10.21690148
10.21832925
10.28129584
10.29350013
10.32124036
10.33463643
10.33578933
10.42198681
10.43830780
10.45163806
10.45596983
10.51568673
10.54147062
10.59274060
10.59533832
10.61710975
10.66033729
10.71284049
10.72096501
10.76224195
10.78195682
10.79366707
10.81405374
10.82833124
10.83589118
10.85283994
10.86912463
10.88562787
10.99269085
11.00752081
11.06937947
11.07219412
11.11943069
11.12661199
11.19345804
11.22964354
11.23063765
11.31368145
11.33290387
11.37415658
11.39535803
11.46071387
11.50277689
11.51259231
11.55354992
11.58679864
11.58802666
11.61407577
11.61605574
11.63884354
11.64474939
11.72140152
11.74801448
11.77113292
11.84501413
11.86733658
11.89511870
11.90033144
11.93447521
11.93973813
11.94540874
12.03650658
12.09939994
12.12318577
12.13206347
12.14416890
12.26784614
12.28019344
12.32409878
12.33631768
12.42011063
12.45047666
12.46193395
12.48323270
12.49610805
12.65171023
12.70250247
12.70438034
12.72930643
12.77057799
12.77978265
12.80857411
12.81102543
12.81369957
12.89793437
12.90314787
12.92121833
12.94349557
12.98547751
13.01604590
13.02084023
13.02855433
13.03125716
13.04824452
13.08120098
13.13197476
13.15117639
13.22757584
13.23057953
13.26966027
13.35504787
13.37016129
13.37698020
13.39744849
13.40851380
13.41995853
13.43879067
13.45259606
13.45489755
13.45751235
13.49815267
13.50974349
13.52792838
13.52998958
13.61334536
13.62317617
13.62509312
13.64249706
13.64733587
13.68098588
13.73970820
13.75463714
13.78481349
13.79555182
13.79627412
13.83606867
13.84355820
13.84987812
13.91844787
13.93618974
13.94421587
13.98434466
13.98686470
13.99385522
14.05742058
14.08389145
14.11378417
14.11754857
14.13374045
14.14515692
14.17166451
14.22042474
14.22606498
14.27336833
14.28159114
14.29508768
14.30189305
14.38957279
14.40532643
14.40786863
14.41740444
14.43224018
14.44348611
14.45432786
14.45828237
14.49436303
14.51690122
14.52903568
14.56541537
14.57041297
14.57506211
14.58664342
14.63955948
14.66420433
14.66519431
14.67834183
14.69253316
14.71527995
14.74488650
14.77770892
14.77914464
14.81303993
14.93102957
14.93466448
14.96718287
14.97448275
15.00405848
15.01686294
15.01697246
15.04500257
15.04620441
15.05768688
15.06609148
15.07380727
15.09843488
15.17093093
15.18123071
15.21484563
15.22363786
15.24157165
15.27619791
15.34560204
15.35477061
15.35645491
15.35654330
15.35854068
15.44999955
15.48726247
15.51909147
15.55774049
15.55909428
15.56446398
15.58606489
15.61435121
15.66101018
15.66626297
15.67787103
15.68913660
15.69011978
15.71566412
15.73817255
15.77376854
15.79561171
15.84224192
15.90998585
15.92420740
15.96417434
16.02157510
16.05120939
16.05526556
16.06320408
16.08639147
16.09095076
16.09224287
16.09972124
16.10830772
16.12367021
16.14108652
16.14763083
16.15105216
16.15422910
16.15605089
16.17688790
16.20085894
16.21989768
16.23798465
16.26724016
16.33198893
16.38838083
16.42847404
16.43749091
16.47425948
16.48449166
16.48646001
16.52875049
16.54774969
16.61486142
16.67589527
16.73571469
16.74122815
16.79716821
16.80266751
16.80528378
16.82010196
16.82381789
16.84689675
16.96128787
16.99023601
16.99776930
17.00444584
17.00531045
17.01572656
17.01970457
17.06781093
17.07205403
17.20253453
17.22703049
17.23785511
17.24669641
17.27741305
17.29927351
17.30564760
17.32812498
17.34045929
17.38648146
17.42128900
17.50707964
17.51027853
17.60231541
17.63379038
17.65916417
17.66303109
17.69297832
17.69822467
17.71480088
17.73578389
17.75282728
17.77933519
17.78545426
17.82586395
17.87394227
17.90045505
17.98715576
17.99156938
17.99653190
18.02362260
18.04016932
18.08205659
18.08709584
18.10181118
18.11022920
18.12260095
18.12965346
18.14870642
18.15561972
18.20124492
18.20133311
18.22378105
18.24911314
18.25561434
18.25981664
18.27861663
18.28380169
18.31684487
18.35265714
18.36764473
18.42536381
18.49317511
18.52565842
18.57126036
18.61225559
18.61248295
18.65364727
18.65370178
18.67543824
18.69398146
18.71492866
18.71589415
18.72679419
18.74388228
18.78937752
18.83713794
18.90480884
18.92391164
18.95126473
18.97470837
19.02816674
19.08920017
19.11512784
19.12035161
19.15647972
19.17138053
19.17828893
19.22384674
19.23450454
19.23999245
19.25196087
19.27805287
19.29242988
19.29632531
19.32957197
19.38250676
19.38747541
19.39889736
19.41203035
19.41862138
19.52278099
19.54059384
19.62854717
19.67195088
19.70930989
19.71371409
19.71399588
19.72544359
19.74519456
19.77306342
19.78597895
19.78791161
19.79762363
19.84684299
19.89432605
19.94331344
19.94494428
19.96982820
20.00016026
20.00096339
20.00296060
20.13761520
20.17145382
20.18240572
20.18252029
20.21737206
20.24923595
20.25907144
20.26446715
20.26601822
20.31122809
20.31224366
20.31867049
20.32620138
20.34385177
20.43455713
20.49665499
20.51430138
20.53322607
20.60964793
20.73230659
20.74265908
20.74816739
20.76214509
20.76235684
20.77298235
20.78509016
20.83319554
20.85284737
20.86836659
20.89994545
20.92455169
20.95781116
20.98387662
20.99294420
21.06943098
21.12138838
21.15059119
21.20783278
21.21411220
21.21996130
21.24982887
21.26196518
21.26702331
21.26801471
21.35016917
21.36938886
21.40078104
21.41050728
21.41266564
21.46525625
21.47062741
21.47278670
21.48529640
21.49149336
21.49168236
21.53309808
21.54295203
21.58907842
21.60139921
21.60839526
21.60882071
21.65103315
21.65160423
21.74062569
21.75579854
21.76669447
21.76993066
21.81075434
21.87787260
21.88155414
21.94352859
21.94816423
21.95001327
21.95182829
21.96815135
21.98162443
22.01102042
22.01342471
22.02980803
22.11651295
22.12084180
22.25132718
22.27123239
22.27448141
22.28758330
22.31396502
22.34451374
22.34606262
22.38906793
22.39533860
22.39974497
22.45177061
22.47534858
22.48994108
22.49239858
22.51578703
22.55563891
22.55573624
22.56576298
22.56995525
22.59672423
22.61888448
22.65432294
22.66372950
22.67407137
22.70315413
22.72622122
22.74562016
22.74701355
22.85281513
22.85448871
22.91603607
22.94384816
22.95955559
22.98543640
23.00782657
23.06934426
23.13220626
23.13608057
23.15385127
23.16203670
23.17132104
23.23756010
23.25928338
23.30006342
23.31587787
23.37920945
23.39639924
23.45914624
23.47212907
23.53650776
23.56683348
23.56851969
23.61435692
23.71926046
23.88793087
23.89929380
23.94628357
23.94646332
23.95965758
23.97698764
23.98017710
24.00894847
24.01648969
24.02381439
24.03723015
24.06793774
24.07562110
24.09117881
24.12352559
24.12472066
24.17306837
24.17942074
24.18382529
24.18461819
24.22582240
24.24272539
24.27663374
24.28057218
24.31265886
24.33409636
24.40130471
24.43118092
24.43221078
24.45349959
24.46768839
24.48474325
24.49105416
24.51725675
24.52228078
24.59952176
24.68784928
24.70469648
24.71641365
24.73067076
24.73535664
24.77615287
24.80856962
24.82149151
24.82473933
24.85236000
24.91671060
24.93595701
24.95919465
25.01219758
25.02374773
25.06886835
25.08744715
25.14685977
25.16409912
25.20113462
25.23201837
25.34675847
25.36539551
25.36772779
25.39147201
25.45395330
25.47100646
25.48499334
25.49436227
25.53513034
25.59441268
25.68312107
25.68642408
25.68831552
25.73839721
25.73870272
25.77266508
25.78669704
25.79783371
25.80433218
25.80857180
25.87323988
25.89801901
25.91959479
25.92931426
25.93697729
25.95739567
25.95946042
25.98182092
26.02860380
26.04541703
26.09524981
26.09593278
26.14559941
26.17309444
26.18279766
26.20989627
26.21856409
26.22407996
26.23497086
26.24310612
26.26190741
26.28083849
26.29847390
26.32874182
26.36482489
26.37848814
26.39797480
26.40506817
26.43072467
26.46857536
26.47431462
26.51813452
26.54536100
26.55272862
26.56723696
26.57032169
26.57737024
26.58878159
26.61239548
26.65431214
26.65982602
26.66958473
26.70990334
26.75076416
26.79389023
26.83164748
26.89565900
26.92008260
26.96234106
27.02636069
27.13105073
27.17112994
27.20449080
27.21471321
27.25741981
27.42614447
27.48717839
27.56734021
27.56740867
27.57011673
27.58002351
27.58559747
27.60705783
27.60970307
27.61121400
27.62619247
27.63112369
27.66325719
27.66892793
27.67224220
27.68030248
27.73409761
27.76957457
27.81021383
27.81515085
27.82010304
27.83929910
27.86153962
27.87528717
27.88905518
27.91089778
27.92632484
27.93756290
27.94752673
27.95778186
27.95783612
27.96856180
27.97052117
28.01734639
28.05314506
28.06824234
28.14957052
28.15292414
28.16724008
28.17630222
28.18946273
28.22346310
28.26422943
28.29882200
28.35417495
28.37048304
28.37462211
28.45306787
28.52085056
28.52334862
28.53190464
28.56207157
28.56277656
28.56648852
28.64554576
28.66476849
28.71839636
28.77098745
28.81463712
28.82358238
28.91456716
28.92465727
28.92529066
28.93757442
28.93815286
28.97399645
28.97524565
29.00760634
29.01342022
29.03015624
29.04612350
29.06100293
29.08333517
29.10316430
29.12178015
29.13711928
29.14171558
29.14713594
29.15235124
29.16943979
29.18368833
29.24479686
29.28660219
29.33897421
29.40479280
29.41694523
29.43982443
29.44186099
29.49663598
29.51673385
29.53512259
29.58357236
29.61574278
29.67664058
29.70352564
29.70605370
29.74283828
29.76949002
29.77222848
29.77690959
29.80044803
29.81623095
29.84207148
29.84261390
29.87869127
29.90982482
29.91517109
29.94055098
29.96153635
30.03226527
30.08766034
30.12295215
30.23212018
30.26644276
30.27378950
30.28091467
30.29333861
30.30029512
30.30646914
30.33103304
30.33352190
30.34785148
30.36605114
30.36974568
30.37875866
30.41183805
30.41718542
30.43655108
30.44680226
30.45430360
30.48869843
30.55816685
30.65741311
30.67470415
30.67887368
30.71451674
30.72955068
30.75872017
30.78698224
30.78852406
30.79153538
30.81815199
30.83650240
30.83901746
30.85505354
30.87778618
30.90473361
30.92001967
30.92500250
30.94511781
30.94693985
30.98858235
31.06068413
31.07164423
31.08905150
31.12007572
31.22296964
31.23795340
31.25778452
31.26129824
31.27507835
31.28859318
31.31099931
31.32821529
31.36649102
31.37026890
31.39973504
31.40803769
31.41481035
31.50365960
31.50808026
31.53248895
31.55781992
31.59089759
31.59217442
31.71706519
31.73691224
31.77226180
31.84692436
31.86212051
31.87519094
31.90209505
31.93693507
31.95128431
31.95572175
31.98253334
32.01527191
32.02915137
32.03643868
32.12163724
32.12732917
32.16492583
32.19926583
32.20100479
32.24115386
32.30778128
32.31169454
32.31368456
32.37994247
32.43842375
32.45555332
32.51147854
32.53871770
32.56766892
32.64293943
32.69067464
32.71819785
32.72138807
32.76568608
32.78867282
32.79275702
32.83311907
32.84666143
32.90190692
32.91808700
32.97641898
32.98208623
33.01180767
33.02335796
33.02644094
33.07347537
33.10903199
33.13303558
33.16187621
33.16264039
33.18098767
33.18131265
33.18314261
33.18836663
33.19206260
33.20651835
33.26707164
33.38155761
33.39916300
33.43937728
33.47241266
33.47515109
33.53019828
33.53515989
33.54890701
33.57246980
33.57507022
33.60895770
33.63497824
33.63547594
33.65310076
33.69585076
33.69667699
33.70915224
33.72277436
33.77343287
33.81162399
33.85138866
33.89187546
33.90267307
33.92223149
33.94173998
34.00520313
34.07969386
34.08086837
34.10391873
34.10916374
34.14813692
34.16056103
34.16529371
34.17391223
34.18613724
34.20560637
34.21440964
34.23067254
34.24867725
34.26818358
34.29921880
34.34973144
34.36786617
34.39196458
34.39279506
34.40382340
34.42264344
34.42892732
34.44426907
34.47331395
34.47405229
34.53338925
34.55143981
34.57753688
34.60644335
34.63817769
34.66071007
34.68050908
34.69303744
34.69550856
34.70971045
34.77687712
34.78689171
34.79603359
34.80026508
34.82206836
34.84989075
34.85656670
34.88032615
34.88278196
34.88862010
34.92936968
34.95243825
34.96058485
35.00514048
35.04075846
35.06898601
35.07542194
35.10691812
35.12816934
35.16192627
35.18785150
35.19389711
35.20193418
35.20893857
35.23596706
35.25298987
35.28510400
35.30799233
35.33102812
35.35145779
35.38498148
35.40240096
35.41780654
35.46762238
35.51446298
35.54866089
35.55838933
35.60143994
35.61635508
35.62061808
35.62822997
35.65757501
35.66840014
35.67086994
35.80782939
35.85230401
35.90230621
35.93508492
35.97972919
35.99175426
36.00998637
36.01114068
36.01704992
36.10411584
36.13721089
36.15869698
36.20542677
36.30676022
36.34136111
36.34887048
36.36342119
36.36675441
36.38181357
36.39580624
36.40130213
36.40440545
36.40874704
36.44427841
36.48770390
36.51526694
36.57112402
36.58199775
36.69203288
36.70260193
36.77245022
36.88256338
36.90265198
36.91403830
36.92690085
36.93317830
36.93706418
36.95463447
36.96363418
36.97056852
36.97170300
36.97500013
36.98245907
37.04480007
37.09556667
37.17076136
37.17287143
37.21272622
37.26009537
37.31181314
37.34434426
37.36268078
37.36342870
37.51231640
37.52137682
37.54607771
37.56141032
37.59891793
37.60161996
37.63522719
37.69715252
37.72176845
37.73140847
37.74422087
37.79248379
37.87076428
37.87839581
37.94211963
37.95156758
38.00558422
38.05417682
38.06136450
38.08236219
38.17931832
38.21134207
38.22554358
38.22982381
38.24961700
38.33043739
38.41954172
38.42266986
38.45350448
38.46348767
38.46870479
38.48267535
38.63409541
38.66137303
38.67072252
38.67790360
38.67888864
38.69701290
38.71899745
38.73378304
38.74123114
38.74816489
38.78013213
38.79965716
38.80224097
38.80875076
38.87808913
38.88060154
38.91341317
38.92098626
38.98721135
39.01528112
39.03255866
39.09932005
39.10064801
39.11437327
39.13938867
39.18192261
39.23511767
39.24024300
39.24726779
39.24793768
39.25295090
39.26654485
39.28497792
39.28975646
39.32373436
39.32986917
39.34730258
39.39985294
39.41426275
39.52914635
39.53845580
39.55497084
39.55803982
39.56062572
39.57309367
39.57978106
39.60314510
39.65590589
39.65597826
39.65614750
39.70157892
39.80528493
39.86190799
39.96040862
40.01675164
40.02682583
40.11908651
40.18314052
40.22687864
40.25062358
40.36570864
40.37515247
40.40886694
40.46876236
40.51223961
40.52180898
40.53759872
40.60906364
40.66603093
40.67585646
40.68343929
40.70154216
40.70936511
40.74008493
40.78147502
40.79522019
40.82647044
40.83889933
40.84527563
40.86767900
40.91006361
40.94354304
41.00180705
41.07713290
41.12321847
41.12373355
41.16927787
41.22155170
41.22336146
41.27598612
41.31761874
41.31834162
41.33173890
41.33316505
41.39570037
41.40295327
41.40382777
41.40570265
41.41003907
41.45185065
41.47570013
41.47894644
41.49383196
41.57868992
41.59100347
41.70705933
41.71385654
41.74651055
41.76842519
41.84999396
41.85549876
41.87831675
41.88827594
41.98211888
41.98249472
42.00078253
42.02768445
42.04527686
42.04542612
42.07337608
42.10150143
42.17412874
42.18981504
42.20622720
42.22335640
42.23001336
42.23361897
42.24907595
42.27465247
42.27669905
42.39139340
42.39382516
42.48642608
42.50049988
42.52718274
42.54330061
42.56099719
42.64175869
42.67914098
42.79158473
42.80252316
42.80591347
42.92256458
42.93174116
43.00347438
43.11994043
43.13477848
43.13480176
43.13956823
43.17937008
43.26454255
43.28751341
43.31772171
43.32648208
43.34447457
43.34505680
43.38894699
43.44275487
43.55383021
43.59001997
43.61084342
43.61369300
43.66740878
43.69635108
43.70413057
43.73190678
43.75468463
43.77417923
43.79273648
43.79657908
43.84279880
43.84314596
43.86805041
43.88549747
43.90908367
43.92220900
43.93985620
43.94148714
43.95865849
43.97770688
44.00075485
44.00615656
44.05757491
44.08190744
44.08324750
44.11537990
44.11648969
44.12246105
44.13605372
44.14436214
44.17506141
44.17916357
44.20070642
44.21909206
44.23780177
44.25353364
44.25777561
44.31723743
44.35132042
44.35410960
44.38401187
44.46331360
44.49669138
44.53810385
44.55806946
44.56652638
44.58888691
44.66488579
44.70809960
44.72202376
44.73856314
44.75867718
44.76073538
44.77463416
44.84004330
44.85474164
44.90080901
44.92978006
44.96496975
45.08291543
45.15062762
45.15545814
45.20763677
45.28838215
45.34553340
45.39763460
45.40558073
45.42299767
45.43898892
45.52486685
45.69615689
45.83218045
45.92119380
45.94722909
45.96241287
45.96544135
45.97270688
45.97668034
46.00120616
46.05324619
46.10216840
46.11110943
46.12622226
46.16384425
46.22463909
46.31340254
46.31471081
46.33605809
46.36709897
46.37643923
46.51076976
46.52276940
46.53114440
46.61247456
46.61469180
46.62072991
46.66168858
46.66448337
46.72844784
46.76404691
46.78633974
46.78636917
46.91017710
46.91505038
46.92841848
46.93199952
46.97652263
46.97665150
47.04871836
47.06361901
47.07439318
47.08874152
47.13495182
47.13941894
47.22467093
47.24347147
47.26096789
47.26897666
47.27319946
47.28116294
47.28639759
47.30869672
47.31392133
47.31653778
47.33427688
47.34051862
47.36646388
47.40566025
47.43224731
47.45304791
47.45639959
47.47664115
47.49767879
47.49769922
47.49935270
47.52776385
47.55896495
47.62870951
47.64397186
47.72320773
47.72596480
47.74377581
47.79489108
47.79607255
47.84347895
47.86877864
47.88516391
47.88613175
47.91081049
47.91382230
47.95647951
47.97782025
47.98265338
48.00323626
48.01180969
48.02582477
48.06462204
48.07960697
48.09376926
48.12225081
48.12965182
48.14084982
48.21610865
48.25974328
48.29296385
48.30132218
48.30849139
48.33885521
48.35854890
48.39400818
48.41561149
48.41733248
48.45107080
48.46749042
48.47517612
48.50961033
48.52571542
48.56254246
48.57723864
48.59201386
48.61802758
48.63211858
48.64326040
48.70124830
48.70416611
48.74599675
48.79122689
48.79398536
48.79683606
48.80252515
48.83831995
48.83959708
48.89911722
48.91301761
48.91532413
48.92219383
48.92311520
48.98896567
49.02006745
49.04745946
49.13092341
49.14200235
49.14919443
49.17307150
49.21885635
49.32094141
49.32426517
49.40957372
49.42870409
49.45905189
49.54791526
49.55497076
49.56725430
49.58182520
49.58975885
49.64402743
49.69958753
49.71435436
49.71928819
49.72280475
49.72568348
49.89246895
49.93344844
49.94829555
49.96187590
49.97555023
49.97796359
50.00256601
50.01126080
50.03652593
50.07634993
50.09349118
50.09355088
50.10209960
50.10527472
50.24314427
50.27300065
50.29289412
50.30546942
50.32619115
50.37764897
50.39301547
50.41915113
50.42156001
50.45217006
50.61821742
50.62337844
50.63557180
50.67008622
50.68009600
50.68450209
50.68775301
50.70539336
50.71390945
50.74575621
50.79275776
50.79423720
50.85372234
50.86217295
50.88048893
50.92752074
50.93709891
50.99893000
51.06690714
51.13285166
51.13310952
51.15069264
51.16665422
51.18231717
51.18538001
51.24432653
51.30615000
51.33683530
51.36518823
51.40609294
51.42512669
51.42694847
51.47383541
51.48958691
51.50028199
51.51464233
51.52023361
51.56127518
51.56223535
51.56851207
51.62394472
51.63504403
51.65146733
51.68669821
51.71736763
51.74073461
51.76202519
51.81718207
51.85992814
51.87678058
51.93411222
51.93478871
51.93741122
51.93862901
51.94886354
51.99016364
52.07533294
52.09387287
52.10514610
52.10660174
52.20370793
52.23466145
52.25010528
52.34003796
52.36018965
52.40361361
52.42499329
52.42996238
52.43745671
52.47335189
52.47719965
52.50814232
52.53537494
52.59378326
52.60287459
52.62535316
52.63664119
52.65675281
52.66277896
52.68011174
52.68907396
52.71878133
52.77163225
52.78513529
52.80458136
52.82644742
52.84446192
52.86175665
52.87670128
52.88075417
52.89090640
52.89109220
52.93102107
52.93793658
52.93830666
53.03972794
53.04540030
53.07531123
53.12778288
53.21019066
53.21912133
53.22045096
53.26717850
53.27122749
53.27761115
53.37199552
53.37335772
53.39408798
53.42061841
53.42573057
53.44107652
53.49202951
53.49514655
53.50735308
53.53121897
53.55903936
53.71917545
53.73629797
53.75169165
53.78522450
53.80590884
53.82515860
53.84089421
53.88967816
53.88986214
53.92916273
53.93744804
53.93866962
53.93889332
53.96117744
53.97238162
53.99145845
53.99628964
54.01666922
54.06858108
54.11447944
54.13090717
54.17765711
54.20289041
54.21178632
54.24146130
54.31274648
54.32894696
54.36562296
54.38738781
54.38965471
54.41904310
54.42073581
54.44436688
54.44845160
54.45280402
54.47778794
54.49501980
54.55005552
54.60996027
54.64772682
54.66294058
54.66881579
54.70554174
54.75044454
54.75161179
54.76252798
54.79433176
54.81925454
54.82662850
54.83581781
54.84630133
54.84974596
54.85715802
54.86471075
54.86501676
54.87049384
54.88122558
54.91086183
54.92546724
54.93296604
54.93971676
54.95256003
54.96417551
55.06054406
55.10256114
55.19531719
55.20387760
55.20561314
55.22820312
55.23452859
55.28024752
55.28033376
55.28446964
55.30317084
55.31003583
55.37698230
55.38317702
55.48260864
55.51497821
55.52136783
55.52358424
55.52755798
55.53878070
55.54819876
55.66026248
55.78802871
55.78913578
55.78918153
55.80954935
55.83827191
55.87183015
55.88252011
55.89483498
55.93393870
55.93529192
55.93935381
55.95205313
55.98769957
55.99152325
55.99300707
56.00816837
56.01991376
56.02706823
56.07364017
56.08701948
56.08841541
56.10166765
56.11898627
56.12754905
56.15452421
56.18020519
56.21862389
56.23086483
56.23180167
56.24859845
56.29320235
56.42705546
56.45152345
56.47850536
56.51217022
56.51675578
56.53224417
56.59846860
56.63750424
56.65085366
56.71023917
56.74847890
56.76664437
56.77864026
56.78016315
56.82219501
56.84105361
56.94352541
56.97326404
56.99151503
57.00288028
57.00621373
57.02311935
57.02547221
57.02591074
57.03608469
57.07999640
57.19927730
57.22416286
57.30339289
57.31669382
57.32763985
57.34979467
57.46722831
57.53482216
57.68471761
57.68695202
57.69090225
57.77429647
57.79076358
57.84594983
57.89164387
57.90690316
57.91034695
57.92431018
57.93485950
57.95093563
57.98064855
57.99368691
58.08261441
58.11253764
58.12714445
58.14244997
58.19153573
58.22870853
58.24775186
58.33568110
58.35241034
58.36675969
58.38874371
58.40700412
58.46967136
58.57771985
58.57852567
58.58994319
58.62084531
58.62265300
58.62664876
58.62714775
58.62962683
58.71887946
58.78760758
58.80315993
58.88698690
58.89372838
58.90270569
58.95261737
59.01167718
59.03611429
59.06118489
59.10391106
59.12916331
59.17634532
59.18225605
59.22112501
59.22993071
59.23865713
59.25955084
59.26878859
59.27134790
59.29993943
59.31780850
59.33697332
59.34291765
59.36442290
59.43083434
59.43220056
59.44042944
59.54710124
59.55139370
59.56101973
59.59683041
59.59865992
59.60140783
59.65035028
59.66955989
59.69305437
59.70246435
59.71873205
59.72256019
59.75549777
59.86261786
59.91458910
59.91764354
59.92887634
59.94284523
59.94722539
59.97233264
60.05810411
60.09425643
60.12410729
60.18236749
60.21697722
60.22403309
60.22785840
60.24634501
60.25358455
60.29956458
60.30535447
60.32132978
60.35635845
60.37519227
60.38461623
60.39024507
60.40011917
60.40609175
60.40977980
60.41413883
60.43814244
60.48198524
60.50194197
60.51981887
60.55940108
60.73232129
60.79213729
60.82405243
60.83521962
60.92037862
60.97052893
60.98052601
61.00428984
61.18599448
61.20459422
61.21418928
61.21571960
61.25887974
61.27410407
61.32839982
61.33826395
61.34805729
61.35673106
61.37210858
61.38131846
61.40245086
61.48061434
61.48413907
61.54557050
61.55902067
61.56170358
61.56478452
61.56910556
61.57510217
61.62085900
61.62971474
61.67290250
61.67295478
61.68830839
61.68848724
61.70531197
61.71717295
61.77067021
61.81736633
61.84912082
61.85235434
61.97677964
61.99202491
61.99662455
124.00000000
