0.02323946
0.03143132
0.12789850
0.16413565
0.19780772
0.20587666
0.23205232
0.30342171
0.32607045
0.32973562
0.38405526
0.39076154
0.39793499
0.59609931
0.63051888
0.69400328
0.70031060
0.78488403
0.81368198
0.81851688
0.84039849
0.88145096
1.01914689
1.02921929
1.05538884
1.07537630
1.09633832
1.10105738
1.17185859
1.17225199
1.19552626
1.20153919
1.23818890
1.32072608
1.33782432
1.43011092
1.43463621
1.43857454
1.44057198
1.44441063
1.44710983
1.48480006
1.51623513
1.52233987
1.52797519
1.63267718
1.64025510
1.68836626
1.73005305
1.79873597
1.80996999
1.90011462
1.90439220
2.00369936
2.06276974
2.07756120
2.11499711
2.11703043
2.13605412
2.13607669
2.21193046
2.25273382
2.27748093
2.27899138
2.33170608
2.34810767
2.34938802
2.35378052
2.37702648
2.38599730
2.43165113
2.45001867
2.50962913
2.54741418
2.55101646
2.56433974
2.62694405
2.82968453
2.83260977
2.88509264
2.88912695
2.89768825
2.91064631
2.91209515
2.95659613
3.00299053
3.07906593
3.09951500
3.11741961
3.16650170
3.17370277
3.20127921
3.20289556
3.22390396
3.27659825
3.28184136
3.34658132
3.36130666
3.40084024
3.40143640
3.41953504
3.43118138
3.45313800
3.45342774
3.51494431
3.51702871
3.52838162
3.57962991
3.65704593
3.69377677
3.70099833
3.71075759
3.72559750
3.73072283
3.83532045
3.84429293
3.85786936
3.85815687
3.89105775
3.90766902
3.93473324
3.96437043
3.99239419
4.00759674
4.03252635
4.04405964
4.04753593
4.08364441
4.10246759
4.11665953
4.15984456
4.31187209
4.33025413
4.33044614
4.36645731
4.37293789
4.48465098
4.48659663
4.52011894
4.55265019
4.60198515
4.60346560
4.61177590
4.62507894
4.63303818
4.63951959
4.64357633
4.65139396
4.67109114
4.73633914
4.75094769
4.76151435
4.78178373
4.78925783
4.82238752
4.82627533
4.83466509
4.84539126
4.86900625
4.96954732
4.98757858
5.03282621
5.11584994
5.12791565
5.13594578
5.17980923
5.19306776
5.27457324
5.28935255
5.29083170
5.31497245
5.33891476
5.40086198
5.41249551
5.46797483
5.46948992
5.48643302
5.52467426
5.54567318
5.56641055
5.63140697
5.63715075
5.64431598
5.69124250
5.70678553
5.75175454
5.82925236
5.91448063
6.02518052
6.08419030
6.09054264
6.11304708
6.13731147
6.14086770
6.15293224
6.20594193
6.20934967
6.21660877
6.24167201
6.30707124
6.38982369
6.39764087
6.40291226
6.47542669
6.54325779
6.54411948
6.54950948
6.55671706
6.56943273
6.60454762
6.69392377
6.69448206
6.72822959
6.73966390
6.79222032
6.81587210
6.81987180
6.82230542
6.84590686
6.87991969
6.89721323
6.91163495
6.94096825
6.98450014
7.04913731
7.09605741
7.12618312
7.13471636
7.15758432
7.16150768
7.28177597
7.30056946
7.31046493
7.32764230
7.32841054
7.33900294
7.40002788
7.40933325
7.41576684
7.45726059
7.45856465
7.48175042
7.49125522
7.49144194
7.49148795
7.49386739
7.50146096
7.53748747
7.57409103
7.57625551
7.63378929
7.70821624
7.74100891
7.75696399
7.79462164
7.81193464
7.88275255
7.89198878
7.89458065
7.91910306
7.93137035
7.94274903
7.94290231
7.94310894
8.01156184
8.05189735
8.09706818
8.10135390
8.14997081
8.18690186
8.18802511
8.24270968
8.25185075
8.25737592
8.31071312
8.39378007
8.39825125
8.45325699
8.47817856
8.49304711
8.51513210
8.53717083
8.54739800
8.55923699
8.57131688
8.60975516
8.62011220
8.62420514
8.62516930
8.64289872
8.67884152
8.68212952
8.71317491
8.76206694
8.79025423
8.79225393
8.81349563
8.84902494
8.86196032
8.87758656
8.90782127
8.90875053
8.95876709
8.99871141
9.08014846
9.08041400
9.08694708
9.18957090
9.20589720
9.23580115
9.24258553
9.31559746
9.31651387
9.35498927
9.37841536
9.38255302
9.42914331
9.46965824
9.49277187
9.50372299
9.55443386
9.56191624
9.57736092
9.64973782
9.65033175
9.67439023
9.76773960
9.77320584
9.82530930
9.83146125
9.90232868
9.91484767
9.95145550
10.05591931
10.08365451
10.08434979
10.08610712
10.09362922
10.11123165
10.13249667
10.15103804
10.16778656
10.17612269
10.18177000
10.19247981
10.19770071
10.24451255
10.34763254
10.35023144
10.36274524
10.40556027
10.45561466
10.46821166
10.48101746
10.56407703
10.57095454
10.60925251
10.62253785
10.66033913
10.68253544
10.69198579
10.70518416
10.70607661
10.72740122
10.79050411
10.79957137
10.80528108
10.86123245
10.89805449
10.96824166
10.97740266
11.03406828
11.03844158
11.04052477
11.04271275
11.06771102
11.06885174
11.09021020
11.11908340
11.12639802
11.12661199
11.15729521
11.18319651
11.26874388
11.28194306
11.28378829
11.28821604
11.30441401
11.32794018
11.33303446
11.35989688
11.38819721
11.40592938
11.47309588
11.48548233
11.48770252
11.52739202
11.56386546
11.56531495
11.64551618
11.65254154
11.66451954
11.72291735
11.73322822
11.88693317
11.89205260
11.94335039
11.97103681
11.98538618
12.00347259
12.03089477
12.07479884
12.07682599
12.12318577
12.15921966
12.16623092
12.16713915
12.17147403
12.18579875
12.18748170
12.22783215
12.25082082
12.29700641
12.30580412
12.44731329
12.47727183
12.50255193
12.50313571
12.50755399
12.51811496
12.52694470
12.54105875
12.56229855
12.58916387
12.60605704
12.60736806
12.65171023
12.65728909
12.70114898
12.70624914
12.70972007
12.71397834
12.71640380
12.74163855
12.77317783
12.89199331
12.93268682
12.93461208
12.93729471
13.03326729
13.05116095
13.05516730
13.08632532
13.09124117
13.11331057
13.12605555
13.15117639
13.16021069
13.16112904
13.17985101
13.18481046
13.20125361
13.21198011
13.21665891
13.25065840
13.30588663
13.33852163
13.34355765
13.35027292
13.38576279
13.41925841
13.42944646
13.48353711
13.50179129
13.57346489
13.60217848
13.65703067
13.67172473
13.71351720
13.74865411
13.75468347
13.77676170
13.80329633
13.83090234
13.86329798
13.88145159
13.91074231
13.91709999
13.92111448
13.92634030
13.97390775
13.98505215
14.00254977
14.04240436
14.09362171
14.11402346
14.13514928
14.17618181
14.23252826
14.23349732
14.34314061
14.34730445
14.34966367
14.35230152
14.40779161
14.41167708
14.42130846
14.45896268
14.55553135
14.55583076
14.56851749
14.60647864
14.61441644
14.63080670
14.65109441
14.67897037
14.69253316
14.77914464
14.78353640
14.79717972
14.86300208
14.86767786
14.87152700
14.87840417
14.87946014
14.88446115
14.89121524
14.90150836
14.93098057
14.93102957
14.93372345
14.94160943
14.96921473
14.99729376
15.04620441
15.05313739
15.05412771
15.06454257
15.07853800
15.08994220
15.10520023
15.14912085
15.16901901
15.19648721
15.33926583
15.34999323
15.36000905
15.41880523
15.44663046
15.47002191
15.51041706
15.53432342
15.54243774
15.61581487
15.65549898
15.69750619
15.78122261
15.85642604
15.87916488
15.90934437
15.93578191
15.96727339
15.98200082
16.00011700
16.02757675
16.03996043
16.06455730
16.06776462
16.11552343
16.12367021
16.14404236
16.24157525
16.26935182
16.28536639
16.28958130
16.33381400
16.35838155
16.36925300
16.42990077
16.45026721
16.46117738
16.46174861
16.47940696
16.48393942
16.48646001
16.49980795
16.55524267
16.56398121
16.58746326
16.68937674
16.69398938
16.69803928
16.70396563
16.70998049
16.74418465
16.74715514
16.81511668
16.86208217
16.93583232
16.95152388
17.00257115
17.03018515
17.09009363
17.09186646
17.14384589
17.16198655
17.17717121
17.19987917
17.20253453
17.22149080
17.22431142
17.23284500
17.23387747
17.25384119
17.26128734
17.27439088
17.31914653
17.33325948
17.35978115
17.38518869
17.38583276
17.41598415
17.43859041
17.47644556
17.47752317
17.49407201
17.53217112
17.53695711
17.55670515
17.56691576
17.70944207
17.78228324
17.80926427
17.81178121
17.81180764
17.88702176
17.91247643
17.97539711
18.00971242
18.09618366
18.10925102
18.11905942
18.12276451
18.12888370
18.14003970
18.14387693
18.16819917
18.20373453
18.24217449
18.27595668
18.30486044
18.31754690
18.33653665
18.35287530
18.35420219
18.40257204
18.43144761
18.45443587
18.47167866
18.47826065
18.51371649
18.52809068
18.53037612
18.53752150
18.53779434
18.54332752
18.56565392
18.62752797
18.64672838
18.64910076
18.66723242
18.72762436
18.86258395
18.89009285
18.97749003
19.02283639
19.02816674
19.03270668
19.04914722
19.06638201
19.10626004
19.11994663
19.12203622
19.13818740
19.22478338
19.26846405
19.40318391
19.40686718
19.41148292
19.43214060
19.43980752
19.44092649
19.47831528
19.49100422
19.50013632
19.53722779
19.67409363
19.67961547
19.68980748
19.69959898
19.71337085
19.76757179
19.78597895
19.80880902
19.82711530
19.85804013
19.87577333
19.88543202
19.89168026
19.93408512
19.97660978
19.99094251
19.99157575
20.01590001
20.07932177
20.09347581
20.16665220
20.18240572
20.20277386
20.22062689
20.29004954
20.34440439
20.37128787
20.39518358
20.41672326
20.42568515
20.45214922
20.45363143
20.50236898
20.52362712
20.57513176
20.58025626
20.58658581
20.69181662
20.70822072
20.72214067
20.73512050
20.75082731
20.77188339
20.81603492
20.81642831
20.81675222
20.84772549
20.85238094
20.91135735
20.93018585
20.94123530
21.04733358
21.10095339
21.15319868
21.18578981
21.20121214
21.20389486
21.22868411
21.26011487
21.39126308
21.45146967
21.47544322
21.51759878
21.55161212
21.62892494
21.63838439
21.66283766
21.70990090
21.71390902
21.71635508
21.72558392
21.73688690
21.77409670
21.79496926
21.81419667
21.81747430
21.86253148
21.86367624
21.86650318
21.91793081
21.94352859
22.05192574
22.06679414
22.07581704
22.08041049
22.10427405
22.11548161
22.12032133
22.17151043
22.20877107
22.24836513
22.29112306
22.30540216
22.31440406
22.32831595
22.35539167
22.42467783
22.44015598
22.44404826
22.47982659
22.52587653
22.54456390
22.59288514
22.61092013
22.68090995
22.85281513
22.89379149
22.91279253
22.95480492
22.96435279
22.97500862
22.98389921
22.98543640
23.00738889
23.01978804
23.03410451
23.03526931
23.06592546
23.14289296
23.15090866
23.20595327
23.21452639
23.23276334
23.23896440
23.28205721
23.28755918
23.32140582
23.36825228
23.38986599
23.42549973
23.43255466
23.43869111
23.44796995
23.48988957
23.49814505
23.57417305
23.57516463
23.58410021
23.58431376
23.59436036
23.59943838
23.63420590
23.66418029
23.70138220
23.70956846
23.73929282
23.83372902
23.88521569
23.89367691
23.89615026
23.95883019
23.96217691
23.97970144
24.02110386
24.03723015
24.05133870
24.05880593
24.06542746
24.07444689
24.09144570
24.11394789
24.14117334
24.16298717
24.18517624
24.18858517
24.20229287
24.20971172
24.23966612
24.32371492
24.34618039
24.37203444
24.39371223
24.44826049
24.45234882
24.48777837
24.51373042
24.52171227
24.55377107
24.56602592
24.59239461
24.63829660
24.66105633
24.66860923
24.68736675
24.72883623
24.77793098
24.78834853
24.78885414
24.86086597
24.86453203
24.89712042
24.91765513
24.98102173
24.99341906
25.03048060
25.03788003
25.04344016
25.05743721
25.14382514
25.19397176
25.20003842
25.20108137
25.22082424
25.23995806
25.24463098
25.25502601
25.26755672
25.27518023
25.28845989
25.31385979
25.34354435
25.36524603
25.38655774
25.39533293
25.41511921
25.50778438
25.53405191
25.53758810
25.54232207
25.67358241
25.71481941
25.73560387
25.73995550
25.74279010
25.74443817
25.78697566
25.81437031
25.82373923
25.83176668
25.84546477
25.87057303
25.91084710
25.93159227
25.96009755
25.97291815
26.04796571
26.07241965
26.07459257
26.13151414
26.13209173
26.15497060
26.17116327
26.18223769
26.19432578
26.20215258
26.21320896
26.21832381
26.22466994
26.22750233
26.28546947
26.33166891
26.33894980
26.35360033
26.37097411
26.37853148
26.38931266
26.41784011
26.43585231
26.54899719
26.57233539
26.59384921
26.65982602
26.66180107
26.66381935
26.68351692
26.69667036
26.70576936
26.70659223
26.72194717
26.75574059
26.76383599
26.77184295
26.86540301
26.87164479
26.88442828
26.88819817
26.89585457
26.98040281
27.01395707
27.08196717
27.10405704
27.13100433
27.13402065
27.15342561
27.16313371
27.16997700
27.17040826
27.18572961
27.19363818
27.23729889
27.26365425
27.30539311
27.31079997
27.31102294
27.31309207
27.32430930
27.34473685
27.35776658
27.38623561
27.40331295
27.48323375
27.49031749
27.52085709
27.56917051
27.60236225
27.60970307
27.66012639
27.72219162
27.73709397
27.75212821
27.77061774
27.80398985
27.85068127
27.87190456
27.88627479
27.96367069
27.96963662
27.97038309
27.98536657
28.02317874
28.03100846
28.03980253
28.09611369
28.10851938
28.12238056
28.12286790
28.17430145
28.19047986
28.25405068
28.28942876
28.31541717
28.33301456
28.33830978
28.35016195
28.38305718
28.40416520
28.43557653
28.49313888
28.49372279
28.51665572
28.51925458
28.52335679
28.55246324
28.57657154
28.57774936
28.62268386
28.63953992
28.67231971
28.71947704
28.72299372
28.78235478
28.81463712
28.83771117
28.84909185
28.85738814
28.86229988
28.87955924
28.91815377
28.95654099
28.95997771
29.01684142
29.02011389
29.03505752
29.03944504
29.04831751
29.07584196
29.09196057
29.13136981
29.19686460
29.24259698
29.30313232
29.30780058
29.31990334
29.32175683
29.36179078
29.39929723
29.47116741
29.47279954
29.47978687
29.49363587
29.49639135
29.50128615
29.51527339
29.54077400
29.54591262
29.68595221
29.69664291
29.73028195
29.74448149
29.86802987
29.88508550
29.88967171
29.96898733
30.01983192
30.02749675
30.06994298
30.10832713
30.11168977
30.17740502
30.21025738
30.22814717
30.23511982
30.26419309
30.40204950
30.40685821
30.44169468
30.47737249
30.49480888
30.50958060
30.54818847
30.55634764
30.58162353
30.58287071
30.59333744
30.74743441
30.78864818
30.79343401
30.79974703
30.82155089
30.84940285
30.86813400
30.88322203
30.88390450
30.90473361
30.95186464
30.95906826
30.97925999
31.00299514
31.04239205
31.21677341
31.25410963
31.34420364
31.37718938
31.38695328
31.40224144
31.42641220
31.43902295
31.45019596
31.46665235
31.50430331
31.53497894
31.58306158
31.63528770
31.63766833
31.66654680
31.69747954
31.70814951
31.71683127
31.73602354
31.74611613
31.79020328
31.83366361
31.87908867
31.90343986
31.95923216
32.06627474
32.14299107
32.14959486
32.26185669
32.28096444
32.29165360
32.32107208
32.41168717
32.45371384
32.47904807
32.51387263
32.52204719
32.52380199
32.57601875
32.60090131
32.60265099
32.61384066
32.69726096
32.72252698
32.72423622
32.74438468
32.75476208
32.80749203
32.82693377
32.89751104
32.90903424
32.92767439
32.97232954
33.00584975
33.04024445
33.05237023
33.07305349
33.12089711
33.13710511
33.14000140
33.16992599
33.17177780
33.27085024
33.27140038
33.31648337
33.33032151
33.42164634
33.45591800
33.46518494
33.47515109
33.51557682
33.54085074
33.56513047
33.57184028
33.62472178
33.69754072
33.70104247
33.71218431
33.73215070
33.76052269
33.77399793
33.79454814
33.79933979
33.81597628
33.86071156
33.90505517
33.92351616
33.95559098
33.97514234
34.05055529
34.07796736
34.12084588
34.12227523
34.13127838
34.17099585
34.19958261
34.20808074
34.29163594
34.31178964
34.31774369
34.31959614
34.32015021
34.34111720
34.35778084
34.38424590
34.39836891
34.41171520
34.42151421
34.44856102
34.47532309
34.51153101
34.51388835
34.54312666
34.55037146
34.55465182
34.60149017
34.61325411
34.63817769
34.65104467
34.65369833
34.65663901
34.76729185
34.77797368
34.79557590
34.80025726
34.81205123
34.86996864
34.90612011
34.95103416
34.95164437
34.97065568
34.97074768
35.02994082
35.04472608
35.07197816
35.07533186
35.08355458
35.08774680
35.21833190
35.27690554
35.40453895
35.40807878
35.42565256
35.46781482
35.47873605
35.49824656
35.51375406
35.54923850
35.59945183
35.62644628
35.63156327
35.63643544
35.65464977
35.68785546
35.70756979
35.75958220
35.76575412
35.79566005
35.79678094
35.80929061
35.84936205
35.94417371
35.97162702
35.97682043
35.99181198
36.00998637
36.01038797
36.01704992
36.08489165
36.09114493
36.13549301
36.15106436
36.20761760
36.22701220
36.24744751
36.36342119
36.36882967
36.40393362
36.40440545
36.44324931
36.53539910
36.55868410
36.58062912
36.65205427
36.66246528
36.66492624
36.68183788
36.69533859
36.72186238
36.73304206
36.73421562
36.73694966
36.74875524
36.75758895
36.75895682
36.76796044
36.77289534
36.78878283
36.84334136
36.88359688
36.88770707
36.94329720
36.97248716
37.01058429
37.03441875
37.07655529
37.11670068
37.16382639
37.16866695
37.18043224
37.18755487
37.19203852
37.27185300
37.27252231
37.30119366
37.32020448
37.37797902
37.38084614
37.38604223
37.41920141
37.43161657
37.43555523
37.47586010
37.48314495
37.49886132
37.52106626
37.53700216
37.56851617
37.60161996
37.62907607
37.62911301
37.63009039
37.66191299
37.72130129
37.74998554
37.75493970
37.77712221
37.81522072
37.85398903
37.86980155
37.89643388
37.91751786
37.96829273
37.98945101
38.03429710
38.07513986
38.08712275
38.13151894
38.13328656
38.15694590
38.15764941
38.16125937
38.21170411
38.24944873
38.25815633
38.30306959
38.35027201
38.35821022
38.38843756
38.39517286
38.41236135
38.44429433
38.45016564
38.45471678
38.45558477
38.47513287
38.54035361
38.54479616
38.55101262
38.59328029
38.60485792
38.61321608
38.61801274
38.63409541
38.65890917
38.67114495
38.67687003
38.67936782
38.68091273
38.69488715
38.72213246
38.76993408
38.78522195
38.79635547
38.86598182
38.88175164
38.90152686
38.92716485
38.98539270
39.03037043
39.08405302
39.14052687
39.14829840
39.14923476
39.20559872
39.27611191
39.28717197
39.31768752
39.38399670
39.43442196
39.43767050
39.48314147
39.48555465
39.50680736
39.51495681
39.52995138
39.54901233
39.55497084
39.62323700
39.63493740
39.64512305
39.64845997
39.64916622
39.65043307
39.68066776
39.70311804
39.73513178
39.75259634
39.77900082
39.83815342
39.84387378
39.86121221
39.87024726
39.88938950
39.91082698
39.91710400
39.94658250
40.10214823
40.13096372
40.20959299
40.22489137
40.23999650
40.24603064
40.27750405
40.30307011
40.31970482
40.32872827
40.33714955
40.35741715
40.40035978
40.45029320
40.45930041
40.51130596
40.51198946
40.51494811
40.52882533
40.52904166
40.53331801
40.55112231
40.56901829
40.57046046
40.63108760
40.67862317
40.68610920
40.72357536
40.72363808
40.73723033
40.76341355
40.82736881
40.83229868
40.84238088
40.84734314
40.85526091
40.90529561
40.92792917
40.93670882
40.97016833
41.02079981
41.07655441
41.08956695
41.20756030
41.24744135
41.30000028
41.33411875
41.36277709
41.45322582
41.48418513
41.48495567
41.51248384
41.55543215
41.60734813
41.60866494
41.64259977
41.68165251
41.69372473
41.70612066
41.73163921
41.73727646
41.76572097
41.82114502
41.94944214
41.96921606
41.99930097
42.03576520
42.05695368
42.06379190
42.07934171
42.10070104
42.13120616
42.14792981
42.15902569
42.20071513
42.20664727
42.22047025
42.24912937
42.24929120
42.25334651
42.28696826
42.29253554
42.30005022
42.30772386
42.31272175
42.33705566
42.34500789
42.44493245
42.48925505
42.53638955
42.54330061
42.54787032
42.58907723
42.60770042
42.63132682
42.66130986
42.66482312
42.67175647
42.67914098
42.71538742
42.74712448
42.86657236
42.86953574
42.87593933
42.91886759
42.95750263
42.98257862
43.01967155
43.02319607
43.05837669
43.12438206
43.16203316
43.17508612
43.17745177
43.18734347
43.21243112
43.23241394
43.25234588
43.25618231
43.30513251
43.31772171
43.47128333
43.52136871
43.53739655
43.55712745
43.56183945
43.56426608
43.57246059
43.63980402
43.67325412
43.68425558
43.69626429
43.73631094
43.75172925
43.75735082
43.78305404
43.79273648
43.79999345
43.81430998
43.83751711
43.92730394
43.93000933
43.93728644
43.94552511
44.01107119
44.01855594
44.04005136
44.04573406
44.07177248
44.09721893
44.11775989
44.19568930
44.21712786
44.21794037
44.25104581
44.25353364
44.29560764
44.31448402
44.36842988
44.39535752
44.40586126
44.43476962
44.48225045
44.57293201
44.63018916
44.63070397
44.65362468
44.66232579
44.71696133
44.72232370
44.74218784
44.78464753
44.79701829
44.80342205
44.80427253
44.89496744
44.90310866
44.90351469
44.90660981
44.96496975
44.96581061
44.96641347
44.97204762
44.97656260
44.98112985
44.98297485
45.00854658
45.09617960
45.09670138
45.09701831
45.16406527
45.18667328
45.18777178
45.22958815
45.24894578
45.25750289
45.28381836
45.29481289
45.29607878
45.30341229
45.31499280
45.38614339
45.38923482
45.41954662
45.42659757
45.47545960
45.52966598
45.57385382
45.59259541
45.62438975
45.64505528
45.66182901
45.69004957
45.69784898
45.71229673
45.71446935
45.73413075
45.76255009
45.77284125
45.79963382
45.82042866
45.83589684
45.84746061
45.85137034
45.86822403
45.87809662
45.95819873
45.96512652
45.97367944
45.97668034
45.98049227
45.99896867
46.00400010
46.00598292
46.05324619
46.10413174
46.12622226
46.17666399
46.19782129
46.30375010
46.31286601
46.32331026
46.34364000
46.35663759
46.42787697
46.44262496
46.46202142
46.46829970
46.46879574
46.48171393
46.48977390
46.51537247
46.57932322
46.61469180
46.68621362
46.70127505
46.72661734
46.72917390
46.75844861
46.76460150
46.78442197
46.78842042
46.80388220
46.82303734
46.82431384
46.85898360
46.86212140
46.88312433
46.88833946
46.95198118
46.96245153
47.01468771
47.01662301
47.02144806
47.04504257
47.08130625
47.09106296
47.10745259
47.16669965
47.17017980
47.17981237
47.20286909
47.22604037
47.23632659
47.23872728
47.26407018
47.30246032
47.31464100
47.31668361
47.35403156
47.37924121
47.38806808
47.41599670
47.51672323
47.51907635
47.54090551
47.56039753
47.59332343
47.60078142
47.64073509
47.64665386
47.64887793
47.65515133
47.75447559
47.76177988
47.80815077
47.81043069
47.84944915
47.90883553
47.91459671
47.91954578
47.94102317
47.95862289
48.03297225
48.03990091
48.09130679
48.13350563
48.20445744
48.22783160
48.24369269
48.27463696
48.29274258
48.32781937
48.34616439
48.35034706
48.35854890
48.39253232
48.39465779
48.53270094
48.55322890
48.58787666
48.59687526
48.60443315
48.61781853
48.64957674
48.66996178
48.69593236
48.70331473
48.76311299
48.76820773
48.86608857
48.89662802
48.95764570
49.12423382
49.13351056
49.13404374
49.13740350
49.14144859
49.15365363
49.17806585
49.20108592
49.21716517
49.22234743
49.26257253
49.26523688
49.27139648
49.28359102
49.29925709
49.30886355
49.31909760
49.33148891
49.37322618
49.40680072
49.42870409
49.44111430
49.45686149
49.48459157
49.50412468
49.50430152
49.52355354
49.52774144
49.53362241
49.55104703
49.56725430
49.64718501
49.65337872
49.65762543
49.72846375
49.73116179
49.79897441
49.82375350
49.88329164
49.88882606
49.91569854
49.91859879
49.92713116
49.93796552
49.94016177
49.94829555
49.99879373
50.03138524
50.07806376
50.10836011
50.11582554
50.11953481
50.13999316
50.15494373
50.27402659
50.29664044
50.33489517
50.37662555
50.39303387
50.42285537
50.42333983
50.44493967
50.44960266
50.46259141
50.47293908
50.51297569
50.66770760
50.68921422
50.74770910
50.82272821
50.83078099
50.88075620
50.90387946
50.91875842
50.95871987
50.99726799
50.99837307
51.02521265
51.12942728
51.13159224
51.15970345
51.19068466
51.21891832
51.22017344
51.29670926
51.37622577
51.39777394
51.40331079
51.44616995
51.46914999
51.48501369
51.49620002
51.50171494
51.58035175
51.63098600
51.63621462
51.63667390
51.64269819
51.65740204
51.66071674
51.68988667
51.70651766
51.71769490
51.77962373
51.80667202
51.81718207
51.82152194
51.84992800
51.85119001
51.86031562
51.90976622
51.91278647
51.93447586
51.93741122
52.01955445
52.03552117
52.04454867
52.11965901
52.14578147
52.15130930
52.15885075
52.16410926
52.16475525
52.16833761
52.17199544
52.17534977
52.20825581
52.21787124
52.25015806
52.27110789
52.28438349
52.31659198
52.34834020
52.38696676
52.39531724
52.48489877
52.62519361
52.67267580
52.69232167
52.70588688
52.74810887
52.78934240
52.82618078
52.82672047
52.83272333
52.83323171
52.92881174
52.94768981
52.95094319
52.95450255
52.96575858
52.98369064
53.00939977
53.07533995
53.14093052
53.21019066
53.25246211
53.27091541
53.29121775
53.33459921
53.36816631
53.38019362
53.38312731
53.42061841
53.42842237
53.50669735
53.57182149
53.58378602
53.60187278
53.67910439
53.68429037
53.72620431
53.74808938
53.74998916
53.75970987
53.80498907
53.81025824
53.88967816
53.89789438
53.89793220
53.93914459
53.95680944
53.99628964
54.01306624
54.04573822
54.10278963
54.11103866
54.14734591
54.14769702
54.17842019
54.23069147
54.27554019
54.31648677
54.34517588
54.34932804
54.36464027
54.36674978
54.41904310
54.45131554
54.46902238
54.49410711
54.49513730
54.50909510
54.56349278
54.57949941
54.58462501
54.58563785
54.68287130
54.71494097
54.71859566
54.72435150
54.75161179
54.75656734
54.79307811
54.79740370
54.85891319
54.96778274
54.97811714
54.98446067
54.98859102
55.00454079
55.01958209
55.03847546
55.04504067
55.05072967
55.08866820
55.12537058
55.15060656
55.17085093
55.17720585
55.19781654
55.20645682
55.23430616
55.23661063
55.29775820
55.38989969
55.46428630
55.47517407
55.48569849
55.48852762
55.49924142
55.52136783
55.53664387
55.56150981
55.58035852
55.59778938
55.60042609
55.64714841
55.67181640
55.70580621
55.74239206
55.80238385
55.82017981
55.83211619
55.83796454
55.83940698
55.84774446
55.87255533
55.87774790
55.91971639
55.93935381
55.94174813
55.96254903
55.97154636
56.01106640
56.07468664
56.10184275
56.18561149
56.18852508
56.19461876
56.20119797
56.24899886
56.24909761
56.28902564
56.34363986
56.39699636
56.44436314
56.46484886
56.50781162
56.51332559
56.51392351
56.57391858
56.58881833
56.61774156
56.63236162
56.66418287
56.68653247
56.71023917
56.74893548
56.78007616
56.78162101
56.87053619
56.88841610
57.01427494
57.05801620
57.06473943
57.06721061
57.09344778
57.14555042
57.17747922
57.18726187
57.20343426
57.22749680
57.29506896
57.30339289
57.30845586
57.32463195
57.33188757
57.39531200
57.40607679
57.46611426
57.48086417
57.53825699
57.58954528
57.59984692
57.60564171
57.64702123
57.67793258
57.69718964
57.71322829
57.73473263
57.75588342
57.79897493
57.83739220
57.86689882
57.86829189
57.89125726
57.94498542
57.98239605
58.01030833
58.11091941
58.12156026
58.12427179
58.13002867
58.13384810
58.22870853
58.32679668
58.34993642
58.52619104
58.53493617
58.60062677
58.77119629
58.77229522
58.83374284
58.84281549
58.84806538
58.94840043
58.95598689
59.01402132
59.03059016
59.05300803
59.05665781
59.05966141
59.06075641
59.23353638
59.24270913
59.24867637
59.25034450
59.27134790
59.29823754
59.35444418
59.36855671
59.38505163
59.38952062
59.41871388
59.46108564
59.53030312
59.53901971
59.56363050
59.57533514
59.59711741
59.61595336
59.64109455
59.64185447
59.64464167
59.65035028
59.66204776
59.71020289
59.71991791
59.72973395
59.73506828
59.74649436
59.75245042
59.75372559
59.77961469
59.81618739
59.81804610
59.82118951
59.82494253
59.91684515
59.94422981
59.95591046
60.01228737
60.03228839
60.03453465
60.04824700
60.05939324
60.07801267
60.09074617
60.12323789
60.22264364
60.26437483
60.26735767
60.30781920
60.32041806
60.32969323
60.37694766
60.40408372
60.40837783
60.44486474
60.45872304
60.50194197
60.51690244
60.52962369
60.53396898
60.55240634
60.55774905
60.55940108
60.61178328
60.61379607
60.62430237
60.62810204
60.66554871
60.67134088
60.68505115
60.69303827
60.75690768
60.79213729
60.82804988
60.82840990
60.85544150
60.89874419
60.92397044
60.92440305
60.95535941
60.95962360
61.02826759
61.04650099
61.05683492
61.05908490
61.10406384
61.11576412
61.11579818
61.16494522
61.20733614
61.20880208
61.22570270
61.30275441
61.32692849
61.34291917
61.34300748
61.39741943
61.43961306
61.44139885
61.45032761
61.46452061
61.46631971
61.47285043
61.48866189
61.54649657
61.56199061
61.60247485
61.65073176
61.65194519
61.67678232
61.68618749
61.70791886
61.72477838
61.72752270
61.76359900
61.78017562
61.80119289
61.83607545
61.84114349
61.87873414
61.88848701
61.99662455
62.00067257
124.00000000
