0.01038402
0.16865914
0.17269278
0.19160495
0.21577415
0.23898940
0.25408025
0.26322775
0.29055586
0.32834646
0.38417124
0.39562009
0.39793499
0.46690904
0.47447324
0.49335729
0.58160734
0.59971932
0.64874168
0.68913146
0.69595753
0.71178169
0.84096919
0.95912474
0.97440807
1.00098540
1.10133035
1.16122575
1.18528564
1.19097254
1.19627289
1.20873182
1.23818890
1.25069800
1.25171562
1.29782530
1.31444512
1.37310674
1.37957193
1.38841661
1.39768994
1.42102326
1.43878605
1.48512968
1.48542253
1.49841393
1.50193376
1.51897737
1.52233987
1.56031203
1.56703126
1.59626564
1.60280695
1.60405224
1.61683642
1.63689686
1.66121659
1.69292892
1.69851417
1.71829342
1.74414400
1.75263431
1.75900233
1.76651474
1.80272666
1.83283951
1.84522459
1.85954382
1.86247468
1.86281583
1.87001489
1.89978290
1.93681260
1.94339013
1.94440520
2.01509158
2.02184000
2.02344358
2.02592005
2.11983406
2.15527748
2.16464761
2.16817458
2.16858422
2.16871952
2.17134797
2.20529249
2.27748093
2.37799080
2.38183390
2.38727420
2.45191766
2.46849622
2.48117811
2.48453609
2.50962913
2.53333771
2.55547847
2.59740147
2.60667168
2.61827111
2.68122118
2.68298635
2.70306734
2.72812753
2.82942963
2.87767725
2.88666580
2.89679918
2.92244583
2.93039334
2.95354528
2.97015663
2.98671360
3.02420005
3.04494565
3.10235163
3.16123892
3.18828350
3.20071210
3.20347575
3.23376433
3.24386838
3.26623452
3.27659825
3.28197017
3.33581580
3.34293103
3.37362989
3.37377038
3.40839229
3.42738762
3.46364582
3.49095305
3.51388047
3.54818122
3.56372037
3.61598673
3.64646365
3.69377677
3.70570454
3.73514287
3.74827454
3.79538712
3.87201063
3.92251502
3.99840659
4.01382746
4.04823327
4.10876050
4.14194864
4.16026104
4.16946165
4.20665454
4.22079706
4.23059119
4.24902525
4.26102853
4.36132035
4.40557815
4.44520386
4.50548251
4.55474602
4.61457153
4.65390556
4.65813669
4.67143217
4.68816508
4.69426925
4.76685958
4.82852911
4.88943222
4.93959161
4.97772816
5.02638633
5.11732810
5.12658816
5.19578133
5.21157014
5.22441031
5.26105478
5.29686428
5.35406386
5.35548638
5.37526098
5.43461304
5.47107021
5.48690279
5.49604635
5.56924731
5.58281896
5.62918498
5.63715075
5.66937826
5.69541840
5.72337729
5.72692428
5.76258606
5.76813756
5.80980851
5.81738989
5.87022346
5.90661734
5.91262198
5.92320728
5.94525725
5.99729238
6.01279925
6.02421182
6.02721824
6.03135003
6.05449034
6.06690961
6.06968735
6.09459624
6.12299651
6.12797201
6.16222133
6.16850260
6.20594193
6.20885863
6.26341337
6.28179152
6.29822844
6.32325925
6.46754467
6.47229553
6.48899538
6.49046217
6.51166823
6.51666490
6.51894505
6.53177485
6.57817091
6.59394490
6.60724649
6.63784971
6.67271369
6.67853451
6.75051215
6.76940087
6.84045025
6.87860712
6.96128519
6.98570226
6.99092349
6.99833442
7.02087937
7.05454110
7.06544920
7.07285637
7.09199572
7.11652665
7.14253594
7.17116065
7.18365255
7.18616435
7.20286874
7.30758663
7.32452863
7.32764230
7.33398139
7.37458012
7.38075398
7.38348430
7.39349534
7.41709344
7.45055550
7.45928939
7.47032846
7.47158931
7.47834902
7.48259760
7.49144194
7.51039381
7.56720240
7.57434540
7.61392153
7.62550185
7.66712334
7.66973331
7.67976744
7.73480846
7.74085651
7.77633286
7.78860330
7.86247833
7.91005895
7.93212610
7.95246140
7.97591191
7.97624936
8.00563633
8.06995054
8.07685125
8.14765687
8.24431894
8.26649087
8.29344012
8.29955691
8.33346471
8.35409672
8.38650844
8.39111489
8.39780418
8.48552408
8.58826022
8.64524500
8.69375747
8.73609354
8.75145211
8.76851367
8.79029038
8.79472475
8.79889903
8.81974793
8.87128504
8.89349329
8.91933267
8.92601822
8.95994566
9.10325431
9.13553615
9.15093406
9.16529932
9.18513670
9.20640267
9.21336407
9.22714832
9.32638005
9.45446972
9.49239194
9.50954427
9.51411722
9.63493614
9.70661628
9.72445420
9.74338920
9.77556348
9.84994209
9.91288948
9.92716891
9.93717435
9.95169418
9.99865795
10.03681864
10.04994975
10.09702352
10.12678780
10.14288488
10.15103804
10.17612269
10.18144420
10.18418341
10.18515695
10.24392851
10.27944002
10.32692666
10.33629953
10.34137273
10.34489165
10.44537044
10.45577499
10.47294368
10.49258362
10.62330184
10.62845418
10.63844745
10.64463401
10.69956942
10.75251579
10.76399776
10.77789651
10.79957137
10.81851847
10.81922643
10.97914434
10.98423191
11.01759707
11.05123003
11.06885174
11.08378967
11.12128918
11.14520587
11.17352625
11.18088586
11.19229780
11.25658603
11.31020310
11.32794018
11.33243127
11.37114232
11.38384381
11.39548766
11.40708867
11.41916022
11.43778737
11.47531810
11.50036401
11.50151581
11.52616991
11.52739202
11.54277020
11.61407577
11.63407140
11.65571701
11.68107565
11.69222695
11.70001642
11.71766089
11.71919516
11.73790929
11.77113292
11.78581763
11.89029386
11.89364948
11.92548096
11.99185621
12.12606022
12.12717942
12.18564372
12.21326021
12.23869097
12.25193062
12.26104790
12.26779486
12.30410573
12.30929461
12.32528068
12.35030883
12.38705493
12.39913532
12.42264774
12.45425545
12.47727183
12.50347703
12.50657432
12.52094238
12.56704860
12.62033384
12.70074179
12.71174158
12.71969311
12.83079555
12.84252463
12.86530967
12.88028328
12.88406442
12.91132116
12.92240031
12.92714712
12.94971446
13.02713290
13.04830891
13.06077126
13.09035330
13.10501722
13.19178427
13.19764330
13.20769242
13.28319248
13.32077038
13.33402670
13.33705338
13.37025141
13.37502085
13.38219505
13.40851380
13.47336957
13.48674003
13.49191360
13.55346562
13.55482359
13.59690937
13.60181171
13.60311006
13.62569732
13.65063410
13.66244937
13.66897020
13.68250199
13.68780446
13.69677399
13.73036067
13.74543377
13.75715660
13.76317076
13.86781251
13.92296355
13.93765476
13.97934070
14.03139659
14.03349370
14.12611088
14.14255421
14.14748580
14.15603113
14.16009898
14.16014621
14.16082022
14.18232252
14.18439935
14.21861618
14.28049920
14.41480199
14.42339394
14.42941820
14.45850463
14.53045075
14.54749891
14.54983477
14.60879742
14.63824588
14.66519431
14.67447787
14.77082216
14.78654132
14.79423979
14.84775227
14.87839402
14.87866630
14.91231159
14.99171502
15.04642965
15.07176573
15.11951459
15.17569344
15.20401845
15.20784203
15.25337061
15.26729365
15.27262783
15.30176344
15.34786129
15.38330645
15.39989197
15.41900708
15.44006148
15.44663046
15.45238349
15.52678639
15.53612385
15.55562231
15.56660051
15.59143071
15.59192302
15.59663877
15.62393103
15.62798056
15.65143344
15.65428573
15.68299964
15.71612496
15.88067252
15.89043394
15.89642953
15.91855883
15.96228972
15.99867235
16.01331752
16.01870694
16.03670313
16.04917610
16.05065568
16.10440122
16.10572344
16.12421525
16.12483500
16.13637471
16.14416620
16.14470145
16.16432580
16.18293028
16.23807765
16.26072453
16.27070655
16.36895632
16.36925300
16.37829923
16.39670160
16.41254049
16.43972257
16.50884444
16.59217260
16.59234008
16.59716519
16.59782172
16.65983572
16.67790412
16.78493820
16.78641869
16.87938284
16.88097168
16.88433967
16.92693666
16.93325941
16.93523822
16.93530714
16.95163161
16.95177023
17.03401897
17.09620376
17.12278756
17.13012348
17.16588230
17.20964104
17.23339493
17.26651615
17.27659391
17.28962017
17.35292500
17.38086022
17.42188343
17.42352408
17.44348828
17.44462747
17.44520378
17.44960688
17.45338550
17.48879449
17.50931458
17.52287866
17.56064163
17.56591505
17.57156069
17.59218695
17.59930473
17.65127730
17.68212995
17.69935769
17.85065650
17.85885257
17.89395952
17.91385918
17.92971839
17.99164185
17.99541515
18.00313616
18.00971242
18.05777512
18.06646409
18.06922630
18.06929136
18.13130670
18.20124492
18.25850526
18.29562605
18.31684487
18.33305642
18.35287530
18.45443587
18.46588207
18.69703475
18.69765665
18.76944582
18.79112823
18.84718782
18.84819461
18.89475987
18.94631909
18.99647231
19.00433016
19.00893739
19.01082226
19.01746006
19.02672740
19.05195468
19.05477777
19.07581821
19.17039327
19.23215535
19.24776650
19.28758576
19.31041897
19.31155762
19.36948085
19.38088206
19.38484176
19.47640983
19.52278099
19.61523619
19.63395205
19.67495379
19.68149932
19.68553644
19.69360500
19.71371409
19.76767070
19.78474693
19.79198680
19.79555859
19.80071443
19.85412544
19.85452972
19.87272164
19.93027216
19.98495206
19.98647101
20.03277933
20.03367653
20.08323877
20.10427796
20.16253047
20.19253849
20.21794427
20.25146852
20.26163680
20.26421132
20.33228718
20.33291130
20.35562736
20.36841850
20.37826573
20.38186056
20.44039182
20.46691121
20.52988154
20.53190379
20.53322607
20.58027675
20.66708997
20.81076559
20.81425267
20.84058107
20.84109704
20.86601456
20.86989231
20.91414187
20.92455169
20.95682532
20.99294420
21.00744917
21.01087734
21.01212578
21.01484827
21.03265934
21.12138838
21.13963784
21.17993689
21.18008834
21.19116459
21.19497621
21.19972146
21.20658064
21.21995390
21.23281654
21.24498543
21.31645367
21.34703318
21.43853461
21.55257620
21.59776700
21.60128856
21.62716101
21.65114877
21.67488530
21.74419926
21.74858134
21.74979079
21.75276481
21.75751693
21.76006102
21.77144355
21.79496926
21.81336090
21.83103223
21.93910589
21.95524058
22.03951062
22.06736794
22.08593701
22.13041520
22.18326352
22.21449195
22.21903898
22.22106116
22.26389599
22.32084321
22.33283451
22.33906198
22.35539167
22.36672885
22.37874700
22.44426616
22.49339289
22.51000477
22.51735461
22.53510175
22.53952451
22.55563891
22.56239911
22.56444631
22.58963652
22.62454004
22.63723618
22.64744122
22.66372950
22.69974576
22.70249655
22.72153987
22.72730734
22.75537836
22.82488864
22.89741052
22.91702163
22.96102296
22.96773484
22.97302997
23.00129540
23.01978804
23.02680470
23.07496164
23.08802660
23.09503754
23.13962702
23.28186111
23.31202325
23.31872558
23.32530456
23.53778544
23.56466331
23.61542895
23.66510378
23.66699413
23.75722947
23.79722497
23.84563488
23.84728700
23.88862538
23.93400938
23.96395376
23.97503976
23.98059053
24.02110386
24.02789918
24.03562227
24.09001952
24.13658430
24.18430809
24.18715886
24.25547158
24.29382528
24.32147989
24.40130471
24.45493119
24.45944610
24.50699638
24.53236111
24.54216255
24.55377107
24.69323253
24.76696156
24.77112989
24.77377882
24.77793098
24.82826461
24.88822997
24.89286318
24.92324176
24.96812712
24.99716918
25.03048060
25.03717745
25.10361611
25.10498042
25.10893898
25.11938419
25.12301358
25.12695279
25.19566409
25.26694109
25.35983908
25.36120708
25.40364124
25.40585631
25.41386653
25.46262314
25.48296240
25.49020492
25.56331992
25.61452380
25.62177132
25.62772031
25.63021131
25.65583296
25.68299978
25.78231636
25.79199853
25.80720312
25.80996861
25.83176668
25.84869734
25.86768644
25.89010530
25.89359811
25.92185947
25.92760787
25.93446346
25.94347082
25.98182092
25.99091889
25.99356510
26.05944897
26.06013037
26.09629704
26.12526888
26.12769651
26.13096430
26.13841696
26.18709760
26.23325621
26.23497086
26.23623484
26.23764669
26.25932362
26.26441087
26.28437216
26.33149746
26.33166891
26.35608393
26.35783270
26.37121443
26.42045595
26.43890269
26.48649618
26.49754804
26.51832013
26.56441533
26.57722508
26.60049279
26.61913203
26.64637588
26.66777316
26.69378612
26.70466360
26.71828831
26.78024500
26.91918800
26.92206542
26.93460060
26.94174199
26.99913608
27.00700886
27.03034633
27.04537300
27.05435746
27.09382014
27.10002432
27.10453235
27.16887037
27.22939880
27.24723469
27.25216932
27.31902389
27.33812582
27.37850747
27.40187554
27.40331295
27.43118919
27.44150208
27.44175464
27.44861528
27.45974143
27.51765366
27.56820993
27.58208926
27.63521115
27.63747330
27.68392461
27.71600217
27.72474137
27.73639699
27.78969435
27.82208480
27.82586799
27.88657245
27.90868076
27.92692240
27.99911983
28.08856228
28.09444901
28.14486161
28.14630592
28.14946525
28.16596566
28.19679886
28.26740580
28.32934173
28.33373802
28.33551982
28.34486275
28.35470897
28.41799068
28.41814194
28.43273138
28.44523813
28.47895686
28.49313888
28.51025168
28.51997818
28.52496288
28.60552897
28.63205810
28.65556099
28.65692190
28.66035811
28.66799946
28.71716280
28.73081106
28.74753304
28.81998344
28.82986123
28.83574066
28.84670403
28.85738814
28.87156242
28.89212975
28.90186898
28.93849978
28.96247581
28.96948829
28.97273309
28.98360945
29.02011389
29.02031596
29.05270340
29.05470927
29.05577907
29.05798546
29.06725108
29.07730075
29.07975681
29.08141601
29.10784091
29.14168967
29.20323119
29.20479568
29.22070645
29.23541270
29.24273067
29.24757769
29.28347281
29.32144383
29.35922592
29.36017682
29.38337517
29.41468896
29.42329671
29.42623381
29.45439232
29.49562946
29.54141870
29.56171015
29.60507993
29.63083561
29.63256447
29.64202445
29.70210541
29.70352564
29.75636775
29.78402439
29.79314228
29.81707658
29.82514493
29.83675433
29.84242057
29.85379122
29.87497755
29.88645153
29.99187093
30.00898729
30.02610198
30.07830454
30.07910777
30.12295215
30.18802592
30.19110937
30.19446417
30.25170931
30.27390949
30.28949409
30.35922513
30.40552280
30.42103932
30.42174148
30.43079339
30.45561260
30.49793061
30.51358359
30.58797720
30.61621426
30.62724903
30.67462738
30.68600406
30.74256675
30.74454347
30.79345521
30.82539122
30.87268580
30.88437160
30.89707466
30.90713993
30.92134511
30.93800340
30.94693985
30.97808551
30.99630508
31.00016264
31.02464464
31.04604152
31.07235310
31.08905150
31.10171913
31.10725913
31.11947595
31.20890408
31.21844116
31.36048125
31.37935331
31.43655958
31.48785239
31.53995588
31.62138422
31.66187556
31.66282253
31.66598232
31.74551136
31.80006579
31.80696368
31.84692436
31.87908867
31.95398137
31.96736101
31.99798820
32.00384597
32.02219472
32.03883342
32.11921477
32.14071381
32.17588692
32.19998877
32.23181859
32.24791377
32.26402586
32.29877446
32.30883453
32.31770003
32.32392786
32.34379075
32.36678550
32.36827437
32.41195535
32.42356046
32.43908314
32.44014440
32.46166496
32.46639161
32.48754284
32.48755878
32.48945334
32.49959498
32.52380199
32.56140213
32.59705337
32.62009254
32.63380425
32.64815695
32.66503860
32.67290108
32.73990005
32.77764284
32.78726127
32.84516631
32.85083259
32.87495732
32.88234192
32.92620322
33.00652030
33.08161348
33.09267899
33.10972507
33.13065820
33.14457245
33.16084829
33.21470228
33.22676596
33.23756077
33.24747929
33.27311932
33.29600055
33.33405201
33.35321000
33.37869984
33.39082107
33.43154692
33.43299724
33.43859599
33.45572783
33.48088679
33.57246980
33.67702233
33.76431011
33.77266026
33.79853109
33.87670090
33.88498396
33.90267307
33.97187755
34.00520313
34.05118398
34.05769088
34.06123416
34.07137607
34.13427382
34.16277774
34.16595492
34.20782033
34.21504738
34.21963557
34.23972676
34.26455025
34.32568801
34.33079486
34.33628398
34.34325711
34.34611164
34.34973144
34.37296380
34.38329767
34.45105642
34.46336290
34.49610337
34.56462795
34.59748693
34.60149017
34.61121149
34.62033395
34.62329547
34.65312046
34.72842471
34.78327230
34.84381820
34.85350782
34.88679358
34.89945847
34.90497671
34.91150118
34.93840629
34.95048813
35.01571697
35.02994082
35.04075846
35.04239660
35.07265077
35.07800107
35.09603518
35.10237077
35.10548090
35.13257145
35.21414382
35.21649906
35.22872835
35.23131856
35.27459759
35.27616483
35.32940402
35.34446772
35.36203013
35.37836313
35.39049852
35.39320916
35.39840961
35.40644508
35.41423646
35.42262038
35.47149371
35.49439639
35.49824656
35.59938367
35.62765271
35.63534398
35.64998767
35.67971180
35.68661987
35.71128957
35.73091127
35.75272016
35.76578123
35.86191404
35.88813976
35.92229595
35.95833075
35.97423627
36.03198335
36.05678641
36.07373081
36.09302382
36.09881285
36.13266123
36.17265066
36.22649123
36.23597093
36.31784773
36.32209881
36.33006942
36.35519975
36.39193547
36.39688938
36.41610485
36.43927792
36.46878524
36.47213013
36.52337579
36.53192460
36.58384108
36.59259844
36.60229955
36.60764825
36.60907387
36.62104724
36.67698022
36.68308717
36.68585077
36.69299293
36.71588076
36.72866233
36.77414445
36.83962627
36.90594702
36.91295430
36.95237618
37.01013340
37.01192609
37.10061630
37.10345969
37.10531187
37.17485397
37.19308385
37.24468677
37.25643235
37.27674364
37.32224297
37.40124164
37.41264656
37.41323926
37.49326191
37.54422529
37.54441367
37.54445058
37.54960691
37.55113582
37.61580914
37.66898766
37.68133570
37.69245401
37.71046274
37.74010651
37.74998554
37.77756861
37.78883615
37.79304119
37.80349832
37.82221910
37.82306836
37.89709983
37.91526544
37.93173089
37.96392524
38.00429500
38.01638794
38.02596178
38.07090556
38.09148962
38.14912568
38.17983580
38.21022722
38.23823378
38.26040530
38.26449075
38.27507925
38.32020739
38.33043739
38.36678998
38.37641582
38.38007866
38.42341774
38.45872498
38.48632968
38.50692253
38.58802073
38.59665604
38.61321608
38.70325952
38.70744835
38.71991416
38.78677266
38.78919688
38.79570195
38.79779127
38.83306046
38.90152686
38.90379724
38.93279207
38.93687299
38.95170712
38.97416188
38.98439477
38.98721135
39.03609176
39.04582117
39.06816279
39.08504984
39.10081035
39.10624013
39.10794930
39.13716947
39.17443713
39.20255830
39.24513852
39.25357317
39.26059726
39.28106899
39.28228647
39.33813455
39.34110796
39.40187342
39.40526826
39.41784067
39.43205442
39.45362762
39.46705400
39.50025227
39.54420907
39.55975793
39.56062572
39.57792929
39.58350606
39.58398407
39.61130087
39.64512305
39.64916622
39.68422408
39.71857842
39.82921344
39.85021610
39.85311614
39.89096504
39.92102050
39.92515592
39.98879169
39.98994271
40.00499407
40.02141259
40.02740828
40.08033778
40.10793980
40.10928138
40.17999734
40.26851020
40.29947352
40.35015277
40.35565558
40.35998992
40.40475531
40.41664228
40.43526475
40.47465628
40.48575240
40.48664106
40.53924042
40.55052602
40.57381720
40.58440369
40.67170586
40.69863837
40.74060118
40.75884957
40.78117562
40.82536532
40.83707033
40.84230450
40.85049062
40.86212579
40.87659913
40.90529561
40.91701789
40.92608906
40.95052658
40.97016833
40.97196403
40.97596992
40.97680504
41.00533554
41.04012970
41.06891847
41.07655441
41.10238328
41.10578875
41.10627298
41.11027148
41.18119669
41.18382333
41.19454811
41.20673880
41.24349971
41.28025328
41.31457128
41.32770974
41.34685711
41.35060470
41.42759042
41.43997136
41.44375779
41.47506370
41.47680749
41.48996402
41.50936629
41.52962940
41.55043031
41.55346778
41.56317247
41.59249026
41.60331364
41.63662015
41.64265461
41.64875611
41.67033049
41.70331039
41.74907924
41.76087487
41.79968020
41.80019000
41.80503614
41.83778298
41.87032172
41.89687026
41.94904011
41.94944214
41.98350097
42.09205800
42.09938381
42.11396157
42.12013558
42.13656697
42.14215181
42.14792981
42.15230418
42.15902569
42.19635024
42.21494486
42.25652517
42.29301094
42.30981730
42.33338913
42.40511071
42.40927485
42.42226761
42.42359630
42.43243987
42.44153414
42.46292490
42.50049988
42.52399958
42.54375731
42.58907723
42.60539785
42.61177467
42.66448586
42.68625596
42.73160416
42.73685009
42.76540318
42.77564502
42.79989409
42.80125624
42.83618698
42.86060605
42.88934670
42.89299795
42.93982513
42.94740877
42.95023277
42.97147374
42.97554599
42.97891143
43.02723171
43.03175183
43.05853613
43.07096588
43.07177528
43.07269936
43.08599697
43.10811154
43.12568027
43.15355172
43.15432014
43.15627368
43.18060278
43.23241394
43.23878842
43.23928591
43.31810390
43.35913252
43.38183210
43.38796672
43.43057957
43.44275487
43.47156017
43.47891235
43.56550537
43.60332883
43.65565153
43.65632514
43.68577581
43.73249277
43.76447822
43.76950665
43.85138934
43.86123622
44.06730802
44.10515081
44.11935512
44.12184852
44.14381963
44.15222065
44.15336942
44.16292876
44.21679755
44.21722839
44.30723793
44.31246684
44.31369146
44.31383359
44.37387178
44.39746715
44.40586126
44.42935346
44.43452252
44.57844193
44.64820307
44.68429807
44.71983376
44.74252594
44.74527828
44.78375441
44.78549958
44.82777615
44.85104882
44.87780062
44.92223057
44.95551650
44.96641347
45.01251164
45.15833977
45.16619032
45.20006446
45.28838215
45.31858191
45.32942789
45.33534569
45.39651776
45.41392885
45.46744896
45.47934950
45.54961564
45.57612645
45.59146248
45.64940514
45.68152889
45.68867241
45.72566085
45.73117773
45.73406022
45.73413075
45.77177884
45.78712351
45.82297172
45.83704954
45.85026261
45.92336213
45.94412584
45.94418596
45.94888072
45.97243740
46.03359932
46.03592458
46.03955188
46.08015715
46.17069862
46.19312795
46.19820822
46.20474657
46.21087344
46.22002482
46.23196837
46.24772294
46.25247336
46.38342956
46.40529575
46.40666882
46.41809290
46.42787697
46.44306216
46.45936977
46.49865692
46.51715211
46.52276940
46.53300816
46.54533961
46.58909347
46.62072991
46.69516330
46.69631012
46.79233685
46.85043355
46.86150641
46.88354833
46.93199952
46.93229214
46.96720332
46.98853370
47.01905871
47.03907139
47.04504257
47.09011278
47.09388674
47.15219047
47.15595449
47.16143112
47.16669965
47.17943811
47.21333224
47.21766185
47.22011260
47.22175172
47.24714391
47.25835894
47.26408609
47.34016933
47.34080431
47.34173462
47.37409134
47.38817844
47.39854581
47.40475013
47.41099219
47.42369419
47.42644668
47.46138045
47.47157245
47.49769922
47.49786554
47.52034750
47.60078142
47.61038187
47.65215274
47.70845751
47.79325987
47.80734055
47.82546722
47.84362975
47.87173716
47.87275821
47.88773796
47.88877756
47.90261683
47.91329407
47.94191727
47.94659082
47.95897521
47.99758074
48.06804734
48.07654966
48.09774694
48.14079326
48.15828584
48.24480807
48.24781201
48.25530217
48.34024612
48.38043311
48.41871631
48.45107080
48.45906817
48.47790896
48.48904639
48.58033180
48.58256248
48.58427607
48.59861424
48.60446549
48.64053027
48.70503097
48.76590864
48.83093345
48.91532413
48.96449769
48.98337643
49.07745222
49.11808147
49.22331468
49.23443355
49.27607889
49.29046398
49.29159183
49.35411990
49.35910021
49.37607901
49.39903806
49.40216159
49.40547508
49.51706639
49.52767225
49.55497076
49.59209740
49.60269757
49.64441226
49.69848457
49.69988013
49.72241370
49.73009672
49.74366879
49.85719096
49.93988341
49.94434021
49.95009751
50.01708306
50.01836238
50.16454685
50.20027441
50.20209542
50.22975028
50.24518585
50.26353027
50.32188609
50.35148866
50.38842543
50.40441268
50.41863077
50.43582005
50.44493967
50.55406037
50.56939707
50.59616131
50.59677760
50.62351091
50.63969814
50.66428793
50.67591454
50.69776671
50.74575621
50.76435405
50.77531348
50.78071638
50.82969494
50.86881148
50.87039662
50.88780331
50.89049558
50.93920588
50.95167488
51.06020851
51.09035720
51.09255344
51.10876799
51.11464376
51.12491829
51.12942728
51.19112020
51.24052277
51.27064238
51.29955520
51.36139743
51.38385659
51.39738555
51.41418711
51.46896572
51.51926954
51.60517363
51.66348722
51.67813239
51.71873795
51.72502724
51.76905833
51.78387720
51.78758709
51.92119918
51.93471393
51.93741122
51.96593007
52.01264913
52.05554170
52.10660174
52.14753721
52.16833761
52.18202667
52.22647734
52.24802003
52.26222769
52.29727054
52.39531724
52.39597022
52.45242531
52.47719965
52.48476136
52.49929334
52.50263645
52.50534494
52.62532316
52.63285364
52.66329239
52.71878133
52.72131741
52.72645219
52.76224855
52.81418462
52.93830666
52.94060521
52.95823064
52.96666748
52.97135911
52.98469953
53.00287237
53.03927395
53.03972794
53.07533995
53.08482234
53.10005276
53.11503890
53.12198971
53.13547417
53.13978007
53.14787784
53.15198274
53.18544339
53.20142357
53.21219572
53.23401665
53.24446391
53.30261102
53.31929755
53.34643356
53.43522111
53.49225885
53.49368645
53.51814430
53.52420869
53.55493266
53.62113846
53.62937110
53.68930352
53.70989296
53.72120031
53.74304086
53.79935100
53.79975902
53.81350730
53.81467008
53.84901487
53.86012104
53.87359508
53.87798014
53.88967816
53.91944992
53.94403357
53.94746458
53.98856099
54.01260652
54.02357241
54.04634803
54.05607981
54.07731854
54.08622398
54.10121789
54.18305502
54.21120340
54.23943343
54.26098639
54.30021925
54.30567984
54.33443672
54.35696382
54.35920263
54.36639730
54.39905978
54.40026486
54.41018829
54.41877692
54.47778794
54.47884151
54.47985037
54.50974473
54.51524852
54.52415239
54.54665107
54.57007556
54.57250329
54.57859803
54.60257668
54.60321514
54.62302922
54.64334681
54.64501612
54.64672871
54.66301351
54.73680844
54.76053250
54.76562631
54.79307811
54.80279190
54.80999145
54.82116373
54.85498001
54.90725217
54.92883510
54.94732762
55.00853411
55.03089927
55.03297046
55.03492999
55.04069805
55.05728468
55.06264555
55.10507526
55.11311893
55.21971675
55.23260319
55.25639648
55.27832112
55.28901970
55.29526055
55.33375640
55.35118584
55.38687596
55.46428630
55.48852762
55.50413597
55.51580067
55.53216567
55.53429493
55.53575598
55.59888783
55.62427528
55.65089935
55.70672311
55.76952069
55.78512298
55.83940698
55.90320491
56.01019846
56.01106640
56.05528140
56.07997781
56.08022657
56.08841541
56.09639992
56.11664728
56.11898627
56.12155897
56.12306593
56.15734851
56.22526394
56.25146340
56.26464819
56.31378165
56.33596008
56.35200021
56.36948769
56.37096059
56.37820459
56.38972558
56.43798956
56.47478883
56.48619168
56.49879994
56.53224417
56.58172401
56.59425191
56.62524460
56.64515821
56.71198442
56.73398042
56.75731182
56.76177545
56.78833880
56.80641044
56.91975098
56.94940765
56.96557993
56.96860993
56.99151503
57.02774136
57.04562962
57.11416745
57.13500117
57.18572907
57.19492419
57.22749680
57.29557314
57.30234070
57.34993401
57.37042608
57.37144046
57.37691388
57.41430809
57.42206300
57.43469404
57.44728964
57.50490701
57.52181387
57.53482216
57.53861746
57.57838343
57.61097615
57.61355165
57.64678839
57.65857058
57.72159038
57.74106363
57.76322766
57.79366535
57.79732643
57.82823233
57.86829189
57.88024461
57.91547269
57.92505523
57.98369808
58.00495416
58.03303549
58.03796339
58.06355760
58.11507472
58.11652075
58.13399529
58.13714705
58.16789104
58.18214838
58.18994228
58.21964209
58.23610840
58.29901709
58.32798586
58.37070082
58.41185327
58.44149660
58.54061349
58.54504710
58.55266087
58.55736460
58.60577248
58.63491130
58.68229866
58.79670384
58.79883598
58.83374284
58.83632421
58.84183105
58.84545629
58.85003790
58.85005866
58.86181552
58.86925986
58.91249024
58.91460407
58.91587894
58.93455754
58.95979143
58.96283591
58.96979711
58.97357837
59.01026377
59.05966141
59.06241731
59.07572776
59.08378257
59.08838113
59.08948436
59.09643701
59.09673397
59.10556758
59.10758186
59.11474622
59.11918461
59.12365566
59.13089456
59.13217491
59.22943537
59.24867637
59.25342313
59.27079993
59.28847322
59.29928413
59.33565124
59.35986391
59.38409056
59.40402303
59.41707487
59.42611308
59.46156127
59.47651914
59.48477528
59.53788904
59.54331438
59.58078086
59.59309116
59.61924079
59.63572815
59.65242345
59.66060333
59.70039287
59.70982064
59.71944875
59.74219914
59.76001071
59.81477946
59.81618739
59.85450756
59.88023943
59.91802373
59.92493298
59.94149019
59.97192516
60.00595284
60.03228839
60.04124410
60.05397370
60.07745574
60.12060627
60.19403094
60.20525270
60.22785840
60.26254498
60.37980619
60.40014923
60.46843035
60.59627122
60.60839476
60.63852276
60.68380493
60.72250693
60.73282826
60.79213729
60.81383444
60.83184664
60.83390015
60.83731599
60.85544150
60.86038951
60.86047547
60.86429113
60.87254299
60.88674271
60.89415706
60.89888460
60.90525991
60.91041423
60.96370614
60.98724366
61.00194937
61.00320340
61.01380618
61.02726126
61.08812685
61.19844188
61.20529837
61.21571960
61.31552450
61.32692849
61.33773713
61.37672766
61.41604328
61.43238039
61.44802231
61.45481986
61.49962295
61.56170358
61.57486116
61.58482500
61.63026317
61.63550926
61.63857977
61.64720822
61.65533829
61.70082187
61.70216734
61.71069772
61.75102146
61.75545543
61.80790856
61.82463027
61.83560284
61.84236169
61.84457595
61.86580389
61.87082034
61.91035147
61.94499647
124.00000000
