0.16802042
0.17058663
0.33289714
0.35163117
0.39909900
0.48694846
0.50655460
0.51840562
0.60901984
0.64430340
0.70031060
0.71638346
0.72970156
0.74496919
0.76747940
0.77957546
0.79073136
0.83817959
0.89599331
0.91960050
0.94132578
0.96260035
1.05192296
1.06127845
1.06402524
1.20873182
1.29830729
1.32959102
1.33885391
1.37334641
1.37422012
1.37595123
1.38354715
1.40917331
1.43888778
1.51482481
1.59732182
1.62111524
1.68604812
1.71457733
1.72001934
1.76306301
1.77956094
1.79332566
1.80277751
1.80496531
1.80549814
1.85172328
1.86894276
1.93610697
1.93773130
1.94201292
1.97386691
2.00391042
2.01902902
2.01954412
2.02175674
2.11507640
2.12474911
2.12585009
2.13379749
2.18024917
2.18472680
2.19639851
2.20102947
2.23204250
2.28429133
2.31273327
2.33489788
2.38183390
2.41666601
2.48117811
2.50330471
2.55279082
2.55363140
2.56094283
2.61417557
2.68557790
2.69838834
2.73339784
2.76884642
2.77964140
2.80902054
2.83661142
2.84625752
2.86762734
2.97906957
3.01872943
3.07163496
3.08631606
3.11790935
3.12272956
3.13221099
3.14489999
3.16821647
3.20510755
3.24675475
3.24868892
3.26350470
3.29189329
3.31175302
3.34768586
3.43773094
3.63090133
3.63386164
3.67763846
3.68379822
3.70237399
3.74910456
3.75130258
3.78647382
3.79896295
3.82528408
3.85797168
3.91135481
3.99431761
3.99668216
3.99928594
4.00480034
4.01673066
4.02104959
4.02264897
4.05120045
4.08371307
4.09247020
4.11665953
4.17798780
4.23059119
4.23901309
4.26735283
4.28887142
4.41347523
4.41640920
4.43953394
4.44595143
4.45038084
4.47190416
4.54325646
4.56421641
4.56610606
4.58112385
4.60055387
4.61802694
4.67188706
4.69745814
4.70836593
4.71608303
4.72548212
4.72953911
4.79068662
4.80555399
4.81956094
4.85351852
4.86900625
4.90923492
4.91612444
4.95388188
5.00841028
5.01261969
5.01829948
5.06902146
5.08866407
5.12746443
5.15656106
5.24471515
5.26280502
5.28695507
5.32180067
5.33600431
5.36125200
5.43185992
5.43988164
5.45730197
5.47458521
5.49084067
5.54780962
5.55920904
5.58536386
5.58692527
5.65482889
5.79785933
5.85142646
5.97784713
5.98223189
6.02623660
6.07304567
6.12398875
6.13185633
6.15293224
6.18467643
6.19152928
6.24407708
6.26296063
6.28030126
6.34617429
6.40679025
6.44795708
6.45152329
6.47229553
6.51666490
6.61666854
6.65987930
6.70447886
6.72595108
6.72663968
6.73755727
6.86061987
6.87836231
6.89172388
6.92093426
6.93649572
6.94673098
6.97570282
7.04803359
7.05884810
7.06625655
7.13322986
7.17941236
7.19102313
7.21954444
7.23720235
7.24748937
7.26638430
7.30836057
7.32018007
7.35950888
7.36188875
7.39630568
7.46246645
7.46961971
7.47703096
7.55999174
7.56280951
7.60505257
7.60930871
7.62692298
7.63356419
7.67976744
7.69958973
7.70757231
7.71136875
7.71290051
7.71987597
7.73721855
7.82933985
7.83630268
7.84515134
7.84713978
7.86247833
7.88301658
7.90389433
7.94538239
7.95166372
8.01505371
8.02846186
8.05245573
8.06519184
8.12419106
8.12678992
8.18587897
8.18927380
8.22322732
8.31346447
8.31760505
8.35191442
8.35987635
8.36587239
8.38071156
8.39825125
8.47874518
8.50414289
8.50744170
8.52208010
8.52837140
8.53775727
8.55373904
8.55379752
8.58640961
8.61271279
8.62125942
8.63438626
8.63703936
8.70572793
8.72197059
8.72909327
8.75422436
8.76851367
8.77272889
8.77926754
8.79131581
8.83035115
8.87207196
8.90527155
8.97930000
9.00631459
9.02120453
9.07833373
9.08694708
9.15664790
9.16980524
9.20749175
9.27901502
9.29371182
9.33054122
9.36958625
9.39315440
9.40760569
9.42776478
9.47410925
9.51971548
9.58119698
9.60129348
9.70960882
9.73196179
9.74539009
9.80080039
9.81693334
9.83563426
9.83851654
9.85763784
9.91288948
9.91484767
9.93444785
9.97624974
9.99055446
10.14105138
10.16441259
10.20934755
10.28751851
10.33887321
10.45417653
10.46378633
10.47729052
10.48222191
10.48692540
10.52268011
10.58468685
10.63522339
10.63719088
10.68241995
10.71284049
10.72740122
10.75788654
10.79735011
10.79911907
10.80630323
10.82833124
10.83889986
10.86143634
10.88214084
10.91060191
10.91935180
10.96239084
11.00731354
11.05048204
11.14172090
11.14223266
11.14464589
11.19447523
11.21057775
11.23782980
11.27434461
11.31020310
11.31783602
11.32292638
11.33190942
11.34814696
11.35200620
11.38544143
11.43540303
11.43734008
11.45454779
11.45550618
11.49033767
11.52616991
11.57675671
11.63979604
11.65562407
11.68604928
11.70908238
11.71085141
11.78306576
11.78871429
11.79568918
11.83397525
11.84501413
11.95034058
11.98545703
12.00015043
12.00944370
12.05214359
12.06265548
12.12445137
12.14142167
12.14687368
12.16340123
12.16544133
12.22865616
12.24224615
12.25769431
12.26494703
12.27903249
12.28487124
12.31500743
12.32432180
12.32893776
12.33774193
12.40880541
12.42236454
12.46043366
12.47266120
12.49506614
12.54801126
12.54895287
12.60094040
12.60638876
12.62689514
12.63987818
12.65171023
12.77317783
12.77492664
12.86803769
12.87081707
12.88391475
12.89135057
12.89836830
12.91414999
12.92306080
12.94583917
13.01427623
13.03187763
13.05665042
13.07126841
13.08143637
13.12201856
13.12585994
13.13473296
13.13934873
13.14285798
13.19858413
13.20175173
13.21665891
13.23571515
13.30530480
13.32702629
13.34341457
13.34970689
13.37079844
13.39890673
13.42113621
13.47803118
13.48140480
13.54314451
13.55482359
13.57627757
13.57895731
13.60708225
13.63512743
13.80109401
13.89811703
13.91844787
13.92111448
13.92776300
13.93207578
13.96274052
14.02318297
14.03944697
14.07416655
14.11378417
14.12232528
14.12928224
14.21141269
14.22978578
14.24949339
14.25802203
14.25916258
14.27635809
14.33405744
14.33587372
14.34730445
14.39910651
14.53419472
14.59515668
14.60434503
14.60437760
14.65194136
14.66075968
14.67968958
14.71289638
14.72461421
14.72823593
14.78771170
14.78941363
14.83280076
14.86480055
14.90224957
14.91317372
14.93098057
14.93102957
14.97871558
14.99777415
15.04500257
15.05031182
15.08320982
15.08994220
15.14806472
15.14952341
15.27845235
15.31254641
15.31714493
15.33503961
15.34817062
15.35594475
15.41634331
15.45043200
15.47128584
15.53373029
15.53612385
15.53669380
15.55426080
15.56896711
15.65819898
15.66626297
15.73094778
15.74543534
15.77328448
15.78211220
15.82418657
15.88237166
15.90025120
15.97267552
15.98213259
15.99867235
16.02630284
16.11451442
16.15908662
16.16535083
16.18293028
16.24025767
16.26285704
16.30871825
16.31228438
16.33646519
16.36797838
16.38838083
16.39563288
16.46983909
16.47468219
16.48367743
16.48841224
16.51831009
16.53117469
16.54984787
16.55524267
16.60108044
16.60340993
16.60643555
16.63270221
16.67340034
16.68830580
16.71170821
16.74715514
16.76076223
16.76546376
16.77633245
16.81511668
16.90871113
16.93325941
16.96279793
16.96884204
17.05916849
17.09620376
17.14345191
17.20194388
17.26619709
17.26968496
17.28635520
17.29481428
17.30601615
17.30601802
17.34045929
17.34889216
17.39676801
17.49191104
17.52274447
17.54689992
17.55670515
17.56130927
17.56999451
17.59184178
17.59407943
17.60182132
17.60956605
17.66209767
17.67270910
17.73837751
17.75326259
17.81931475
17.84228892
17.90045505
17.91385918
17.93899037
17.96659191
17.98419584
17.99033801
18.00799896
18.01720381
18.03227804
18.06646409
18.07178231
18.08386123
18.14747655
18.15110830
18.15128946
18.21605312
18.22445653
18.22470444
18.24151328
18.27861663
18.29822107
18.31167192
18.31872581
18.40592558
18.42842511
18.49458658
18.55609250
18.56010339
18.57126036
18.59881573
18.61980260
18.64307735
18.65031451
18.65364727
18.67849215
18.73186988
18.78937752
18.79247215
18.85163045
18.87323480
18.89550900
18.89893902
18.93498314
19.12718940
19.13457460
19.14220716
19.14693175
19.20375854
19.21408284
19.27595236
19.29632531
19.30163365
19.32683055
19.33985054
19.36141938
19.40318391
19.45854099
19.45876544
19.48694470
19.49100422
19.68209545
19.76245609
19.76524156
19.77228240
19.81097494
19.82711530
19.82989764
19.84674143
19.87272164
19.94331344
19.97279790
19.98125508
19.99701901
20.00296060
20.06413731
20.21794427
20.29126214
20.31461183
20.32853929
20.35562736
20.38271643
20.40413018
20.42568515
20.44970848
20.48170339
20.49509628
20.49665499
20.54839281
20.59882411
20.60964793
20.65044359
20.65297609
20.68821562
20.76157054
20.77482759
20.79640019
20.79999965
20.82106466
20.83787154
20.86051039
20.86719607
20.89913683
20.93018585
20.93282543
20.97025242
21.02871652
21.09193170
21.11033239
21.11696382
21.14656522
21.15204670
21.16848484
21.20658064
21.26137805
21.28226345
21.32345235
21.39971291
21.42697929
21.48529640
21.48751869
21.49168236
21.49518597
21.51616205
21.55516791
21.56049920
21.56893805
21.61029376
21.63153792
21.64029136
21.65539451
21.69587876
21.72549045
21.72993201
21.73387863
21.76479499
21.77909078
21.80158908
21.85363565
21.88611674
21.95524058
21.96889176
22.02373569
22.03041249
22.07826718
22.09910216
22.11283522
22.13494751
22.14674498
22.17218504
22.17512387
22.18026712
22.18250330
22.18915046
22.21615905
22.25098023
22.28758330
22.31440406
22.31694275
22.34578384
22.38005976
22.38037081
22.41564920
22.44767261
22.47414006
22.48821990
22.51000477
22.53319316
22.55345980
22.56968252
22.68166844
22.69485362
22.69583772
22.71848212
22.72622122
22.73559853
22.75437317
22.77118326
22.80563128
22.81023033
22.81922547
22.85080717
22.95591791
23.03265798
23.09131627
23.09503754
23.16964594
23.17054742
23.21534228
23.28917976
23.38003766
23.38986599
23.39177776
23.44739112
23.46915969
23.50891827
23.51077359
23.51681150
23.52618306
23.53027692
23.56830545
23.57417305
23.64775384
23.65166523
23.65244068
23.66138363
23.74360717
23.74532950
23.81154870
23.81448439
23.83333571
23.88441180
23.88556444
23.95965758
23.98597429
24.02045092
24.07194702
24.07546164
24.12352559
24.14465920
24.17740764
24.22107440
24.24605941
24.26887919
24.27546238
24.27618593
24.27915427
24.36385017
24.37672486
24.39247257
24.41411417
24.47222849
24.59961405
24.60437805
24.60767280
24.66310460
24.67708249
24.71469030
24.78120458
24.79902874
24.80467077
24.84480255
24.88530233
24.98573021
25.13345939
25.14382514
25.21477212
25.27558973
25.30584124
25.32394015
25.32634699
25.34347935
25.45040458
25.48205584
25.51167522
25.57319959
25.61799078
25.64762552
25.67938595
25.68275747
25.71124948
25.77663923
25.79030138
25.80249306
25.82948113
25.84726427
25.88207716
25.90785111
25.90992617
25.95946042
25.98191869
26.00436968
26.06819853
26.11048795
26.12769651
26.18279766
26.18709760
26.22750233
26.23288381
26.24750614
26.25438293
26.27553177
26.34147492
26.35166902
26.36149944
26.41235470
26.41649669
26.43042618
26.45990964
26.52598978
26.54494222
26.63241807
26.64637588
26.67321603
26.68983808
26.69056261
26.69281336
26.70948508
26.75529285
26.82433340
26.83435152
26.85521426
26.88153469
26.88442828
26.91883281
26.92586358
26.98574241
27.04819328
27.07263438
27.08291976
27.08504415
27.08799660
27.10184196
27.13971952
27.22198530
27.22939880
27.25216932
27.26983167
27.27893048
27.31902389
27.36230011
27.39611357
27.42369979
27.45333702
27.52345910
27.55865016
27.56532018
27.56574233
27.58748310
27.59992082
27.66325719
27.73188305
27.76449521
27.77933043
27.79207109
27.80267262
27.80398985
27.81026687
27.81830193
27.83188233
27.84116896
27.84300009
27.84652344
27.85789679
27.91311491
27.92705733
27.96867688
27.99306390
28.00504268
28.02942713
28.11983257
28.13319939
28.13613745
28.14829071
28.18730777
28.19904124
28.20272462
28.25708878
28.34062853
28.37434393
28.43219742
28.52779475
28.55923390
28.59345612
28.62122738
28.70520475
28.71716280
28.71971589
28.72573240
28.72910112
28.74683828
28.81463712
28.82862087
28.87156242
28.91118432
28.91815166
28.93917192
28.94144038
28.96054744
28.97380771
28.98579590
28.99606072
29.02634248
29.05920502
29.06100293
29.12802944
29.13711928
29.15821688
29.15977921
29.16592282
29.22574399
29.25722849
29.28391038
29.28981470
29.29515830
29.32726062
29.34226200
29.37177648
29.38916074
29.39481970
29.40049528
29.42083654
29.44190837
29.47645686
29.51829073
29.55721178
29.66856498
29.72429776
29.73813921
29.74055492
29.74878560
29.89342204
29.89594976
29.91199179
29.94632726
29.96077783
30.01773216
30.02751760
30.04767829
30.08453815
30.09611224
30.16635165
30.21250319
30.21298629
30.22533555
30.23846425
30.25170931
30.27390949
30.29103743
30.29368979
30.31478160
30.31548370
30.32459307
30.33992320
30.36457878
30.40204950
30.41981517
30.43399967
30.47748402
30.49368872
30.49440682
30.51065167
30.51678696
30.53409966
30.53419389
30.57777330
30.68034315
30.68747147
30.69662978
30.71007186
30.74743441
30.74791976
30.77076808
30.82361557
30.91533790
30.92695043
30.93207272
30.93464626
30.94936341
30.96972420
31.02980737
31.07273950
31.07544575
31.10213436
31.11870268
31.14672534
31.14746177
31.15063081
31.15169038
31.16928965
31.20505301
31.21844116
31.22489975
31.23397314
31.30391533
31.35103893
31.37577909
31.41701935
31.42189016
31.43510670
31.50808026
31.53018617
31.54767897
31.60363757
31.62544470
31.63236521
31.64983961
31.71524986
31.73959795
31.76103071
31.80593192
31.81987081
31.84073294
31.92347141
32.02483321
32.07477006
32.11091259
32.11524528
32.12508472
32.12998891
32.15227889
32.16794560
32.23181859
32.27017800
32.30477053
32.38328429
32.38391557
32.38733821
32.39523015
32.41797459
32.43908314
32.44014440
32.44431110
32.46855075
32.49956269
32.50838169
32.52983406
32.53280449
32.55019874
32.63380425
32.66450913
32.67636284
32.76887793
32.77934260
32.82068283
32.95784275
32.98225580
33.05144033
33.05237023
33.06191873
33.10972507
33.11507782
33.13336237
33.19206260
33.20650229
33.20700125
33.21390246
33.22043223
33.22749190
33.28373322
33.32789836
33.37834456
33.37869984
33.39840553
33.40219362
33.40562256
33.41413058
33.42306126
33.42313192
33.46658574
33.48343378
33.53001877
33.53960920
33.54453345
33.56406166
33.60696279
33.63120007
33.69185548
33.70663712
33.72277436
33.73753821
33.73855781
33.74809737
33.76123972
33.78766289
33.81965437
33.82292670
33.82692790
33.84395844
33.84881890
33.85404449
33.86992003
33.87498987
33.90806703
33.90999767
33.92102856
33.98228124
33.99388121
34.01572369
34.05214044
34.06326423
34.18301872
34.19664151
34.19795149
34.26462905
34.29163594
34.33551797
34.34973144
34.37460542
34.39070326
34.39567891
34.41033589
34.43265265
34.43309539
34.44962883
34.45574555
34.46814521
34.48107548
34.51160475
34.54712983
34.54745132
34.55078752
34.57198271
34.57983180
34.58730719
34.60149017
34.63017880
34.63033428
34.64880567
34.68112462
34.69812953
34.69867279
34.69987017
34.72842471
34.73074059
34.77047373
34.79041637
34.83720411
34.86353656
34.87548808
34.91242547
35.06313365
35.07533186
35.07985803
35.16534796
35.20057121
35.24102190
35.25970668
35.26605899
35.26989099
35.28132930
35.29424624
35.35320335
35.36290472
35.36350109
35.38101514
35.40965950
35.41780654
35.43273348
35.48723908
35.54866089
35.57769149
35.63890697
35.66686477
35.71504694
35.71689710
35.73850584
35.78296429
35.78803075
35.81349530
35.94242593
35.98184650
36.01118076
36.06362225
36.09464747
36.10382369
36.15746775
36.16671382
36.21428811
36.23597093
36.25042371
36.27848289
36.38565311
36.38766274
36.41146087
36.41181323
36.44178519
36.44324559
36.48173141
36.48938892
36.49355335
36.49423849
36.50688199
36.52229685
36.57003330
36.59282192
36.61636308
36.61954637
36.64072336
36.64522097
36.65102737
36.67263970
36.68245240
36.70383721
36.75758895
36.75765294
36.78849851
36.83649030
36.85422800
36.90720593
36.91262277
36.92531966
36.93845140
36.94787732
36.96475877
36.98429179
37.00704403
37.01018297
37.05969276
37.07716053
37.12205778
37.16997903
37.17374926
37.19853299
37.22816204
37.22861630
37.26657032
37.30210405
37.33731664
37.34434426
37.35034074
37.35252768
37.38680117
37.39148800
37.39399858
37.48371794
37.50588232
37.55075181
37.58476450
37.61527962
37.63201014
37.68507097
37.70465053
37.73341612
37.77593058
37.78068598
37.80709018
37.96099596
38.03143371
38.04057331
38.04247603
38.05736363
38.11381964
38.16003695
38.16033501
38.20120241
38.21965733
38.23478108
38.23823378
38.24841657
38.27016693
38.33990269
38.47482235
38.48399323
38.49806722
38.52630378
38.55936799
38.57202992
38.61338988
38.62363422
38.67114495
38.84815872
38.87547472
38.90237203
38.91547566
38.94022846
38.99891813
39.00900909
39.08925340
39.11015140
39.11848816
39.12775881
39.16238480
39.16653849
39.18820855
39.20559872
39.21993309
39.22569646
39.25851804
39.26413575
39.30074930
39.33072305
39.35042056
39.35572999
39.37446793
39.38404537
39.40968156
39.42268257
39.46623952
39.47990478
39.57309367
39.57862562
39.59014651
39.63732170
39.66170066
39.66950893
39.68106697
39.75314770
39.81081558
39.85185252
39.85747378
39.90478959
39.95674024
39.99086244
39.99208877
40.01905597
40.04597537
40.07412333
40.12483892
40.19450571
40.24873941
40.29757096
40.30307011
40.30574351
40.31624541
40.33753778
40.36123072
40.37779620
40.45194055
40.47465628
40.47573970
40.52706363
40.55034111
40.65707908
40.67868097
40.69061016
40.76758168
40.79053784
40.90493145
40.91068142
40.95415760
40.96358694
40.97225925
40.99884132
41.01789494
41.02163349
41.02461840
41.03263286
41.08764452
41.10627298
41.11968970
41.21147544
41.28286693
41.28610067
41.29750887
41.40746530
41.44061258
41.51248384
41.51969185
41.57115171
41.64918442
41.66045051
41.68400403
41.77367302
41.79169021
41.80153138
41.83778298
41.84723355
41.88827594
41.88992423
41.98252818
41.98806729
42.07080586
42.07604817
42.10168244
42.13456565
42.13728627
42.14162168
42.14245576
42.15583881
42.20418543
42.25652517
42.30772386
42.44076184
42.44213351
42.44715660
42.45777719
42.50461869
42.58162985
42.58266995
42.62401073
42.62622177
42.63796542
42.65728901
42.67650308
42.68358807
42.71456897
42.72154219
42.74489857
42.76205596
42.79531027
42.80626263
42.86425092
42.90058073
42.91450266
42.92648190
42.92812830
42.93284563
42.94432209
42.94623880
42.95090607
42.95520497
42.97645300
43.00064629
43.04490841
43.06652723
43.08859367
43.11216122
43.13683425
43.14971438
43.17166548
43.20795169
43.23174533
43.23703572
43.25420069
43.29263333
43.30625821
43.30842724
43.35251484
43.35459570
43.37330702
43.40282208
43.44252046
43.45626009
43.46264263
43.48191513
43.49186874
43.55948985
43.62786504
43.63232549
43.63245191
43.64245208
43.65610396
43.66036697
43.69627739
43.69906767
43.72222171
43.73376763
43.76972458
43.77223957
43.82346983
43.85660310
43.88429970
43.90978202
43.93109885
44.02349965
44.03215288
44.03239897
44.04486431
44.05675569
44.07221786
44.08859226
44.10038457
44.11140002
44.11648969
44.13324557
44.14436214
44.15834957
44.25855747
44.28449807
44.33052970
44.34286335
44.37384963
44.41279054
44.43245856
44.46173457
44.48225045
44.49669138
44.53810385
44.56652638
44.58322308
44.63260576
44.66164272
44.66638094
44.68539226
44.74594526
44.77502132
44.77974673
44.83541376
44.85433393
44.88101396
44.91133971
44.97222743
44.97457169
44.97616067
44.98753730
45.02252918
45.02349251
45.04038432
45.04832821
45.05196783
45.05729652
45.09386444
45.18124536
45.24397890
45.24659598
45.26691267
45.27737272
45.27914769
45.29669413
45.36769423
45.38277187
45.38416808
45.42392734
45.47545960
45.50680740
45.55267821
45.56712751
45.56833188
45.57707236
45.59259541
45.62920953
45.67471444
45.70477348
45.74422652
45.77505861
45.80997302
45.81971027
45.83932999
45.84272679
45.89464126
45.89609171
45.89748708
45.91442153
45.91682159
45.93450664
45.94186259
45.94781836
45.96062346
46.07477954
46.10216840
46.10473471
46.10718133
46.17544823
46.19997742
46.23896568
46.24455295
46.27048684
46.30776129
46.31751734
46.36685842
46.38584735
46.39867404
46.44633158
46.48683364
46.51446798
46.54624668
46.55567890
46.60641293
46.73172761
46.74615371
46.76969277
46.78636917
46.81383940
46.81717083
46.84531823
46.91505038
46.94299182
46.95109553
46.97620119
46.98908048
46.99747720
47.02048538
47.03225528
47.06632697
47.08874152
47.09079913
47.14939065
47.16669673
47.23187400
47.27476715
47.31668361
47.31914614
47.35480942
47.36882297
47.39999947
47.41939498
47.42894956
47.43057901
47.43339414
47.47928237
47.51907635
47.52423063
47.52566462
47.61772276
47.65130527
47.66957262
47.72856091
47.74516981
47.78184968
47.80222603
47.80734055
47.83306691
47.85186428
47.89111757
47.91382230
47.94494458
47.95357972
47.98265338
48.02380326
48.03879000
48.06462204
48.06883428
48.07284933
48.11548471
48.17070730
48.20275284
48.20919655
48.21782012
48.22496670
48.39560322
48.48904639
48.49153267
48.49358470
48.60722880
48.63950366
48.69027613
48.69841939
48.71177207
48.72181238
48.73905415
48.74178160
48.74245197
48.75011746
48.79798290
48.80501491
48.82645671
48.85803441
48.93651195
48.97194302
48.99932022
49.01196093
49.03626078
49.05322234
49.06464161
49.08793958
49.09004819
49.12894975
49.16038632
49.17439371
49.21526516
49.26257253
49.27940145
49.28163118
49.29159690
49.38347799
49.38808044
49.38936513
49.39480483
49.40308010
49.41690617
49.43084404
49.43399897
49.48459157
49.48472776
49.51705368
49.52355354
49.53718825
49.59313178
49.61166284
49.71803681
49.73845219
49.73894696
49.73913492
49.74075571
49.82977073
49.85842724
49.85977171
49.88628668
49.90663233
49.93069386
49.93973438
49.97674616
49.98355402
49.98551788
49.98665567
50.04561513
50.09275576
50.15547430
50.16462569
50.23866227
50.24427037
50.27452904
50.28662344
50.30575446
50.31952146
50.32953867
50.40495778
50.41312764
50.44738029
50.45226479
50.52811459
50.62373411
50.66253473
50.68070472
50.68260390
50.68764330
50.74677124
50.82969494
50.85682026
50.94916573
50.95167488
51.00599205
51.03625231
51.06020851
51.10560856
51.13703439
51.15913995
51.18231717
51.20940855
51.21545921
51.25490614
51.26215895
51.26423048
51.31006595
51.31019520
51.31889078
51.32259949
51.34375114
51.35359715
51.35917852
51.37257376
51.37622577
51.37656083
51.41590392
51.47992603
51.48695923
51.48958691
51.49168840
51.53666868
51.55485379
51.66347062
51.67721086
51.67936878
51.68191638
51.69852450
51.71769490
51.74565375
51.79503129
51.79822887
51.79965218
51.82679589
51.87049675
51.90974717
51.92063434
51.92237055
51.93241588
51.94240954
51.95678989
51.96487146
51.97059141
51.99016364
51.99198529
51.99868420
52.03684471
52.03975549
52.05658677
52.15885075
52.20370793
52.22749185
52.29149535
52.29265967
52.30488077
52.32194245
52.37738703
52.54817303
52.55136578
52.61220747
52.61967516
52.62519361
52.62535316
52.64846166
52.65146691
52.66329239
52.66577049
52.67267580
52.68380492
52.78446476
52.81223156
52.83179772
52.83328370
52.83458966
52.83842655
52.88830056
52.90159571
52.94704767
52.95823064
52.96584037
52.97245921
53.02401737
53.02523202
53.03349522
53.07826104
53.10789606
53.11250318
53.12199392
53.12778288
53.24793452
53.29508142
53.30947184
53.33075788
53.34719714
53.35195694
53.41903879
53.42272943
53.44302883
53.44857447
53.48262972
53.48340881
53.49548705
53.49940528
53.52023969
53.59766550
53.59955542
53.60669480
53.61190341
53.63229639
53.64358474
53.66160111
53.72336594
53.76062816
53.77002781
53.77346901
53.84224565
53.87530174
53.88967816
53.89789438
53.92867199
53.93604995
53.96588152
54.01717043
54.03151470
54.12146570
54.13998886
54.17922900
54.18810741
54.27620864
54.28552110
54.31377935
54.35163935
54.36095463
54.36562296
54.39067232
54.42310367
54.42536939
54.43345476
54.53470588
54.54700131
54.56758046
54.59552452
54.60772246
54.61476236
54.63092886
54.63733875
54.66068953
54.71179122
54.71540867
54.71692999
54.73882570
54.82161904
54.83925511
54.91771256
54.92332121
54.94885491
54.97759508
55.09267650
55.09479957
55.11311893
55.12201496
55.15229057
55.16095724
55.17096820
55.22506345
55.24440452
55.28320334
55.28572625
55.29775820
55.30049949
55.33548070
55.39762018
55.41019458
55.44594518
55.44800209
55.47988699
55.56866636
55.57753353
55.58955517
55.61101858
55.73975620
55.79896360
55.80062784
55.82466941
55.84500185
55.84999839
55.96254903
55.98178078
56.15452421
56.16478830
56.21227025
56.23942352
56.26464819
56.30301520
56.33557474
56.33650734
56.38766097
56.38972558
56.40777877
56.41748708
56.43002766
56.49762092
56.54307042
56.56287512
56.57567097
56.60789946
56.61808820
56.64142845
56.72980924
56.77137734
56.77203621
56.78280679
56.79895522
56.84105361
56.87884062
56.96915566
57.00858609
57.02774136
57.09108691
57.11106303
57.12241167
57.13403599
57.18622646
57.22416286
57.24245193
57.28730469
57.29870143
57.32368485
57.37833883
57.39506739
57.40395706
57.40977533
57.41349252
57.46200120
57.46519527
57.48479692
57.49994353
57.53181627
57.53396204
57.59663105
57.63795798
57.64450175
57.64702123
57.68528954
57.75277773
57.90036472
57.91598903
57.98998696
58.00875611
58.05335534
58.06355760
58.06913336
58.09426279
58.13080542
58.14621774
58.16597449
58.17010764
58.18800250
58.20302105
58.29620202
58.31943776
58.33264010
58.36675969
58.37067428
58.41975200
58.42309533
58.44461875
58.51781875
58.51899313
58.59483119
58.62962683
58.64471102
58.65085761
58.65105433
58.69901179
58.74037401
58.74298640
58.74792258
58.83120389
58.84490798
58.93326537
58.94468918
59.00025125
59.00513626
59.06187137
59.08467890
59.08711569
59.08755114
59.09575086
59.11506440
59.15137650
59.16918854
59.17158733
59.19048340
59.24270913
59.24900052
59.36521974
59.37935150
59.38413111
59.40745272
59.46778273
59.47406677
59.49294188
59.51519694
59.51918128
59.53901971
59.54417559
59.55241781
59.56641851
59.60017688
59.63572815
59.68989048
59.69743125
59.76960529
59.77961469
59.80423340
59.81052279
59.82376851
59.88978918
59.91091247
59.91417141
59.91648996
59.94149019
59.97034933
60.00199778
60.00444656
60.01494017
60.01973171
60.02529337
60.06007450
60.16034804
60.16381329
60.18657607
60.26508438
60.29821275
60.30537092
60.32650702
60.35316120
60.39157460
60.42154892
60.43884955
60.47034617
60.57488806
60.60968980
60.65287299
60.68380493
60.72101916
60.79959469
60.80117206
60.85456558
60.89634465
60.95279143
60.98052601
60.98836087
60.99969910
61.00350673
61.02992224
61.08719809
61.10160670
61.12620297
61.14433078
61.18009000
61.19687151
61.25890404
61.27410407
61.29140994
61.29297226
61.35009723
61.35161811
61.35746307
61.37022341
61.42978944
61.43546667
61.45311015
61.48798823
61.57510217
61.72445791
61.81078515
61.85235434
61.87402207
61.90774457
62.00345132
62.06791281
124.00000000
