0.08437249
0.08923033
0.10736642
0.12583904
0.15071783
0.15467425
0.20913229
0.26016439
0.33289714
0.35888989
0.40875795
0.48319616
0.51840562
0.54353445
0.55593013
0.57961650
0.63349645
0.66148769
0.72243054
0.72319469
0.72970156
0.74124874
0.77876993
0.80296744
0.80756145
0.81401845
0.85524074
0.85860637
0.90772937
0.93484967
0.95560830
1.03409339
1.07051017
1.08060999
1.16630806
1.18528564
1.19061721
1.21145657
1.21961026
1.25035030
1.25069800
1.27358388
1.27789316
1.32815741
1.33782432
1.41338175
1.43040366
1.44621859
1.48042430
1.48542253
1.52797519
1.61774247
1.62161231
1.65396353
1.71008178
1.79759181
1.90347655
1.91234831
1.95031470
1.99368841
2.01902902
2.07258742
2.10424667
2.15175274
2.17134797
2.23395086
2.29072561
2.29887677
2.31518242
2.37481748
2.38464520
2.38669041
2.41457808
2.41576213
2.41745488
2.45221474
2.47242697
2.48858964
2.50084790
2.53146162
2.56433974
2.58173099
2.72843200
2.81159407
2.81306137
2.90463451
3.09749986
3.13221542
3.15726794
3.16977333
3.18101540
3.19179033
3.20182890
3.27497752
3.28588586
3.33793778
3.35302471
3.37961637
3.38254941
3.40753559
3.40759017
3.41473172
3.43057048
3.46550095
3.47221066
3.50628034
3.50757583
3.50871336
3.52678246
3.61935150
3.63490762
3.71091937
3.72004447
3.72114863
3.73104959
3.78027420
3.79537063
3.81416449
3.85644825
3.86302859
3.89411285
3.90766902
3.90880884
3.99239419
4.03964351
4.04753593
4.06663148
4.08364441
4.08964147
4.10413129
4.15739543
4.19671788
4.19810443
4.21979493
4.23147572
4.24924195
4.32151824
4.40617082
4.41595181
4.47863747
4.53029628
4.59290829
4.63277223
4.64281425
4.65076765
4.66248167
4.70653166
4.72878792
4.76150675
4.86434662
4.89071506
4.89110675
4.93829113
4.96671930
4.99862137
5.01328941
5.03810962
5.06531628
5.09009572
5.10763022
5.17146084
5.17512004
5.17636382
5.19578133
5.24623258
5.24795728
5.25450143
5.29467487
5.33004822
5.35481357
5.37068050
5.38362402
5.42490445
5.46210463
5.52691315
5.64123131
5.69541840
5.70622258
5.71675526
5.73377344
5.77392204
5.77892739
5.78156141
5.81589535
5.81933566
5.90616430
5.95190693
5.98592358
6.02623660
6.08950407
6.09398819
6.09853447
6.18467643
6.19907551
6.21463432
6.23325747
6.26378234
6.26539421
6.30863759
6.30989543
6.32380125
6.42753309
6.43257375
6.43718705
6.44652880
6.48380918
6.51115732
6.51581288
6.52507355
6.53028367
6.53868614
6.55452997
6.55920859
6.56742736
6.56943273
6.58073024
6.64226257
6.68677441
6.69597822
6.78683405
6.83986125
6.84895282
6.85453946
6.85888575
6.85929576
6.91149456
6.93431424
6.96058517
6.98809762
7.00253659
7.02933435
7.16824827
7.19902380
7.23170167
7.26935143
7.28776760
7.28877278
7.35745854
7.39964438
7.41858605
7.44540092
7.52387727
7.53319036
7.54785875
7.58183855
7.61067096
7.62935583
7.64537031
7.64963649
7.73553525
7.74085651
7.74595551
7.77611788
7.79479358
7.81080220
7.82969931
7.93986478
7.94032213
7.94310894
7.94776935
7.99102131
7.99810358
8.10902289
8.14222573
8.17431334
8.20519417
8.22322732
8.25653853
8.26683946
8.34710998
8.35478299
8.40961631
8.41412826
8.43576437
8.43840161
8.46349348
8.46978056
8.48147971
8.52556172
8.52889684
8.55989366
8.62047836
8.62516930
8.62602656
8.66322722
8.67914602
8.69267436
8.69325714
8.71705305
8.75145211
8.75796962
8.77145336
8.78681342
8.79108508
8.81716277
8.81790730
8.82864629
8.85294427
8.86303855
8.86425574
8.86774989
8.90052015
8.93297301
8.98296111
8.98971939
9.00029982
9.04311080
9.06759466
9.15340455
9.18513670
9.20701841
9.22993303
9.24383985
9.25687718
9.28383121
9.37841536
9.44311601
9.48677870
9.51971548
9.53023571
9.57736092
9.61291565
9.62279241
9.74347096
9.77798847
9.77880008
9.78677654
9.79910215
9.84994209
9.87360105
9.88011862
10.05873098
10.10632489
10.17638731
10.36465068
10.40639746
10.43054807
10.44231088
10.45421905
10.48434173
10.51384610
10.52659920
10.56824322
10.61815884
10.71787391
10.74581620
10.80909311
10.83240325
10.86976430
10.89973950
10.99269085
11.01597857
11.03406828
11.04052477
11.06885174
11.08479783
11.16762011
11.19286303
11.20007752
11.24997395
11.25683911
11.26874388
11.30524999
11.33573381
11.34185609
11.36511606
11.43977399
11.45731672
11.47309588
11.47323587
11.51189054
11.52470446
11.59251817
11.60243225
11.67589620
11.73388902
11.75675127
11.81520691
11.81991656
11.82319411
11.86674374
11.87140167
11.88627700
11.94892948
11.98538618
12.01038114
12.05218714
12.07479884
12.08921408
12.10629607
12.12037348
12.12857594
12.15039981
12.22865616
12.28019344
12.29454024
12.29486116
12.35190164
12.36518155
12.36627204
12.39913532
12.43290126
12.44883998
12.46199257
12.52074718
12.52400864
12.63986815
12.65866656
12.67780489
12.70972007
12.71297246
12.72341185
12.73504565
12.74612488
12.75976869
12.78437178
12.78523564
12.78578313
12.79122059
12.82469726
12.88406442
12.90013197
12.97127905
13.02992796
13.06393254
13.07486206
13.07589229
13.10729520
13.10744354
13.14285798
13.14370479
13.15835747
13.19349500
13.21198011
13.26936954
13.27228311
13.27875873
13.29647764
13.34203653
13.34227047
13.34586408
13.34816969
13.35972860
13.37016129
13.37695941
13.38219505
13.46368259
13.56979609
13.57895731
13.57913449
13.61455459
13.62800588
13.64758464
13.66244937
13.68610385
13.69355919
13.71076000
13.71737241
13.73036067
13.74993545
13.75353081
13.76317076
13.81257911
13.83090234
13.86705135
13.89198716
13.91588003
13.92296355
13.96403009
13.96546209
13.97836350
14.01963125
14.03281938
14.04201927
14.07429640
14.09142993
14.10314259
14.11402346
14.14610360
14.22447833
14.25798964
14.35230152
14.40691048
14.43529928
14.45394885
14.48198356
14.52450518
14.52765258
14.56541537
14.57017851
14.57041297
14.59515668
14.64536763
14.65223403
14.65747632
14.66833325
14.67788309
14.67968958
14.69201851
14.77082216
14.77824632
14.77936150
14.81159737
14.90015807
14.93227730
14.95487272
14.96475019
15.01547554
15.01697246
15.02683658
15.03597134
15.03998896
15.04908325
15.05031182
15.05313739
15.08653136
15.09034508
15.10183143
15.11905815
15.12163265
15.12163417
15.14493532
15.16233677
15.16464902
15.21045318
15.22678746
15.23237007
15.24023707
15.24055891
15.27894542
15.30428718
15.32456348
15.35311249
15.38319841
15.39683762
15.45799108
15.48497235
15.54875481
15.57056920
15.57100722
15.62527646
15.63678062
15.65819898
15.69821471
15.70531811
15.70537445
15.77724319
15.78097158
15.80945997
15.84605387
15.86117155
15.86606956
15.88612994
15.90985523
15.91447222
15.95755954
16.00084941
16.00086000
16.00716020
16.01005471
16.01173395
16.14591221
16.16399048
16.17031207
16.17467360
16.18245786
16.19223640
16.19619216
16.25551353
16.28963576
16.36953402
16.41550249
16.44233682
16.45026721
16.49485558
16.50101189
16.51416067
16.51976842
16.57239838
16.59774418
16.65223401
16.66129649
16.68110181
16.70282362
16.70539938
16.72177312
16.76546376
16.78761370
16.81838124
16.82396945
16.86730792
16.87342764
16.89211443
16.89976100
16.92647228
16.93298004
16.93860495
16.97822144
17.03018515
17.07290995
17.07413526
17.07611660
17.10055893
17.10887558
17.11675601
17.13600761
17.18918081
17.19018033
17.28949956
17.29598019
17.29692528
17.33523742
17.34721767
17.40170151
17.40625961
17.58626326
17.59902673
17.73578389
17.74413794
17.74910306
17.76707060
17.79508555
17.82586395
17.84370430
17.89663732
17.94484061
17.98175014
17.98283437
18.01247995
18.02686949
18.02952991
18.04655760
18.06922630
18.11810787
18.15829332
18.20915728
18.28353473
18.32763351
18.33372713
18.37011351
18.38442284
18.51912192
18.52437528
18.53646561
18.57438681
18.61976798
18.64170877
18.69468972
18.72017743
18.72762436
18.81905529
18.82939282
18.86852275
18.89704194
18.91220728
18.93560276
19.04193587
19.04914722
19.05477777
19.06469504
19.15455176
19.18049120
19.23746453
19.31041897
19.37666687
19.41547869
19.47058754
19.49209408
19.49679097
19.67345995
19.69337338
19.70821424
19.73605311
19.76052329
19.76757179
19.78791161
19.86633618
19.89522038
19.89759482
19.93257851
19.94295306
19.95697200
19.96536941
19.97279405
19.98647101
20.00692511
20.02567899
20.04261551
20.09347581
20.09746899
20.13013471
20.14653827
20.16665220
20.17145382
20.23541610
20.23574012
20.27792716
20.29189882
20.39116311
20.41231382
20.41672326
20.52393853
20.66299057
20.67542211
20.78274065
20.81125461
20.82892122
20.83319554
20.83999076
20.90987791
20.95097434
20.98094207
21.02615647
21.02651470
21.04502716
21.06869769
21.07998983
21.08800781
21.09399659
21.12224391
21.14515188
21.14795875
21.23281654
21.25796925
21.25937073
21.26624624
21.26702331
21.27214487
21.27456435
21.28724613
21.31704802
21.35169178
21.42088128
21.43673293
21.45143024
21.45696812
21.45725018
21.48028933
21.48344404
21.50850276
21.51904755
21.53375723
21.54049378
21.55516791
21.55660861
21.56856173
21.58227199
21.65187905
21.66028092
21.69088954
21.70555552
21.74018343
21.74062569
21.75751693
21.77996974
21.79002040
21.84277508
21.87787260
21.89259774
21.89873375
21.90258853
21.96815135
21.96889176
21.96917360
22.01102042
22.01342471
22.05312115
22.06395495
22.09361498
22.13631535
22.17821922
22.20459031
22.20740573
22.25332099
22.31756766
22.32066021
22.38282917
22.38906793
22.39434381
22.40820144
22.42893631
22.45120886
22.46845112
22.48571014
22.50851205
22.51000477
22.51708091
22.56995525
22.59672423
22.60098047
22.61092013
22.65497817
22.79696620
22.81373159
22.81651916
22.82931163
22.86559554
22.89468363
22.96102296
22.96773484
23.00738889
23.01027160
23.05522920
23.07324977
23.08434930
23.09412418
23.12250866
23.13238449
23.14312049
23.22083266
23.25308877
23.26563682
23.28917976
23.34050460
23.34413913
23.37860144
23.42704265
23.46915969
23.47916044
23.50893097
23.54390271
23.57990241
23.62290235
23.72178864
23.79007924
23.81677480
23.86518829
23.88793087
23.93400938
23.95234030
23.98514995
23.99339299
24.03134778
24.04295227
24.05382775
24.06193390
24.07170612
24.11209519
24.14683899
24.17318194
24.18430809
24.18461819
24.19007275
24.19140343
24.19643177
24.25087519
24.28688599
24.30883637
24.34656855
24.41178084
24.41441033
24.51185589
24.53196794
24.54666169
24.59996846
24.63602206
24.64108192
24.68030931
24.74075762
24.74855192
24.75290689
24.79192291
24.82149151
24.83235396
24.83863111
24.84177063
24.84480255
24.88339245
24.89993261
24.90335459
24.93108987
24.94702363
24.96189381
24.98102173
24.99352509
25.01512449
25.10017007
25.12871656
25.14382514
25.16184675
25.16945415
25.18581801
25.29295743
25.31149441
25.32235845
25.33493182
25.46102044
25.52071931
25.55083040
25.57788646
25.66490742
25.68338736
25.73679905
25.78880349
25.80868657
25.83033418
25.90357408
25.90480592
25.94921473
25.97855522
26.02108697
26.02698575
26.07064117
26.12653005
26.12877439
26.18215145
26.20208483
26.25932362
26.32077947
26.33638848
26.34454525
26.43045075
26.48494518
26.48743089
26.49826598
26.51813452
26.51970054
26.52598978
26.53003978
26.55639130
26.57977613
26.60448620
26.61804682
26.63866631
26.71421035
26.76696891
26.84629524
26.84638217
26.85134638
26.86577567
26.87739763
26.90481279
26.91344257
26.93324337
26.96452119
26.97752569
27.04819328
27.09000886
27.15233969
27.20368628
27.20515246
27.31737838
27.32666996
27.33207128
27.35776658
27.35844578
27.36133391
27.42232043
27.52955196
27.57415555
27.57617308
27.58769856
27.59341948
27.60066994
27.61281824
27.61656156
27.65901885
27.69158376
27.71993525
27.72515068
27.81026687
27.82586799
27.84300009
27.88183408
27.91311491
27.94446592
27.96856180
27.96917789
28.05739262
28.09444901
28.26614755
28.31710842
28.33301456
28.35016195
28.38935383
28.40903022
28.41326157
28.41347181
28.44294697
28.48847230
28.55645303
28.59040589
28.59204512
28.60255533
28.64148494
28.64775125
28.65945722
28.69821184
28.73612794
28.75803288
28.76443055
28.76750329
28.77123075
28.80764997
28.80945651
28.81340711
28.82077922
28.83523064
28.83681989
28.87156242
28.88499128
28.88798254
28.93815286
28.94500799
28.96886742
28.98259145
29.00023094
29.03565904
29.04612350
29.06725108
29.14875442
29.18368833
29.18856813
29.20225611
29.20386980
29.27129592
29.27935618
29.28043964
29.29240273
29.32726062
29.34844124
29.37158850
29.37784413
29.43196642
29.44031729
29.45778234
29.46542542
29.50128615
29.50211238
29.50404565
29.56171015
29.57719907
29.59137889
29.61252005
29.61931413
29.62239782
29.63191379
29.63456729
29.66466894
29.69443613
29.69664291
29.70906870
29.72395112
29.76420904
29.77028070
29.79182890
29.79772413
29.81797904
29.82774266
29.83790460
29.84904401
29.89342204
29.96153635
29.96942993
29.99817933
30.01484105
30.03222771
30.03346341
30.10141811
30.15120421
30.15966868
30.22587620
30.25828966
30.32135989
30.34408645
30.34443643
30.38808542
30.40268586
30.40769268
30.46744886
30.47066771
30.48152310
30.49025795
30.57484279
30.69882779
30.72894578
30.76547332
30.79153538
30.81375162
30.91070064
30.93882073
30.95135792
30.97238726
30.98024050
31.00570062
31.03722012
31.04239205
31.08045046
31.16401533
31.18791962
31.21256111
31.25655422
31.29239025
31.32753503
31.33991380
31.36038887
31.38481830
31.41481035
31.44750001
31.44758766
31.47720339
31.48200644
31.48233221
31.50808026
31.53497894
31.53738447
31.59378339
31.60951044
31.63140991
31.63528770
31.66642383
31.68675266
31.69845176
31.70767618
31.71556627
31.79988630
31.81165109
31.82833169
31.83282154
31.84068439
31.84767263
31.85755827
31.86959789
31.87471801
31.88976739
31.90084827
31.95202002
31.95543953
31.98348030
32.01066973
32.02821604
32.03883342
32.06608547
32.07709124
32.10293632
32.17236831
32.17765730
32.17766176
32.22914534
32.25584077
32.25962915
32.26355283
32.31638438
32.32254245
32.34005266
32.34222085
32.37342818
32.48900677
32.57592761
32.57601875
32.58021579
32.59480002
32.61021782
32.64287330
32.66035469
32.66302578
32.66745565
32.67935092
32.69067464
32.69299600
32.70631759
32.71334550
32.72232070
32.74698683
32.75142759
32.77414126
32.82365086
32.82876335
32.90036114
32.90185205
32.90712231
32.92038000
32.92140273
32.96378468
32.97681078
32.98390265
33.00652030
33.04689310
33.09936827
33.12635473
33.13016591
33.13240092
33.20650229
33.22158868
33.26707164
33.29510117
33.32260210
33.33255225
33.34268616
33.39457019
33.39555023
33.42940625
33.44689913
33.45315103
33.47172595
33.49777214
33.54502138
33.54673428
33.55038187
33.55659339
33.56643545
33.62455519
33.63321370
33.63912466
33.68998607
33.70843983
33.73582947
33.74759367
33.75088533
33.76052269
33.76893197
33.77396974
33.78006610
33.78766289
33.80526271
33.84563522
33.96972945
33.97559703
33.98460921
34.01271697
34.12908807
34.13427382
34.14104752
34.18613724
34.18701532
34.18718061
34.23671212
34.24396154
34.28058839
34.28444757
34.29742806
34.30812801
34.37651469
34.39070326
34.42264344
34.57361562
34.58730719
34.60130163
34.63428106
34.66548663
34.69037089
34.73903562
34.76010278
34.77797368
34.83720411
34.84279282
34.89010176
34.89785608
34.93354756
34.93573684
34.98785819
34.99963097
35.01215033
35.02076975
35.02471720
35.03164360
35.04156900
35.06065139
35.07813696
35.10525593
35.13602221
35.14278284
35.16709822
35.17921288
35.18950080
35.25338066
35.28688450
35.31279874
35.34785629
35.39821729
35.39840961
35.40807878
35.41854784
35.43203816
35.54398226
35.54582258
35.57602570
35.57741419
35.57967797
35.60534090
35.70756979
35.72177971
35.75866661
35.76459165
35.83346895
35.85697784
35.86310135
35.93950972
35.94169641
35.97800940
35.98563229
36.05227468
36.09184493
36.12971506
36.16671382
36.20920689
36.22452319
36.29186802
36.30365395
36.32676801
36.36035649
36.41543481
36.47088388
36.50294017
36.51760922
36.53066887
36.60083603
36.61334266
36.62479526
36.63743440
36.65548853
36.69569497
36.71797931
36.76104044
36.80511314
36.82348391
36.83871188
36.85256478
36.89473242
36.91499123
36.94851285
37.00704403
37.01018297
37.02187762
37.10685355
37.13236711
37.17374926
37.21952260
37.22931344
37.24014358
37.24044950
37.27145401
37.28270795
37.34531116
37.35871273
37.41304761
37.42129376
37.51447093
37.51506746
37.54317653
37.54998566
37.55693264
37.60755098
37.63201014
37.65413127
37.68133570
37.70404966
37.70646580
37.74566144
37.78192349
37.78381702
37.78883615
37.81862748
37.81965902
37.82078998
37.86196625
37.86542054
37.89530045
37.89791541
37.90089756
37.91384739
37.94186886
37.94834897
37.98542698
38.06844090
38.11610397
38.12112400
38.17931832
38.20119633
38.20334459
38.20471402
38.20893936
38.26848197
38.26871296
38.29613099
38.33198915
38.36366443
38.37655450
38.38496977
38.44429433
38.44824667
38.48076278
38.48267535
38.53467978
38.56784116
38.58552578
38.59938575
38.60485792
38.62942032
38.65909841
38.67989917
38.70112034
38.70239899
38.74086036
38.74852898
38.75021625
38.82060007
38.82917443
38.86031564
38.93667767
38.97174044
38.97353596
38.99090413
39.16590718
39.19987716
39.20503729
39.21778367
39.24181304
39.26654485
39.27313887
39.30074930
39.31768752
39.36360331
39.42370739
39.42999886
39.46325239
39.49118499
39.53267635
39.55799187
39.58831056
39.61747280
39.62158027
39.66899396
39.67594597
39.81380208
39.83065488
39.83250925
39.83298014
39.84807804
39.86392624
39.87385424
39.97236348
39.97445573
39.98033275
39.98816559
40.02845387
40.06596182
40.06870509
40.12935835
40.13966827
40.14145466
40.21330837
40.27351957
40.28249353
40.29041646
40.31891493
40.38204197
40.42980478
40.44645166
40.53672698
40.54346997
40.55088019
40.56939485
40.61282279
40.65603906
40.67510889
40.67585646
40.67604036
40.75222184
40.77983538
40.78787230
40.79265461
40.79329988
40.85484186
40.93130470
41.08629144
41.10729747
41.11595430
41.11602558
41.11968970
41.17271658
41.19105676
41.19933910
41.28286693
41.29456365
41.30920398
41.31088823
41.31840486
41.32488942
41.35562733
41.37588537
41.39206105
41.39974269
41.40434066
41.42667604
41.44006814
41.48634540
41.55132945
41.62173920
41.63601888
41.65359795
41.72852703
41.74771192
41.75471457
41.79467322
41.85822506
41.86013298
41.91784421
41.91801608
41.93548901
41.94897691
41.96880593
42.00078253
42.07219697
42.10477747
42.14006174
42.14096277
42.17114547
42.18509899
42.25935590
42.27869530
42.28223577
42.28450190
42.32721160
42.32779193
42.33996854
42.34582956
42.36810832
42.37986573
42.43650473
42.46620036
42.47307878
42.51401980
42.51794850
42.53985022
42.54316923
42.54621237
42.61177467
42.67283928
42.71513248
42.72175097
42.75125168
42.79158473
42.81693393
42.84274615
42.85779242
42.86953574
42.91974165
42.94840469
42.95023277
42.95580207
42.97423276
43.00457344
43.03159619
43.06795391
43.09333662
43.16307116
43.17867789
43.18060278
43.19455895
43.25188231
43.26728374
43.28056881
43.29780543
43.39056847
43.39817212
43.42086133
43.46626895
43.46778964
43.48642070
43.51634996
43.52985640
43.56016304
43.60332883
43.67138461
43.73631094
43.76016970
43.79667440
43.79825793
43.81053291
43.96165843
43.98231937
44.00272406
44.10812128
44.11277549
44.13611747
44.13757806
44.21518936
44.21679755
44.26524450
44.26589205
44.28525330
44.31369146
44.36623711
44.36842988
44.40945069
44.43245856
44.45109327
44.49361003
44.63562298
44.65031483
44.66638094
44.68962855
44.76864289
44.80356045
44.83541376
44.83686151
44.85238899
44.85963887
44.95806001
44.96103420
44.98295749
44.98470521
44.99334540
45.01587078
45.05729652
45.17092392
45.18992642
45.19671631
45.20239202
45.21219490
45.25847274
45.29435053
45.32315533
45.35753385
45.37723156
45.38949201
45.40558073
45.41744340
45.41810732
45.42433213
45.42433450
45.50787287
45.51475051
45.56513254
45.56690507
45.64842552
45.66182901
45.71177666
45.71276247
45.73006923
45.73117773
45.74836958
45.75048655
45.79943923
45.86379243
45.89464126
45.90217148
45.94252491
46.00400010
46.04913792
46.06635126
46.09958927
46.10728124
46.14354887
46.18135097
46.19334831
46.21559374
46.22641314
46.23176418
46.26387196
46.31010970
46.31179370
46.31566571
46.38122325
46.42057451
46.44881549
46.47275114
46.49543503
46.53114440
46.55022534
46.56137541
46.56495548
46.61309348
46.61905040
46.62090151
46.63988219
46.66168858
46.72570233
46.77143479
46.79612671
46.80107527
46.81559793
46.85043355
46.88511160
46.91048292
46.91670068
46.93951232
46.95522771
46.97944029
47.03892395
47.06641303
47.08010898
47.09011278
47.14953244
47.16143112
47.17017980
47.17170750
47.20835912
47.21466607
47.23700956
47.23996931
47.25873550
47.26408609
47.30711745
47.54236025
47.57544613
47.57662187
47.60999967
47.61727489
47.69381959
47.69463032
47.71127032
47.77985217
47.81603453
47.82060489
47.82078417
47.82357913
47.84944915
47.85836672
47.89640217
47.89717910
47.90891762
47.90909382
47.91001536
47.94174699
47.94191727
47.99586014
48.03049237
48.05421038
48.07413668
48.08567424
48.10881237
48.12350497
48.13523217
48.14150597
48.15781520
48.18983515
48.21146924
48.21887499
48.22122842
48.28709959
48.29296385
48.37662728
48.37725243
48.38664579
48.39465779
48.41397217
48.41871631
48.44601870
48.47515982
48.49635170
48.49728165
48.56711906
48.58427607
48.60126603
48.60443315
48.61781853
48.63871180
48.63879136
48.65677996
48.69504718
48.72195339
48.84848856
48.89662802
48.92050269
48.93093529
49.07270629
49.08752405
49.11465725
49.11960917
49.12203808
49.12833125
49.13740350
49.20408910
49.24427756
49.24684945
49.26523688
49.26867581
49.29255581
49.36171463
49.38063055
49.42976026
49.45442754
49.67926600
49.76671103
49.78204102
49.80505269
49.82279613
49.84442533
49.85977171
49.86097561
49.86283375
49.88972188
49.90315219
49.94829555
49.97674616
50.08181793
50.08852059
50.18276098
50.18622933
50.18985100
50.24845754
50.29709808
50.33058372
50.37105322
50.38312129
50.42801195
50.44960266
50.45686261
50.49014912
50.57319032
50.57473765
50.59028190
50.61903125
50.65849079
50.66770760
50.69201260
50.72554548
50.74967653
50.76912272
50.79690360
50.83117102
50.87039434
50.88137198
50.88735037
50.89664150
50.93291379
50.94152844
50.96383023
50.96467160
50.97641930
51.01315054
51.04168135
51.08737565
51.09217833
51.12942728
51.15555609
51.16872340
51.17117732
51.19864079
51.22100898
51.24082890
51.24347387
51.38089813
51.39624248
51.41449532
51.46440974
51.53222892
51.59234491
51.64070668
51.64671984
51.64868336
51.74111506
51.76718441
51.78444593
51.83398071
51.83564974
51.84992800
51.85195883
51.87411565
51.88626603
51.96770808
51.98441399
51.99733746
52.00268869
52.07182662
52.10217067
52.10489769
52.11147388
52.14352580
52.19552691
52.20770382
52.28186233
52.32346792
52.36233535
52.36619256
52.37393666
52.38744442
52.39732693
52.46408817
52.48477857
52.50540470
52.51325483
52.51357573
52.52334619
52.55936570
52.55946329
52.60655485
52.63395175
52.66205550
52.68345575
52.71500705
52.75479504
52.78877805
52.79739129
52.86848718
52.88042261
52.89511592
52.96478184
52.97017273
52.98469953
53.03604157
53.10282943
53.15198274
53.19840785
53.25117857
53.30115850
53.32771481
53.33471936
53.33565159
53.35387156
53.36114094
53.37362601
53.37567094
53.38838930
53.44193155
53.45517706
53.48656781
53.49062457
53.52048161
53.57059965
53.59179678
53.59955542
53.70508506
53.72158207
53.72336594
53.74519772
53.77604628
53.77873641
53.79308964
53.84772959
53.88405545
53.95827811
53.99028372
53.99628964
54.00220903
54.00438275
54.09096551
54.13275052
54.16761427
54.19458090
54.22704704
54.28367311
54.30109496
54.30359214
54.34503885
54.36713279
54.36769560
54.41018829
54.42310367
54.46562805
54.48058619
54.49871403
54.50784897
54.51213142
54.57859803
54.62681487
54.63092886
54.64083244
54.69068029
54.82826605
54.83925511
54.84396295
54.87049384
54.89455266
55.05728468
55.20524995
55.31913860
55.33548070
55.33640767
55.40870697
55.41576347
55.42424534
55.42943470
55.43768731
55.44425152
55.45674031
55.47867866
55.49924142
55.52130415
55.55724228
55.65749942
55.67181640
55.74074053
55.74332000
55.77213120
55.79124004
55.81121548
55.81403845
55.81426538
55.81667125
55.83226685
55.87498960
55.89836793
55.91572056
55.93509999
55.93529192
55.96990371
55.98651967
56.00241985
56.01476013
56.16962364
56.16983478
56.22526394
56.23086483
56.26047446
56.28773525
56.28902564
56.38399558
56.38972558
56.39283238
56.42575968
56.44987149
56.46403860
56.49094199
56.54002172
56.54018864
56.54307042
56.55796174
56.56705035
56.63699179
56.64449217
56.71215145
56.73139310
56.76245100
56.76941891
56.79452457
56.80461067
56.85626739
56.89326114
56.89582152
56.95823013
57.01370280
57.07183196
57.09885332
57.11701967
57.11723488
57.13500117
57.15270650
57.16237572
57.16709367
57.16791561
57.32518867
57.34659302
57.34979467
57.38594909
57.40270684
57.40607679
57.46611426
57.46800450
57.46949255
57.50193676
57.53365354
57.53396204
57.56366190
57.58634017
57.60611614
57.61355165
57.64702123
57.65042671
57.71313158
57.79732643
57.81666290
57.91103642
57.91891620
57.93572712
57.96586852
58.06057804
58.08039280
58.11044213
58.12675392
58.13295164
58.17312336
58.21525958
58.24548253
58.35218252
58.37719590
58.39874631
58.41185327
58.42309533
58.43701691
58.44236168
58.47001847
58.47920219
58.58231404
58.68176808
58.73260714
58.83288662
58.87936355
58.90895918
58.91310109
58.93455754
58.97431703
58.98673100
59.00294197
59.04704089
59.05665781
59.07741599
59.07894331
59.08948436
59.13109766
59.14328252
59.15137650
59.19581036
59.23611559
59.24384830
59.32884842
59.33998084
59.38996584
59.45179988
59.47603333
59.47889612
59.59711741
59.60351971
59.62770915
59.64870904
59.65228519
59.69852434
59.70246435
59.77829927
59.78378388
59.81522164
59.82915275
59.83517901
59.83890358
59.85361463
59.89436065
59.90124054
59.90806534
59.96036655
59.96889195
59.98634417
60.03726028
60.04124410
60.04480976
60.04563455
60.06406219
60.06568977
60.13973721
60.14267255
60.14515378
60.16437534
60.20839631
60.23967845
60.31866349
60.35635845
60.42536966
60.43277911
60.44574511
60.46823179
60.47515875
60.49743346
60.54837411
60.58211294
60.67915780
60.68381928
60.70296133
60.72181677
60.76454155
60.77743870
60.78480758
60.80596273
60.83829463
60.83939052
60.84523680
60.84760783
60.86038951
60.88224005
60.91439380
61.02798666
61.12057668
61.16800300
61.17330756
61.18252902
61.19687151
61.20827833
61.25275755
61.26027320
61.28100597
61.28411214
61.37672766
61.40870747
61.49896858
61.53717308
61.55577999
61.57486116
61.58555139
61.58557091
61.59118806
61.59847768
61.61167059
61.62099976
61.63578585
61.69534259
61.70822163
61.79445819
61.83031095
61.84903676
61.87137877
61.99185852
62.00353970
62.00942603
62.05979458
124.00000000
