0.02477925
0.08437249
0.10651965
0.12102588
0.12473979
0.13113999
0.16963855
0.21611511
0.28185069
0.32590845
0.32648691
0.32973562
0.33644515
0.34158957
0.42916642
0.43594771
0.43806363
0.45915178
0.55958851
0.56439229
0.65461925
0.65466058
0.68081860
0.70565679
0.70740951
0.76158916
0.76233799
0.82939068
0.83690527
0.87343628
0.94549921
0.94746553
0.96697584
0.97417310
1.04114211
1.05546101
1.06881334
1.14551662
1.16837772
1.19914127
1.21728301
1.23818890
1.28592232
1.29363320
1.40043281
1.40345175
1.42102326
1.48480006
1.48542253
1.49144516
1.50784299
1.50784817
1.53558710
1.54794572
1.54861375
1.55584983
1.55691926
1.58583359
1.62501272
1.62685646
1.62958883
1.63838796
1.64119930
1.67300689
1.68629833
1.70538223
1.79873597
1.82471226
1.86614325
1.92984098
1.93187633
1.95882588
1.95938008
1.97637692
2.00975366
2.01663344
2.07313688
2.09379823
2.10642850
2.11689369
2.15859703
2.22870214
2.30333491
2.38427054
2.41635965
2.46988145
2.51253371
2.52681663
2.56229763
2.60671271
2.62242316
2.63527451
2.64189615
2.71043582
2.71406937
2.74775874
2.75430345
2.78055841
2.86517810
2.86846545
2.86859261
2.89454999
2.94775461
3.01023586
3.01354469
3.03462668
3.12160331
3.12272956
3.14125329
3.17398319
3.22282465
3.32233783
3.32244245
3.34768586
3.35571857
3.36963062
3.36997557
3.37362989
3.40759017
3.41639148
3.46419304
3.48458269
3.49249533
3.57145670
3.58412806
3.67308040
3.68263838
3.69329029
3.73301561
3.75658030
3.78944954
3.85565463
3.86947121
3.88342424
3.88489738
3.91669568
3.92367808
3.93473324
3.94813668
3.96170799
3.98888211
4.04386380
4.12431535
4.16153269
4.25667873
4.31371922
4.31577967
4.31815823
4.34953128
4.37637619
4.39062720
4.40719605
4.43180491
4.46502988
4.47190416
4.47309691
4.48375494
4.48671971
4.55307807
4.56771337
4.65429576
4.69745814
4.70441417
4.71129797
4.73640192
4.75490048
4.75681355
4.76924549
4.79150715
4.81592724
4.86434662
4.89581274
4.89847501
4.93959161
4.97586991
5.02638633
5.07009971
5.09782601
5.10894187
5.11907405
5.12658816
5.12744884
5.15406551
5.17440367
5.20785776
5.21157014
5.25430675
5.26105478
5.26500849
5.26624713
5.28809107
5.36673269
5.38381327
5.38606455
5.39546193
5.40256966
5.46538916
5.57371205
5.57619606
5.58536386
5.66443460
5.67165875
5.70900992
5.71442153
5.71675526
5.74501113
5.81063702
5.86087360
5.87545076
5.90111717
5.92320728
5.93597322
6.02510801
6.06426203
6.06874230
6.07763916
6.12386106
6.15220106
6.15334630
6.18163841
6.20155534
6.22269347
6.30246930
6.36522598
6.46736575
6.48823410
6.49918348
6.52421996
6.53440923
6.57228659
6.58841147
6.62067011
6.62118796
6.64121603
6.65469457
6.66114742
6.66335686
6.68340728
6.70447886
6.70824819
6.72595108
6.73447414
6.74868674
6.81725502
6.85040708
6.89721323
6.91582108
6.93649572
6.97616227
6.97692399
6.98260412
7.06980050
7.09414933
7.17710163
7.24961796
7.27369235
7.31235738
7.32764230
7.36415820
7.36848474
7.37908259
7.44105732
7.44577970
7.49304389
7.51752422
7.54613427
7.56043706
7.56563297
7.60175848
7.61392153
7.63768826
7.64270861
7.66596242
7.67896889
7.68665371
7.68963145
7.76765994
7.78508219
7.79221008
7.79462164
7.80587067
7.84689172
7.85845382
7.87467232
7.87553095
7.87749643
7.90867189
7.92437426
7.93169359
7.93211224
7.97847313
7.99289833
8.01393570
8.02338718
8.03472388
8.10809198
8.15900369
8.15982512
8.18538543
8.18587897
8.22547456
8.29955691
8.29982573
8.30654596
8.37304960
8.37522065
8.38650844
8.47817856
8.47903016
8.48553653
8.48577569
8.48714701
8.52097858
8.54077603
8.55872272
8.60603815
8.62382757
8.62516930
8.62602656
8.67653878
8.72525050
8.79029038
8.82398318
8.86425574
8.88538793
8.89473677
8.92017636
8.93215391
9.04303151
9.04373943
9.07817963
9.12806899
9.13850054
9.17737898
9.20749175
9.25625372
9.27045128
9.27755736
9.28383121
9.32144024
9.36102451
9.36362092
9.39377230
9.42243235
9.42791673
9.45080151
9.45997044
9.46311630
9.49239194
9.50324328
9.52883534
9.55459836
9.61291565
9.62147381
9.64247012
9.65033175
9.65869892
9.66986181
9.68440952
9.68919840
9.71274189
9.71660999
9.76728228
9.81183072
9.89949037
9.90232868
9.91776450
9.91976319
9.92198041
9.92256460
9.93933425
10.00783484
10.05617152
10.06745669
10.17152272
10.18815174
10.27718713
10.29681398
10.30572646
10.39263423
10.39967329
10.51426593
10.52839184
10.60752718
10.62587722
10.63456155
10.71486686
10.72223802
10.73932829
10.75414920
10.83589118
10.84635826
10.94390046
11.00043079
11.01486812
11.02264308
11.12150579
11.18248308
11.20187089
11.20576498
11.22134018
11.22184270
11.26614959
11.26874388
11.28890811
11.32417181
11.32965136
11.34403675
11.35055090
11.43315875
11.46100797
11.52494540
11.69222695
11.70218820
11.71256496
11.73790929
11.86946113
11.92225228
11.95399720
11.96210047
11.99195624
12.01267279
12.06610058
12.07711530
12.08921408
12.09605034
12.12318577
12.16393932
12.17604133
12.19478428
12.19508556
12.22332336
12.22991145
12.23265481
12.23901854
12.29939169
12.32386368
12.38203082
12.43437450
12.47475497
12.53476864
12.56396769
12.56981585
12.59807255
12.61587863
12.62033384
12.62533145
12.63457222
12.63987818
12.64564087
12.70847192
12.71760886
12.72341185
12.74612488
12.76109284
12.77653994
12.85047009
12.92272705
12.93729471
12.96783329
12.99662718
13.00374321
13.02710066
13.02849824
13.04082808
13.09907728
13.11969647
13.12585994
13.12746949
13.20532444
13.22135433
13.23812602
13.27228311
13.27245686
13.31601421
13.33852163
13.34522685
13.36063661
13.45347352
13.46821978
13.51081566
13.51179340
13.53740389
13.54431272
13.57339194
13.58766820
13.58797921
13.58928728
13.64894499
13.66804351
13.71172083
13.73317577
13.73530744
13.73878521
13.74941963
13.77062790
13.77676170
13.78849574
13.80688821
13.81917259
13.83090234
13.83422841
13.87816390
13.89291691
13.89519181
13.92622069
13.94493166
13.96403009
13.97934070
13.98505215
14.00579843
14.00786174
14.01128475
14.04414056
14.07979425
14.09782248
14.16630120
14.18034643
14.20832920
14.24555248
14.30197536
14.31511992
14.32605523
14.33419916
14.38957279
14.41868111
14.47918007
14.50936912
14.52749942
14.65223403
14.66574623
14.71289638
14.71497486
14.71527995
14.72506926
14.76867242
14.77739696
14.79143377
14.79564620
14.81638397
14.81778957
14.83497794
14.85811981
14.85865008
14.90295785
15.00730218
15.01712638
15.03869409
15.05842658
15.08916919
15.14655222
15.14912085
15.16399060
15.16539430
15.20257943
15.21968892
15.24711086
15.29274642
15.29582596
15.30596279
15.31267949
15.37041535
15.45006410
15.45589657
15.46495954
15.47270149
15.47866241
15.48140939
15.49872602
15.56794318
15.59817530
15.63629655
15.66167383
15.66626297
15.76138129
15.77702053
15.78426186
15.80573926
15.80945997
15.81231460
15.94409837
15.96727339
15.97954254
16.03195521
16.04884330
16.05526556
16.08092911
16.10215750
16.14049952
16.19223640
16.20865220
16.22870745
16.26688068
16.29295563
16.33214035
16.37882615
16.42847404
16.43243925
16.43468287
16.47303764
16.48337959
16.51976842
16.53828282
16.58452730
16.62276275
16.65504509
16.68830580
16.70257199
16.72058627
16.75752230
16.77633245
16.85498467
16.92136020
16.99798432
17.03336062
17.04149099
17.06055990
17.07205403
17.07290995
17.10120017
17.10437842
17.12563297
17.15770653
17.18918081
17.20788351
17.25453960
17.29915599
17.30067186
17.31009312
17.33523742
17.35445393
17.44520378
17.50577287
17.54226145
17.55588188
17.58775291
17.58956514
17.59408888
17.62504592
17.63611379
17.65765807
17.67609706
17.69054424
17.72959967
17.74614463
17.80342993
17.87591042
17.92069382
17.92968275
17.96191519
18.03004962
18.04032426
18.05875375
18.06605018
18.09786027
18.17190524
18.22408896
18.24606604
18.25373880
18.35265714
18.35287530
18.35549886
18.42842511
18.45947054
18.46588207
18.47015899
18.47276028
18.53906916
18.58181542
18.61856432
18.63154198
18.64095279
18.64672838
18.81735861
18.83713794
18.85858524
18.90203577
18.90470300
18.95126473
19.01916159
19.05369406
19.05792533
19.09506183
19.10135195
19.12555313
19.27779291
19.41203035
19.42052978
19.43080585
19.43874800
19.45956053
19.46536053
19.49250995
19.50950214
19.57673920
19.60812061
19.63897703
19.64203650
19.64781423
19.71337085
19.74296796
19.75188660
19.76146014
19.79747403
19.88352360
19.90458260
19.91356930
19.92175980
19.93581023
19.93758092
19.94494428
19.95812304
19.99646434
20.03324987
20.06949813
20.08342743
20.14214298
20.14808586
20.14910295
20.15662179
20.16463761
20.17145382
20.19673371
20.29520018
20.31491770
20.35802610
20.39612478
20.43455713
20.44845866
20.49060694
20.51738852
20.62262777
20.70315457
20.71108869
20.74178220
20.75551748
20.84251934
20.88152414
20.89232402
20.95097434
20.98214845
21.00541952
21.01117850
21.02448869
21.05394453
21.07558642
21.15585605
21.17409660
21.18647082
21.21706084
21.22894054
21.25329069
21.32867213
21.34935135
21.42193974
21.42808866
21.50692225
21.51032065
21.53934232
21.54517955
21.60405644
21.62651698
21.62716101
21.67337912
21.75265147
21.89259774
21.91541081
22.01630257
22.05112782
22.08054897
22.12413314
22.17572011
22.20238868
22.22065629
22.24675280
22.27582586
22.28411627
22.38906793
22.42095001
22.45177061
22.48571014
22.52587653
22.55573624
22.63079344
22.64887659
22.72932162
22.75550973
22.76162757
22.78607951
22.82102129
22.84499635
22.92030242
22.93375075
22.98798744
22.99820889
23.02680470
23.10532462
23.10682319
23.11642967
23.24652487
23.25150769
23.26563682
23.30505575
23.31279275
23.37395145
23.37408665
23.40225343
23.48635729
23.55718491
23.58849722
23.61059141
23.87372351
23.89311243
23.93644454
23.95047514
23.95996340
23.99513927
24.03750440
24.05893422
24.07174348
24.08303821
24.08486722
24.10319890
24.12228259
24.14221360
24.14260187
24.32771122
24.34201319
24.42231999
24.46872868
24.47914310
24.47931267
24.54699379
24.62902373
24.64425750
24.65467296
24.71023469
24.72400954
24.74853090
24.81430035
24.86518903
24.86931245
24.92669123
25.01492806
25.03303272
25.04915306
25.05516098
25.06886835
25.08629697
25.17926898
25.20095493
25.20736073
25.20905172
25.23201837
25.27816438
25.28441784
25.33216799
25.33855974
25.35171490
25.35177528
25.38636424
25.45520779
25.48739654
25.53011143
25.55892768
25.58528613
25.60236755
25.61925184
25.62342372
25.62684164
25.64993643
25.68955799
25.69900175
25.71481941
25.72136208
25.77826294
25.82214036
25.83033418
25.84309318
25.86847652
25.89455386
25.92185947
25.95965973
25.96779309
26.01156415
26.02384209
26.12877439
26.14163512
26.15649994
26.16122863
26.20714920
26.27265710
26.29089429
26.32525277
26.34735327
26.39115596
26.40623855
26.42332826
26.42399867
26.45828705
26.46122593
26.50266851
26.50448158
26.51564174
26.54053350
26.59256341
26.64569018
26.65263687
26.66332606
26.67321603
26.73887666
26.76184991
26.76696891
26.77845911
26.82497567
26.86649162
26.88251813
26.94031609
26.94830443
26.95881578
26.96167496
26.98183462
26.99765452
27.01070884
27.03044417
27.04346427
27.05206366
27.07360368
27.08196717
27.24392573
27.25803009
27.31654429
27.33026929
27.35392312
27.42839977
27.47231063
27.48157203
27.48639353
27.48670061
27.55573099
27.60046441
27.60316395
27.60795528
27.61656156
27.63767291
27.67192310
27.69842928
27.72882748
27.73372178
27.75459974
27.79833837
27.81054508
27.82279069
27.86798456
27.87174432
27.88508386
27.90773968
27.93128342
27.97781982
27.97894859
27.99786479
28.01927310
28.04960695
28.05895419
28.13047157
28.17318681
28.18504188
28.19627947
28.20732527
28.21117231
28.24919469
28.24959449
28.37501957
28.46382829
28.47901736
28.49313888
28.49993198
28.50326799
28.51503512
28.54209600
28.55923390
28.62888890
28.64600337
28.66104110
28.70507701
28.70512797
28.72835839
28.73343403
28.79762850
28.81463712
28.85050235
28.85064203
28.90186898
28.91317629
28.92316200
28.92740073
28.99154250
29.04831751
29.07836308
29.08333517
29.09210520
29.14875442
29.14943518
29.15017243
29.28298931
29.30733613
29.36179078
29.50128615
29.56139061
29.60522130
29.60683382
29.61183260
29.61574278
29.70210541
29.77222848
29.80757254
29.81997130
29.87413636
29.89465104
29.89782935
29.90343197
29.90407574
29.90501572
29.91080971
29.97511486
29.99597322
30.07830454
30.07910777
30.12208452
30.13147106
30.16635165
30.17212501
30.17687703
30.20344232
30.24858684
30.29154121
30.31130995
30.32340556
30.32464065
30.33277287
30.34535037
30.40268586
30.43964964
30.46508675
30.46744886
30.49099928
30.50489292
30.57011146
30.58443130
30.60814598
30.69139751
30.72268964
30.83901746
30.85945295
30.86111507
30.93663281
30.95664083
31.00121162
31.01298403
31.04395354
31.05081251
31.12181521
31.16116685
31.17893167
31.18233115
31.23795142
31.24685000
31.26431096
31.26589366
31.26782585
31.35343437
31.38938048
31.38942994
31.42715268
31.44350435
31.48080717
31.49246628
31.49852184
31.50060695
31.50274757
31.50733193
31.54703395
31.60951044
31.63663012
31.66348030
31.71556627
31.75833429
31.82617814
31.82962638
31.86959789
31.95260199
31.95828701
32.00562198
32.04194728
32.06166710
32.16546626
32.22667635
32.23355188
32.27830379
32.28632658
32.29049857
32.37276093
32.37294728
32.39176595
32.39640961
32.43023934
32.50247674
32.54596461
32.56167770
32.57592761
32.58731231
32.60171522
32.61987414
32.66302578
32.71679212
32.72423622
32.73597728
32.75142759
32.84183471
32.90185205
32.92767439
32.96759961
33.03569143
33.05940932
33.06024618
33.06595794
33.12340092
33.14753799
33.18422862
33.21819129
33.24912648
33.24994293
33.26989651
33.29669522
33.31879484
33.32789836
33.34644143
33.35191556
33.41339656
33.43859599
33.54118030
33.56043112
33.58802701
33.64265224
33.64880380
33.65294330
33.66038270
33.66145696
33.72546338
33.73235333
33.74342538
33.74759367
33.74807678
33.77770508
33.86955263
33.96972945
34.03505696
34.07137607
34.08329020
34.08743765
34.10391873
34.14162922
34.14427053
34.16754947
34.23416128
34.23532343
34.25437167
34.32743447
34.32761997
34.34296122
34.34818046
34.35778084
34.42067533
34.42775070
34.45646648
34.46308536
34.49200423
34.53316695
34.54535591
34.56462795
34.59271439
34.63643281
34.64560829
34.70548169
34.71484243
34.72389237
34.76960361
34.78689171
34.82720641
34.83359797
34.84349583
34.84816549
34.85656670
34.86855166
34.91795025
34.95126225
35.04239660
35.07985803
35.09286221
35.11800743
35.14523277
35.19389711
35.26990886
35.28100910
35.34032612
35.36151313
35.37099497
35.38745349
35.39231913
35.40346221
35.41701542
35.45999625
35.49457205
35.49731015
35.54182806
35.65169145
35.66421330
35.67029053
35.69066594
35.71185073
35.74218653
35.77611451
35.81923648
35.85195604
35.86322145
35.92563483
35.97800940
35.98437222
35.99181198
36.00905122
36.02729861
36.03076125
36.07001353
36.10732482
36.16395188
36.17265066
36.17715126
36.25658322
36.26043421
36.26085033
36.29409738
36.29633377
36.32454407
36.34887048
36.35738431
36.40320781
36.42736429
36.43273607
36.44435245
36.45492904
36.48711434
36.48908108
36.53539910
36.56001173
36.58406364
36.60331523
36.60404111
36.61792191
36.64912579
36.66246528
36.68329106
36.69203288
36.69299293
36.69807850
36.81075930
36.82043488
36.82348391
36.84588742
36.87237814
36.88003106
36.88527932
36.88649532
36.92840630
36.93311326
36.97039206
36.97248716
37.01177907
37.04267583
37.05828986
37.06659585
37.09937723
37.10419252
37.11670068
37.14302289
37.15232656
37.20990037
37.22777523
37.23629392
37.25042992
37.25783406
37.33161037
37.33424773
37.34434426
37.35871273
37.38029653
37.39399858
37.44363325
37.45023120
37.46696073
37.49007407
37.49589857
37.50909497
37.57163823
37.61547522
37.62907607
37.71682227
37.83779138
37.89975182
37.91751786
37.94259335
37.97963019
38.02490732
38.04597307
38.05417682
38.13832824
38.14956000
38.15419880
38.15764941
38.18722654
38.20066905
38.20119633
38.20471402
38.21538890
38.22216650
38.22982381
38.24841657
38.27319665
38.27892502
38.31510671
38.32487088
38.39206379
38.42986442
38.44872677
38.48399323
38.53059077
38.55337893
38.59914550
38.61629769
38.63709681
38.63914751
38.64700491
38.64790245
38.68188277
38.68787088
38.71372334
38.75379618
38.85165336
38.86031564
38.90372316
38.93667767
38.94507165
38.98990569
38.99172453
39.03037043
39.03042133
39.04582117
39.05109035
39.08393180
39.12185899
39.17802760
39.21877352
39.24156339
39.31256928
39.33139953
39.41585270
39.48555465
39.50562177
39.51774648
39.55497084
39.56705914
39.56862235
39.57917434
39.58831056
39.60139411
39.61657519
39.61876864
39.62032030
39.70677683
39.73487556
39.80908933
39.84938671
39.85021610
39.86581277
39.88819813
39.90021033
39.91710400
39.93240851
39.96984882
39.98408248
40.02934969
40.05417828
40.06426158
40.07933767
40.10774888
40.16619423
40.18756542
40.19249889
40.20308559
40.21306083
40.24793418
40.25064588
40.25597109
40.29031341
40.33162446
40.36064894
40.50524231
40.52180898
40.55556687
40.59285451
40.67170244
40.67210533
40.76341355
40.77711628
40.78147502
40.81184781
40.82039061
40.82637235
40.85471271
40.86779110
40.93430504
40.93465118
40.99214969
40.99884132
41.02669518
41.02760349
41.08273117
41.13324187
41.21421756
41.31974599
41.33726734
41.35562733
41.36120819
41.36277709
41.39021723
41.42667604
41.42775698
41.42849935
41.44006737
41.49979234
41.52335494
41.52348084
41.54558970
41.55588991
41.62562160
41.63601888
41.64431441
41.64875611
41.66036849
41.67594405
41.68677065
41.71838535
41.73727646
41.77503822
41.78117897
41.79188663
41.81228512
41.82297532
41.85784040
41.89318575
41.94621284
41.95846264
41.97509777
41.97727925
42.00254472
42.07130832
42.11964434
42.15436281
42.17220256
42.18800672
42.19237461
42.25758434
42.25966566
42.27447764
42.27669905
42.29253554
42.36077945
42.36302292
42.40337159
42.48162010
42.50069002
42.50461869
42.53231956
42.63460547
42.65740895
42.66607836
42.66946195
42.67898587
42.70910833
42.82465134
42.88007291
42.89001938
42.94821864
43.00347838
43.03430856
43.03464178
43.03624446
43.18937978
43.25245481
43.27249576
43.31296922
43.37323508
43.37495065
43.46365092
43.47036364
43.49105676
43.51853205
43.52058333
43.53695223
43.54546912
43.55383021
43.58860564
43.65828555
43.66773045
43.73823035
43.74271495
43.76659365
43.78342945
43.85660310
43.85735160
43.88549747
43.89786500
43.97044937
44.06707874
44.06766827
44.07204036
44.09598885
44.10059796
44.10340943
44.12246105
44.14209759
44.17061482
44.17500672
44.23780177
44.24711239
44.24927781
44.29242441
44.33268767
44.33439172
44.35692934
44.36082582
44.36449250
44.40861509
44.41850405
44.44868855
44.49700117
44.49884094
44.51651359
44.53853745
44.60252142
44.60822732
44.64093455
44.66488579
44.73237462
44.75562398
44.76336267
44.78148954
44.80056298
44.82314588
44.83718142
44.89466715
44.94343280
44.95806001
44.97457169
45.03539940
45.05551206
45.14550506
45.18527350
45.18802919
45.19506531
45.20511841
45.20564360
45.21253862
45.24431062
45.24697111
45.28389869
45.28874519
45.34627851
45.35131520
45.35753886
45.35881203
45.44185308
45.48944097
45.50680740
45.52601825
45.53749678
45.56112637
45.56579896
45.57758537
45.59186359
45.59259541
45.60735351
45.61344964
45.65438496
45.73006923
45.73406022
45.73683987
45.78712351
45.79009580
45.83245472
45.84746061
45.86214135
45.88343804
45.88852546
45.90226686
45.96226993
45.96849768
45.98215821
45.99556254
46.08406524
46.09507452
46.10413174
46.10842330
46.12098260
46.16766728
46.19624011
46.19679479
46.22269388
46.28760362
46.33650356
46.41103960
46.47414588
46.53358384
46.58112528
46.58535020
46.59827086
46.61640468
46.62999049
46.66264357
46.70555265
46.80031169
46.82996907
46.83157262
46.90041472
46.92709700
46.97398258
46.97764998
46.98269012
47.05363539
47.11797709
47.14731315
47.15692962
47.17170750
47.20544624
47.23172200
47.23675607
47.28895061
47.33038712
47.36694495
47.37409134
47.44750653
47.45151714
47.49983698
47.50135184
47.55896495
47.57694402
47.59188140
47.59845878
47.60435593
47.60999967
47.64444671
47.65215274
47.71940065
47.72089805
47.75721509
47.78664131
47.86720983
47.89360378
47.91001536
47.93979573
47.94366924
47.95357972
47.96898163
48.01180969
48.02945948
48.09998226
48.14676905
48.16914558
48.20506060
48.24515887
48.25630807
48.29304500
48.29809758
48.31386159
48.34461515
48.37662728
48.41266876
48.46765067
48.47880969
48.61397092
48.64890911
48.65910970
48.69934219
48.79015758
48.90661698
48.93809916
48.99303491
49.01013402
49.05987133
49.07829460
49.08531095
49.09559542
49.15128724
49.16329413
49.18070705
49.19336058
49.21078713
49.21173833
49.21526516
49.21716517
49.32426517
49.34008397
49.43909070
49.45376647
49.48192431
49.51152175
49.52774144
49.54213040
49.64134617
49.64242139
49.64654223
49.68865041
49.69786023
49.71414254
49.74690901
49.83071267
49.85842724
49.86501618
49.86785089
49.88806528
49.93350430
49.94038106
49.95292057
49.96077369
49.97294282
49.97989699
49.98905994
50.00833696
50.02989124
50.05485092
50.07792337
50.08978697
50.13943540
50.15415461
50.19826952
50.21637342
50.26456801
50.27017652
50.28545078
50.29604214
50.30534684
50.31983274
50.40715420
50.41183712
50.44864598
50.55592593
50.61605092
50.62903648
50.65904157
50.83117102
50.84127235
50.85682026
50.87367670
50.94988211
50.95538464
50.99726799
51.06187318
51.09252826
51.10315247
51.16665422
51.16822340
51.23046335
51.25198255
51.26586702
51.27359878
51.27842532
51.27895175
51.36408527
51.43190508
51.44616995
51.46707239
51.47185672
51.52145874
51.53222892
51.55168789
51.55220351
51.58918088
51.59150467
51.59935000
51.60508065
51.64968606
51.67248506
51.68440192
51.70146534
51.73067449
51.82733932
51.83840318
51.85248984
51.85360865
51.87311549
51.88043553
51.89348002
51.97748670
51.98273230
51.99868420
52.00059341
52.01188105
52.04727951
52.07182662
52.11357623
52.22821974
52.24308057
52.26514736
52.27836938
52.27977554
52.29721971
52.32346792
52.34278906
52.36117795
52.36306026
52.36746092
52.37393666
52.46115777
52.46324903
52.46558035
52.49929334
52.55895178
52.56540477
52.56969823
52.62809738
52.68363593
52.71457946
52.74978823
52.75595957
52.76076103
52.77163225
52.77333726
52.78282350
52.78877805
52.79663247
52.80895038
52.86451978
52.86489900
52.88075417
52.90159571
52.94163277
52.96666748
53.21264271
53.22180497
53.23776635
53.23968707
53.27005909
53.30300689
53.31126761
53.31708589
53.32544007
53.34151974
53.35464179
53.36114094
53.38121992
53.44526931
53.47927738
53.50626969
53.57005242
53.57581105
53.58648581
53.60447385
53.63528177
53.64026951
53.65697754
53.66112814
53.69940498
53.72336594
53.75342733
53.82770697
53.83211513
53.84360538
53.90255202
53.90502766
53.94350101
53.95827811
53.99735051
54.01786076
54.03917028
54.05859214
54.08318987
54.10121789
54.11060083
54.14627287
54.20188015
54.20519621
54.32079478
54.37261145
54.38144285
54.38376947
54.43779563
54.48560427
54.50218694
54.54751219
54.56087576
54.66294058
54.66881579
54.69069501
54.79840131
54.80004401
54.81925454
54.85952953
54.89144658
54.93545128
54.94394398
54.98703189
55.03787617
55.04251972
55.05320432
55.07950619
55.12537058
55.15884815
55.20412898
55.22107976
55.22506345
55.22820312
55.22848527
55.25129746
55.26285868
55.27162464
55.36674519
55.37399324
55.39311250
55.40310205
55.42924799
55.52385613
55.56073282
55.63657340
55.66236646
55.69549315
55.70912551
55.81133094
55.82179459
55.85411564
55.88031707
55.95238875
56.02806030
56.06038108
56.09553496
56.18020519
56.19889917
56.19944689
56.20417442
56.27054206
56.28773525
56.35131128
56.35524708
56.36205612
56.37799225
56.44963144
56.51368381
56.55906606
56.58073314
56.59468426
56.64480965
56.66831197
56.69739483
56.71023917
56.76960999
56.80392028
56.83164511
56.85996137
56.87355686
56.89326114
56.90494272
56.91122310
56.91810051
57.00463639
57.00621373
57.01621161
57.04769197
57.04948207
57.05823541
57.09051104
57.20059810
57.20737097
57.25898197
57.27069616
57.28039930
57.28078406
57.28730469
57.30234070
57.34796643
57.40591000
57.41453029
57.48049190
57.51496136
57.55275931
57.56627197
57.59893687
57.65009274
57.65042671
57.67081065
57.67874932
57.69090225
57.70451850
57.74159621
57.85667119
57.87980059
57.95348050
57.95608334
58.02289835
58.09991080
58.10746067
58.11859893
58.13632288
58.14743587
58.19581764
58.20162316
58.21081180
58.22964821
58.30676219
58.43361773
58.45164713
58.50227206
58.52737358
58.53198414
58.54597636
58.57252811
58.58244570
58.59227913
58.64976662
58.66371450
58.68229866
58.72218674
58.73265165
58.73461270
58.73507196
58.77185864
58.77530409
58.79749461
58.83932870
58.84149259
58.86293541
58.86323651
58.87864267
58.91970663
58.96979711
58.98618443
58.99767195
59.01258616
59.01857514
59.02117238
59.06187137
59.07002108
59.07440152
59.08378257
59.09643270
59.09823737
59.12667448
59.19345593
59.23535724
59.26878859
59.35070636
59.38409056
59.39013458
59.39106211
59.40905499
59.41687016
59.41871388
59.43035119
59.49808148
59.59314350
59.59559871
59.60792080
59.62825299
59.63128022
59.64623749
59.65616481
59.66875048
59.68726475
59.69305437
59.69743125
59.69852434
59.72990547
59.77829927
59.80942274
59.81636005
59.84953503
59.85450756
59.88978918
59.93883552
59.94978947
59.98058788
60.02720571
60.05445608
60.07317689
60.10373265
60.13275871
60.13354059
60.14369874
60.16172428
60.18236749
60.19003528
60.24231671
60.37430776
60.38417469
60.41855269
60.46514050
60.46698082
60.49114153
60.54837411
60.62284592
60.67225540
60.68958139
60.69864025
60.73854547
60.75357801
60.75796476
60.76454155
60.77988913
60.81826390
60.83775867
60.83939052
60.84103416
60.84145004
60.85760460
60.93198463
60.98685758
61.01964919
61.04335686
61.04650099
61.04896003
61.17741894
61.18672675
61.31214926
61.37672766
61.40189068
61.45117739
61.49376550
61.51153280
61.55902067
61.64862989
61.67295478
61.71069772
61.74315198
61.78504978
61.85645787
61.88188646
61.90393625
61.92127649
61.92217872
61.95396366
61.98484177
124.00000000
