0.05043708
0.06988660
0.08940428
0.11869543
0.13075213
0.13372681
0.17058663
0.19082796
0.21667051
0.30574443
0.32973562
0.33644515
0.35418933
0.35643926
0.36439727
0.37859665
0.39909900
0.46114124
0.48289343
0.48812202
0.49229894
0.54652625
0.55152282
0.59372250
0.59636714
0.60392622
0.63051888
0.64084153
0.65436342
0.81612248
0.82891747
0.85860637
0.89035820
0.90100437
0.90161078
0.93613140
0.97944689
1.03469155
1.10684981
1.17225199
1.21444405
1.23091673
1.23818890
1.26464507
1.28133559
1.32072608
1.33308132
1.34371543
1.35528782
1.36601421
1.38967910
1.39983973
1.40009165
1.43173759
1.43438232
1.49825710
1.50352589
1.50548097
1.50784817
1.51976439
1.54901396
1.55242098
1.56830495
1.57239644
1.61602359
1.62358108
1.62803777
1.63689686
1.71555229
1.71654258
1.72228607
1.72877757
1.76992876
1.78638599
1.81144328
1.81701195
1.85439546
1.86477557
1.86888720
1.87243454
1.89833605
1.93187633
1.95034085
1.99368841
2.03248585
2.15592685
2.16268776
2.16817458
2.19099763
2.21326837
2.21465393
2.26026598
2.29137987
2.38427054
2.46781468
2.51581056
2.51673681
2.60408028
2.61951121
2.64198682
2.68298635
2.75430345
2.76819938
2.83870389
2.88912695
2.92975728
2.95659613
2.96731294
3.00016176
3.06085963
3.09821517
3.14372850
3.14429796
3.16632755
3.17370277
3.20592128
3.21857600
3.23344606
3.23376433
3.28216023
3.29738756
3.34650512
3.37052795
3.38522396
3.40084024
3.43057048
3.49334347
3.50757583
3.52838162
3.54414090
3.55210631
3.55564589
3.56238081
3.56244146
3.57492508
3.59751835
3.65173223
3.66015860
3.74128191
3.74261650
3.75802669
3.79538712
3.86302859
3.95995428
3.97393519
3.99026689
4.04491702
4.05006874
4.06243436
4.11528024
4.16110570
4.21530372
4.26319879
4.29171358
4.29254544
4.33056221
4.33710329
4.38878469
4.44385296
4.46563776
4.46586037
4.46739453
4.47698121
4.48375494
4.48465098
4.50739248
4.59279659
4.62507894
4.65002431
4.68008497
4.73265706
4.77349809
4.79352022
4.80715244
4.81249248
4.83416787
4.87375840
4.91065826
4.97153086
5.04737198
5.04750078
5.06613381
5.07113823
5.09009572
5.14973237
5.18964858
5.20982748
5.28963294
5.31631154
5.33447579
5.37526098
5.43117018
5.48599310
5.49636307
5.52746090
5.55619250
5.60017064
5.62593311
5.66937826
5.68036181
5.78079751
5.81022803
5.81932996
5.84500276
5.85520714
5.85955780
5.93664037
5.94525725
5.97811063
5.98471040
5.99585187
6.12299651
6.13731147
6.15334630
6.15532217
6.15638687
6.17260603
6.17811552
6.18175580
6.19111539
6.20594193
6.24407708
6.26296063
6.26952294
6.29281389
6.29471705
6.30412431
6.30658987
6.39260567
6.40662760
6.42811708
6.44631603
6.45485793
6.49235690
6.51409489
6.51581288
6.58482162
6.59775983
6.64121603
6.64295074
6.68287431
6.73578766
6.84031708
6.86032415
6.93412317
6.99460086
6.99528217
7.01052629
7.02937025
7.04298072
7.05776385
7.06245885
7.14327273
7.14830211
7.18365255
7.23106153
7.24220576
7.26867492
7.27635400
7.35083607
7.36848474
7.41709344
7.44444481
7.44495042
7.44509283
7.48175042
7.51765524
7.52695058
7.53890364
7.61120409
7.62858829
7.66698631
7.77563440
7.90238293
7.90499975
7.90838380
8.00535944
8.01516492
8.02565209
8.05902460
8.06812528
8.18927380
8.22958241
8.23554330
8.28775529
8.52290738
8.52672280
8.55923699
8.62047836
8.69267436
8.69946916
8.76083863
8.76552714
8.79398169
8.81212992
8.82748162
8.88054190
8.90945210
8.94889829
9.01163152
9.02639151
9.05039763
9.05910632
9.06749379
9.12326428
9.13642989
9.13820473
9.19991840
9.20283668
9.23634140
9.24922402
9.25759894
9.28538258
9.28857044
9.33291570
9.34293045
9.35677833
9.36272651
9.39165637
9.41815685
9.42073819
9.48362805
9.48677870
9.51013129
9.54773699
9.56713632
9.58625249
9.59122987
9.59234565
9.59905920
9.60335421
9.61331436
9.62319847
9.62643002
9.64744711
9.67325600
9.68168107
9.70594705
9.72027776
9.73126671
9.74843841
9.78677654
9.82306983
9.87852064
9.88500325
9.89300279
9.90862435
9.94209673
9.96885625
9.97495204
9.97724096
9.97930460
9.98720076
10.00582315
10.02323984
10.02962044
10.09328473
10.09578117
10.11949647
10.14677024
10.14848389
10.15071137
10.16778656
10.18075276
10.22246669
10.25730273
10.27754043
10.38979877
10.39192157
10.41095017
10.42954678
10.46430903
10.46821166
10.47612997
10.47650805
10.48185686
10.48909764
10.61316273
10.62981409
10.63615990
10.66287419
10.66695859
10.67015411
10.72883614
10.75304674
10.80073065
10.83821009
10.84635826
10.86969571
10.87358677
10.89805449
10.92502957
10.96291138
10.98983459
11.06937947
11.11730708
11.12285411
11.15049221
11.16051539
11.16762011
11.17065888
11.17160807
11.17451398
11.19229780
11.31093983
11.32793813
11.34533294
11.45156704
11.45424723
11.47323587
11.52494540
11.59887957
11.63366825
11.67282882
11.74798601
11.77908346
11.80457347
11.81991656
11.83800989
11.84501413
11.86141568
11.94475477
11.95556536
11.96347403
11.96389825
11.96984765
11.98538618
11.98545703
12.09330567
12.16340123
12.18754816
12.19435898
12.22321276
12.22821429
12.23609678
12.24198237
12.25752459
12.32528068
12.32623916
12.33631768
12.33712495
12.39552257
12.40501678
12.42476538
12.43789995
12.57401011
12.60736806
12.62878661
12.66009505
12.66939937
12.67020776
12.67641799
12.67687265
12.68401160
12.70390770
12.71671015
12.72052857
12.74280492
12.85047009
12.90362808
12.93570165
12.98547751
13.01441687
13.02145288
13.02992796
13.05917760
13.05941638
13.06305685
13.06393254
13.19858413
13.21198011
13.23835212
13.25910979
13.25917013
13.31357177
13.32958518
13.37695941
13.37698020
13.41500182
13.46489533
13.48353711
13.50262701
13.52601416
13.58766820
13.61635802
13.65049045
13.65063410
13.66616149
13.67824472
13.72112929
13.73961949
13.76883689
13.84355820
13.84673010
13.86636716
13.89483681
13.90228535
13.90856269
13.92526220
13.97096015
13.97995057
13.98434466
14.01340169
14.03198218
14.03716475
14.06114991
14.06942317
14.09328587
14.09362171
14.12928224
14.22978578
14.23156002
14.25494391
14.30867626
14.31376848
14.36670042
14.38638242
14.41479809
14.42231765
14.44196507
14.51509595
14.58319008
14.59700066
14.71319213
14.73169302
14.74085096
14.74931498
14.79143377
14.80623805
14.81232343
14.82139787
14.83197192
14.83608417
14.84567445
14.87654492
14.99777415
15.07099884
15.10287053
15.12020740
15.12941127
15.14146108
15.14501533
15.14911753
15.19494659
15.20489464
15.24157165
15.24872728
15.25153348
15.32816235
15.33926583
15.36161300
15.41835978
15.42895472
15.44106638
15.48726247
15.51676230
15.52175531
15.52512910
15.54998909
15.56149479
15.58606489
15.64498094
15.66167383
15.66460827
15.72375246
15.74029253
15.78800805
15.79871737
15.80317028
15.81267708
15.86117155
15.86449348
15.89402152
15.89642953
15.91855883
16.00086000
16.00512877
16.00553056
16.09224287
16.09667384
16.11936638
16.17935198
16.19619216
16.22668132
16.25449631
16.31775465
16.37546348
16.40019678
16.40370687
16.45934846
16.46388944
16.48263209
16.48367743
16.48534305
16.50101189
16.53117469
16.56398121
16.69398938
16.73333776
16.77057441
16.79716821
16.81658592
16.81838124
16.88402236
16.96639502
16.97071193
16.99980987
17.02259093
17.03336062
17.06500631
17.07844770
17.12433420
17.16299911
17.17690954
17.19348128
17.22555624
17.25309935
17.34045929
17.36089667
17.36271243
17.41221300
17.45338550
17.49768988
17.54226145
17.57217568
17.60182132
17.61907313
17.62757646
17.67270910
17.72755331
17.75436253
17.77014716
17.77245299
17.78029415
17.87305391
17.88678535
17.95516939
17.99194468
18.07784382
18.09029405
18.10925102
18.16819917
18.17303840
18.18771261
18.25282220
18.26266113
18.32763351
18.33372713
18.41159358
18.41227337
18.44786592
18.48969254
18.55514667
18.58292450
18.59854675
18.60680859
18.60700312
18.60738847
18.63085886
18.63357079
18.67490664
18.70718497
18.72029361
18.73335090
18.74097266
18.80203138
18.82215812
18.88306569
18.90470300
18.92805760
18.93020741
18.95419569
18.95878460
18.97627982
18.99026440
19.01385582
19.02283639
19.04761787
19.06347623
19.09887402
19.11460386
19.13799864
19.15455176
19.15744458
19.15879395
19.21613781
19.21710222
19.23386634
19.26209208
19.32501070
19.34428172
19.37196187
19.43296929
19.48391727
19.51400318
19.61429011
19.65131476
19.66622062
19.68921895
19.70821424
19.72498261
19.73297960
19.80419976
19.82352298
19.89432605
19.89457724
19.95577400
19.99701901
19.99992113
20.02556663
20.02593404
20.03324987
20.06570653
20.12965317
20.13870356
20.15662179
20.16606809
20.16817611
20.17129297
20.18330812
20.26076573
20.27152112
20.27599693
20.29126214
20.31867049
20.33350659
20.41388998
20.43834825
20.43969008
20.43982750
20.44964430
20.51738852
20.53045383
20.62905563
20.70315457
20.74429558
20.77195396
20.77672965
20.79080816
20.80160960
20.80364071
20.83608241
20.85140920
20.89453757
20.92455169
20.98595271
21.02651470
21.03265934
21.05479133
21.06702278
21.14486241
21.14954273
21.16046505
21.16334489
21.17310894
21.21996130
21.22440800
21.24671250
21.24759352
21.28306934
21.28683149
21.28816194
21.28974772
21.35541740
21.36467879
21.43010693
21.51904755
21.54664414
21.56049920
21.58244343
21.65765903
21.65974042
21.73675703
21.74755685
21.77409670
21.77909078
21.81332553
21.82635498
21.82991016
21.84623711
21.86566906
21.97317197
22.01630257
22.06604639
22.07826718
22.15510508
22.15584268
22.15698342
22.17098289
22.18326352
22.18915046
22.22001310
22.23585638
22.23763301
22.31713049
22.43827228
22.43833077
22.47534858
22.48994108
22.49319564
22.52382011
22.54632254
22.57110046
22.57687205
22.62461074
22.62752270
22.67429354
22.71498670
22.72153987
22.72622122
22.77118326
22.78478764
22.79901251
22.80783202
22.82573794
22.84144738
22.84158041
22.86177902
22.86559554
22.89492027
22.91603607
22.92340229
22.95591791
22.98921133
23.00096159
23.04732207
23.08302049
23.13204468
23.13791749
23.15218818
23.17363744
23.18305025
23.30683007
23.31705873
23.32280867
23.36423825
23.36825228
23.45025244
23.46597474
23.47677018
23.48403008
23.51349820
23.55103561
23.61095717
23.62660112
23.63259444
23.65515629
23.86502008
23.86864090
23.90685528
23.90976091
23.91946252
23.94124949
23.97246663
23.97352127
24.02242528
24.03668616
24.03723015
24.04103948
24.11955453
24.16786719
24.18978771
24.19918476
24.20338953
24.23670903
24.25838002
24.30190502
24.31175848
24.32921957
24.33409636
24.34748481
24.35441193
24.41411417
24.53196794
24.53297031
24.58333351
24.58755446
24.62839002
24.64018845
24.64262899
24.66590311
24.69800443
24.70732016
24.72539222
24.77550796
24.84079330
24.86134212
24.86364525
24.86453203
24.87954594
24.91942929
25.02201142
25.02654938
25.04108407
25.06411427
25.08068559
25.14382514
25.14684857
25.16072562
25.16073544
25.16184675
25.18551687
25.19313007
25.19397176
25.22082424
25.25841548
25.27703994
25.28225960
25.31078281
25.32235845
25.36989071
25.37327391
25.40585631
25.42523096
25.43872361
25.47304204
25.49325801
25.55898042
25.56874755
25.58774879
25.62119206
25.77103942
25.80516999
25.83176668
25.91016746
25.91592560
25.95739567
25.95768363
25.98941765
25.99689911
26.00433838
26.04325698
26.07607360
26.09629704
26.09915702
26.14283164
26.14839666
26.22679989
26.27990847
26.33475720
26.34940713
26.35894355
26.40156765
26.42052237
26.43187343
26.44545697
26.47782656
26.50668584
26.51970054
26.52616382
26.53398079
26.54543404
26.59727130
26.60049279
26.60061442
26.62131894
26.68029381
26.74200738
26.74606947
26.76018516
26.86139079
26.86704750
26.91729592
26.92411706
27.00795460
27.03034633
27.05435746
27.05757028
27.12082048
27.14310734
27.16526620
27.16887037
27.26411008
27.29798732
27.31479823
27.43961611
27.47769723
27.50310348
27.50625772
27.50783022
27.51456592
27.54744872
27.56758426
27.60496110
27.60967995
27.66012639
27.75459974
27.85423011
27.91660107
27.92653832
27.93249518
27.96856180
27.97127974
27.98225202
27.99911983
28.01734639
28.02317874
28.02837668
28.05959643
28.07977503
28.08565392
28.17146354
28.19047986
28.19109955
28.20272462
28.20680496
28.28295904
28.36940814
28.38124690
28.39437017
28.43218561
28.49554425
28.50625937
28.54209600
28.56797130
28.61239677
28.61379017
28.61921633
28.63200343
28.65696967
28.68098923
28.70124617
28.72052291
28.72835839
28.74683828
28.78007252
28.80340450
28.83681989
28.87992337
28.91343087
28.92835011
28.95342749
29.02163516
29.03147094
29.06515385
29.09749987
29.17174191
29.19280492
29.23503232
29.25388139
29.25593588
29.27040485
29.32144383
29.38695781
29.38961775
29.44200527
29.45439232
29.47116741
29.47692619
29.55837937
29.57203625
29.58364776
29.60522130
29.62239782
29.68829138
29.74867713
29.75323746
29.77690959
29.78402439
29.80044803
29.80152406
29.86721648
29.90697863
29.92639525
29.93031991
29.94523722
30.03143918
30.03940129
30.04293978
30.06032194
30.15698880
30.15966868
30.20068521
30.21897863
30.24710238
30.28568561
30.29333861
30.30151409
30.32340556
30.34022825
30.34216634
30.41703482
30.51358359
30.52561699
30.53294468
30.63245878
30.69551317
30.69882779
30.70136972
30.71509772
30.78591913
30.86368074
30.89936591
30.93012697
30.93464626
30.94511781
30.96493289
30.96930779
30.97792815
31.07199295
31.07721162
31.11397625
31.14746177
31.28777406
31.28952810
31.33864692
31.35872262
31.38942994
31.40492493
31.49397477
31.51887777
31.57688299
31.58928433
31.63063619
31.69202972
31.71556627
31.72916687
31.79835732
31.79962699
31.80283232
31.88129887
31.88652389
31.88976739
31.89019551
31.94311430
31.95064784
31.96658740
32.00384597
32.03235727
32.07709124
32.10835713
32.15664029
32.17403961
32.19789012
32.20169502
32.24104817
32.25962915
32.26468937
32.27682146
32.30909921
32.32107208
32.32392786
32.36914819
32.41195535
32.46291282
32.48065940
32.48407952
32.54607504
32.57042473
32.62026700
32.64815695
32.65411964
32.66035469
32.73128219
32.73397034
32.75476208
32.76106039
32.78095049
32.79369450
32.87043374
32.89751104
32.98193745
32.98256509
33.00346852
33.00787508
33.06931202
33.07347537
33.10102529
33.15445104
33.16187621
33.17886948
33.19954666
33.20978300
33.21400543
33.21712298
33.22187785
33.22687620
33.23756077
33.28937694
33.29807180
33.29874117
33.34638295
33.36599751
33.40683243
33.44281882
33.44728951
33.56513047
33.57478957
33.61804405
33.64882722
33.65398713
33.69754072
33.77266026
33.79269506
33.79853109
33.81883168
33.90127735
33.90904705
33.95751189
33.99385246
34.01413234
34.04367762
34.06955469
34.06976029
34.14439325
34.14695568
34.18147247
34.21365174
34.21598662
34.31852032
34.32629936
34.33248201
34.34204242
34.38424590
34.42003115
34.43933545
34.46308536
34.48594903
34.49106783
34.52962672
34.55052507
34.58346067
34.58732110
34.63033428
34.72197349
34.77998716
34.78046976
34.79596796
34.81080730
34.81426640
34.83424700
34.87523991
34.89010176
34.89436213
34.89716055
34.91988703
34.92418971
34.93131200
34.93354756
34.96880679
34.98655202
34.99005131
35.03526173
35.04086974
35.06632969
35.07812806
35.11900312
35.12233406
35.13221098
35.13548658
35.14974500
35.18004125
35.22391962
35.23131856
35.26564524
35.28055762
35.28264851
35.35145779
35.37204255
35.38339770
35.44743992
35.48594879
35.50156966
35.53885917
35.57311130
35.58000331
35.58940064
35.59049249
35.62696272
35.64020552
35.66686477
35.68355965
35.74782524
35.78128684
35.80373634
35.81923648
35.85264532
35.85443417
35.91284850
35.92915577
35.93254388
35.94586427
35.95066606
35.96921812
35.97423627
35.98306783
35.99184351
36.00318945
36.04864817
36.06078496
36.13015592
36.14996455
36.15951462
36.23373409
36.23505274
36.29872845
36.38916931
36.47204302
36.47762812
36.48770390
36.51293682
36.52337579
36.60331523
36.64912579
36.66621044
36.68469227
36.69533859
36.69569497
36.82844880
36.83649030
36.93706418
36.95777140
36.96008333
36.97877648
37.01013340
37.02565319
37.03926957
37.05446405
37.05544181
37.07820799
37.09108572
37.09229331
37.09905825
37.16992870
37.18474142
37.19350057
37.21668829
37.22851081
37.28167753
37.30062061
37.32850230
37.33708348
37.33731664
37.45214932
37.46528996
37.55440513
37.57705385
37.60174843
37.60378873
37.61213611
37.61868001
37.63009039
37.66315896
37.70683894
37.70707951
37.71046274
37.73531429
37.74998554
37.75533057
37.81880860
37.83253253
37.88020984
37.89316492
37.91009135
37.92139846
37.94259335
37.98829618
37.98968668
38.01873868
38.01964055
38.05393788
38.12260011
38.12382915
38.13454791
38.17075121
38.19148853
38.22474673
38.25527613
38.25953594
38.26082994
38.27201960
38.30367316
38.34201018
38.36819192
38.37037426
38.37641582
38.38024660
38.38183632
38.39494779
38.43192078
38.50483101
38.50889025
38.51604839
38.55561547
38.57202103
38.58519769
38.67790360
38.71058488
38.73331860
38.74537973
38.76993408
38.78994163
38.83025814
38.83920901
38.85095742
38.86598182
38.86683628
38.89498701
38.89762845
38.94135799
38.95517390
38.96555301
38.98083569
38.98872578
39.01774635
39.06737416
39.11067652
39.16538509
39.19582725
39.23091620
39.27648606
39.32986917
39.38817242
39.41426275
39.42370739
39.43007016
39.47371210
39.49811215
39.56779389
39.61592951
39.64525297
39.66449563
39.66899396
39.68651639
39.70121354
39.70184582
39.82678257
39.84296574
39.86542948
39.90973870
39.97244614
39.97706371
39.98879169
39.99124776
40.02740828
40.13904865
40.18806585
40.20297355
40.21262092
40.23246979
40.27337428
40.27750405
40.28061740
40.35909575
40.36857669
40.37013722
40.37727646
40.38185320
40.38204197
40.40144865
40.41752249
40.42832760
40.47301524
40.48046065
40.50524231
40.56255496
40.61282279
40.63610041
40.65707908
40.70039940
40.74658644
40.75279787
40.79053784
40.79451929
40.79598001
40.82337938
40.92725442
40.96547819
40.98121940
41.00747098
41.08088290
41.10663024
41.11759390
41.15611559
41.16726451
41.17016215
41.17560406
41.20474165
41.21954798
41.24374114
41.25219854
41.29375459
41.29456365
41.29864897
41.30778981
41.39112749
41.40750632
41.41003907
41.45749790
41.52062632
41.55491372
41.57749730
41.58675045
41.61298650
41.62825850
41.63662015
41.72081130
41.73938379
41.75282464
41.77021533
41.77931513
41.78204227
41.82114502
41.85030864
41.85118568
41.86610877
41.88192945
41.88243456
41.93506268
41.94939235
41.95014211
41.97436332
41.98291446
42.05492249
42.05961812
42.08660950
42.09852257
42.14337859
42.14792981
42.16360668
42.17477152
42.19815091
42.22422021
42.23132967
42.24757056
42.26543536
42.28284663
42.29919906
42.31798879
42.32749139
42.33000593
42.34904219
42.37275119
42.39219149
42.40205684
42.43331252
42.46686949
42.48642608
42.48925505
42.50398816
42.50827672
42.54330061
42.58191797
42.58549537
42.62091535
42.62883481
42.66130986
42.66624388
42.69667500
42.77672263
42.83038007
42.86133373
42.86425092
42.86610289
42.88007291
42.91431368
42.91956230
42.93543750
42.96317601
42.98960307
43.02139158
43.04461533
43.04920595
43.05299342
43.17937008
43.18149108
43.20477284
43.22684761
43.27310942
43.33737666
43.37330702
43.37709406
43.39907220
43.39913382
43.44026069
43.44681406
43.44855361
43.45522920
43.45626009
43.47891235
43.48915605
43.50421796
43.55041286
43.58931354
43.60686887
43.63092736
43.66854697
43.67513695
43.69061934
43.70413057
43.73190678
43.75312737
43.84572253
43.92453656
43.93981609
43.93985620
43.94267890
43.96223854
44.00907670
44.01855594
44.05390804
44.06766827
44.11596264
44.13395059
44.16292876
44.16910138
44.17500672
44.21518936
44.29167858
44.29596959
44.36082582
44.42627595
44.49700117
44.50536299
44.52944343
44.54344301
44.63983784
44.64093455
44.68962855
44.70654106
44.71708705
44.79007745
44.84536720
44.85324605
44.88487212
44.90080901
44.92106958
44.92299597
45.06306739
45.06771396
45.08344883
45.18121170
45.18364715
45.18939424
45.21183573
45.21663536
45.21691413
45.34130849
45.36166513
45.37347352
45.40194490
45.48335087
45.48953625
45.54581173
45.55346186
45.55941716
45.62637274
45.63369374
45.67934767
45.68720672
45.68903746
45.73443932
45.76047573
45.77671559
45.80695916
45.83217220
45.83997995
45.84140935
45.88086279
45.88213316
45.90170036
45.90364203
45.94888072
45.97270688
45.97894403
45.99556254
46.00400010
46.10897868
46.19334831
46.19375327
46.20474657
46.21087344
46.25272687
46.25381808
46.25941277
46.41328316
46.43425449
46.45283094
46.46023164
46.46829970
46.49326541
46.50548552
46.56924521
46.58854144
46.58927187
46.62000671
46.63699455
46.66048736
46.72134016
46.73286845
46.78969493
46.81448855
46.85775597
46.90861999
46.91505038
46.93042090
46.96720332
46.99747720
47.00291139
47.03647091
47.04504257
47.05559175
47.12451020
47.14939065
47.18435210
47.22579392
47.23045656
47.23769436
47.24392808
47.25044097
47.29888961
47.31392133
47.33493593
47.38052931
47.40687059
47.40919997
47.48410491
47.57153110
47.57308606
47.57429590
47.61725066
47.62675301
47.63757301
47.69268376
47.72142822
47.72188475
47.78553477
47.79325987
47.79489108
47.80113312
47.82210957
47.86589859
47.88574176
47.88659403
47.90630730
47.90883553
47.93979573
47.97419768
48.01479153
48.01884370
48.07605169
48.09537517
48.16914558
48.20442464
48.22122842
48.22980717
48.24589333
48.29966251
48.31496916
48.33546292
48.33954278
48.34616439
48.36949857
48.38328428
48.42400186
48.42870114
48.43303436
48.44807014
48.47790896
48.49427258
48.50961033
48.53722738
48.55143668
48.56907059
48.57146085
48.61854356
48.70548830
48.74494744
48.74599675
48.76381234
48.78952287
48.80644377
48.82358596
48.85403839
48.87764468
48.88508511
48.88633068
48.99393522
49.00458647
49.05008498
49.06049246
49.06396846
49.11960917
49.16279123
49.22239512
49.23254549
49.25113328
49.31857856
49.39444672
49.40544436
49.41192339
49.43084404
49.44108566
49.44256738
49.48266575
49.48529447
49.48892339
49.50016076
49.54793860
49.65639522
49.69737931
49.73241119
49.76306351
49.77660767
49.78094761
49.80973988
49.82230024
49.82375350
49.86501618
49.89246895
49.89882147
49.93844432
49.97724112
49.98355402
49.98665567
50.06056658
50.09275576
50.12179831
50.12189794
50.13357142
50.14849408
50.18073092
50.19019630
50.27402659
50.29289412
50.35655093
50.37670686
50.38746826
50.40309836
50.47840221
50.48353810
50.55816874
50.59110008
50.59815673
50.62373411
50.62761908
50.64405967
50.81297408
50.81824217
50.84307311
50.87446687
50.89664150
50.98258645
50.99726799
51.00998211
51.02485051
51.03018449
51.05028617
51.09217833
51.10389093
51.14492307
51.20727711
51.23046335
51.24700637
51.25011527
51.26792748
51.26920088
51.27895175
51.28355308
51.28501776
51.29938385
51.31239965
51.37067465
51.39036566
51.39482663
51.39526517
51.39800023
51.43697691
51.45110992
51.47250207
51.48006592
51.56458308
51.58448509
51.59656191
51.59658927
51.60393030
51.70309374
51.71927917
51.74381142
51.76408552
51.77104396
51.77739260
51.79309702
51.93471393
51.94271855
51.98587697
51.99095540
52.05468129
52.10941595
52.18153702
52.27110789
52.31231942
52.33615694
52.38803788
52.46426334
52.47728703
52.50914270
52.52948493
52.54307819
52.55445722
52.55896906
52.56540477
52.58607003
52.63395175
52.64125004
52.64981370
52.66077509
52.67791698
52.68305861
52.70397078
52.70550926
52.71611306
52.72716840
52.75393214
52.79448631
52.84446192
52.86144293
52.87370604
52.90881127
52.91539924
52.94459263
53.00476699
53.07844168
53.08671653
53.09939051
53.10278480
53.11735666
53.12837528
53.13978007
53.15425513
53.25553756
53.26164856
53.26479612
53.31140370
53.33179289
53.33671586
53.33765022
53.34371932
53.35685740
53.37795262
53.40666292
53.47535848
53.48964385
53.50834153
53.53121897
53.55903936
53.57581105
53.58573933
53.59133787
53.62423285
53.64358474
53.65361296
53.65914267
53.70508506
53.73922930
53.75228200
53.80358072
53.84090424
53.84224565
53.87656280
53.94032009
53.95685592
53.96859410
54.01260652
54.05882092
54.08622398
54.13380597
54.13655642
54.14319454
54.14769702
54.17216290
54.19733150
54.20219960
54.20713320
54.23005809
54.23168587
54.26420898
54.30876755
54.31377935
54.35302846
54.40621297
54.42986423
54.50881352
54.57949941
54.58157253
54.58842659
54.59133399
54.60038888
54.61004707
54.63883254
54.64083244
54.64501612
54.65549221
54.68844772
54.68959469
54.71281923
54.71523602
54.74554265
54.78179838
54.78232385
54.78757879
54.79388090
54.80574111
54.80598734
54.81563237
54.81989557
54.83176743
54.88907648
54.89545560
54.94353666
54.96788272
54.97872968
55.05072967
55.06748824
55.09267650
55.09424537
55.10559879
55.10825482
55.12357784
55.17628973
55.20863280
55.20882695
55.24452740
55.25337575
55.25582728
55.29232896
55.29236288
55.31910866
55.33640767
55.33809418
55.42925232
55.44302554
55.44576079
55.45404122
55.45674031
55.49553740
55.49992113
55.56163870
55.58996562
55.59848886
55.59888783
55.61208283
55.62771344
55.71261203
55.73066924
55.75079728
55.77022840
55.81121548
55.83827191
55.85073752
55.88533428
55.96254903
55.98985847
56.02245971
56.05769708
56.08573836
56.08701948
56.09793549
56.11898627
56.17736391
56.18976913
56.21312819
56.25071959
56.29570778
56.30050253
56.30964278
56.31134811
56.40004118
56.40405511
56.41545616
56.45975164
56.51006521
56.51510548
56.54377654
56.59569482
56.61774156
56.65485868
56.71655318
56.75754666
56.76245100
56.80300785
56.80918582
56.94352541
56.96335857
56.97633687
56.98670503
56.99429843
57.00893835
57.03411208
57.04754773
57.10228885
57.12370997
57.13403599
57.16237572
57.31805356
57.33122135
57.33893145
57.35480172
57.36973106
57.38683251
57.39440078
57.43905865
57.50347010
57.52410023
57.59495910
57.59675808
57.61360317
57.61364166
57.65009274
57.65857058
57.78027502
57.79009841
57.82966160
57.92879295
57.93485950
58.00207764
58.00875611
58.02347348
58.03730320
58.04325119
58.08829339
58.09163822
58.10717478
58.11026180
58.11091941
58.13632288
58.14621774
58.14788072
58.15517229
58.16668906
58.16787852
58.18709919
58.20302105
58.24063037
58.26956393
58.27568500
58.29436437
58.31129727
58.32277054
58.37719590
58.39082746
58.39472343
58.50384648
58.51728579
58.54597636
58.55371420
58.56491096
58.61737829
58.62084531
58.63451280
58.69492999
58.69606007
58.70642304
58.74670301
58.75159150
58.80880722
58.81107512
58.86184655
58.86329569
58.89926133
58.89927345
58.97941903
59.00025125
59.00063064
59.01765606
59.05769977
59.06859570
59.16049343
59.19776147
59.19912936
59.20383709
59.24739029
59.24783752
59.25813627
59.26870069
59.26878859
59.31591959
59.35600266
59.38413111
59.38472134
59.42381256
59.43894754
59.44098805
59.45880309
59.46240506
59.51918128
59.53030312
59.56901779
59.58670378
59.59314350
59.61551340
59.63268990
59.66276614
59.67930663
59.69655244
59.70246435
59.77910150
59.81824141
59.82494253
59.89313307
59.92489973
59.97223191
59.98950529
60.05896526
60.05988203
60.06868490
60.08511665
60.11496545
60.12428022
60.29403577
60.30197312
60.32041806
60.35635845
60.35884136
60.41755892
60.43237248
60.45872304
60.48341917
60.50338135
60.55300252
60.59473719
60.61178328
60.61220010
60.63852276
60.68489829
60.70987173
60.74176949
60.76348922
60.77640974
60.79087369
60.79142663
60.79613582
60.81710419
60.83707097
60.91966052
61.11508431
61.17103004
61.31065167
61.31776151
61.37355560
61.37788722
61.43703824
61.46452061
61.47218998
61.56478452
61.60247485
61.61998648
61.62085900
61.64670656
61.67665567
61.70015180
61.70137544
61.70697239
61.71175197
61.72085827
61.75252536
61.75546603
61.77067021
61.79561091
61.80373192
61.82029035
61.86596004
61.93575842
61.95543186
61.96864451
61.97519368
62.02069639
62.05170451
124.00000000
