0.06141181
0.06406131
0.08487643
0.08923033
0.11756379
0.12444551
0.14154690
0.15308586
0.16373886
0.20941807
0.22060254
0.26254079
0.28610021
0.31071517
0.34453162
0.35758736
0.36821338
0.41115212
0.45000078
0.46470654
0.50451388
0.51263688
0.54827491
0.60173837
0.61534631
0.64118207
0.64548086
0.67249163
0.68330868
0.69155611
0.70420113
0.77876993
0.87389612
0.89822352
0.95221169
1.13382789
1.13497246
1.18263867
1.27358388
1.30193489
1.32959102
1.36754561
1.41338175
1.41736226
1.42102326
1.42486001
1.43248729
1.43702087
1.46285971
1.47940843
1.49962960
1.53397318
1.54926746
1.59356677
1.60534931
1.64232653
1.64472704
1.68542771
1.69243144
1.70896870
1.74156283
1.80490933
1.83557115
1.84541484
1.90224106
2.01800195
2.02732439
2.04538478
2.06645077
2.07861705
2.10066031
2.12075812
2.12713742
2.16464761
2.18877413
2.27510095
2.29981696
2.33127913
2.34387607
2.37659134
2.39697282
2.39954999
2.43869473
2.49044761
2.50348180
2.50389086
2.51350380
2.52389287
2.54547384
2.56094283
2.57128372
2.60856685
2.61603861
2.61841426
2.68104146
2.71449359
2.76329997
2.77179158
2.79473699
2.82942963
2.85393333
2.85631714
2.89454999
2.90463451
2.95522965
2.97698365
3.07176028
3.12987059
3.13300134
3.17476019
3.20203763
3.20812127
3.23458496
3.29952902
3.33970289
3.37042690
3.37992191
3.39202617
3.41247149
3.41580068
3.45057272
3.58412806
3.62865684
3.63386164
3.65287134
3.68886436
3.83474498
3.83651261
3.86023177
3.90497326
3.91437139
3.97672259
4.00187456
4.02705107
4.08964147
4.11528024
4.17575307
4.18086728
4.18120589
4.18849033
4.19077504
4.19671788
4.22298042
4.23213243
4.23417968
4.25667873
4.33044614
4.34919723
4.35625545
4.35795085
4.37582018
4.42981277
4.44925687
4.50434331
4.52030955
4.53280264
4.54426853
4.56481490
4.56513335
4.60516754
4.62830717
4.63607367
4.63968757
4.64300071
4.66176430
4.67503538
4.71142705
4.71996150
4.75021896
4.76469092
4.76924549
4.81592724
4.81976656
4.84944216
4.89382002
4.93708953
4.95379965
4.95507014
5.00559532
5.03030296
5.03253998
5.10252071
5.14133810
5.14740447
5.18368555
5.19567228
5.19898781
5.22536171
5.23416316
5.23466010
5.28039005
5.29243519
5.32618465
5.35737352
5.37966908
5.40256966
5.41627460
5.42776591
5.43703603
5.44670963
5.45451245
5.48351952
5.48690279
5.52902987
5.55094477
5.55529095
5.57551365
5.57748703
5.57927313
5.62593311
5.64983120
5.66712259
5.66744097
5.72330362
5.72935926
5.75175454
5.75943170
5.77373726
5.79625207
5.81589535
5.83907561
5.84716736
5.87794342
5.92284713
5.95298372
5.97633696
6.03138315
6.16850260
6.20623640
6.24987195
6.29312320
6.29761923
6.31489065
6.31759248
6.32643524
6.39466825
6.44044700
6.51588130
6.51666490
6.51801694
6.53308822
6.53368348
6.55382170
6.56191847
6.58692507
6.60599439
6.64272524
6.69685141
6.73447414
6.74731416
6.76934445
6.79409953
6.82602338
6.86218879
6.86932548
6.87133358
6.91163495
7.05776385
7.06834143
7.06926730
7.09410047
7.11114975
7.11128988
7.14180358
7.14862245
7.16913951
7.24748937
7.25858296
7.28208696
7.34617029
7.41233756
7.42543117
7.48165655
7.54025212
7.56124581
7.62957559
7.62995961
7.67878323
7.68549955
7.70610665
7.74383174
7.76558897
7.79286738
7.83065221
7.85443755
7.92758273
7.98003336
7.98243496
7.98840046
7.99102131
7.99289833
8.01070966
8.03472388
8.11750124
8.12087864
8.13574251
8.14222573
8.16824162
8.22633277
8.24080500
8.28484218
8.31126209
8.34248922
8.34647305
8.38147697
8.43691683
8.45643482
8.45981524
8.50380694
8.51222791
8.53566675
8.55131810
8.56136096
8.61269457
8.69264177
8.73150539
8.76831069
8.77035793
8.77145336
8.77649816
8.79026245
8.82398318
8.85099380
8.85804865
8.89527349
8.91933267
8.96683931
8.98613045
9.07552288
9.08469339
9.11114982
9.12384893
9.18513670
9.22601408
9.23613240
9.23803234
9.26496909
9.27045128
9.27528220
9.28347985
9.31578137
9.32027712
9.34314309
9.40246587
9.40544607
9.45446972
9.45866185
9.51411722
9.52429343
9.57714151
9.58840246
9.59790100
9.60129348
9.60587974
9.62367606
9.64233505
9.71739071
9.77173447
9.77894679
9.78740210
9.83082154
9.83851654
9.84315807
9.86634740
9.86913269
9.91504040
9.92198041
9.93444785
9.98776003
10.06786969
10.09403295
10.13249667
10.13875915
10.14471848
10.15658291
10.16882330
10.19661707
10.20043446
10.21820710
10.26647558
10.33871993
10.34668787
10.39967329
10.42435420
10.45044831
10.45183522
10.48146943
10.50460139
10.52839184
10.54254935
10.54875008
10.61815884
10.62093572
10.63927593
10.73323840
10.75788654
10.79599394
10.83043342
10.84635826
10.85530441
10.85886471
10.86969571
10.88486460
10.90531511
10.98162301
10.98483617
11.00043079
11.01191069
11.01698475
11.10665954
11.11984137
11.15714580
11.17148228
11.22964354
11.28747121
11.34493528
11.40729181
11.41555622
11.44869128
11.47612257
11.60092204
11.67122041
11.69564079
11.70346554
11.71256496
11.71755070
11.74801448
11.84501413
11.89029386
11.94504837
11.95644132
11.95909963
12.03968483
12.04804323
12.08097853
12.10721606
12.12082983
12.19799906
12.20273639
12.20534916
12.24267850
12.24766301
12.24954986
12.31593694
12.32186411
12.35190164
12.38702257
12.42011063
12.47248380
12.49161367
12.56396769
12.56923717
12.57692811
12.58916387
12.60303214
12.62553825
12.62822052
12.64131046
12.65929557
12.66009505
12.67956599
12.69857915
12.70390770
12.71174158
12.73630417
12.74163855
12.77214677
12.85394443
12.88883571
12.94380827
12.94679737
12.97115725
13.02849824
13.03326729
13.05116443
13.06676095
13.08214371
13.09540104
13.11172431
13.11969647
13.16537107
13.20897488
13.22283671
13.25107795
13.26479985
13.26949824
13.32077038
13.37016129
13.40723885
13.42838740
13.49695013
13.52792838
13.52861782
13.58815692
13.61869553
13.66816016
13.66996836
13.72862405
13.75210282
13.78080475
13.79187442
13.79693881
13.90856269
13.93331156
13.95378501
13.96042749
13.99287833
14.01374971
14.05742058
14.09362171
14.11274807
14.16082022
14.17458554
14.23714248
14.23821662
14.24824133
14.25065899
14.28868296
14.29068392
14.30018155
14.35331608
14.36159478
14.45828237
14.49260987
14.53623340
14.58230505
14.64098062
14.77936150
14.79143377
14.90869988
14.92150417
14.93372345
14.95308588
14.95630534
14.95999001
14.97063613
14.97448275
14.99523361
14.99729376
15.01142292
15.06716445
15.07443472
15.07802783
15.08681113
15.09428734
15.18033939
15.27579903
15.34302154
15.34443688
15.40492986
15.40581268
15.41470705
15.43550326
15.46495954
15.49213241
15.49753772
15.56641953
15.59300732
15.62798056
15.66452665
15.66758217
15.68803507
15.69289172
15.72979796
15.75174407
15.77322761
15.78068276
15.78564189
15.79234591
15.91250639
15.91567658
15.93869302
15.96503519
15.98306012
16.00344814
16.03538381
16.07171501
16.14591221
16.20686183
16.20789324
16.23603385
16.25729269
16.26688068
16.29478776
16.33381400
16.39832473
16.43096939
16.46102975
16.50170696
16.51138303
16.51787505
16.54876569
16.66275065
16.66869256
16.69780237
16.80528378
16.81624310
16.82010196
16.89722405
16.91166313
16.92882371
16.93397349
16.94220119
17.01485168
17.03308078
17.06068334
17.07838310
17.09671946
17.12075739
17.16455785
17.17606626
17.18189518
17.20366970
17.21818545
17.22110595
17.23387747
17.25309935
17.29598019
17.37286189
17.37300523
17.43197588
17.44701971
17.46971125
17.47752317
17.49094285
17.50577287
17.56130927
17.57156069
17.62496759
17.63764348
17.65127730
17.65732668
17.66303109
17.67706010
17.67820752
17.68712071
17.69167577
17.70075254
17.70944207
17.71019771
17.71718568
17.72959967
17.72967927
17.75474837
17.78545426
17.80922492
17.81802018
17.84970483
17.91182010
17.95531355
18.03365985
18.09252660
18.09989234
18.10946100
18.10998485
18.11299598
18.12452007
18.12636772
18.17456902
18.17530491
18.18970760
18.31167192
18.31574776
18.33305642
18.46588207
18.49749141
18.51613359
18.51726313
18.52946904
18.54892027
18.55514667
18.56017650
18.57467574
18.57876141
18.58108225
18.60524781
18.62752797
18.63085886
18.68439637
18.68857714
18.69976903
18.70058673
18.74097266
18.75122045
18.75486273
18.77580742
18.81481721
18.87398945
18.90203577
18.93718190
18.95126473
18.97150415
19.00320859
19.01419723
19.04193587
19.05744369
19.12762617
19.12850761
19.13005378
19.13457460
19.14296894
19.17966971
19.23746453
19.27535813
19.32354704
19.32788746
19.36948085
19.38415668
19.38615113
19.40837155
19.41149457
19.41562266
19.42178359
19.49100422
19.50860569
19.51805836
19.60126664
19.60887190
19.64372616
19.79555859
19.96982820
20.00296060
20.02006157
20.02720193
20.03367653
20.04287448
20.06817402
20.08323877
20.08408284
20.10427796
20.20510355
20.21341926
20.26421132
20.26794067
20.29886051
20.29898960
20.32745376
20.34019341
20.34162516
20.34338220
20.34548730
20.34609824
20.39352463
20.39978084
20.48170339
20.50236898
20.55987055
20.60131841
20.62905563
20.70201440
20.73124508
20.73512564
20.75302985
20.75732482
20.76074606
20.76832924
20.77497539
20.79840424
20.80933044
20.84556492
20.85752860
20.86601456
20.89015447
20.98518619
21.03267218
21.04611762
21.06867920
21.07114289
21.08623223
21.11001374
21.20121214
21.24560279
21.26473615
21.27053309
21.39142464
21.43010693
21.43627950
21.46159877
21.49508636
21.60882071
21.62936780
21.65072662
21.66772507
21.71842490
21.76006102
21.83704577
21.87027624
21.89873375
21.89935579
21.91759792
21.92890461
21.97339113
21.98159913
21.98162443
22.08623871
22.10658448
22.11008971
22.11251100
22.12900286
22.13539726
22.16267942
22.21231834
22.30118021
22.34560270
22.35926133
22.44426616
22.46877464
22.47492446
22.48013849
22.49165909
22.50281682
22.51190227
22.52448411
22.53851719
22.58337702
22.59282939
22.59994796
22.60622992
22.61567167
22.61673538
22.65437425
22.74292799
22.75437317
22.75537836
22.81106682
22.82278903
22.83636857
22.83684441
22.86628552
22.95764486
22.96967533
23.02534015
23.03885195
23.05711763
23.05819475
23.06754968
23.06801456
23.09007740
23.14712194
23.15155685
23.18271515
23.21098919
23.23276334
23.25298507
23.30326441
23.31189226
23.33890010
23.44626509
23.44739112
23.46101564
23.46269013
23.46334174
23.48357922
23.50626936
23.52126116
23.52241587
23.54862779
23.56955526
23.59973279
23.61413615
23.63670327
23.64214075
23.65205462
23.65819670
23.66729326
23.69945583
23.74506052
23.75498643
23.76437608
23.86266255
23.86864090
23.94124949
23.98491797
24.01337712
24.02789918
24.02979061
24.04200335
24.11025641
24.11425450
24.12976969
24.14260187
24.19545407
24.22337819
24.23966612
24.24090423
24.25087519
24.25310563
24.26715086
24.27546238
24.28950893
24.33362765
24.33858949
24.34645860
24.36266587
24.37040639
24.38166305
24.38642898
24.43155148
24.50019610
24.55934832
24.56549969
24.57856229
24.59996846
24.60029593
24.60767280
24.63365007
24.64264677
24.65540009
24.68133049
24.68162826
24.73904058
24.76414770
24.76690420
24.81751848
24.83404023
24.91651966
24.99341906
24.99716918
25.02403338
25.08023338
25.10532544
25.12734150
25.12871656
25.16383143
25.16945415
25.20095493
25.22646359
25.24311658
25.29284682
25.30538603
25.31032744
25.31758094
25.35983908
25.38461667
25.39940002
25.48424808
25.56874755
25.56993895
25.58146530
25.59965700
25.60765092
25.62684164
25.64609763
25.64781698
25.75559551
25.80100447
25.80138915
25.80372909
25.81056532
25.90914181
25.92264696
25.92356421
26.03935691
26.09232877
26.13361104
26.13553834
26.16346319
26.21003813
26.25685660
26.25932362
26.26053585
26.27553177
26.27655471
26.34262068
26.36207827
26.36818098
26.37848814
26.46107441
26.51564174
26.51662543
26.55621165
26.58588001
26.71940771
26.78441419
26.79077787
26.80493817
26.86744250
26.89933473
26.94174199
26.95553784
26.98840947
27.00541955
27.02555017
27.04141341
27.11298119
27.12179080
27.12757883
27.13788542
27.16286122
27.16595148
27.22348709
27.24306456
27.27557963
27.28340405
27.29572494
27.31097377
27.34498926
27.35546052
27.37119330
27.37936606
27.46787268
27.47645087
27.53067898
27.55046454
27.57044313
27.57415555
27.62464553
27.62619247
27.63864577
27.64364291
27.65176621
27.69158376
27.69236995
27.74941770
27.78011607
27.80683278
27.83874407
27.85070847
27.86698640
27.86798456
27.88265734
27.88294669
27.88809352
27.89978266
27.91791595
27.92614604
27.97719750
28.10168801
28.11983257
28.16761511
28.19703210
28.22648657
28.40954357
28.47445000
28.48515796
28.52496288
28.52853139
28.62757440
28.72405381
28.74138737
28.74951782
28.75122370
28.76175152
28.77247420
28.80764997
28.81395579
28.81528746
28.82358238
28.82619064
28.83293527
28.83350582
28.91008910
28.91342120
28.96247581
28.97524565
29.00580369
29.07601158
29.09807116
29.17484694
29.18868650
29.20225611
29.22091611
29.22554944
29.24566055
29.28165158
29.28391038
29.29823186
29.32281872
29.32626728
29.38337517
29.38961775
29.39177689
29.55991229
29.62559083
29.63083561
29.66478824
29.66942007
29.74864321
29.78491698
29.81548525
29.82459640
29.82774266
29.88943145
30.01504602
30.02211962
30.02751760
30.03226527
30.04950746
30.07324669
30.07679893
30.17947661
30.18228211
30.22264217
30.22674171
30.25388331
30.34206023
30.34216634
30.36316199
30.38331883
30.39858103
30.42274213
30.44680226
30.46731590
30.46773044
30.47748402
30.59037059
30.65668112
30.68583824
30.69662978
30.70136218
30.72824155
30.74308784
30.78150121
30.82036483
30.82618101
30.83454051
30.83517556
30.85513345
30.86111507
30.94511781
30.98692967
31.06658908
31.10470021
31.11540505
31.14367558
31.14481023
31.16859129
31.18013745
31.22489975
31.23849415
31.24457295
31.24508086
31.24612755
31.25808862
31.33192655
31.34749734
31.34868004
31.36100678
31.43122563
31.57447428
31.59089759
31.62976237
31.63742457
31.64238851
31.65260566
31.65295911
31.70814951
31.72923285
31.76536385
31.77911664
31.87308475
31.90492567
31.95206219
31.96585471
31.99798820
32.00326149
32.03574120
32.14723798
32.18428290
32.30731496
32.31169454
32.31746938
32.34894859
32.40979057
32.41615922
32.51387263
32.52236070
32.53860157
32.54607504
32.54651357
32.63274290
32.64326925
32.74876367
32.77404474
32.80097093
32.84499680
32.85172192
32.85686011
32.89456426
32.90185205
32.99555672
32.99908432
33.03569143
33.05745387
33.06191873
33.18098767
33.19080601
33.19482135
33.19894206
33.21060710
33.23626423
33.23974110
33.33864682
33.35283732
33.36341695
33.36815101
33.39457019
33.41413058
33.45608678
33.45636815
33.46112800
33.50373132
33.52109253
33.53819878
33.57271376
33.58199415
33.61607216
33.63120007
33.64737654
33.66145696
33.70453818
33.70459731
33.71544156
33.72214382
33.78661617
33.80273504
33.80301727
33.81162399
33.84563522
33.88628790
33.90755567
33.91919509
33.98978046
33.99819367
34.00571664
34.07836406
34.08488705
34.08763315
34.08947099
34.09538704
34.09972630
34.10391873
34.10921706
34.13070085
34.14162922
34.17733378
34.18301872
34.19168678
34.26455025
34.26462905
34.39196458
34.41699036
34.43017123
34.43722660
34.44856102
34.46838439
34.53194683
34.55037146
34.55481704
34.56664116
34.65104467
34.67223798
34.71592222
34.75491167
34.76729185
34.77746994
34.77998716
34.80950949
34.81487929
34.82155146
34.87643145
34.89722036
34.90217338
34.91277749
34.94026715
34.94596694
34.97074768
34.99899287
35.00424545
35.11800743
35.26271670
35.28264531
35.30150352
35.30161349
35.30712240
35.41490055
35.41701542
35.42565256
35.50576013
35.53385925
35.56650088
35.58092489
35.64015946
35.68711474
35.71621018
35.72016747
35.76823001
35.85195604
35.85995606
35.92603947
35.94261720
35.96681021
35.97162702
35.97168599
35.98079050
36.01118076
36.05245683
36.06186060
36.18812711
36.19565537
36.19830154
36.22701220
36.26043421
36.29317177
36.36992170
36.43498465
36.48745557
36.54241814
36.54673461
36.58945782
36.61004732
36.61425699
36.64072336
36.65102737
36.71116021
36.71201451
36.73834885
36.79437835
36.82338162
36.88900373
36.90720593
36.94665669
36.94986809
36.98154153
37.09482135
37.09899588
37.11525120
37.12650986
37.16500512
37.17011234
37.20628097
37.23834331
37.25212175
37.30750468
37.33008622
37.34531116
37.40470154
37.42919011
37.44906690
37.49582374
37.51105556
37.56851617
37.60576178
37.60961982
37.70312565
37.71350599
37.74566144
37.83704454
37.89655530
37.91384739
37.94834897
37.95841142
37.98664792
37.99526072
38.03336877
38.03883146
38.03884774
38.07446054
38.12049512
38.20893936
38.21832124
38.21836928
38.26009841
38.26784316
38.27724630
38.27892502
38.37898623
38.47513287
38.49133223
38.53972052
38.54328937
38.56942445
38.57570708
38.64697246
38.66324097
38.66892443
38.67748099
38.69701290
38.74852898
38.75618614
38.77910768
38.88632254
38.89762845
38.90334572
38.90467429
38.92259302
38.94890841
39.02948594
39.04551461
39.06377169
39.08255446
39.09477964
39.10794930
39.12185899
39.12473210
39.18332093
39.21877352
39.22107516
39.22790790
39.24093989
39.24155168
39.25295090
39.28106899
39.28717197
39.30852824
39.31242083
39.34167304
39.37548191
39.49040141
39.49586168
39.50882959
39.55975793
39.59209922
39.62595171
39.66665455
39.68066776
39.69009767
39.70589403
39.72627391
39.72815777
39.73879401
39.77812555
39.80216329
39.80689508
39.85747378
39.88495363
39.98529741
40.01043499
40.04642161
40.11946979
40.12350923
40.15047577
40.16062590
40.28962889
40.34371778
40.45818335
40.46754297
40.49110403
40.51326228
40.51554444
40.55556357
40.57563347
40.70523564
40.73133600
40.73680200
40.76145994
40.79598001
40.85049062
40.88350914
40.90222567
40.95171789
40.95831247
40.96791417
40.97963791
40.98958746
40.99284779
40.99584040
41.00969871
41.03491006
41.07010125
41.09382910
41.09551953
41.12373355
41.18117026
41.18119669
41.19933910
41.20467974
41.20670488
41.24349971
41.24889031
41.28372192
41.29988136
41.35004809
41.37376503
41.38243005
41.39727524
41.46109052
41.46415961
41.47680749
41.47797459
41.49174361
41.54424794
41.54576275
41.55500933
41.59249026
41.59812851
41.61864667
41.66499288
41.69972855
41.70705933
41.72881626
41.75299602
41.76735607
41.77931513
41.92712464
41.98249472
41.99351217
42.08660950
42.10432295
42.11766240
42.11820637
42.18727790
42.21797995
42.24433566
42.24912937
42.27465879
42.27908709
42.28408927
42.29061737
42.30512180
42.33365833
42.36594464
42.38758659
42.39699917
42.40860465
42.41686476
42.46877555
42.55668830
42.58297601
42.59942476
42.62285531
42.74314331
42.75183495
42.77400044
42.78437546
42.84890258
42.85284759
42.92054102
42.92648190
42.95090607
42.97423276
42.99947597
43.01251065
43.01800698
43.04269126
43.06832567
43.12733858
43.15505158
43.17734301
43.19944119
43.26525904
43.27750411
43.27893967
43.31810390
43.33694350
43.41817168
43.44165307
43.44252461
43.45329180
43.46131937
43.46187193
43.49088156
43.49876201
43.52735573
43.59040238
43.62786504
43.65798684
43.73823035
43.78888052
43.81053291
43.82869913
43.86947551
43.87384652
43.89252007
43.90262903
43.90758042
43.92227827
43.96165843
44.00272406
44.11648969
44.13605372
44.19093185
44.21748995
44.25777561
44.38630428
44.40425351
44.41033357
44.41255186
44.43452252
44.45739127
44.47065093
44.48763758
44.49977768
44.52249626
44.63070397
44.71415347
44.77935692
44.81771702
44.87155713
44.87843838
44.92946797
45.00061107
45.01191947
45.09717098
45.12744509
45.15052973
45.20006446
45.28090662
45.28874519
45.31592808
45.32310118
45.36298687
45.39653880
45.41954662
45.42392734
45.45967889
45.50509245
45.55346186
45.58326012
45.58904563
45.59186359
45.61350191
45.62697067
45.64226371
45.75245304
45.77037116
45.77145133
45.80160406
45.80266204
45.83678601
45.84478879
45.87421575
45.88147069
45.97632561
45.99718761
46.00194883
46.03870875
46.08269878
46.10413174
46.10473471
46.17356978
46.22948509
46.23718281
46.31751734
46.37350429
46.39334928
46.39867404
46.42611730
46.44370732
46.44881549
46.55229704
46.58134828
46.60641293
46.62104585
46.62771489
46.77450731
46.78426023
46.81337668
46.86280959
46.88466125
46.90950247
46.92042450
46.93199952
46.95110224
46.97652263
46.97764998
46.98269012
47.00608007
47.04306403
47.07968741
47.10857589
47.12566785
47.13007514
47.13458581
47.17017980
47.17112783
47.19398385
47.23300236
47.23700956
47.24313922
47.24872603
47.25873550
47.27943404
47.28407389
47.28683635
47.30233555
47.31132787
47.32383256
47.36134875
47.40833885
47.40983765
47.42369419
47.42870698
47.46264936
47.55175582
47.56255118
47.58975729
47.60435593
47.64818361
47.65129253
47.65328634
47.68174939
47.71731305
47.72004751
47.77099200
47.79234239
47.79304746
47.82022072
47.89640217
47.93248252
48.03297225
48.07960697
48.13648007
48.16255893
48.19519869
48.24026487
48.26949767
48.27469586
48.28703508
48.29262084
48.32509000
48.33619012
48.43005657
48.43978971
48.46211327
48.46608965
48.48101077
48.50076923
48.58562080
48.62974725
48.63871180
48.64770789
48.75352046
48.77139387
48.79286682
48.82375210
48.84625683
48.86414167
48.91995831
48.94342508
48.94364511
49.01813147
49.02972949
49.06788754
49.06853296
49.11808147
49.16279123
49.17307150
49.26046097
49.27984997
49.32449445
49.33652392
49.35208950
49.35973837
49.36989184
49.39444672
49.40769018
49.43399897
49.44256738
49.53341113
49.54895333
49.57752047
49.57803114
49.58975885
49.60269757
49.64096723
49.68089660
49.76357935
49.78656754
49.80105624
49.80555478
49.80996657
49.81034590
49.81135075
49.85047640
49.87028831
49.88595266
49.89246895
49.90982954
49.93988341
49.94961840
50.01708306
50.05485092
50.10261901
50.13032136
50.15620565
50.18316869
50.25756675
50.28201439
50.29102629
50.32615316
50.37764897
50.45290260
50.45375284
50.48715201
50.59682990
50.62903648
50.64405967
50.85600543
50.86033802
50.93610837
50.96495398
50.97348229
51.01779539
51.01927523
51.05219662
51.09206733
51.09237753
51.13304081
51.29379782
51.43937680
51.45663701
51.58836922
51.59658927
51.62391721
51.63808198
51.64630153
51.66736123
51.69984655
51.75500988
51.83425505
51.91278647
51.94547130
51.95678989
51.99733746
52.01188105
52.02438482
52.03457215
52.06200722
52.06450782
52.07451939
52.08606727
52.11612437
52.11988707
52.15130930
52.16836625
52.20029474
52.24209656
52.34064606
52.36233535
52.43119788
52.45999780
52.46215993
52.46495586
52.55300681
52.55895178
52.56969823
52.57526412
52.69038624
52.70987207
52.75282303
52.76566579
52.76990168
52.80307696
52.84655348
52.88975204
52.89176823
52.91752609
52.94768981
52.96584037
53.00030558
53.00738926
53.09062976
53.11440147
53.13978007
53.14645746
53.14733499
53.20142357
53.22611466
53.27325328
53.29666686
53.31930550
53.37362601
53.40687868
53.42943113
53.43367890
53.46300341
53.51209401
53.53423640
53.55181621
53.56670964
53.58573933
53.62823288
53.63144830
53.65310241
53.68224965
53.72336271
53.77001919
53.77512943
53.82176165
53.82445061
53.82576882
53.87664029
53.89478662
53.91958632
53.92004691
53.92939059
53.94200756
53.94742428
53.95374613
53.95968392
53.99003877
54.01260652
54.03975850
54.04977091
54.05195745
54.09825594
54.10278057
54.10278963
54.10436731
54.11597963
54.13108926
54.14327465
54.17369312
54.17922900
54.26098639
54.27199137
54.28382443
54.34478109
54.36284667
54.38314162
54.41632962
54.44557088
54.51397466
54.56087576
54.58322619
54.60316112
54.60768345
54.63260484
54.65549221
54.65798895
54.68069873
54.68206290
54.68959469
54.70554174
54.72868390
54.73197449
54.85444089
54.86395182
54.88402221
54.88934282
54.89243676
54.90725217
54.94392449
54.95476181
54.98767315
55.03221417
55.05985530
55.09017256
55.09364738
55.10894686
55.13910667
55.16318168
55.17552948
55.17775197
55.20324541
55.20594651
55.20645682
55.21436908
55.36115707
55.39746967
55.42074752
55.48311668
55.54295843
55.58569991
55.59072507
55.61208283
55.62771344
55.63495327
55.71684840
55.75416295
55.76303634
55.78158875
55.82201476
55.91572056
55.99832393
56.02706823
56.05893667
56.10755291
56.17044086
56.23840743
56.25068775
56.28175636
56.29007766
56.31378165
56.35170919
56.35524708
56.36367864
56.40052476
56.43962435
56.44799561
56.45759858
56.51631312
56.55525667
56.57920430
56.62235271
56.63182664
56.65455811
56.71618833
56.72980924
56.77517304
56.82219501
56.87053619
56.88841610
56.89913637
57.01760708
57.04754773
57.11416745
57.18027735
57.18990995
57.20313509
57.27665672
57.28093031
57.32408074
57.32463195
57.35158760
57.37406815
57.41977590
57.46949255
57.48086417
57.49337307
57.49568918
57.62086308
57.65042671
57.71322829
57.76253371
57.78906846
57.80661228
57.83866021
57.85731263
57.88219289
57.89160758
58.00807257
58.02094199
58.06406184
58.08010186
58.08276995
58.09426279
58.11507472
58.14088872
58.14101278
58.23391548
58.28733315
58.32679668
58.33995189
58.34384453
58.36332760
58.40513465
58.44030644
58.44672177
58.47343999
58.48640778
58.55843363
58.57687878
58.58703685
58.59009698
58.68631360
58.75383944
58.76109557
58.78519030
58.79016043
58.84183105
58.84281549
58.91249024
58.93326537
58.98727089
59.00158375
59.00513626
59.01026377
59.02808282
59.06118489
59.07372572
59.09848983
59.09922172
59.13217491
59.20865883
59.21473180
59.22205559
59.24295415
59.31780850
59.32905557
59.32910875
59.35615127
59.37626294
59.38665560
59.41230619
59.41624455
59.42358254
59.43940719
59.46474600
59.46747363
59.51870810
59.51979715
59.54481389
59.56787109
59.58483686
59.58879813
59.59711741
59.61426295
59.64109455
59.64225791
59.71216621
59.72973395
59.75170677
59.79426864
59.87948089
59.92098461
59.92627424
59.93785616
59.96200649
59.96663487
60.03806611
60.05939324
60.11292566
60.12694486
60.14420180
60.14524716
60.16270448
60.26807634
60.27168918
60.32712354
60.39744113
60.40837783
60.41863845
60.43884955
60.43936519
60.46669133
60.50338135
60.51932745
60.59982902
60.63899032
60.67915780
60.73282826
60.75831270
60.82220801
60.82262632
60.84955531
60.85604693
60.85760460
60.90045436
60.95256318
60.96265204
61.03446686
61.08082210
61.17257949
61.20161005
61.20880208
61.25509542
61.25781083
61.29945423
61.33773713
61.34186290
61.40189068
61.41427372
61.41806198
61.43258627
61.48596290
61.49438009
61.49962295
61.51262577
61.52871921
61.55833229
61.55902067
61.56763908
61.59847768
61.72752270
61.74863408
61.75545543
61.80790856
61.86713637
61.88833236
61.90089624
61.95045625
61.95210175
61.99185852
62.00321960
124.00000000
