0.20058113
0.23622258
0.40610720
0.47253377
0.59683085
0.60137814
0.65924617
0.74759674
0.80140924
0.98687081
1.23801116
1.25601928
1.32223870
1.40904032
1.66087652
1.77403800
1.88686736
1.95403985
2.00663595
2.23936900
2.33170986
2.46541194
2.49194410
2.59458486
2.69772305
2.73968459
2.93388292
3.16971355
3.18935559
3.21077479
3.22561302
3.22664178
3.29747572
3.34006285
3.41802791
3.48725796
3.51893143
3.63833450
3.67761998
3.85772279
3.93066735
4.10288416
4.14088451
4.20351770
4.38305871
4.39443463
4.51729833
4.52172281
4.53852362
4.53991255
4.60549142
4.63144787
4.67656877
4.73626917
4.78222174
4.79393007
4.96112330
5.00438050
5.00745042
5.03178615
5.03382948
5.15593557
5.20355796
5.22898265
5.25810673
5.27260332
5.70570390
5.77056385
5.81423508
5.82377726
5.82468226
6.12342316
6.15824418
6.23721754
6.25136612
6.26219189
6.37553774
6.38118186
6.38812037
6.42829340
6.43737323
6.46797990
6.48011523
6.50574228
6.53422591
6.61096837
6.86056008
6.96953485
7.03800811
7.11266764
7.24233293
7.30802368
7.42660625
7.54788688
7.57169482
7.57971092
7.58002768
7.61854607
7.63243669
7.81713182
7.82395904
8.05398535
8.12626193
8.16039908
8.26911725
8.33559133
8.53051293
8.53769055
8.54166716
8.71146061
8.72541025
8.75618039
8.76683220
8.79985908
8.81400571
8.94201376
9.06789248
9.11088362
9.32103386
9.33677821
9.43484771
9.45793143
9.76537397
9.97402963
10.10856375
10.14506723
10.29118408
10.31527662
10.60636896
10.73369174
10.91049620
10.99711931
11.01756160
11.11768914
11.25621575
11.30749771
11.61064466
11.63384960
11.71795753
12.19788038
12.21162314
12.48999331
12.56938854
12.57043330
12.57698280
12.58429331
12.62060458
12.65023184
12.67188634
12.70486606
12.74829558
12.75884835
12.78262602
12.80768893
13.10477145
13.37000812
13.44054363
13.57967775
13.63747460
13.71895538
13.89115452
13.95770445
14.00344759
14.11911734
14.26791445
14.37759898
14.40638785
14.68537026
14.72408036
14.83193841
14.83724944
14.98332338
15.16141348
15.20143471
15.20619448
15.24791519
15.29759019
15.54187130
15.85321116
15.91354547
15.91737300
15.93775891
15.94960435
16.06717964
16.23066387
16.25484692
16.28381296
16.45897193
16.64918254
16.66612287
17.02633357
17.03636192
17.20524404
17.39929607
17.40021590
17.49375983
17.50121948
17.59657984
17.65855733
17.67617502
17.69191845
17.72354478
17.86696772
17.90569502
17.92337663
17.99136845
18.04560418
18.04688855
18.07033272
18.11912787
18.23508658
18.28082680
18.35386036
18.42244745
18.73112109
18.98103797
19.44575179
19.50229967
19.58196115
19.59915687
19.60541032
19.70271821
19.71832680
19.83472064
20.02984877
20.17902137
20.20850194
20.22106227
20.35569268
20.39315619
20.43201041
20.49074969
20.69492560
20.73971927
20.84434534
20.87359654
20.89371326
20.95351106
20.96780351
21.00071825
21.05163353
21.05163666
21.06432652
21.06758565
21.19486835
21.21017437
21.29585624
21.30332079
21.30807809
21.31578259
21.37985681
21.42640974
21.48619752
21.62270852
21.72285769
21.77008805
21.82558389
21.82993273
21.96821135
22.11625407
22.16007160
22.20220726
22.21128351
22.23238771
22.36884530
22.52598715
22.56755038
22.60450368
22.92096513
22.99414759
23.00972217
23.07121997
23.36166740
23.48410553
23.50863745
23.69300170
23.73453272
23.79677425
23.84193255
23.87356983
23.96667240
24.08071204
24.10348605
24.11905546
24.15226850
24.15527077
24.27642892
24.28760660
24.38968476
24.41516047
24.46419052
24.50219180
24.52110725
24.57468068
24.66900786
24.69860659
24.70728925
24.80205427
24.80882080
24.98540618
25.01455796
25.08659764
25.21930618
25.25263539
25.25508896
25.41241225
25.43286965
25.58213688
25.62362215
25.67518663
25.76331361
25.76773546
25.79640591
25.93690319
25.94357837
25.95632390
25.99875862
26.03871257
26.09172204
26.10825021
26.35034039
26.43074316
26.47217679
26.65021665
26.73233531
26.86255672
26.87599175
27.29951303
27.63701314
27.67077098
27.67736993
27.73614139
27.76163218
27.77384370
27.96279644
28.02525651
28.16128325
28.24413670
28.28917537
28.40721070
28.57517492
28.68627153
28.84069554
28.88976831
28.89151451
28.93832074
29.21194373
29.23194903
29.27352548
29.51464269
29.56860349
29.63263672
29.70256651
29.96711421
29.99863563
30.01173839
30.11790753
30.22594397
30.24148704
30.47906465
30.60511066
30.64970334
30.73886568
30.78944676
30.83702999
30.89659240
30.92055690
30.93031105
31.16844185
31.28243368
31.34434085
31.35907034
31.43722259
31.45186744
31.45972854
31.60399120
31.71378687
31.77139807
31.93846807
31.98695171
32.15391682
32.47339592
32.51309874
32.55334254
32.55675492
32.61018631
32.74725243
32.75977934
32.96067841
32.99077927
33.12650699
33.18664807
33.45081134
33.45169725
33.66197718
33.78249925
33.78650677
33.88161418
33.89002263
33.99412168
34.16584104
34.17316825
34.18025581
34.22163818
34.23294634
34.24037067
34.31153534
34.33253400
34.45861337
34.52263955
34.65086646
34.66771105
34.70682737
34.73617628
34.84892234
34.95366330
35.04175780
35.10132696
35.22382454
35.25321579
35.35771254
35.67833735
35.86234977
35.93102175
36.06564027
36.15450862
36.19680362
36.25756945
36.26175637
36.44624774
36.45736289
36.89527091
36.90486176
36.90808296
36.94488969
37.01441359
37.02192111
37.18451526
37.28717549
37.38574187
37.42452459
37.53890933
37.87752480
37.88035122
37.90464368
37.93439274
37.98600719
37.99558155
38.00465276
38.00490455
38.08046885
38.10926991
38.13867839
38.20562323
38.35788493
38.43335788
38.45585068
38.58774629
38.60511035
38.60925281
38.66223463
38.66620029
38.71194886
38.72560958
38.75675082
38.78761543
38.84218133
38.94044908
39.17129040
39.24453247
39.28928600
39.33352361
39.35920862
39.40895730
39.67156010
39.76237458
39.80288065
39.83212880
39.95006780
40.08395776
40.15222443
40.45236574
40.86069343
40.96024695
41.07491367
41.21518622
41.38616684
41.39253139
41.39710574
41.44035075
41.51012069
41.54091302
41.58498326
41.61011181
41.69907376
41.72552202
41.80515526
41.88692484
41.92424853
41.97849900
42.07009691
42.17833866
42.23789966
42.29115523
42.41403392
42.59899927
42.68523302
42.72991489
42.76618842
42.87552320
42.91066951
42.94194180
42.97193160
43.10736503
43.23254182
43.39083346
43.56769882
43.57835130
43.58120697
43.68555949
43.76811282
43.84378709
43.85784613
43.95079797
44.00383134
44.17106628
44.20245806
44.50551029
44.53732100
44.66172413
44.78778016
44.91993418
44.97657941
44.98719434
45.00841377
45.07921035
45.12665474
45.12884008
45.16071608
45.16675567
45.25429326
45.35467959
45.42273768
45.59928287
45.65396881
45.69935597
45.72446812
46.02918595
46.03670822
46.08642658
46.18043941
46.25430232
46.35533198
46.47947406
46.58577906
46.69578730
46.69893450
46.71080155
46.87911613
46.89252632
46.89763811
46.97107569
47.02649057
47.09620522
47.11347972
47.14361354
47.16481430
47.31479063
47.53071976
47.60378530
47.66039370
47.77948889
47.88227811
47.90532051
47.97646383
48.00604355
48.10673285
48.14442076
48.16327881
48.25760362
48.32982149
48.46721617
48.54355334
48.74034435
48.76004633
48.88716643
48.93392120
48.98353604
49.01309431
49.20917236
49.29144286
49.30917639
49.37226533
49.45914405
49.56998864
49.79073039
49.86803029
49.92960925
50.01443868
50.01553153
50.04444208
50.12666837
50.14190623
50.26701976
50.28285226
50.28571245
50.45805257
50.53177700
50.61456749
50.69639261
50.97043553
50.97472609
51.02066382
51.12995517
51.14070422
51.17114965
51.17401511
51.23898702
51.26683634
51.32106026
51.39566668
51.39858956
51.40494862
51.57226015
51.60231295
51.63476991
51.89610076
52.06226341
52.08419128
52.08884200
52.11895121
52.29762034
52.36163454
52.47344784
52.51716854
52.53387400
52.64145016
52.70441856
52.78516153
53.02377677
53.02453619
53.03789944
53.05329343
53.16786954
53.24264108
53.33275974
53.33852611
53.43933064
53.46787339
53.47209346
53.58732814
53.59861721
53.67648473
53.71891514
53.71947945
53.76325705
53.90225977
53.97167862
54.07897249
54.17929728
54.28240220
54.29333847
54.35696978
54.37602085
54.55958670
54.65924485
54.75705495
54.75743665
54.76843368
54.84531750
54.93714005
55.08325770
55.21042802
55.38820139
55.40208388
55.46461027
55.49406109
55.49858251
55.56884440
55.58872213
55.72945554
55.76623488
55.88001548
55.89044572
55.99514042
56.08536617
56.33923386
56.39554974
56.54841779
56.55435354
56.57692766
56.65298667
56.69291758
56.81148784
56.85234892
56.91598109
56.96679923
57.02754519
57.27234217
57.48962128
57.59765360
57.65993137
57.67753325
57.80988605
57.95085031
57.96811417
58.06538392
58.21535472
58.24039701
58.45244667
58.49609422
58.51077657
58.67516861
58.69929298
58.95029643
59.06794897
59.21020888
59.26473301
59.30427222
59.32991866
59.51251817
59.60634718
59.72863773
59.74682208
59.79947574
59.90523751
59.91215453
60.00076092
60.02608894
60.09619270
60.15107720
60.19055700
60.26997334
60.30926948
60.34983098
60.35909055
60.38842931
60.41425065
60.42016159
60.56995617
60.76054776
60.79586301
60.84978158
61.10583303
61.13333284
61.22338609
61.27426004
61.47954802
61.50788252
61.52122014
61.57058460
61.67822990
61.75194916
61.88375832
61.88715101
61.93655129
61.95993940
61.97529746
61.99427830
62.01048324
62.05186015
62.05259464
62.14180302
124.00000000
