0.02825441
0.02973890
0.07268383
0.24855420
0.25128003
0.28644055
0.40070083
0.42050283
0.48073811
0.50754752
0.59893837
0.67527491
0.80351622
0.81485223
0.82586397
0.92598206
1.15759654
1.43846038
1.54480775
1.58686703
1.63182553
1.65620090
1.67176360
1.85173688
1.91398441
2.16700171
2.23134253
2.50546705
2.69868668
2.82035210
2.88158388
2.95893258
3.10339666
3.15970201
3.25997975
3.27213997
3.28983541
3.50397533
3.54175565
3.62236575
3.64508798
3.76333248
4.06833735
4.14039124
4.15321071
4.24308373
4.39342977
4.77211395
4.95611694
5.02862083
5.22816237
5.23358504
5.24532362
5.42436608
5.87574838
5.92786421
6.21476413
6.30975431
6.32129189
6.46410794
6.53837612
6.69262745
6.78446397
7.11202141
7.18040886
7.23082486
7.23399595
7.36916769
7.36954340
7.43270547
7.45209885
7.46483047
7.68033679
7.69403793
7.94330165
8.00624261
8.02172663
8.06620884
8.08833868
8.09291153
8.22757232
8.24452858
8.34481427
8.35983349
8.45210034
8.48321616
8.53178248
8.68123807
8.70202197
8.71128582
8.77845322
8.89838071
8.93476899
8.96760797
9.00056868
9.03690809
9.04926309
9.05435974
9.09614487
9.13716466
9.22977531
9.27145632
9.28157513
9.43520279
9.46125579
9.55114327
9.67246617
9.77426563
9.99215491
9.99445232
10.00895475
10.08462559
10.13474739
10.25591357
10.48899184
10.53283787
10.59480056
10.69628797
10.70599857
11.10308744
11.15817435
11.27245468
11.43413768
11.55094825
11.73442643
11.73761522
11.74524640
11.77545831
11.79815097
11.90329151
11.98357546
12.02311077
12.07116134
12.15276734
12.31634247
12.47690221
12.67325199
12.70021830
12.86145917
13.04631990
13.27778915
13.50666569
13.66738350
13.68023776
13.72996662
13.73827091
13.90102231
13.96010761
13.97932465
14.10501118
14.14378613
14.30803838
14.36673115
14.41642659
14.47968283
14.50352840
14.69885353
14.76959432
15.05597317
15.25002761
15.29025303
15.37870073
15.70022442
15.73128932
15.73900819
15.76162491
15.77413337
15.86492083
15.95617248
16.24013399
16.26840396
16.51669649
16.61646892
16.63100906
16.65292352
16.72157381
16.72649067
17.06377963
17.24333828
17.28908903
17.41954978
17.50769299
17.52240165
17.57226523
17.62520349
17.65070886
17.78214417
17.84748200
17.93652649
18.02103544
18.11277320
18.12131389
18.15135437
18.27389973
18.30129212
18.30998351
18.42804028
18.44169002
18.44495725
18.49522915
18.68427307
18.73167638
18.95947185
18.98759576
19.06266005
19.24243146
19.25146686
19.30834761
19.33921621
19.36620535
19.50099940
19.50357589
19.59968863
19.69883509
19.86458106
19.97392461
20.12480781
20.45747483
20.62053065
20.63761982
20.68249837
20.72176487
20.81708972
20.84434534
20.96378885
21.02339623
21.11581888
21.15195374
21.34193412
21.35585908
21.38385992
21.40346828
21.42259090
21.46404818
21.56574383
21.71959720
21.78438514
21.85101531
21.94813016
22.00402142
22.06885115
22.32280279
22.59477067
22.66527030
22.70841490
22.72583735
22.75119167
22.80826339
23.18509788
23.23929407
23.45281275
23.49015932
23.58154755
23.80487093
23.83074746
23.84477211
23.89411627
23.92590031
24.12087320
24.28285968
24.48708380
24.48726446
24.56543135
24.57611374
24.59490352
24.65262371
24.68555042
24.72757535
24.90271143
25.06988923
25.10181122
25.12959569
25.19671697
25.20201001
25.28710233
25.32150930
25.38319673
25.40956741
25.50319935
25.51143858
25.62230226
25.64685644
25.68460970
25.72142116
25.80553369
25.81977233
25.82049910
25.89984278
25.98461690
25.99009625
26.25259959
26.32928182
26.36956786
26.38475173
26.40943895
26.46790032
26.49742222
26.73822651
26.73994635
26.83034355
26.90334817
26.94507210
27.03010873
27.06097703
27.11283748
27.24639537
27.30861118
27.31522715
27.35194092
27.50549051
27.68500690
27.69915815
27.79494157
27.85788445
27.87534950
27.97630237
28.01720953
28.02400740
28.04232024
28.06927654
28.29477621
28.30198113
28.35418762
28.40138525
28.64189414
28.69665631
28.78838593
28.81484111
28.84270232
28.98554483
29.03031437
29.25090644
29.37410447
29.38302165
29.42107233
29.45750528
29.47227580
29.59288917
29.60130200
29.62252604
29.63294783
29.63980314
29.64686183
29.71339906
29.78375164
29.78389756
29.85715785
29.88023693
30.01158902
30.06382042
30.13289198
30.16391857
30.20679971
30.35333029
30.55201347
30.57489500
30.68385769
30.71158438
30.76756340
30.81453913
30.82772860
30.83237070
30.85221665
31.02341571
31.09312366
31.26176165
31.27717804
31.35061828
31.35634038
31.38753073
31.52981928
31.69194919
32.00961450
32.15405681
32.15627184
32.18916647
32.51055867
32.58729145
32.68173344
32.76485668
32.76868930
32.84951127
32.94799141
33.06566848
33.12572511
33.26172158
33.52860028
33.57725006
33.61065531
33.64047369
33.71966649
33.73952517
33.75980773
33.89471549
33.90650047
34.00118852
34.05890152
34.16794823
34.21281060
34.37724008
34.39147333
34.40757341
34.42606776
34.50127840
34.59738020
34.61372516
34.66200503
34.66418356
34.83830184
35.02824739
35.16554627
35.29070433
35.31837591
35.33801816
35.41103665
35.55489973
35.56389571
35.64260982
35.83597876
35.89375610
35.94736716
35.98940100
35.99559094
36.18120113
36.24676910
36.26008753
36.35296746
36.35633819
36.42092924
36.48085082
36.72123680
36.77391498
36.82036555
37.11226554
37.11899635
37.21836838
37.44137632
37.69764364
37.71033702
37.74088237
37.83241515
37.83251656
37.86548581
37.93979306
37.98973549
38.05083520
38.07526377
38.08188112
38.28841643
38.38995242
38.39060940
38.48997037
38.49583630
38.74377459
38.86326573
38.89688723
39.02833991
39.03034912
39.10071406
39.13519048
39.25697575
39.40091279
39.45875693
39.51647128
39.58807712
39.59510663
39.62696365
39.75743417
39.76237458
39.90706733
40.00268938
40.06560540
40.19263351
40.38644762
40.58783133
40.70063627
40.83327216
41.01669779
41.16680993
41.18129745
41.31330698
41.35039039
41.35945958
41.38363921
41.47235699
41.72150185
41.74306493
41.79730273
41.83969479
41.90692967
41.95214532
42.00085624
42.03124804
42.25128433
42.45337911
42.53346933
42.58981253
42.62501998
42.62939995
42.74260180
42.74394494
42.77600392
42.79098792
42.86058812
42.95728098
42.98812333
43.01760390
43.14506043
43.29064554
43.33630332
43.36006193
43.37106053
43.42332745
43.49549137
43.55219812
43.62252448
43.65319932
43.95889202
43.96564743
44.12852478
44.13655982
44.21344006
44.42919802
44.46356536
44.46621077
44.50563608
44.87233224
44.93396223
44.99489335
45.07304810
45.26747146
45.26958621
45.27735772
45.35214108
45.36397631
45.40396144
45.58636703
45.66976157
45.99334174
46.02453626
46.11162725
46.18382158
46.27666914
46.28597945
46.57626868
46.67000585
46.69640030
46.75211714
46.82909195
46.85233286
46.95739191
47.04681009
47.05926189
47.10999092
47.23162190
47.45378828
47.60564306
47.71547738
47.71955548
47.75814797
47.88453426
47.89771168
48.16962377
48.18403418
48.44063490
48.44626311
48.48600646
48.65967249
48.76904278
48.77021671
48.87658620
48.94001619
48.98905821
49.03166390
49.14912358
49.14931288
49.14998607
49.19336921
49.24693110
49.27138041
49.46902422
49.60367017
49.65095139
49.77743888
49.91623233
49.95411749
50.46897624
50.66017285
50.76594808
50.82950618
50.83049060
50.83762015
50.88773580
50.93966810
50.97726581
50.97750096
51.08105124
51.12603333
51.14820775
51.27604534
51.50983246
51.57491697
51.63467550
51.63641405
51.65906259
51.89962857
52.05579406
52.44182624
52.55777181
52.59351422
52.77037348
52.83305154
52.84145768
52.87324754
52.97952025
53.02815863
53.14158604
53.18712564
53.21563471
53.25646257
53.41092267
53.46423559
53.54871701
53.77547827
53.93482271
53.99094491
54.28458679
54.31360065
54.35244535
54.41791683
54.51368630
54.54202921
54.88027507
54.90334327
54.98809031
55.14609187
55.23671273
55.24434292
55.56884440
55.61121172
55.70288596
55.72000012
55.72407492
55.75467756
55.75693107
55.80974468
55.99508729
55.99665188
56.01055923
56.13349345
56.23087352
56.39594027
56.59661392
56.62483956
56.63244059
56.63779030
56.81692256
56.95382150
57.00505165
57.01090290
57.10288592
57.19724710
57.33412200
57.39172236
57.43980482
57.46104429
57.72031046
57.79073390
57.81842293
57.91227826
58.01800968
58.17286280
58.22350461
58.23910692
58.60220362
58.61911614
58.74327177
58.87609431
59.06828620
59.07548288
59.36856970
59.38283831
59.45174334
59.48427558
59.55757458
59.71395863
59.86970146
59.94801001
60.08666887
60.11078990
60.47153193
60.47886747
60.80084437
61.11133389
61.12125078
61.14645119
61.24824030
61.30384523
61.33096118
61.38649165
61.39325191
61.39434449
61.44258776
61.53741396
61.55443213
61.60861215
61.71968765
61.78757734
61.87507590
61.94102054
62.04301888
62.07697402
124.00000000
