0.12505917
0.18186821
0.22066744
0.44250105
0.44552642
0.49091504
0.52564297
0.59657391
0.69991371
0.73741721
0.92727935
1.16987392
1.22422122
1.41995919
1.50861842
1.51406554
1.60317727
1.60341415
1.68510689
1.76567607
1.85593256
2.08341012
2.21009411
2.22206270
2.23936900
2.25278709
2.36340667
2.44938781
2.58590032
2.58652882
2.63329887
2.63629822
2.73741680
2.77454852
2.78155225
2.78602614
3.04252898
3.18830745
3.45528835
3.49227534
3.63827241
3.64529840
3.71825654
3.82753367
3.96243699
4.01116519
4.01727160
4.17667093
4.23630944
4.29206379
4.31415693
4.44735851
4.48075155
4.48122043
4.64591428
4.70741639
4.77391716
4.84990578
4.87403985
4.94115634
5.01816600
5.32189109
5.41031079
5.48080348
5.53444998
5.63072028
5.71031689
5.80783049
5.82837435
5.86514364
5.87471657
5.93212250
6.07852824
6.15026125
6.17100666
6.28403277
6.65940474
6.68608572
6.77275351
7.03859375
7.10932352
7.13028996
7.17150255
7.21427731
7.23455343
7.28843538
7.46277680
7.49306107
7.52054689
7.52728360
7.53996116
7.59260364
7.93263184
8.07073004
8.13541824
8.15689629
8.30949141
8.45210034
8.45321991
8.53180873
8.81411740
8.83650968
8.89871062
8.90175117
8.90286549
8.98748811
9.02354394
9.05164526
9.06693614
9.13790450
9.15330767
9.29921672
9.37715697
9.47824693
9.62081170
9.67608743
9.78492467
9.78790931
9.78917361
9.83225952
9.84739321
9.87796726
10.03652657
10.15254538
10.18202770
10.20105755
10.43206831
10.60091027
10.69444453
10.71529387
10.75389453
10.80021863
10.86561728
10.91552029
10.97259745
11.07791347
11.20456191
11.24351794
11.28764149
11.34086873
11.35204364
11.41254963
11.72757696
11.73678468
11.74529823
11.89620549
11.99406386
11.99981346
12.30777620
12.30955384
12.46300936
12.49334330
12.55502821
12.68364365
12.69128053
12.71139962
12.81515068
12.83494729
12.86630789
12.90878510
12.95502790
12.96253789
12.97038101
13.00400487
13.00808193
13.11982288
13.24842478
13.33035731
13.37428717
13.39130247
13.39205284
13.41994571
13.47135595
13.48138465
13.48439919
13.51569538
13.51786028
13.58874400
14.00167505
14.00512377
14.08427344
14.11592718
14.13524624
14.14573090
14.18203441
14.21179782
14.28768089
14.33892975
14.71464765
14.78460498
14.81253841
14.87219376
14.92844323
15.13553005
15.15346294
15.20586924
15.33638207
15.35428681
15.42319592
15.51827758
15.68280940
15.68540779
15.77599358
15.81144384
15.88740377
15.95448605
16.13785820
16.14414926
16.14896705
16.18470418
16.22674964
16.30756982
16.40139073
16.50187449
16.58258956
16.62613946
16.64639858
16.70562497
16.74745233
16.87072079
16.90185506
16.90790553
16.93357067
17.00418214
17.02633357
17.47286316
17.50546217
17.62520349
17.72319986
17.80582089
17.83464658
17.84183285
17.92115295
18.13099486
18.17152224
18.34417167
18.40426340
18.48428792
18.61607931
18.61866597
18.82712669
18.84204288
18.89997620
19.00004492
19.00474786
19.04870139
19.05079464
19.08233467
19.13011723
19.14247467
19.17972681
19.20958996
19.41365355
19.44205626
19.52968910
19.62806115
19.65001333
19.65863657
19.77387904
19.83881253
19.89591880
19.92556195
20.03931125
20.10005122
20.15461244
20.28553234
20.30154188
20.33625417
20.42163328
20.96692034
21.03844883
21.13115343
21.14036596
21.21127894
21.43912390
21.56608383
21.59084877
21.59589268
21.92869929
21.93601109
21.95333016
22.25978023
22.28466875
22.31115765
22.31706823
22.32598571
22.38060039
22.40106218
22.42236767
22.60616109
22.71925640
22.77026583
22.82891359
22.83426329
22.93848378
22.99767455
23.07998287
23.21480134
23.23569603
23.23927642
23.28597767
23.48168554
23.57278176
23.61127025
23.68669189
23.81357946
23.85197007
23.91483399
24.12649227
24.23905274
24.29505232
24.32597039
24.41429173
24.54133350
24.55731016
24.68310217
24.71156084
24.72087939
24.87087306
24.91617713
25.03296660
25.05554067
25.07533346
25.10344230
25.10561457
25.11912968
25.13920046
25.32925379
25.35490594
25.39000448
25.49770535
25.59784174
25.70086545
25.70144572
25.85948431
25.86673356
25.89278651
25.98746539
26.27045822
26.29509340
26.39201414
26.49873348
26.53458703
26.59068454
26.63471768
26.67747329
26.74896575
26.80699051
26.91955291
27.05352410
27.16013436
27.60526085
27.64158821
27.66242274
27.88998361
28.07407808
28.07810092
28.28339228
28.28527539
28.32268729
28.45835303
28.53266879
28.64189414
28.78008872
28.87756351
29.00858069
29.11546594
29.15145427
29.21230580
29.22910498
29.30489677
29.31284438
29.41350859
29.54552299
29.55214118
29.66125870
29.70139188
29.84162315
29.89584011
30.19753637
30.19760256
30.20512923
30.20528286
30.21531587
30.24283103
30.25029757
30.37643824
30.42802643
30.51297903
30.58903670
30.71923147
30.85077003
30.88424102
30.90130071
30.98175315
31.03406580
31.03844874
31.06741909
31.09625490
31.17133405
31.20794776
31.21604952
31.52289665
31.68657029
31.79263849
32.07072281
32.13022360
32.13695662
32.25409453
32.26258030
32.30629438
32.47723532
32.71869139
32.73595543
32.79840379
32.95574817
32.98557913
33.08765302
33.18403177
33.22584115
33.26834901
33.54095216
33.63514023
33.74486536
33.90264559
33.92931723
33.94787116
34.01366849
34.03066422
34.04317858
34.05525933
34.15359563
34.18823239
34.19566530
34.23054224
34.35077521
34.38763563
34.43402919
34.51209264
34.54191591
34.57099045
34.57761740
34.58760707
34.61570777
34.70682737
34.81901469
34.87768007
35.18001242
35.24592612
35.25106650
35.27274035
35.56699337
35.59388155
35.60307250
35.68136731
35.79150557
35.79679986
35.99602208
36.45764694
36.54695290
36.67590011
36.96581553
37.01790213
37.02329041
37.09078881
37.09352768
37.39684826
37.48808336
37.48929303
37.56934978
37.59507244
37.62683295
37.63725053
37.69890145
37.74686993
37.91123600
38.01253407
38.06002092
38.08392101
38.09341976
38.24500610
38.42966500
38.59877157
38.61392502
38.68687381
38.74298600
38.82783788
38.83634223
38.91810991
39.19940108
39.20380936
39.25238778
39.33818077
39.36048153
39.41442221
39.45843485
39.49881195
39.57489310
39.69020529
39.69089942
39.72761577
39.78545005
39.80493194
39.81334047
39.85064778
39.87381810
39.91192386
40.00954357
40.02860473
40.22999918
40.30232839
40.40152313
40.49682794
40.57413439
40.67207678
40.74389841
40.78355891
40.87680020
40.97219586
41.06075133
41.14931285
41.24132382
41.37632750
41.43211145
41.63669501
41.91705465
41.98262639
42.00746736
42.01136746
42.18232348
42.22814454
42.26061209
42.35242370
42.38428380
42.43136770
42.43466042
42.45360038
42.73321141
42.81596660
42.88310889
42.92414999
42.94796514
43.00456455
43.21883773
43.24868170
43.30855331
43.34295195
43.39129773
43.47001400
43.52591487
43.53502008
43.57622984
43.72831838
43.85784613
44.01798645
44.06998714
44.07480141
44.09892364
44.17904407
44.21593067
44.21890650
44.21917437
44.30906243
44.34533821
44.46874147
44.76224754
44.85070818
45.31839572
45.38281104
45.43453461
45.50274841
45.75999812
45.76344216
45.86427068
46.03940188
46.04691564
46.06960530
46.16442524
46.26517915
46.29670996
46.47463906
46.69702094
46.79127808
46.79847726
46.85457203
46.95157960
46.99362607
47.13019962
47.22282131
47.23301255
47.27483358
47.29310580
47.47205374
47.50895223
47.52669455
47.52867737
47.60364193
47.61475403
47.68228640
47.76098499
47.76261954
47.76751937
47.90280726
47.96006977
48.07937791
48.08500296
48.25375285
48.26529936
48.27551626
48.40692427
48.44628946
48.46536792
48.47914556
48.59459406
48.72894549
48.86644478
48.95619778
49.11645523
49.12543146
49.13802536
49.14607996
49.15683857
49.15819723
49.27593848
49.31780706
49.34022330
49.54556487
49.62604566
49.91649150
49.98456011
50.13366938
50.17935590
50.34733183
50.41374035
50.45769995
50.62098711
50.65398023
50.70405999
50.73200043
50.76106518
51.02291729
51.21313958
51.24389072
51.31842830
51.47147613
51.51543271
51.70899990
51.83327330
51.89769138
52.12373213
52.12768260
52.16973164
52.17079199
52.28100817
52.35011438
52.47183466
52.52744838
52.78626786
52.83815254
52.88437201
52.96536398
53.04660001
53.08251088
53.08765358
53.12465159
53.18215185
53.32851644
53.44158642
53.52419046
53.54707636
53.67565811
53.70330649
53.95433147
53.96721002
54.00440879
54.04200217
54.06058388
54.06115488
54.07402087
54.10099437
54.16861885
54.22817522
54.31559302
54.42175608
54.52934144
54.59191911
54.59634507
54.60410723
54.66211521
54.72120227
54.72626021
54.73075352
54.75728513
54.89337981
54.92485803
55.06793486
55.08213062
55.13578015
55.20388384
55.27938815
55.29304114
55.35797610
55.36678914
55.41272702
55.54648784
55.59071567
55.65037164
55.66316753
55.67910783
55.93288351
56.04699234
56.25082971
56.29399297
56.41183560
56.42446257
56.46122474
56.48780845
56.88792538
56.91537650
56.91598109
56.92187794
56.94397422
56.99197997
57.09156608
57.10434041
57.25992151
57.26110197
57.28745075
57.32949226
57.49801745
57.53206122
57.67711776
57.68954835
57.71531450
57.78107210
57.86498575
57.87339281
57.91152700
57.95579533
58.03249415
58.10596164
58.19292052
58.27626575
58.40538917
58.44422358
58.47581015
58.49849625
58.73200788
58.83124617
58.85988305
58.93214500
58.98143727
58.98510028
59.01304711
59.08666175
59.09024589
59.28330080
59.34225307
59.48765417
59.50387408
59.50772081
59.51019341
59.61113954
59.87871683
60.00022742
60.01899428
60.11556338
60.17731001
60.19277635
60.26123911
60.27886514
60.34366041
60.36325463
60.37669985
60.42996476
60.50952666
60.77712854
60.80855511
61.02337262
61.03608139
61.13726250
61.14310146
61.41677172
61.50421149
61.63446995
61.75040717
61.75353559
61.83738868
61.83923228
61.93426325
61.93871799
124.00000000
