0.07644219
0.07998277
0.13362124
0.20791014
0.24091860
0.28264709
0.34458362
0.40872087
0.41120812
0.50533673
0.77914851
0.84907609
0.93119975
0.94628848
0.96680335
1.32696346
1.39310822
1.41104559
1.61183663
1.64590604
1.65067595
1.76324974
1.83188926
1.90910342
1.91398441
1.95732873
1.96240103
1.96988282
2.00663595
2.03133957
2.05241964
2.21692757
2.36242568
2.45366154
2.57745830
2.64316995
2.78050061
2.78763798
2.89358353
2.93409062
3.02435546
3.09126570
3.16281187
3.30500424
3.51543720
3.55372275
3.60469244
3.63538723
3.73627396
3.83281335
3.92903762
3.97659057
4.25466256
4.32426090
4.36350284
4.41582089
4.43387108
4.56997223
4.60695057
4.93342123
5.00115170
5.00438050
5.14606496
5.21737683
5.27868016
5.46568447
5.51814929
5.63493248
5.70098258
5.70765664
5.74161392
5.85170440
5.88537098
5.95259190
5.96112979
5.99332687
6.00923396
6.02813776
6.17217617
6.18346315
6.24790139
6.25730543
6.29334487
6.29900575
6.53230142
6.55422982
6.64347756
6.71806577
6.72525277
6.77513270
6.86541165
7.02457168
7.05818025
7.09912220
7.13476229
7.14629928
7.35171995
7.41369823
7.54576852
7.56223611
7.60051586
7.62381587
7.64847976
7.74819746
7.88980044
7.96879071
8.16454500
8.28690284
8.29586768
8.31584377
8.50303478
8.58482268
8.64115790
8.66604182
8.70202197
8.70764667
8.71032207
8.78933713
8.87076743
8.97725655
9.18579550
9.42978007
9.60877714
9.71331527
9.72749170
9.84376321
9.87369181
10.07965354
10.13750283
10.14315052
10.32464831
10.33163627
10.35611105
10.36750863
10.42859441
10.51769579
10.63090216
10.65816498
10.66464174
10.66482427
10.86633642
10.95696690
11.10583724
11.51337857
11.68787414
11.74483520
11.77158838
11.85467359
11.89054383
11.95938737
11.96901954
12.00754939
12.07185722
12.19904854
12.24449245
12.40719972
12.64542991
13.03433294
13.04291060
13.05720858
13.15987775
13.18392615
13.51711631
13.54519772
13.54528300
13.70809626
13.86895499
14.08687388
14.20692641
14.40874057
14.47548285
14.55877088
14.67650683
14.98968247
15.00647259
15.10675224
15.12783430
15.42563860
15.45787673
15.45998991
15.50062129
15.61159968
15.74858416
15.76536216
15.95081530
16.09185878
16.09873444
16.17648702
16.18257610
16.20316011
16.36729058
16.38436472
16.59861679
16.60391486
16.63100906
16.75306116
16.77841407
16.78372715
16.83310038
16.93341302
17.01913600
17.02711104
17.10148759
17.12405666
17.44352580
17.49470099
17.50769299
17.58872732
17.84689353
18.04851811
18.14505210
18.21775122
18.35116047
18.37818823
18.40479730
18.80595952
18.86849166
18.99980448
19.04926436
19.08541557
19.19100557
19.19144901
19.23879720
19.39229727
19.42909895
19.43620641
19.44177545
19.47438318
19.48344556
19.50035895
19.59391674
19.60933233
19.70589748
19.74396449
20.07151968
20.09199430
20.11887571
20.24264419
20.33156502
20.39259029
20.47403131
20.49074969
20.49148567
20.77590792
20.85925301
20.96276935
20.96692034
20.98893725
21.04670403
21.06230759
21.19392820
21.31373844
21.36462953
21.59437662
21.66272533
21.69090004
22.42183226
22.46757554
22.60221201
22.66527030
22.68036974
22.75956886
22.76405326
22.84188249
22.93583832
22.95886882
22.96774172
23.07998287
23.08491739
23.26758715
23.33074081
23.40625310
23.43020570
23.43586746
23.77687051
23.86635258
23.99893323
24.02246666
24.05829431
24.10171662
24.47040133
24.66672036
24.69380061
24.70408867
24.87681182
24.99120599
25.02485100
25.21919261
25.25039111
25.27503120
25.28996806
25.43595187
25.51448229
25.57194942
25.57640000
25.58275157
25.60284624
25.65603835
25.72779060
25.80039904
25.90116167
26.06214394
26.07465988
26.08663453
26.46087640
26.59357466
26.62792981
26.80437555
26.81453702
26.81574034
26.82584364
26.92204611
27.15571833
27.18408809
27.66650416
27.95598319
28.07286958
28.16381962
28.33629622
28.40279459
28.41183042
28.42104707
28.59704441
28.63384104
28.67876816
28.72064582
28.73094823
28.75593443
29.04078306
29.04236545
29.04582522
29.13905978
29.21533316
29.30441287
29.44638827
29.48162657
29.54851656
29.56286297
29.60973157
29.61481862
29.72512734
29.73660252
29.80968251
29.91735051
30.01388405
30.10103963
30.11316434
30.15406791
30.17345089
30.30078383
30.40324727
30.60702786
30.76813368
30.77384522
30.80366369
30.89525971
30.91036965
31.00490935
31.19385916
31.22182334
31.27373283
31.38690117
31.52181375
31.56970325
31.87209457
31.95878561
31.98957488
32.11819569
32.15707679
32.15736567
32.17191441
32.53740557
32.58148609
32.61296998
32.71495502
32.72204347
32.90341487
32.95546471
33.20099955
33.21188139
33.22555660
33.26913189
33.38094637
33.48612673
33.62952039
33.71007079
33.76509088
33.81323574
33.81402080
33.82927494
33.92460686
34.00922386
34.05028960
34.10217071
34.14525837
34.33815699
34.95829779
34.96068128
35.06973505
35.11905133
35.22528287
35.23040665
35.39642101
35.43404302
35.46284922
35.48012385
35.56705044
35.67577044
35.74470601
35.91716641
35.97864014
36.12912871
36.29338253
36.36982467
36.42210058
36.45006166
36.45750789
36.57568130
36.77297041
36.81429482
36.86047458
36.89581211
36.90050652
37.00729033
37.00811661
37.05345996
37.14495965
37.27854483
37.28741617
37.30426442
37.47515908
37.48746379
37.51668422
37.65707061
37.66000393
38.06105786
38.16653928
38.19503037
38.21046820
38.30198183
38.55992426
38.57096054
38.86572039
38.86908140
38.89001580
39.10815814
39.14804732
39.22188852
39.28334253
39.36688258
39.38452482
39.48645033
39.64633008
39.66726815
39.69929112
39.90132625
39.90860567
39.95333119
40.04351436
40.04446409
40.07633181
40.10462805
40.26106758
40.41657261
40.47201778
40.50456360
40.63242311
40.78386994
40.87128427
40.88935196
40.94794020
41.11309505
41.12298534
41.12677073
41.23124760
41.27896844
41.35279174
41.40862858
41.55069389
41.56924684
41.81102383
41.97216479
41.99939092
42.11684012
42.49723175
42.65107674
42.89715943
42.98531916
43.03629186
43.10567113
43.25433168
43.32846677
43.36006193
43.36787098
43.51043640
43.71016778
43.85911669
44.02573468
44.09695563
44.16484723
44.22617024
44.49628438
44.52951911
44.54535718
44.55519828
44.59246621
44.85055542
44.86968538
44.93250686
45.09178934
45.21604735
45.29683332
45.33495401
45.43205086
45.51344715
45.69935597
46.03207978
46.06375410
46.12314721
46.22085992
46.24718229
46.56573001
46.66907402
47.07633679
47.09184323
47.17590950
47.30534189
47.56131092
47.61424773
47.67736825
47.70810970
47.77625016
47.82310855
47.83833414
47.88270978
47.90515365
47.92782895
47.93248549
47.95307927
48.02953581
48.07120196
48.20390568
48.21683795
48.29176047
48.47630991
48.61750384
48.65599215
48.81433824
48.83193124
48.85247826
48.92882759
48.94963509
49.17467385
49.18807793
49.35274552
49.43866915
49.44532734
49.59890943
49.66341078
49.70756962
50.06722041
50.06998427
50.09248917
50.10102513
50.28329352
50.41952132
50.52875056
50.76620458
50.95197026
51.03119288
51.07567882
51.23005522
51.29131613
51.29771001
51.71357120
51.74483807
51.90623499
51.93476158
52.38901592
52.51277951
52.51983066
52.52246019
52.67425180
52.79065924
52.83704536
52.90838317
52.92721289
53.03102485
53.04949728
53.08705270
53.09686378
53.23154855
53.29952661
53.35051923
53.36141623
53.39373932
53.45696785
53.46710003
53.54577986
53.56792071
53.59094764
53.59731735
53.61994599
53.64294343
53.67814298
53.69114997
53.71083199
53.77146690
53.87685125
53.94528315
54.02989235
54.04451855
54.10347385
54.15351168
54.21561057
54.31898568
54.54202921
54.56208591
54.64515184
54.71753619
54.88411470
55.01765325
55.22607248
55.41067473
55.41883155
55.59365160
55.72958088
55.73940285
55.84024710
55.97759141
56.01441048
56.09505530
56.24362458
56.30512537
56.31211255
56.37190880
56.39435683
56.51402964
56.53206110
56.64245331
56.79910665
57.10434041
57.16615763
57.24157947
57.32001285
57.42839126
57.43531356
57.47996467
57.67250791
57.71175610
57.85813574
57.86856889
58.03130192
58.03505901
58.15837803
58.23382740
58.31054125
58.42461909
58.60591888
58.62469432
58.64164026
58.82298157
58.83505216
58.85988305
58.89292195
58.93214500
59.04563787
59.09605672
59.41400892
59.45136720
59.54000562
59.65252176
59.69052700
60.05496069
60.12566332
60.24388001
60.32861617
60.46842802
60.48262843
60.49937312
60.63137580
60.71233396
60.75476100
60.89865807
60.90064772
60.92342923
61.10601311
61.28259872
61.48348015
61.50839371
61.52397427
61.53741396
61.63951983
61.67089873
61.68387519
61.72550978
61.76841321
61.83752755
61.89527128
62.07697402
124.00000000
