0.13997833
0.15621767
0.19730659
0.23429085
0.28241325
0.39603657
0.44548937
0.52754287
0.60966424
0.63864912
0.65747260
0.84945612
1.22422122
1.23592494
1.25459081
1.46738790
1.51604702
1.61717621
1.69916669
1.77958429
1.85344987
1.94822691
1.95732873
2.04437315
2.06385333
2.18197456
2.18442079
2.27760411
2.46872945
2.47044751
2.61327356
2.61658906
2.73974741
2.75687757
3.01674473
3.03534200
3.03923501
3.04686415
3.16968933
3.43224088
3.47515528
3.55489898
3.64362405
3.78429031
3.79790041
3.92011947
4.08360906
4.14616678
4.22486157
4.24859377
4.25235332
4.31631911
4.38212075
4.38778395
4.60227464
4.71755778
4.94192765
4.97615237
5.00288302
5.03178615
5.06203585
5.06220170
5.09165458
5.21026772
5.29876053
5.29958468
5.39591557
5.44121460
5.47821938
5.58916944
5.59452746
5.60635921
5.61096136
5.66773299
5.76732661
5.85279010
5.94112779
6.03137434
6.04082019
6.05833563
6.10682028
6.12687549
6.15824418
6.16680399
6.28403277
6.43260385
6.54785441
6.55603590
6.62550010
6.65987644
6.68083287
6.78147427
6.81413918
6.85565281
6.88298389
6.88633202
6.99250363
7.15411484
7.16189164
7.32901632
7.35616888
7.44331190
7.47554116
7.50015411
7.57357463
7.93487606
7.95213004
7.96645000
8.20988407
8.24338621
8.30951069
8.35696038
8.36164032
8.40024780
8.64797399
8.81285985
9.10943725
9.13799130
9.19172975
9.22879854
9.26360049
9.26363145
9.27166327
9.64076582
9.68068508
9.92222665
9.93773024
10.01755705
10.06004457
10.16434719
10.20519869
10.23834508
10.25178498
10.33040545
10.38473521
10.50781115
10.94647747
11.05353040
11.06773942
11.14768350
11.72336275
11.93632648
12.09627140
12.12149384
12.46380894
12.63283408
12.70471033
12.83662253
12.96132588
12.96339279
12.96550217
13.05008048
13.20271786
13.33190403
13.46435632
13.52268103
13.55714866
13.60102091
13.66066323
13.66456474
13.92909467
13.96560422
13.96976205
14.15920815
14.29231392
14.30735272
14.37938601
14.43654665
14.50352840
14.65615613
14.69179897
14.83690640
15.09341906
15.17746703
15.17765381
15.22728080
15.34392957
15.34452314
15.36310213
15.44373224
15.46372157
15.48340687
15.49256135
15.59621524
15.68540779
15.80180331
15.82541494
15.84442273
15.90063702
16.14725973
16.28712075
16.29544435
16.37830766
16.40473336
16.40990723
16.49679270
16.53938161
16.54631475
16.77321904
16.92593551
16.98605890
17.06091159
17.28606741
17.30589563
17.42106533
17.48860834
17.52616717
17.69096956
17.69431690
17.76875264
17.77672086
17.86323179
17.93052650
17.97704737
18.09167391
18.18433066
18.22269049
18.36109740
18.45190374
18.76891512
18.94585140
19.26990801
19.32764967
19.32847029
19.43423072
19.56602177
19.60131916
19.69470273
19.70222464
19.73154513
19.74543015
19.81506762
19.82137634
19.89182308
19.92494382
20.08423890
20.09410504
20.15349500
20.20317282
20.22736290
20.61290573
20.69869508
20.93776576
20.96747485
21.01726993
21.14085917
21.19882076
21.20701127
21.23923010
21.36165287
21.36410104
21.68135053
21.78191111
21.97709819
22.04715342
22.12447477
22.29658995
22.36288989
22.44964233
22.45609329
22.46765223
22.49044618
22.49856053
22.52633315
22.57629666
22.76033775
22.81861635
22.98549286
23.12985084
23.40232527
23.47960868
23.57149653
23.72012079
23.77729292
23.80863212
23.88420341
24.04421641
24.14633878
24.24874737
24.30493927
24.46079753
24.55553490
24.66219707
24.67252687
24.68515800
24.82250512
24.86427496
24.93295309
25.20307305
25.22154272
25.40247456
25.55122927
25.56354092
25.57167908
25.65502507
25.71425750
25.76955275
25.88632558
25.95808369
26.06052625
26.12343785
26.23054385
26.24292649
26.28596454
26.29376085
26.31074079
26.45325773
26.51785415
26.68506587
26.78693784
26.83164526
27.06791234
27.07386475
27.11564222
27.14197445
27.14546875
27.29071709
27.30861118
27.38704752
27.48546813
27.55840241
27.62499171
27.80159973
27.80176377
27.93890097
27.98789193
28.04778148
28.07336256
28.12230878
28.16291671
28.22524681
28.32557847
28.40276166
28.74702009
28.80570866
28.81776796
28.82300001
29.01168989
29.01265446
29.02228835
29.13793114
29.48316789
29.53907596
29.67103698
29.68765564
29.75791145
29.80701783
29.93035029
29.95611298
30.11105798
30.15811169
30.27616928
30.36259740
30.46401748
30.51297903
30.75885345
30.80366369
30.83184886
31.28366272
31.28905877
31.28915477
31.30754805
31.41549111
31.44650387
31.49887130
31.62433291
31.63517496
31.70352544
31.71570430
31.71573649
31.72749562
31.81474888
31.84564308
31.90345632
31.90901494
32.03216948
32.04951224
32.10868408
32.21694876
32.32083461
32.35303160
32.41219169
32.54495208
32.58936865
32.71536708
32.78173930
32.81819066
32.84101034
32.85980032
32.91291732
32.97947841
33.12572511
33.24561035
33.32060627
33.50663182
33.58262883
33.63677552
33.78379068
33.79994280
33.80554290
33.82499855
33.87539970
33.98473000
34.17544615
34.21807400
34.34035787
34.56989450
34.58013152
34.64468266
34.70328325
34.70776221
34.70856143
34.81523558
34.90166974
35.06024339
35.10456888
35.18510392
35.22189123
35.25106650
35.44570845
35.46087282
35.59704383
35.68252436
35.96774024
35.98276611
35.98899095
36.07846889
36.17500772
36.18570471
36.25131944
36.27090880
36.29779737
36.37294192
36.41336506
36.43645277
36.57440013
36.60862655
36.62735622
36.77156268
36.92494358
36.96127890
36.97111000
37.01944726
37.29131561
37.41179152
37.49726196
37.64764070
37.65823920
37.73091982
37.74688430
37.93438689
37.94251023
38.01235984
38.23101852
38.25732979
38.31165521
38.33087629
38.39766963
38.43057320
38.77682594
38.82195558
39.12264585
39.15837629
39.18333574
39.20747764
39.45727882
39.49865352
39.55225052
39.57527069
39.71465145
39.72743813
39.75935479
39.77111964
39.79515312
39.81386676
39.93579414
39.94998614
40.14795366
40.23222148
40.26865803
40.27324905
40.29348627
40.41383472
40.50514530
40.59645129
40.62839926
40.63633548
40.66515148
40.68319784
40.72913764
40.76695408
40.84612289
40.90321471
41.07198345
41.19168943
41.25428284
41.27267073
41.35373240
41.53713350
41.63720175
41.86626340
41.97849900
42.16754690
42.25370136
42.27080820
42.32452748
42.33015056
42.33644341
42.36034253
42.37311332
42.53238630
42.57225495
42.79691739
42.87049042
42.87499759
42.91066951
42.96692457
42.97358542
43.05106015
43.05155219
43.18415421
43.18810639
43.25503870
43.26641941
43.33978266
43.41231770
43.50926593
43.52181508
43.53467788
43.72177610
43.72438873
43.87144648
44.08676506
44.13371542
44.21537957
44.22235557
44.35634202
44.36718951
44.50918596
44.61868152
44.65966366
44.70563197
44.79912624
44.85070818
44.85594689
44.92588514
45.10002682
45.21092098
45.27029435
45.27285652
45.39335687
45.39919796
45.42533348
45.46262464
45.47804754
45.57872814
45.60828734
45.65443699
45.65876000
45.81443339
45.84152500
45.97069667
45.97612425
46.08642658
46.11358523
46.12193025
46.14130332
46.27922640
46.31330789
46.38749373
46.43238297
46.48275819
46.58108390
46.71468257
46.71493450
46.88252460
46.92354462
47.02355947
47.07393503
47.33019458
47.36405981
47.61786177
47.69727825
47.79014379
47.84560401
47.90633088
47.91529385
47.99533748
47.99721855
48.02126789
48.12704495
48.15038770
48.18298958
48.27099274
48.32330764
48.34452760
48.39329876
48.54505967
48.54788838
48.67657572
48.78290624
48.84486533
48.87756405
49.12300695
49.20337184
49.29478796
49.33276254
49.59328517
49.70669543
49.74394900
49.81498334
49.85864564
49.87882274
49.88670678
49.91641859
49.92190717
49.96979318
50.13465972
50.28329352
50.35072848
50.59141199
50.63244607
50.88506563
51.07567882
51.16207148
51.22473749
51.39267457
51.57491697
51.60055368
51.76416514
51.86754830
51.91977503
51.96339152
52.06949879
52.19359488
52.41780140
52.56840369
52.64361152
52.69232785
52.73279614
52.84027517
52.92721289
53.11875867
53.34405541
53.42225629
53.51923325
53.53346266
53.74243829
53.81061496
53.88463426
53.91808748
53.93555209
53.97077867
54.08240709
54.10737887
54.14091597
54.18087285
54.19635475
54.21667691
54.30803519
54.33227541
54.33421417
54.39096214
54.45834709
54.52196744
54.53629625
54.75532893
54.82436925
55.02206656
55.03156522
55.11798024
55.26332968
55.31325402
55.50508477
55.54896847
55.58922373
55.59408146
55.84215057
56.07571403
56.24682991
56.25421405
56.30541331
56.50015966
56.51031912
56.94127404
57.02458789
57.06996494
57.22662926
57.55967471
57.57261277
57.65123291
57.74802175
57.87460410
57.96909057
58.05676370
58.14060523
58.26358336
58.26885846
58.30706682
58.35448850
58.74297311
58.82919250
58.95956692
58.97297311
59.02709076
59.11907359
59.15075907
59.19564940
59.22604041
59.37420994
59.37833314
59.43874615
59.45136720
59.49665467
59.86307341
59.98244881
59.99809591
60.09800154
60.22163547
60.33620009
60.49189517
60.50926922
60.62724674
60.63377289
60.69795285
60.72684746
60.73837863
60.82067416
60.90404156
61.05071337
61.05257622
61.08034490
61.14436264
61.17231510
61.28894056
61.41473979
61.46211517
61.77999858
62.11839020
124.00000000
