0.03415228
0.11508203
0.21112488
0.24091860
0.37972787
0.41680419
0.51731976
0.56719211
0.62683164
0.78983263
0.83941079
0.87403799
1.02751378
1.07386335
1.20064870
1.26613466
1.28282944
1.30846191
1.50626564
1.51730722
1.55901570
1.57720954
1.73289586
1.75366358
2.14571590
2.24775010
2.30492573
2.30587825
2.47508669
2.49258041
2.81805355
2.90999187
2.91956841
2.99521061
3.08968404
3.17105549
3.19080644
3.27638883
3.37495889
3.45110749
3.52410274
3.62461248
3.71826800
3.79706451
3.84735838
3.94229332
3.94824073
4.10549817
4.22454709
4.35293935
4.44450665
4.50194978
4.58113417
4.65887613
4.67708298
4.69618316
4.99608321
5.20729549
5.21569553
5.22443976
5.30853057
5.38415831
5.44821854
5.47196125
5.62423733
5.83400448
5.83417437
5.85279010
5.99476942
6.04227436
6.22264653
6.36826314
6.51117261
6.68608572
6.76695287
6.84503511
6.97602068
7.02732447
7.09923508
7.11035508
7.22377789
7.38168164
7.47936398
7.50140675
7.53222808
7.90704911
7.97223257
7.97373210
8.05653756
8.22962610
8.31584377
8.35372809
8.61071487
8.71505595
8.71627344
8.74834898
8.91547407
8.91974143
9.01404624
9.05730482
9.07985493
9.18947567
9.30962489
9.31454808
9.35917201
9.43911456
9.45078987
9.49662176
9.51564574
9.55902875
9.61998661
9.65920759
9.72151434
9.95896130
9.97758973
10.01410793
10.05373022
10.13048441
10.23009734
10.25591357
10.47510030
10.65714000
10.75393759
11.12461634
11.29430518
11.50720072
11.66143376
11.70903344
11.78070354
11.83422416
12.02732893
12.05765485
12.20055531
12.28203657
12.36110272
12.48167427
12.56265002
12.57549167
12.57865275
12.66794455
12.67216092
12.76207282
12.85639016
12.87434813
12.87941244
12.91925147
12.92720041
12.96719823
13.00760422
13.02402334
13.15234422
13.57824114
13.66159795
13.73053400
13.75773078
13.77332004
13.86716463
13.92168151
13.94325073
14.07262725
14.18826762
14.31451130
14.39054795
14.44302183
14.51802468
14.56995210
14.82124636
14.85592437
14.88797600
15.00240078
15.09550420
15.10575515
15.30708853
15.35576769
15.46651644
15.50322454
15.58936709
15.67074103
15.73820333
15.75978119
15.83685872
15.87686028
15.88516847
15.91759685
16.11578173
16.25484692
16.28005502
16.62911276
16.66599134
16.69855325
16.75983215
16.76528020
16.83178176
16.91777648
16.96220276
17.06287585
17.08482044
17.25430089
17.29045565
17.43676987
17.50086770
17.50594510
17.56108189
17.67379286
17.97154024
18.07493751
18.12180892
18.12311161
18.20513089
18.26463226
18.30855876
18.57626613
18.93633030
18.94597751
18.95942427
19.26161472
19.34231501
19.43836361
19.44177545
19.47178730
19.64629075
19.83872089
19.86409951
19.86530101
20.12129164
20.19917225
20.59251846
20.61333473
20.64989669
20.85577575
20.86656230
20.90317456
20.96446882
21.03535401
21.08573321
21.11548610
21.30092332
21.34363929
21.37779741
21.41130210
21.56669641
21.70877667
21.73327489
21.74923415
21.75361849
22.03321270
22.07241718
22.19919477
22.33685493
22.34732402
22.37423103
22.51952866
22.53107093
22.57948159
22.68835182
22.74650856
22.85743991
22.92034819
23.01236822
23.20610612
23.22709244
23.25182342
23.28079907
23.32926642
23.40876949
23.55283008
23.56982685
23.64837561
23.68791037
23.68853962
23.83404070
23.94956446
24.08724542
24.09384908
24.14909917
24.20312965
24.36221579
24.45701521
24.47313431
24.51617265
24.67225234
24.77342777
24.83013623
24.96296810
25.01110056
25.11126932
25.38967970
25.41112556
25.54457526
25.60374523
25.62477024
25.75542165
25.77114913
25.78359650
25.78629685
25.86909693
25.98225618
26.08259212
26.10752904
26.14968907
26.21220643
26.22414988
26.28000424
26.43639619
26.57363673
26.59303383
26.72084932
27.02440665
27.08923881
27.31429982
27.49432612
27.81271054
27.93774706
28.09430495
28.21697788
28.32535014
28.33522784
28.40725606
28.49603217
28.55424629
28.63807003
28.73971094
28.79468466
28.84421886
28.85388350
29.12275649
29.21725221
29.29138808
29.41287496
29.41292752
29.43519166
29.71203337
29.82767143
29.99871511
30.21309626
30.24494591
30.29508581
30.38427136
30.39667525
30.43020536
30.50074774
30.56740751
30.57397273
30.58388138
30.71015534
30.81547823
30.97366902
31.38599264
31.45062264
31.46869395
31.49215279
31.59909967
31.70230727
31.72708871
31.76321453
31.93509809
32.03662088
32.20223530
32.29248423
32.30825473
32.31434477
32.32453328
32.37095825
32.39343983
32.66825877
32.79008884
32.83848848
32.86575570
32.91291732
33.18403177
33.32060627
33.47182415
33.53467152
33.58314360
33.63036452
33.75378685
33.81525329
33.82080674
34.28414007
34.37909457
34.50833439
34.52062095
34.57936805
34.60510579
34.66860395
34.66954544
34.67162094
34.67340945
34.86103894
34.87281888
34.95302430
35.00905382
35.04103407
35.11245255
35.12615825
35.13743936
35.16503350
35.21975994
35.31913566
35.34962270
35.36618574
35.47033215
35.48385397
35.56347139
35.66392260
35.69256171
35.73562643
35.86287471
35.93102175
35.98012396
36.06637923
36.08406419
36.17631004
36.24682106
36.25125387
36.26459909
36.27634585
36.29097400
36.31455096
36.44846771
36.47295003
36.48119295
36.48973950
36.69666757
36.74493757
36.74535534
36.80420303
36.93864316
37.03174702
37.08369737
37.29480261
37.31627850
37.33992446
37.54118087
37.66405817
37.77567866
37.78943066
37.84770687
37.87073801
38.01742059
38.04189024
38.12288724
38.27723327
38.34361394
38.39016238
38.43349904
38.47924779
38.60511035
38.68842516
38.73787466
38.81060195
38.86011486
38.86728331
38.92596711
39.02629096
39.09747585
39.10999632
39.16341824
39.17347012
39.23316327
39.31644214
39.34922270
39.35092728
39.35833616
39.59242666
39.63291907
39.63816820
39.65530889
39.70516211
39.72933939
39.83212880
39.87020658
40.12725355
40.25376496
40.30219824
40.33990519
40.41670180
40.43194520
40.47485032
40.51878524
40.68482241
40.70108975
40.86780739
41.20191345
41.20721562
41.27509369
41.27774117
41.30559631
41.51110817
41.67707401
41.80971232
41.84924672
42.06358035
42.38698924
42.48405262
42.50255245
42.55575012
42.57644115
42.67735162
42.70558998
43.04434161
43.10811130
43.26398008
43.32846677
43.36457559
43.41059065
43.48114808
43.51043640
43.54436184
43.57334395
43.57946681
43.62705761
43.84246899
43.91463669
44.08121577
44.09001357
44.09528747
44.30374343
44.45472262
44.49628438
44.57832900
44.61868152
44.62116983
44.64227868
44.67288349
44.72173598
44.79912624
44.81504752
44.88367680
45.11879184
45.18438768
45.19689995
45.20689598
45.30051235
45.32150797
45.54721407
45.55949478
45.62062437
45.64571719
45.66976157
45.67374117
45.68983694
45.71352596
45.82559359
45.89877620
45.90176940
45.95517683
45.97835682
46.04165041
46.36320683
46.38554416
46.43052945
46.43909600
46.64687191
46.75543208
46.79798435
46.83109110
46.86341411
47.00382240
47.12432307
47.14948500
47.18083324
47.24733988
47.41618782
47.41726112
47.42607036
47.53135549
47.65499421
47.66813499
47.74901963
47.75382777
47.84893179
47.88534378
47.99721855
48.09974145
48.11341763
48.37978834
48.45246931
48.54296185
48.57099436
48.66719796
48.80139935
48.89139849
49.06423039
49.21750883
49.45634181
49.48311036
49.55723530
49.62727578
49.67827325
49.70584468
50.19511980
50.44113288
50.78878192
50.85109292
51.01888852
51.02199793
51.07336929
51.15090453
51.26388901
51.28698670
51.40599132
51.46055649
51.52163549
51.52580464
51.69098747
51.72890721
51.73332188
51.89129157
51.92063605
52.25702342
52.73642774
52.80674476
52.82300432
52.98256380
53.01567289
53.08941413
53.13067705
53.22445940
53.32841165
53.35383752
53.47987322
53.56395778
53.62970162
53.66749953
53.71844932
53.90080080
54.03785238
54.04765866
54.05030675
54.08667744
54.09929351
54.12322451
54.15837499
54.16215350
54.35544137
54.36294383
54.38530020
54.49437474
54.59558717
54.67770630
54.94978147
55.02206656
55.25723109
55.36737389
55.61615610
55.61834063
55.76460418
55.77164782
55.87341676
55.92298037
55.99576358
56.08831768
56.13349345
56.25433685
56.30436630
56.33295708
56.35104950
56.42446257
56.45148366
56.47771793
56.51752213
56.67182271
56.90148535
56.90758561
57.02785162
57.13836293
57.17490765
57.26242058
57.32163041
57.32460069
57.39020412
57.49448744
57.51979326
57.56519506
57.59606691
57.62048640
57.66104102
57.77861193
57.87478975
57.90518506
57.98693167
58.10262606
58.23205050
58.39171725
58.53060095
58.62566984
58.66413564
58.67477954
58.77639631
59.06084989
59.06828620
59.07315552
59.14430184
59.20850582
59.45230584
59.54315697
59.54620574
59.58582393
59.93987610
60.07184631
60.24537668
60.41936630
60.43912213
60.52205092
60.55276961
60.69406976
60.80789504
60.82432185
60.86385598
60.86727563
61.05720964
61.17295623
61.23784939
61.27243095
61.48834248
61.51656617
61.67729515
61.70842411
61.93655129
61.98571541
124.00000000
