0.06115170
0.19441859
0.20771410
0.30759429
0.35407596
0.37486330
0.38736114
0.45114328
0.55928361
0.64759807
0.70968694
0.72563586
0.74208422
0.82153812
0.87971704
0.89356937
0.96910402
1.00624733
1.05873989
1.09274802
1.12384742
1.17000931
1.26090263
1.36361948
1.61894239
1.65657997
1.75412114
1.87246405
1.93679511
1.95787756
2.14571590
2.26070154
2.28317574
2.33648453
2.39510253
2.41969875
2.55182814
2.64501051
2.67514256
2.69908830
2.75074262
2.81099883
2.97586377
3.04650513
3.25212191
3.39207117
3.39488468
3.44766528
3.51058789
3.54003944
3.79178247
3.85289489
4.17292357
4.25080750
4.25618353
4.29206379
4.38591980
4.63321235
4.78768823
4.89022767
4.94914713
5.07405702
5.11534926
5.12234767
5.24532362
5.29459226
5.39878523
5.42436884
5.43867143
5.59714675
5.64258577
5.98350100
6.00923396
6.16603067
6.31207098
6.38740097
6.40032781
6.46410794
6.53854216
6.65561474
6.69081359
6.96284935
7.01072409
7.03537576
7.12444564
7.15595757
7.17285207
7.28859469
7.30562955
7.37861532
7.40351320
7.41884999
7.45209885
7.46905878
7.54532652
7.65639327
7.92582253
7.96364212
7.97373210
8.30495524
8.40717913
8.42014482
8.43860154
8.46182870
8.70807647
8.78154400
8.89275137
9.00525673
9.04360894
9.10943725
9.17461697
9.23164266
9.29711729
9.33607833
9.35430869
9.52710705
9.56512567
9.59018739
9.61536034
9.74634681
9.80614254
9.92506108
9.93755405
10.03295778
10.17637433
10.24632382
10.44461223
10.48312324
10.54646100
10.59104614
10.75393759
10.76319341
10.92809731
11.01207013
11.05173342
11.14768350
11.14851696
11.17418867
11.23804145
11.48001460
11.60797697
11.67007697
11.72757696
11.82862889
11.83352910
11.93250163
11.93692719
11.95705881
12.05563198
12.07024205
12.10058621
12.12215639
12.17989146
12.26886414
12.30920619
12.33573558
12.34316252
12.47525102
12.50770817
12.65090677
12.68258367
12.75724900
12.77177331
12.85075555
13.10199239
13.19417041
13.21252119
13.22572261
13.23108226
13.23427358
13.31357287
13.32327480
13.35359590
13.58196002
13.87888375
14.03436698
14.20171351
14.23937719
14.53928088
14.57373644
14.68754334
14.73881397
14.83436865
14.84208153
14.97951544
14.99517236
15.01193217
15.12751024
15.19957088
15.21762249
15.23135361
15.25160154
15.28527723
15.41572073
15.59961347
15.65289312
15.76955719
15.78908216
15.84351559
15.95946501
16.15900852
16.18002920
16.19937307
16.23454084
16.28717491
16.32313461
16.45948073
16.54730875
16.59890787
16.94634343
16.94911623
17.04717298
17.06067244
17.27571394
17.36310237
17.43884928
17.43908868
17.57918790
17.61853379
17.63508643
17.87288964
17.91703449
18.03544638
18.06721251
18.07979491
18.08985915
18.09154029
18.27318775
18.31285913
18.40594212
18.44030130
18.49934173
18.51273271
18.52337471
18.55882550
18.58231742
18.69671508
18.74278531
18.78995021
18.79546671
19.02338347
19.26323581
19.42326400
19.54116431
19.58647242
19.61046569
19.63414707
19.64373836
19.70862487
20.00032173
20.00250319
20.06427712
20.17229738
20.26288874
20.29459164
20.30371344
20.33089612
20.41758636
20.61016391
20.62308751
20.80915692
20.97896880
21.02784402
21.14703523
21.27825887
21.29234808
21.32369334
21.40778847
21.43095874
21.43852304
21.45604950
21.50029581
21.62270852
21.72518966
21.82832064
21.85039260
21.97847902
22.01448805
22.09167113
22.10606750
22.42235921
22.46858653
22.68199965
22.76190130
22.77192405
22.80091292
22.97034253
23.11998248
23.18973532
23.32412736
23.37038094
23.46539243
23.47412918
23.52691033
23.61763810
23.69300170
23.71730032
23.77463149
23.79674925
23.83600867
23.89694021
23.94043491
23.99441502
24.04531629
24.22728675
24.50108396
24.50626138
24.80298037
25.17712183
25.23917550
25.24385212
25.34299549
25.36981750
25.37774631
25.46769766
25.56026004
25.65547781
25.77735436
25.85760724
25.91242800
25.91617577
25.97200630
26.13828111
26.19200391
26.28455797
26.39173411
26.75425403
26.89908588
27.04124181
27.12682628
27.13413769
27.16899185
27.19446292
27.24013604
27.35992927
27.49340606
27.60108275
27.62090363
27.63067160
27.66965231
27.76196999
27.77930753
27.79401180
27.83714469
27.88848911
27.94739150
27.98469129
28.01311432
28.08936332
28.09836081
28.27268969
28.30678262
28.40341639
28.40624711
28.57417705
28.62033513
28.82899313
28.96003753
28.96607048
29.01920056
29.02148931
29.06513716
29.07005804
29.16551253
29.32705585
29.37679533
29.50484775
29.51735408
29.55246550
29.58217048
29.63157124
29.63704921
29.80027872
29.86294208
29.91825921
29.97838364
30.10820122
30.24422166
30.27127016
30.41321622
30.54814510
30.75620348
30.85077003
30.86057307
30.98334969
31.06467042
31.10397062
31.11467391
31.12509855
31.19943492
31.26747034
31.48440869
31.63186286
31.81839741
31.83847861
31.87800544
31.92621274
32.03588484
32.06558526
32.29887078
32.58730515
32.67891526
32.68390756
32.72336684
32.79465427
32.84281412
32.98557913
33.03743780
33.03812229
33.07273845
33.07431366
33.07490831
33.11745719
33.33497103
33.43795493
33.54218749
33.70591784
33.70924821
33.75980773
33.78822576
33.95393456
33.98473000
34.02033939
34.03251227
34.03691855
34.10158391
34.23986863
34.29045570
34.33549394
34.39061417
34.53296771
34.60510579
34.66424915
34.68267379
34.76086150
35.02058441
35.08313064
35.10438548
35.14581796
35.23169816
35.26914174
35.36096923
35.45221193
35.46087282
35.52934447
35.62908411
35.71974975
35.74903452
35.93440238
35.94738937
35.98938829
36.04816500
36.05407453
36.10490152
36.13144565
36.26459909
36.34006456
36.40223470
36.41621342
36.45736289
36.48425902
36.48478904
36.51393050
36.62504963
36.71639007
36.91007821
37.00630054
37.01769798
37.06825869
37.07893558
37.14410934
37.25011862
37.27854483
37.35628726
37.48381404
37.63731751
37.65707061
37.68727269
37.72096250
37.77281900
37.80041494
37.81514267
37.86371065
37.90529257
38.02209794
38.04651646
38.11184829
38.16642526
38.67667705
38.83921795
38.85842656
38.86483134
39.21985159
39.31807652
39.66295923
39.69929112
39.76220378
39.80093969
39.82400988
39.87192947
39.94836195
40.02901147
40.27315667
40.27548202
40.27776541
40.53300762
40.58882219
40.63140679
40.65410919
40.81241717
40.93334972
41.15263862
41.26108142
41.47415237
41.64898047
41.66457214
41.66628823
41.69472750
41.70458281
41.72141704
41.75123626
41.75702165
41.76568090
42.09180201
42.16821547
42.27859875
42.27876201
42.38153252
42.39849945
42.42787593
42.60826213
42.73651475
42.75734505
42.79314679
42.89704539
42.95145614
42.98000834
43.15553540
43.31375755
43.31560254
43.36457559
43.39492334
43.40034732
43.43833180
43.44481291
43.72990116
43.82567413
43.91484930
43.93940402
44.00707428
44.04789912
44.10192363
44.14802626
44.46096780
44.50535612
44.54232136
44.60261284
44.74958489
44.82900946
44.87511779
44.90103637
45.23617599
45.28816833
45.40559363
45.44162269
45.44907442
45.79821588
45.87394926
45.93251689
46.02714208
46.03207978
46.28763742
46.29687673
46.30695086
46.33881412
46.43389040
46.47947406
46.65049180
46.71275590
46.82449294
46.91762708
46.97684121
47.07661421
47.10584159
47.18292340
47.18738452
47.21314794
47.33250912
47.37669419
47.42124284
47.53071976
47.53372909
47.54532011
47.60483788
47.69791523
47.78703143
47.83833414
47.88657299
48.04553497
48.06476055
48.17983565
48.24088765
48.27799255
48.29516418
48.40399359
48.41477756
48.42047531
48.44626311
48.47782859
48.61508735
48.68713081
48.73250395
48.75931342
48.81433824
49.06423039
49.07480174
49.15402790
49.18563221
49.23789055
49.25643549
49.25887882
49.29568445
49.33815630
49.51814030
49.56965975
49.86234181
49.86277173
49.93766235
50.01571809
50.22960200
50.34855215
50.37800811
50.54513440
50.60336310
50.63144175
50.82810782
50.93845905
51.00075770
51.07206708
51.11960021
51.12171548
51.18027939
51.27676242
51.33293167
51.35327755
51.37873793
51.46829505
51.63601531
51.68514454
51.70617401
51.70899990
51.73858780
51.79459940
51.87153126
51.87294778
52.08578764
52.14734152
52.19505942
52.36614355
52.55777181
52.56509680
52.83226203
52.97769991
52.99584375
53.16628757
53.21563471
53.23864842
53.24264108
53.25676078
53.42415581
53.45404064
53.57865484
53.97532072
54.07402087
54.31518949
54.34118494
54.34574302
54.39096214
54.44720891
54.44836777
54.46991408
54.88680820
54.91939545
54.98859963
55.05186698
55.18914103
55.27164583
55.38884283
55.41172383
55.42674777
55.50508477
55.51482655
55.66316753
55.73049502
55.83529488
55.88494728
55.89892371
55.90497732
55.93331960
56.01729231
56.02512457
56.03746683
56.09581573
56.32490492
56.34648511
56.40771748
56.41314295
56.42077175
56.43378411
56.44139735
56.49913055
56.55244562
56.64610820
56.67269196
56.73534859
56.78071673
56.83488758
57.09320842
57.11135674
57.19573223
57.25436912
57.31419488
57.32949226
57.35737499
57.49405143
57.56475677
57.60556946
57.77061177
57.81607239
57.93708564
58.03720607
58.04570590
58.08065703
58.18094449
58.31624375
58.36625220
58.42128199
58.60603805
58.63981453
58.76817766
58.83796335
58.83799153
58.95029643
58.97652956
59.49488901
59.54512327
59.72689144
59.82288789
59.89285540
59.91750775
60.09772239
60.14823840
60.21570119
60.22763069
60.37336166
60.39639750
60.41214891
60.41630594
60.42794286
60.55218076
60.62271814
60.90457274
61.13916757
61.16913471
61.57071985
61.57476174
61.66600688
61.67539272
61.71855043
61.76792535
61.83752755
61.84455078
61.87508614
61.91731270
124.00000000
