0.01265604
0.03286397
0.26729743
0.50756083
0.71801259
0.74795211
0.85238547
1.03032308
1.07544773
1.26211409
1.34679700
1.36758129
1.54018488
1.63227471
1.67176360
1.68137659
1.69338381
2.14188469
2.25630010
2.36319130
2.41268435
2.55698157
2.55824175
2.64787317
2.69294087
2.93318894
3.16139295
3.22350850
3.30637194
3.49560809
3.76160434
3.81320744
3.88496466
4.05843029
4.10803924
4.14246527
4.22676807
4.26990068
4.40895185
4.42122486
4.44735851
4.54342977
4.60567663
4.65360277
4.69559587
4.71388001
4.72238862
4.73801505
4.94914832
5.00129514
5.00288302
5.01235939
5.05541250
5.10156555
5.10831378
5.13916497
5.27868016
5.46468349
5.49282864
5.52318540
5.63987864
5.67578663
5.78443429
5.82794271
6.02301284
6.11737596
6.24145502
6.30909282
6.40824312
6.43239084
6.43879351
6.49376839
6.60563857
6.60568252
6.65987644
6.73948045
6.93731757
6.94602731
6.96281125
7.13446585
7.26287189
7.28667304
7.35209074
7.37975889
7.39612716
7.40454812
7.41671302
7.42978151
7.46277680
7.47607940
7.60266991
7.72664038
7.74898778
7.78451964
7.81507573
7.89332319
8.04960780
8.05616929
8.13113222
8.17626532
8.29479052
8.45210034
8.48576267
8.51319553
8.54244870
8.90943705
8.98631339
8.99205339
9.09148116
9.20301601
9.20863013
9.52490078
9.62825258
9.65817401
9.65920759
9.75835364
9.78861135
9.81927781
9.93764286
9.96885252
10.02145459
10.03113594
10.44558497
10.48101374
10.50248756
10.52281970
10.52666441
10.72946422
10.74407672
10.81921810
10.91516473
10.95972905
10.96665647
10.96774149
10.97249715
10.99147835
10.99183108
11.00874101
11.06757272
11.07624595
11.13234303
11.31625317
11.42490347
11.47083066
11.83288294
11.85679788
11.93455751
12.11412505
12.12955973
12.20778144
12.24551096
12.24880255
12.33238937
12.34470434
12.41926995
12.44677522
12.44966843
12.51292122
12.60383807
12.62727347
12.76965670
12.95900840
12.97340159
13.06038274
13.10795502
13.15045221
13.22467315
13.26247897
13.26928134
13.29652862
13.48296903
13.54634451
13.58344607
13.61171253
13.70979470
13.79677716
13.97735007
14.07675850
14.14378613
14.21893717
14.30363864
14.30645243
14.31297320
14.39760534
14.42727015
14.55183252
14.57586372
14.80133093
14.88318011
15.00624544
15.00881165
15.14420368
15.22148736
15.24731455
15.30176108
15.32364499
15.32714906
15.39656173
15.42460232
15.45031356
15.54965792
15.65919802
15.68829724
15.72479530
15.79079423
15.93411693
15.95316442
15.98964995
16.13940293
16.24366165
16.30673617
16.30756982
16.44410672
16.45045737
16.46015746
16.46668895
16.52840017
16.64903016
16.66599134
16.77376441
16.79803882
17.04125888
17.16312594
17.35432878
17.47415042
17.49447901
17.50812482
17.64380726
17.84435204
17.86042956
17.90593511
17.91425710
18.12836140
18.26522121
18.55016059
18.56128701
18.59108404
18.66727032
18.67756492
18.68350128
18.69715106
18.75220854
18.86429498
19.15962021
19.34231501
19.37921004
19.40190127
19.40217650
19.60009346
19.63522772
19.65284188
19.69598145
19.83594552
19.87112250
19.88820450
19.90874516
19.94879932
19.98351333
19.98732490
20.09524905
20.43090547
20.52842775
20.59371635
20.59763844
20.72315722
20.84692016
20.92711491
21.01156565
21.01726993
21.07322821
21.08586626
21.11086549
21.11389605
21.17265768
21.19564619
21.41878553
21.64260879
21.82504897
21.97272912
22.03142500
22.07945500
22.17356539
22.33897853
22.57144085
22.59284870
22.62087754
22.73920816
22.90980446
22.94736102
23.11566769
23.18509788
23.21806655
23.30153252
23.46020083
23.47960868
23.58410904
23.59600304
23.66539996
23.72436167
23.85471513
23.87577376
24.06939073
24.09464812
24.20177923
24.45723675
24.50757995
24.67591819
24.69164598
24.75140002
24.75863208
24.80783009
24.83013623
24.93519493
24.98373847
25.08014224
25.11126932
25.21866539
25.32150930
25.32443505
25.34195604
25.39458414
25.42294028
25.43365044
25.52778647
25.61066994
25.70086545
25.72468776
25.84540253
25.97600453
25.98459460
26.02237787
26.06736907
26.12624487
26.40492194
26.73798231
26.75215417
26.83438298
27.11283748
27.12731248
27.14931419
27.15420529
27.24895756
27.26647756
27.34824154
27.41526445
27.45714433
27.63737418
27.69823740
27.71776120
27.90648562
28.16139763
28.40360312
28.40386780
28.74636228
28.75750075
28.77658321
28.84775267
28.90447920
28.90929111
29.04930450
29.09439485
29.10478206
29.18252322
29.25982272
29.38424947
29.63294783
29.68258901
29.78310078
29.81501746
29.82767143
29.84162315
29.85627302
29.92050157
30.12133302
30.25029757
30.26839107
30.42391640
30.43057555
30.46401748
30.49785855
30.61155903
30.67527762
30.68073791
30.69440531
30.94531151
31.27240218
31.29306209
31.48408904
31.54123327
31.55183721
31.62453704
31.62841353
31.80340001
32.06045568
32.09776950
32.13648550
32.13831547
32.15199059
32.26547170
32.32260232
32.37095825
32.47723532
32.63786750
32.67644506
32.70310481
32.73666760
32.86281656
32.95266606
33.00000548
33.02450886
33.07539562
33.11762859
33.29014477
33.38588163
33.53856659
33.58894198
33.62233162
33.71449398
33.83596449
33.97639497
34.07438036
34.12295843
34.15782881
34.17052201
34.17969175
34.18011225
34.19055021
34.21083193
34.23306817
34.23443672
34.30843001
34.40174365
34.53052922
34.53314632
34.64468266
34.96427436
35.03739021
35.12635475
35.13041251
35.28382714
35.29958452
35.34962270
35.49024725
35.56164350
35.57815174
35.65511383
36.05339262
36.12223290
36.33313466
36.41593899
36.51151605
36.59690235
36.65023453
36.65156298
36.68592694
36.86533466
37.04573764
37.09352525
37.09584289
37.14410934
37.21086592
37.22439788
37.23053556
37.24778885
37.43611136
37.44822379
37.65134688
37.68277457
37.87155976
37.88107868
37.89858328
37.94471688
38.04189024
38.12288724
38.28216515
38.28774065
38.40204113
38.42413577
38.52760893
38.59521604
38.60964882
38.80591063
38.84397082
39.11344326
39.33911339
39.35092728
39.47688474
39.66619110
39.71813191
39.72911992
39.81615511
40.31208663
40.32909754
40.46466219
40.52346251
40.55219415
40.61293349
40.66161304
40.71666097
40.81522299
40.93734418
41.02876259
41.06106721
41.24613897
41.28109280
41.38363921
41.40814569
41.49181388
41.50158997
41.71894882
41.77348355
41.77958519
41.79292195
41.81737559
41.84994672
41.85829015
41.89180414
41.95214532
42.05620778
42.06659401
42.12237003
42.16653565
42.20751213
42.58490504
42.64354780
42.67285600
42.83336549
43.01689144
43.15208296
43.24442321
43.31496120
43.32721309
43.39129773
43.42332745
43.53261187
43.57334395
43.66448783
43.67621241
43.96111202
44.14001472
44.16558768
44.21003566
44.30125981
44.59242632
44.65446480
44.85723757
44.95993401
45.16554081
45.27877276
45.30852788
45.33323862
45.42331797
45.43068852
45.63228933
45.64276745
45.87620101
46.00888396
46.13497083
46.23695352
46.31761066
46.38478240
46.43921156
46.63793574
46.74445565
46.80408822
46.97646930
47.03851722
47.08645452
47.15124362
47.21081981
47.27555733
47.29951449
47.32053761
47.35886431
47.41834860
47.50387214
47.51666913
47.63276181
47.74658850
47.85333998
47.88657299
48.02609530
48.10235687
48.10849926
48.14059739
48.15262711
48.24048128
48.26028928
48.41658611
48.48625389
48.68958670
48.74613575
48.78290624
48.99032378
49.24693110
49.31432310
49.37416467
49.45012522
49.51979205
49.71248887
49.73971071
49.81095847
49.99728949
50.03879335
50.10741727
50.19495285
50.26991265
50.39531074
50.42763696
50.50858822
50.58481725
50.62283808
50.74561398
50.79737313
50.83850340
51.22473749
51.25815343
51.27608366
51.52387151
51.58053914
51.66227877
51.66260263
51.73908116
51.78816642
51.87645885
51.91951579
51.93476158
51.95075508
51.98328999
52.03070694
52.13932163
52.18948518
52.30443375
52.31830492
52.37846590
52.55755003
52.59520805
52.66751951
52.69199540
52.89347092
53.09394744
53.09781823
53.11765397
53.12234105
53.13300471
53.29682206
53.31793136
53.33701929
53.36141623
53.48935690
53.84783740
53.85107795
54.13462800
54.21008562
54.21356565
54.24246831
54.39626506
54.59914883
54.60999237
54.77374332
54.83807982
54.86884033
54.91981909
54.93384881
55.08512450
55.20909935
55.23067519
55.24716450
55.27284340
55.49431667
55.57696471
55.63151820
55.96726201
56.07605126
56.15219740
56.24021288
56.48488131
56.50054246
56.71417945
56.74757384
56.75594773
57.08547295
57.08838096
57.48378454
57.56223351
57.56572231
57.92269280
58.04055720
58.06824640
58.22319900
58.35448850
58.40367068
58.57590636
58.82515428
58.96568196
59.06134727
59.10130430
59.13586034
59.19228388
59.33401519
59.38283831
59.43879668
59.57886531
59.67127426
59.75586777
59.77110551
59.80491956
59.81833264
59.85097425
59.89037993
59.91073682
59.93671459
59.94313781
59.97861609
60.08225083
60.39761395
60.50883395
60.52184046
60.52832864
60.54549083
60.69437971
60.88775585
61.16108655
61.17141683
61.18544586
61.27243095
61.27250164
61.33655026
61.39819219
61.40683042
61.42575485
61.45200845
61.55367740
61.80529391
124.00000000
