0.05001253
0.05608869
0.07217528
0.08609684
0.28364110
0.28644055
0.34152691
0.62343845
0.64763339
0.66594367
0.75079784
0.80844135
0.88286131
0.99204882
1.01507029
1.18092203
1.18885901
1.26670579
1.39181230
1.51342174
1.52584000
1.52724538
1.64664845
1.85173688
1.95053064
1.99582326
2.22579181
2.24381994
2.27380015
2.54329145
2.55798075
2.58249935
2.70838167
2.82819507
3.05273680
3.15904226
3.25828043
3.34321646
3.49067320
3.57704902
3.75596824
3.85322923
3.87222841
3.87988940
3.98052955
3.99853386
4.20611571
4.30551385
4.39193031
4.56043711
4.62841357
4.70866765
4.75467918
4.77762766
4.78996245
4.89642700
5.05065963
5.14650892
5.14786350
5.23608706
5.58719274
5.60708216
6.03235143
6.37567086
6.37709245
6.47736641
6.57573780
6.62617107
6.93724603
6.96586121
7.09378083
7.11762742
7.18177140
7.38169108
7.39280066
7.52748556
7.53439021
7.55164707
7.69124439
7.74194006
7.77362405
7.81570133
8.05617249
8.06711140
8.30940243
8.35983349
8.41636824
8.41876697
8.46204666
8.57276233
8.66615763
8.73126511
8.74455523
8.76462704
8.78475184
8.80000164
8.90442378
9.15134627
9.16203928
9.20536742
9.25236417
9.36921143
9.61584544
9.77934988
9.78869864
10.14292504
10.17202348
10.19006314
10.22820129
10.28968207
10.34612642
10.43000240
10.49664901
10.55569625
10.57220695
10.59104614
10.64885510
10.81921336
10.85665766
10.87707389
11.05230252
11.06744631
11.16320799
11.16748028
11.29693267
11.44448749
11.46038153
11.51466684
11.61509152
11.61605758
11.76819591
11.76898797
11.85729666
11.87498418
11.87961921
11.98734198
12.01356934
12.06201741
12.28904772
12.47519952
12.58545812
12.75575158
12.77328516
12.80322935
12.86365410
12.90700145
13.00574141
13.04705152
13.16736758
13.18833389
13.19232339
13.24238922
13.32435597
13.36742272
13.40315520
13.41260541
13.46535203
13.54938399
13.56289759
13.62492007
13.87501045
14.08995756
14.09990175
14.15632125
14.30222694
14.32916347
14.36330106
14.43387003
14.54710743
14.63186494
14.74549908
14.95280653
14.97721711
15.01120646
15.23611459
15.25002761
15.32364499
15.45839875
15.60303372
15.60563668
15.63997508
15.65289312
15.88237789
15.90177267
16.14268421
16.20740212
16.38132723
16.50773824
16.90605467
16.97662763
17.01714394
17.20283971
17.25598300
17.26173296
17.45856590
17.46022950
17.52946843
17.67617502
17.78690691
17.92727557
18.04688855
18.26592222
18.49940185
18.52067067
18.73662793
18.94517002
19.04502089
19.13212250
19.14693609
19.23356435
19.47521790
19.93992464
19.96547046
19.98767517
20.06231887
20.07873737
20.14027900
20.20448328
20.25817484
20.26288874
20.34641466
20.36698360
20.47027404
20.61406273
20.82476154
20.94696769
20.96784984
20.98056409
21.12958850
21.28462560
21.34658611
21.50256039
21.50647119
21.57640047
21.67541239
21.71609040
21.72818788
21.85886987
21.86806883
21.92946534
21.94312533
22.05609498
22.07595734
22.20790791
22.23037553
22.29658995
22.29861427
22.36499979
22.52085318
22.52179417
22.54569675
22.60839944
22.78097710
22.79171123
22.83112745
22.96638789
23.00895297
23.06457674
23.09789535
23.17508515
23.20607782
23.20879424
23.32555839
23.32929397
23.37038094
23.58769660
23.64542436
23.66123186
23.76430362
23.79442264
23.85623862
23.91816777
23.96487457
23.97304670
24.06857290
24.09384908
24.12676858
24.13266597
24.20061572
24.22113620
24.24051340
24.52978341
24.64157428
24.67518395
24.69860659
24.84577961
25.00603487
25.12562126
25.18309757
25.26340725
25.72105214
25.74827700
25.79673846
25.88189598
25.95940988
26.14965939
26.47681515
26.55304223
26.55667397
26.61558295
26.62262356
26.62588149
26.73822651
26.85724808
26.96725232
27.06064705
27.11002222
27.36435231
27.37522941
27.40318879
27.54945428
27.57345923
27.68500690
27.74529067
27.83459858
28.03472862
28.04530652
28.07886777
28.10241599
28.13121182
28.13696813
28.14338776
28.15808272
28.42689750
28.45536253
28.53019641
28.66646505
28.67140295
28.81480086
28.82300001
28.93711903
28.95388621
28.99754822
29.00797350
29.20226168
29.38033767
29.41777505
29.45750528
29.50255516
29.52017526
29.78066179
29.80027872
29.81644606
29.82876835
29.83538408
29.87894476
30.02251885
30.22043952
30.42152665
30.51368949
30.62994497
30.67305514
30.70367513
31.00863768
31.05009133
31.21272401
31.27717804
31.41017997
31.48436299
31.54293231
31.78868692
31.79263849
32.07610157
32.09239409
32.34299367
32.36321482
32.47259544
32.48275336
32.60245009
32.63768167
32.69007175
32.69253081
32.74058782
32.83020214
32.87252918
33.01286867
33.20140612
33.24211261
33.43486736
33.45308960
33.45917478
33.58761237
33.61898542
33.65979134
33.67970653
33.73220000
33.75830263
33.90640105
33.93147373
34.08371681
34.10976433
34.14637123
34.15067679
34.18011225
34.31153534
34.32122304
34.32861115
34.35960628
34.49294564
34.59876966
34.63529260
34.64893631
34.69477821
34.72495240
34.76776420
34.92948172
34.97871614
35.00465225
35.04743627
35.07296485
35.08443126
35.11141080
35.20550974
35.35686812
35.48655160
35.50163531
35.53426517
35.54920273
35.64889150
35.83233113
35.83402986
36.02652114
36.30245994
36.30410669
36.35848539
36.48496741
36.57608430
37.15289305
37.27731927
37.29860250
37.48890832
37.62164998
37.83520295
37.95030834
38.05375013
38.08680173
38.11180603
38.15127546
38.15791966
38.16651552
38.54833646
38.70817010
38.72382669
38.75704927
38.82226767
38.86836403
38.94011693
39.00996008
39.07081050
39.11480532
39.17886216
39.25697575
39.28181929
39.37552043
39.38015293
39.40719685
39.42407682
39.49084759
39.62865195
39.69262804
39.72786752
39.87636160
40.07757446
40.08905159
40.13494785
40.14877749
40.31087984
40.35982687
40.36930545
40.40277985
40.55511536
40.72913764
40.80326194
40.83327216
41.15872626
41.17873835
41.24126802
41.30249268
41.37827503
41.39795138
41.40770185
41.45023681
41.45853757
41.50231361
41.66064698
42.03069391
42.03709934
42.13124272
42.14692457
42.25556865
42.53346933
42.56009378
42.57856996
42.61719382
42.65506028
42.68325892
42.79788792
42.99700883
43.01510844
43.10175850
43.11615971
43.15092908
43.19645222
43.31375755
43.52518640
43.75703727
43.85166241
43.95336515
44.02287116
44.43858884
44.54878678
44.56590088
44.67462668
44.67905898
44.68081280
44.84773963
44.90319606
45.12799882
45.13135115
45.19099135
45.42061193
45.51575354
45.59122696
45.73051027
45.79330354
46.05628652
46.18911505
46.31528670
46.37982027
46.41137102
46.43799179
46.67270441
46.74558428
46.74781945
46.87088520
47.03101624
47.03516678
47.08235602
47.15056488
47.16712720
47.18355362
47.20025392
47.30061731
47.30534189
47.33019458
47.51529900
47.53005657
47.54961782
47.58590761
47.59188545
47.61683429
47.80473292
48.04081939
48.10765722
48.18619409
48.24881989
48.30712058
48.33010313
48.33095985
48.33575931
48.33907512
48.40692427
48.43240894
48.47031154
48.48599883
48.49354204
48.58855070
48.65967249
48.67041038
48.71637239
48.75282227
48.76751823
48.78885533
48.80993987
48.98061729
49.10262787
49.12835667
49.19426911
49.24946675
49.25643549
49.26940848
49.40039466
49.45634181
49.49039577
49.56927681
49.64260711
49.92362495
49.92669176
49.93863018
50.17073038
50.33813531
50.38872879
50.40309016
50.46524236
50.46809951
50.48412699
50.53991081
50.56571593
50.57948988
50.58718310
50.59514993
50.66481691
50.73836558
50.94769599
51.01077626
51.03932205
51.07958979
51.34596944
51.37873793
51.39702536
51.40506221
51.60036737
51.68298577
51.69261647
51.80618610
51.91421136
51.93628987
52.08954731
52.09032971
52.16158770
52.21061920
52.23073228
52.26462928
52.36717035
52.47799101
52.51677059
52.76107359
52.79893255
52.85808707
52.94655302
53.12059246
53.16386655
53.22043824
53.23497815
53.25061091
53.26579005
53.49228109
53.56536772
53.59436317
53.66925097
53.76585361
53.78587652
53.90778842
54.16838439
54.20624454
54.21122041
54.23135611
54.33421417
54.49177985
54.54283568
54.63099035
54.75127078
54.77975566
54.79771415
54.83192799
55.06403278
55.08455231
55.08564020
55.12227793
55.26022013
55.45939364
55.61615610
55.69253784
55.73673600
55.87219809
55.87643900
55.90497732
55.92002709
55.96770222
56.06245601
56.22427333
56.38001616
56.54866818
56.55747739
56.59897431
56.66904372
56.79910665
56.83238744
56.90024429
56.93344755
57.02458789
57.31419488
57.48170596
57.63676559
57.66209717
57.82570567
57.85036925
57.91931809
57.92011635
57.97544259
58.17215095
58.21582387
58.25135514
58.26718456
58.33632792
58.36625220
58.37057293
58.47823050
58.62566984
58.73002485
58.73122694
58.83718581
58.92920948
58.98510028
59.03471283
59.05939066
59.25302303
59.30122774
59.34436564
59.47390338
59.52347132
59.75586777
59.91413324
60.06330157
60.13349609
60.13891077
60.43533297
60.47686948
60.54948406
60.58385096
60.61001915
60.62692652
60.69808452
60.70940451
61.03558191
61.14274430
61.37966502
61.48533471
61.50421149
61.55367740
61.55797369
61.60200432
61.80927514
61.83411072
61.83744103
61.90500961
61.97364695
61.98539562
62.02749596
124.00000000
