0.08278852
0.08853590
0.09458034
0.33376852
0.37491366
0.42132177
0.45114328
0.57016688
0.58696016
0.61242334
0.62140986
0.66041337
0.72307455
0.94436696
0.97406390
0.98718069
0.98865223
1.00556164
1.19800259
1.32223870
1.46829671
1.50152646
1.56684555
1.58686703
1.63227471
1.68206640
1.87702765
2.04437315
2.25806116
2.32065247
2.38939914
2.39531011
2.47374424
2.55698157
2.68023931
2.83014919
3.39391141
3.61324596
3.66178909
3.78731549
3.94066423
3.97936888
4.05748938
4.16631754
4.31703731
4.44546492
4.50126625
4.55304212
4.58113417
4.64709437
4.68345212
4.68431080
4.70920012
4.74192646
4.74935284
4.89947281
5.09861897
5.14141667
5.15516560
5.20919284
5.44992483
5.49305187
5.61920627
5.63851312
5.75617760
5.78116210
5.83268546
5.83755258
5.90151420
5.95101041
5.97016127
6.11518549
6.13777418
6.54931416
6.58570251
6.58927967
6.61816096
6.74299567
6.95884214
7.06671812
7.10224914
7.15150806
7.17571497
7.20628121
7.23919303
7.25655771
7.38387785
7.38492279
7.44530446
7.44747722
7.54893301
7.63876355
7.68275148
7.70941775
7.72727764
7.80847738
7.81378334
7.89771000
8.01067188
8.04899128
8.05617249
8.34670674
8.38726584
8.38929282
8.46204666
8.54317819
8.72956777
8.73743066
8.95818087
9.06595530
9.08924897
9.13646397
9.14718900
9.19862995
9.30784073
9.38576904
9.45459696
9.47824693
9.66083916
9.66881487
9.98235102
9.99017374
10.03975308
10.08321015
10.46502500
10.57244091
10.62319091
10.74938605
10.75389453
10.76319341
10.87707389
10.97738973
11.01727128
11.02107408
11.03433554
11.17274961
11.20066157
11.43481287
11.59217495
11.63154146
11.69065339
11.69296749
11.77094176
11.77298306
11.81251156
11.86632408
11.88524436
11.95829033
12.13963378
12.26440049
12.26468133
12.39158885
12.47324177
12.48167427
12.60540487
12.60638284
12.87206118
12.90188780
12.91740695
12.91988373
12.92720041
13.00772988
13.01246748
13.08969858
13.17131090
13.28719300
13.29366822
13.40527200
13.46163038
13.49655732
13.60496710
13.61323741
13.65268620
13.77978032
13.89302392
13.98975078
14.04380655
14.15547275
14.33949945
14.39433557
14.41006606
14.45363670
14.48721305
14.78611529
14.88086915
15.09341906
15.24731455
15.25733688
15.28078740
15.30104052
15.32242646
15.40676632
15.47938208
15.52923119
15.85430685
15.98964995
16.09185878
16.19963853
16.31703591
16.33823974
16.53938161
16.60150918
16.77469836
16.78691566
16.79634927
16.81960531
16.83015892
16.96147046
17.06812701
17.38561060
17.41128237
17.43429540
17.49375983
17.58681710
17.62520349
17.67409095
17.74064830
17.84912309
17.98083160
18.06395569
18.17307464
18.42244745
18.58231742
18.58639882
18.66109311
18.66439048
18.70274206
18.76831721
18.77574000
18.92447638
19.16340733
19.25167984
19.34000851
19.48609199
19.49236926
19.53463452
19.59470925
19.88909762
19.89236576
19.92043364
20.14526903
20.17252786
20.23318727
20.27686451
20.32700240
20.39228302
20.71285816
20.78695743
20.81759577
20.83955652
21.03247427
21.30965688
21.51481083
21.59499179
21.65626001
21.66741295
21.95507440
21.98109700
22.01728875
22.27704907
22.29729612
22.46459212
22.65766858
22.66324967
22.71044817
22.78238436
22.88959949
23.06952861
23.08395710
23.28637946
23.30450473
23.58596025
23.62611903
23.62961125
23.69444253
23.76498411
23.80452987
23.83673135
23.94642213
24.03705540
24.13955700
24.21625664
24.45143305
24.46127234
24.56863171
24.77125322
24.84718780
24.86341080
24.98540618
25.16810921
25.18932088
25.30227114
25.32668840
25.45200485
25.46018636
25.73234786
25.80692369
25.98825537
26.02101659
26.27045822
26.42086409
26.42228014
26.47878930
26.63544510
26.67127094
26.68834809
26.71309067
26.82297554
26.87725410
26.92365542
27.16013436
27.16425741
27.53213985
27.57058045
27.63898983
27.75241691
27.80778865
27.94258230
27.97521918
28.05856219
28.27240742
28.28017063
28.29773255
28.31246065
28.32818309
28.39823550
28.62870020
28.71508934
28.78115098
28.85851872
29.17839806
29.24695320
29.29806099
29.30132952
29.35435227
29.35551857
29.39543488
29.45039875
29.48771943
29.51735408
29.57151136
29.76555017
29.78020624
29.89182009
30.01107262
30.04097778
30.06382042
30.10032846
30.19077351
30.48879293
30.65877521
30.68922235
30.70367513
30.89796153
30.96470631
31.04278518
31.05536535
31.07418398
31.14907886
31.18583111
31.21890145
31.34507433
31.38742830
31.62022999
31.66351846
31.67433903
31.67972462
31.71915238
31.72904941
31.76597827
31.79735407
31.81880607
31.89002179
32.27225282
32.39044194
32.49969896
32.67270598
32.71536708
32.72604741
32.74849085
32.86297197
32.87512141
33.03612030
33.07431366
33.12454886
33.26834901
33.39099893
33.42817284
33.53498360
33.61231087
33.71201383
33.73345106
33.74939742
33.77735499
33.85715671
33.92968615
34.14099671
34.19304602
34.20405733
34.23161224
34.31810778
34.32680733
34.38940004
34.45861337
34.63756410
34.84815424
34.89098787
35.02614818
35.14257538
35.17317620
35.20171449
35.28267154
35.32508082
35.41034448
35.43747881
35.44769017
35.45091341
35.49795178
35.57444037
35.76147843
35.76751842
35.97072928
36.07970362
36.17547126
36.24258583
36.25427405
36.26986270
36.28387313
36.31455096
36.32357943
36.44600147
36.44998268
36.55645586
36.66220830
36.84556037
37.14359449
37.51916205
37.58495679
37.64535678
37.78766509
37.96841631
38.02569008
38.08849594
38.15228190
38.16154392
38.20406794
38.20922747
38.21992264
38.24661716
38.63596433
38.65039096
38.69665043
38.74436864
38.84243758
38.86598304
38.96184161
38.98028830
38.99002646
39.03986612
39.12421270
39.16808071
39.17714826
39.34104961
39.34415221
39.36695625
39.37222415
39.37280218
39.46811369
39.48780573
39.57296994
39.66818221
39.72308064
39.72378192
39.98353790
40.06388419
40.16127639
40.24495301
40.25438356
40.25556256
40.32027257
40.32033358
40.35735525
40.49172038
40.62598984
40.79702486
40.83390918
41.05105754
41.16274210
41.45017036
41.52719632
41.77938573
41.84181786
41.87879277
42.10259681
42.10865867
42.15613384
42.30419360
42.53697174
42.57815794
42.61067796
42.62381774
42.80146601
42.90722099
42.95708515
42.96692457
42.97928414
43.07273035
43.08680982
43.09334152
43.11843797
43.14946966
43.17066511
43.24900522
43.26236671
43.29145014
43.33689099
43.39518625
43.53731167
43.54711188
43.65980649
43.81708182
43.95483367
44.01335021
44.02751986
44.40729479
44.48702344
44.63242870
44.69059270
44.69722267
44.75987831
44.91638613
44.93319842
45.00947848
45.17862507
45.25393340
45.32096053
45.35021925
45.40396144
45.41077021
45.50122225
45.51694643
45.61063959
45.61136674
45.65443699
45.72231925
45.82766123
45.90249869
45.92344902
45.94863863
45.97069667
45.98828754
46.22187081
46.26604202
46.40464788
46.43748712
46.50091500
46.52402710
46.58862665
46.66401528
46.84858958
46.93564224
47.01034761
47.04311994
47.10224972
47.21268326
47.42632796
47.49315773
47.58400299
47.62950596
47.72463944
47.74901963
47.75619431
47.85228565
47.87730222
47.94562656
48.07922666
48.18152380
48.29176047
48.32439909
48.36427135
48.47268056
48.47389660
48.57037619
48.57824825
48.62930991
48.63810835
48.75931797
48.88482069
49.08934599
49.09707937
49.23330321
49.33003066
49.38571607
49.43806542
49.54996249
49.58240371
49.59756864
49.62792978
49.68446031
49.71291323
49.85971513
49.93863018
49.94753974
49.99498333
50.25868454
50.97971440
51.23675331
51.27412803
51.29753789
51.41934895
51.56301645
51.58053914
51.65273865
51.68975834
51.73920716
51.91300478
52.03713201
52.05724558
52.18639277
52.25848605
52.28222242
52.30183891
52.41742089
52.46134108
52.46209460
52.57744490
52.59403151
52.59428137
52.69005473
53.04744136
53.05047534
53.05143459
53.10089004
53.14518066
53.24265943
53.27077076
53.29739446
53.32055755
53.35051923
53.36753556
53.43193878
53.46029797
53.50263467
53.63781195
53.64294343
53.69864107
53.70751596
53.78507193
53.84381224
54.13331597
54.18105328
54.33099130
54.35243072
54.38553011
54.44836777
54.46276776
54.60962065
54.61425623
54.63321574
54.66604154
54.76932466
54.78003276
54.89337981
55.00307693
55.01861659
55.08271696
55.14042199
55.40705786
55.45937265
55.67446468
55.69253657
55.88059807
55.88226637
55.99006825
56.03447865
56.12181492
56.17358691
56.20364500
56.27226757
56.38297142
56.49575787
56.59019493
56.65366134
56.89143842
56.96717265
56.99025385
57.09320842
57.15470626
57.23280130
57.23429282
57.23693219
57.31985147
57.35002356
57.35004432
57.73936537
57.79073390
57.86149272
57.87460410
57.94187403
58.00408254
58.13627354
58.15989027
58.22959009
58.36168288
58.51408843
58.55226831
58.67170342
58.72704507
59.22657271
59.26473301
59.27856914
59.42777128
59.43595839
59.47623804
59.52984796
59.58916699
59.59734137
59.75586777
59.79529702
59.86816002
59.89053343
59.89843880
59.91413324
60.11530214
60.30163894
60.38608306
60.41280252
60.42189301
60.68659986
60.79421334
60.81676674
60.81810201
60.84551025
60.92066431
60.96311532
61.12130948
61.35505004
61.53233327
61.55671900
61.59068930
61.60200432
61.60917946
61.86907606
61.90500961
62.03319576
124.00000000
