0.00927188
0.05347648
0.05777481
0.05834521
0.18047674
0.49871541
0.59513477
0.62856841
0.75065331
0.77316777
0.79982083
0.99889283
1.12548617
1.20006513
1.21354250
1.29824929
1.33037732
1.48265725
1.51338571
1.51995602
1.55386225
1.55579370
1.63628258
1.65843776
1.80303826
2.14449112
2.20138603
2.28872810
2.32921500
2.43914737
2.47838931
2.52121082
2.53292033
2.60870434
2.77546121
2.79415608
2.85865612
2.98161455
3.03923501
3.06576449
3.18530609
3.22024494
3.24827047
3.35383985
3.45448546
3.49077164
3.53627585
3.54175201
3.57241199
3.57423424
3.76630945
3.78381996
3.91025020
3.95186542
4.13119265
4.15161263
4.19306462
4.19460622
4.31451049
4.58113417
4.63676575
4.69618316
5.17251337
5.22898265
5.34027306
5.42132244
5.42436884
5.42960617
5.44178181
5.61837656
5.77087700
5.78436149
5.91667455
5.95244963
6.06998068
6.16308583
6.21058281
6.23955679
6.32152272
6.34681441
6.40360756
6.41677957
6.43081052
6.50333952
6.55493746
6.58016556
6.64762540
6.66172274
6.71555249
6.71637497
6.76054167
6.77273350
6.80634265
6.86701905
6.87665445
6.89163050
6.94025270
7.01229489
7.16702142
7.25568265
7.27402924
7.48875287
7.59640930
7.69403065
7.71014523
7.82292860
7.84474175
7.87324635
7.87577179
7.97223257
8.03842298
8.08255219
8.23144607
8.24235713
8.36381135
8.39246363
8.39573817
8.58790196
8.65968757
8.73721374
8.95617444
9.09477984
9.25821070
9.26161460
9.38754640
9.43849270
9.86726782
9.96839649
9.97820670
10.03975308
10.05506733
10.12182080
10.32427816
10.33813730
10.36070585
10.36555244
10.38382562
10.44484393
10.55739224
10.67226580
10.78148660
10.89342923
10.93769905
10.99045261
10.99048980
11.03271947
11.20544288
11.26558463
11.30867396
11.39789263
11.41786371
11.41883863
11.60767445
12.07180660
12.10784756
12.11515007
12.23200773
12.28122228
12.33110374
12.37527456
12.47169473
12.53095609
12.54898538
12.57148329
12.58067877
12.60542212
12.62198471
12.88046840
12.97699389
13.04602124
13.08851733
13.16300463
13.17161720
13.17942423
13.37273472
13.39329540
13.39818358
13.44864477
13.55792199
13.60431023
13.62656078
13.64331705
13.64376661
13.66066323
13.69621750
13.75410942
13.76210638
13.77948752
13.82654693
13.91590517
13.97065214
14.00713510
14.02724219
14.22879817
14.23051099
14.23421909
14.27911553
14.43625713
14.51861039
14.54610210
14.59826385
14.70444593
14.73005299
14.75788851
14.76763856
14.84892837
14.90444973
15.10164379
15.15186906
15.23451681
15.26688636
15.29944076
15.34810816
15.47938208
15.67176348
15.71935958
15.89743374
16.09523204
16.09794359
16.16971380
16.20635709
16.21035713
16.34993036
16.36729058
16.43066045
16.57081649
16.64420600
16.79036071
16.80441091
16.81993697
16.89353102
16.92116077
17.05175362
17.07426226
17.07901409
17.10670299
17.15145888
17.27285037
17.29267967
17.51940114
17.57242120
17.58524624
17.60397833
17.72428312
17.77102601
17.85077543
17.89254072
17.90545684
17.97154024
18.01100840
18.13704727
18.21126967
18.25044568
18.25290297
18.25312626
18.54009532
18.59941360
18.70281996
18.72486510
18.82055633
18.83766112
18.92115719
19.02405867
19.26182170
19.42276415
19.42347573
19.46234216
19.50229967
19.52773660
19.54453085
19.63618464
19.87144133
19.89236576
20.15847817
20.22106227
20.33191317
20.53193936
20.58774411
20.59056311
20.64013508
20.69038802
20.85023809
21.16845595
21.22210574
21.32121199
21.36525781
21.41937238
21.44522534
21.47282582
21.47383066
21.57813977
21.67289357
21.69432728
22.01058870
22.04501979
22.09432486
22.13526547
22.17670337
22.25173408
22.53271236
22.59410032
22.69209672
22.75010996
22.80102691
22.92095732
23.06220003
23.16820941
23.19170503
23.28162211
23.40975663
23.53007532
23.55847040
23.58062589
23.62306929
23.63536881
23.65057066
23.65518415
23.80635625
23.85381596
23.93323759
24.05079252
24.14179244
24.19860373
24.31868289
24.38453647
24.38475866
24.50817838
24.51884051
24.54200927
24.58633659
24.67367239
24.84391031
24.84577961
24.86688830
24.93295309
25.00516195
25.10575258
25.12428177
25.30882147
25.55613155
25.78018855
25.81309441
26.07643836
26.08276923
26.24596938
26.40963545
26.69340267
26.81113593
26.84570743
26.96473159
27.01381419
27.02440665
27.09466311
27.34246489
27.45112899
27.51936364
27.54586008
27.54795089
27.71166024
27.71323899
27.72834301
28.27828308
28.33006510
28.35953774
28.47788802
28.52859651
28.58917962
28.62659692
28.65028645
28.69633951
28.73953860
28.78115098
28.87756351
28.88950756
28.89496221
28.94141956
28.99586072
29.20314199
29.22443565
29.28215430
29.31651287
29.34834636
29.36149323
29.37742851
29.48702010
29.50484775
29.66363789
29.71848093
29.78389756
30.20679971
30.38557574
30.51667108
30.81755691
30.85105040
30.87687989
30.91025836
31.17133405
31.22324663
31.38448860
31.48805012
31.48983753
31.49576072
31.51364290
31.52700574
31.55648674
31.62473987
31.64278189
31.66692280
31.70542827
31.81283939
31.89026039
31.94354926
32.01738640
32.24233181
32.30351264
32.37046487
32.54495208
32.55873200
32.84327698
33.04624484
33.08765302
33.10353118
33.18398892
33.20323314
33.21132656
33.29073932
33.31178290
33.54218749
33.57336455
33.58981811
33.60300353
33.60989793
33.63428581
33.65979134
33.75242135
33.78802294
33.92865649
33.93398493
33.96047776
33.97764656
34.23837542
34.28250484
34.37938765
34.40765717
34.54831838
34.80892832
34.83549928
34.86843275
34.93329792
34.96658838
34.97984907
35.01453603
35.02824739
35.06163172
35.07152932
35.11651622
35.11883997
35.20247891
35.31889130
35.35467765
35.44570845
35.55001304
35.62521470
35.77063123
35.79842076
35.80212858
35.82904319
35.98631888
36.07194695
36.14959741
36.22925769
36.50543524
36.54695290
36.62646477
36.71639007
36.72659090
36.80073904
36.81626933
36.98122978
37.07612040
37.33827834
37.43740715
37.46102703
37.53158275
37.72096250
37.75052240
38.00271781
38.06197790
38.09410423
38.10546097
38.14602726
38.18939180
38.41264421
38.58078660
38.68550818
38.74020107
38.82950900
38.89446850
38.91082252
38.98346184
38.99057735
39.04195518
39.15205937
39.34178840
39.37353091
39.47852232
39.54550099
39.62546734
39.62887311
39.63401146
39.75829194
39.79463824
39.84366140
39.86284805
39.94586368
40.01155812
40.15222443
40.15791246
40.19750532
40.33213101
40.47485032
40.51516354
40.60877207
40.67515326
40.78843707
40.81064693
40.87128427
40.90808751
40.94907572
40.96412386
41.03838098
41.09867136
41.13348399
41.14093414
41.18503977
41.23124760
41.28076478
41.31587945
41.33426660
41.54611863
41.57334882
41.70517361
41.79240573
41.81102383
41.83920284
42.24184004
42.34630858
42.54605667
42.59899927
42.72552987
42.78600766
42.81779879
42.83916828
42.97193160
43.08771215
43.34219573
43.37402184
43.45217092
43.50799252
43.59148830
43.73389109
43.80513510
44.02969190
44.05466908
44.11009222
44.22235557
44.25620829
44.38629801
44.64870108
44.67823571
44.85635583
45.00999227
45.06383523
45.27922381
45.29591300
45.60593648
45.70838356
45.73061549
45.85974753
46.04252911
46.09137396
46.14130332
46.23397075
46.36349255
46.37982027
46.45491438
46.47560186
46.48073592
46.59834958
46.65708483
46.66431701
46.73400508
46.87911613
46.94887286
47.01939041
47.02266674
47.03114811
47.19261972
47.21216100
47.33057951
47.33381842
47.48203210
47.53963985
47.67338093
47.67682370
47.68900738
47.70024261
47.74561774
47.83158230
47.93514400
47.94284143
47.97280690
48.09828090
48.12052469
48.20254451
48.29107829
48.30603119
48.37056070
48.41381464
48.53744503
48.76936486
48.80139935
48.90254522
48.92343299
48.97858150
48.97993214
49.00820019
49.11157631
49.11272100
49.20609587
49.28483522
49.28526732
49.37469141
49.39111679
49.43774973
49.67767876
49.79169835
49.87992884
49.97955307
50.01268373
50.04851696
50.09248917
50.25948061
50.32768692
50.41495659
50.44418758
50.73859311
50.80854489
51.00648019
51.09207857
51.30519620
51.40763153
51.52163549
51.73259004
51.87988509
51.90790685
51.90818552
51.93793952
52.34850477
52.38554440
52.44210201
52.53466590
52.72183486
52.81981939
52.82044310
53.09640366
53.11783697
53.20243296
53.20428136
53.32278811
53.43928809
53.46071247
53.50841741
53.51306570
53.52419046
53.59508818
53.60885103
53.67828634
53.76735444
53.77381869
53.89889012
53.97920519
54.19540171
54.29276514
54.32197151
54.36989116
54.38664934
54.46276776
54.46357322
54.50915243
54.54762325
54.57415259
54.69691351
54.91799407
54.92612925
55.05186698
55.05571473
55.09958653
55.20641525
55.35640624
55.41795759
55.48625637
55.52038702
55.74181749
55.83026703
56.10289493
56.15849176
56.24777704
56.28369069
56.36382176
56.42529312
56.43909103
56.44230363
56.49267799
56.49912858
56.54295084
56.69061533
56.99507881
57.28358896
57.28878409
57.61851380
57.62948198
57.73506581
57.85164506
57.96055841
58.08065703
58.13782915
58.30593069
58.69317469
58.79529203
58.80165734
58.85758381
58.88421668
58.88636179
58.96796695
59.05939066
59.07744234
59.20415309
59.26607186
59.27623050
59.29316585
59.31961308
59.40075651
59.41331902
59.48109402
59.48825256
59.50241138
59.54106559
59.55621234
59.57553443
59.61168830
59.64457989
59.67956091
59.70189469
59.75336229
59.99026734
60.13795264
60.29939840
60.41825449
60.70422497
60.72022616
60.72796680
60.80474764
60.92338392
61.00785375
61.02801500
61.17547213
61.25459922
61.28995158
61.37289401
61.38615327
61.67131656
61.67150388
61.79005496
61.84952274
61.85116912
61.85752829
61.89494486
61.91265399
124.00000000
