0.10676383
0.21902456
0.27876898
0.49871541
0.59362198
0.68813588
0.75273621
0.96544807
1.09344175
1.18053238
1.18582069
1.34188463
1.34418709
1.35058751
1.39822348
1.50861842
1.55386225
2.06383902
2.10894849
2.16038227
2.17524361
2.31456719
2.45049249
2.45129922
2.52682917
2.54329145
2.60787264
2.72636218
3.23311638
3.25078772
3.40902523
3.42719864
3.60670692
3.63279283
3.69378267
3.90791677
3.93921670
4.04608786
4.08915160
4.11649598
4.28619288
4.37943933
4.38986130
4.51245056
4.53729274
4.54243211
4.58234775
4.61878714
4.82780303
4.82781787
4.82803871
4.87323558
4.88272340
5.06120098
5.06710418
5.11122781
5.25818595
5.28426538
5.64943300
5.68149716
5.70759842
5.85000194
5.89911030
5.90151420
5.93686017
5.98350100
6.07170578
6.11681310
6.12759183
6.16844967
6.21078586
6.31424873
6.33958542
6.34013111
6.50778275
6.52475192
6.70726712
6.72912161
6.96586121
7.12444564
7.37450062
7.38827440
7.47811725
7.54085444
7.58880199
7.78451964
7.84459168
8.11678260
8.20412262
8.22779757
8.29049753
8.39527240
8.46938453
8.65160273
8.68675829
8.78258175
8.80434586
8.92912591
8.94667929
9.05893423
9.09626757
9.18811432
9.46007254
9.47368012
9.59241882
9.60857790
9.62419119
9.77650933
9.79427852
9.84259712
9.87418620
9.87796726
9.98235102
10.10360813
10.30192705
10.42139751
10.88675253
10.97727757
10.97853188
11.01207013
11.06794009
11.17975135
11.25753211
11.33774644
11.39569133
11.39746301
11.44958336
11.76599056
11.77503360
11.79190819
11.93436971
11.93707780
11.95465842
11.95629146
11.96149026
12.07609822
12.10448830
12.28184698
12.30222643
12.52435177
12.60383807
12.74132344
12.86222728
12.87837640
12.93269633
12.98483842
13.03373889
13.19417041
13.21036588
13.52268103
13.58154528
13.62961256
13.71672452
13.72996662
13.93800153
14.03666810
14.05309721
14.12619071
14.20224639
14.26528628
14.26928481
14.42138466
14.74934913
14.85400925
14.89749562
15.01732240
15.03518013
15.25002761
15.30030218
15.44146634
15.46533959
15.54831947
15.64399458
15.70022442
15.73900819
15.78708980
15.83516084
16.00348631
16.08204747
16.12535550
16.33203019
16.48745779
16.67936555
16.77841407
16.78268641
16.78970356
16.88970634
16.90716293
16.94973667
17.05315013
17.11756654
17.13242213
17.46074779
17.48333932
17.53665164
17.78522051
17.83538352
17.85624620
18.38662784
18.40401725
18.49715203
18.50813149
18.54305314
18.55426215
18.62928458
18.71063206
18.72976343
18.75710650
18.78658800
18.85602146
19.16074250
19.18578573
19.22030166
19.26886970
19.31029449
19.31831276
19.45766552
19.46994055
19.74396449
19.78225725
19.89591880
20.00852820
20.07386446
20.14015075
20.14445331
20.14526903
20.32423231
20.45747483
20.46340845
20.49508659
20.63761982
20.67254395
20.75888695
20.84810190
21.13551826
21.17348298
21.24851740
21.37985681
21.45097089
21.47022902
21.61278913
21.64740306
21.79642207
21.82285425
21.82796835
21.83282044
21.84054277
21.85263816
21.98770126
22.15055452
22.21687970
22.21853471
22.30455583
22.36533245
22.39490550
22.42084387
22.46255416
22.67735792
22.75290139
22.76940204
22.84188249
22.86183143
22.91436440
23.10993579
23.11566769
23.16820941
23.20175890
23.30639429
23.35239629
23.54033223
23.54631159
23.57141207
23.66568520
23.72430840
23.83403610
24.01918632
24.36369342
24.36394281
24.40085922
24.51542947
24.66963920
24.67245383
24.68310217
24.74629304
24.75337644
24.77695664
24.80269404
24.81936604
25.10561457
25.24145065
25.31779522
25.35536094
25.38883824
25.56750703
25.62322884
25.64347243
25.84658949
25.85632431
25.94077597
26.05986077
26.06052625
26.08259367
26.11328378
26.18039638
26.19103155
26.26240550
26.47768828
26.49547146
26.53232923
26.58848886
26.62243045
26.95090110
26.97196250
27.02927431
27.29597774
27.32700153
27.35185468
27.47771701
27.63701314
27.64790109
27.71368801
27.73938892
27.74971018
27.80598413
27.96663720
28.12527959
28.12602214
28.14672265
28.15406457
28.26884977
28.33246448
28.38721774
28.52177725
28.54016965
28.59146859
28.59171421
28.59704441
28.64130514
28.67405065
28.81260006
28.82831777
29.01072444
29.07370937
29.10222685
29.15957615
29.19308429
29.21368761
29.21431774
29.29918162
29.30968501
29.36612686
29.52366521
29.72429729
29.72807684
29.77954847
29.83802108
29.94481097
30.10001807
30.11037008
30.20838530
30.29701224
30.30004410
30.37060908
30.42798856
30.58388138
30.61788521
30.65889753
30.67574537
30.70405428
30.71015534
30.77479273
30.79900009
30.80961121
30.90130071
31.12656674
31.17464297
31.23752066
31.27879180
31.34911747
31.35609326
31.39361596
31.44391452
31.50422499
31.62217579
31.69970236
31.96277505
31.98656185
32.02961457
32.22122608
32.28101740
32.36006886
32.37741858
32.46706593
32.49285298
32.52272485
32.55283753
32.58148609
32.64446669
32.67332684
32.68603072
32.71991990
32.72376554
32.81529542
33.03426080
33.36248265
33.38094637
33.38365987
33.42013927
33.44253392
33.50902650
33.59037809
33.76857949
33.84607463
33.92367053
34.00957911
34.02969760
34.04723579
34.18549917
34.23054224
34.29554526
34.32627870
34.47820403
34.49053965
34.63280619
34.63444744
34.63469679
34.71373685
34.75147565
34.78280008
34.90676421
34.96936903
35.00143362
35.01615056
35.02969947
35.18816932
35.26009771
35.27508735
35.28267154
35.33685113
35.39083865
35.44570845
35.54959854
35.56705044
35.69703392
35.86876023
35.94669259
36.04816500
36.10490152
36.16871680
36.22396548
36.35978838
36.42339833
36.48119295
36.72639052
36.80426750
36.81633875
36.92647940
37.11301675
37.11899635
37.19697391
37.20798042
37.33827834
37.55303592
38.01264015
38.01742059
38.16651552
38.20406794
38.25743726
38.27723327
38.35541271
38.37176601
38.48818032
38.55333506
38.60977588
38.68895937
39.08978244
39.11058922
39.24446838
39.28056202
39.31872868
39.51139169
39.63717803
39.64157002
39.64258499
39.73369631
39.81386676
39.85392785
39.98903909
40.03927841
40.11560450
40.14951798
40.28492614
40.40685642
40.42380886
40.45544531
40.62865211
40.81056742
40.88469879
41.22090800
41.22765187
41.23066289
41.23229306
41.30042259
41.43598343
41.51012069
41.63241289
41.63823175
41.68574389
41.71815418
41.87844342
41.88120798
41.98831788
42.18232348
42.21761183
42.41120182
42.47505070
42.54723215
42.68236540
42.70341553
42.76400683
42.79241191
42.89007196
42.99700883
43.02133269
43.10635725
43.11630291
43.14942806
43.15208296
43.15553540
43.15957987
43.16135015
43.18810639
43.25074322
43.31256266
43.77509063
43.94985612
44.14001472
44.14148033
44.38824429
44.45472262
44.48835935
44.68328295
44.75112424
44.84097872
44.89364417
44.92025953
45.12041776
45.15261559
45.23075007
45.26811814
45.30754981
45.39190437
45.40396144
45.45389078
45.46287881
45.60591548
45.75129212
45.85706453
45.86071258
45.98854543
45.99830151
46.06257052
46.23006891
46.31330789
46.37949768
46.37982027
46.38478240
46.42814477
46.64506188
46.65977930
46.90340475
47.07894888
47.24733988
47.29311575
47.35669373
47.39126741
47.40430295
47.49588033
47.53113643
47.55022425
47.62543286
47.73213973
47.73661066
47.79365866
47.81911573
47.84748642
47.88042388
47.88655120
47.90177970
47.95482283
47.97836405
48.04814598
48.05092478
48.13112374
48.29956882
48.37211975
48.58016500
48.82428145
48.98470518
49.01806620
49.08661562
49.16524754
49.22416867
49.33003066
49.44970934
49.58726075
49.64678366
49.73345070
49.80915542
49.90388288
50.01553153
50.15575994
50.22208633
50.27602345
50.29759280
50.32964057
50.41923926
50.50047828
51.14730444
51.17344148
51.21334554
51.28266777
51.29917557
51.68667858
51.74013695
51.87685063
51.92147394
51.96417410
52.08030872
52.10320704
52.13368862
52.16170969
52.23360755
52.50136661
52.50717477
52.61766912
52.78064548
52.88469776
52.96788811
52.98993046
53.30999932
53.41845463
53.47892148
53.65241933
53.87588829
54.06115488
54.25956905
54.28068693
54.30665031
54.40110509
54.40484207
54.43275028
54.46530545
54.48600138
54.56971045
54.78320359
54.79657613
54.89330177
54.96208802
55.00986356
55.17744395
55.20388384
55.33126088
55.38561900
55.46281838
55.51983907
55.53867365
55.59408146
55.66651882
55.71018326
55.77881232
55.88418567
55.92295045
55.96856831
56.19821420
56.19973767
56.22496458
56.28718545
56.33079028
56.35841766
56.41183560
56.46122474
56.50304996
56.51752213
56.58795248
56.81572060
56.92187794
56.92524063
56.93860497
56.96255557
57.00196861
57.55967471
57.63842613
57.69971045
57.77174769
57.77460332
57.78485171
57.82336047
58.02601219
58.16357149
58.16584001
58.28576052
58.28735755
58.34338744
58.34820314
58.41761047
58.42627032
58.50267917
58.50760213
58.51077657
58.53430674
58.56841940
58.58435647
58.71829881
58.83744582
58.88082112
58.92749415
58.93144737
58.97418671
59.12027152
59.37744511
59.58441589
59.64870660
59.68189434
59.73881450
59.79297579
59.97482845
59.99026734
60.05023459
60.22470425
60.23456313
60.29586182
60.44951357
60.51469393
60.60860786
60.86264454
60.87100770
61.01780506
61.14159071
61.25746947
61.28211501
61.30000501
61.67089873
61.67150388
61.77739928
61.80711926
124.00000000
