0.01229788
0.25505954
0.37367683
0.49419039
0.50213260
0.65411834
0.83814455
1.03032308
1.14728100
1.19242763
1.23987033
1.55332176
1.56043152
1.57213601
1.64847680
1.65478671
1.72474427
1.85339244
1.85593256
2.02804249
2.14200275
2.22579181
2.31837426
2.35871679
2.40852325
2.75232080
2.83014919
2.93734525
3.05825141
3.07666793
3.08084329
3.21005430
3.23460441
3.31842441
3.44417123
3.81655571
3.83209504
3.92104688
3.97951558
4.21567416
4.40121699
4.51410565
4.69559587
4.72208601
4.80716621
4.90324274
4.94179381
4.99121140
5.09764534
5.11037492
5.18944621
5.44747407
5.45179053
5.47638252
5.56352121
5.62476395
5.62597630
5.64786914
5.70682394
5.77973569
5.80747632
5.83438269
5.96980811
6.27217362
6.27720991
6.48148213
6.58332242
6.69581701
6.71637497
6.74299567
6.78306619
6.93098775
6.97046190
7.45041021
7.46691807
7.46983721
7.53640160
7.74845084
7.85964981
8.14190750
8.14934735
8.17855657
8.19040502
8.20849095
8.30093201
8.30372538
8.54678509
8.70764667
8.75195480
8.78258175
8.90943705
8.93429579
8.98621823
9.02283299
9.19943066
9.20130894
9.20951162
9.21314762
9.66881487
9.67919441
9.78820880
9.83193810
9.92635334
10.05254364
10.08526301
10.13048441
10.40746910
10.43357036
10.52813688
10.63482907
10.66482427
10.73898355
10.82110024
11.15341281
11.27893684
11.36337915
11.45525396
11.53858780
11.61146213
11.65519721
11.72107217
11.74524640
11.80971923
11.86003014
12.05765485
12.09018944
12.35055123
12.35174830
12.45278058
12.47690054
12.52222248
12.69191817
12.71023060
12.84835824
12.92720041
13.11207002
13.13701084
13.15151643
13.20695645
13.38697686
13.40569672
13.40727468
13.52861594
13.56734963
13.58154528
13.76210638
13.85363807
13.88131247
14.07115059
14.20190998
14.27050297
14.28786679
14.29903802
14.40317018
14.41323108
14.60273128
14.73303306
14.86771339
14.90372855
14.90553755
14.91066184
14.98180789
14.99167990
15.03504717
15.14957307
15.18073299
15.31092065
15.41572073
15.42789758
15.45031356
15.50078940
15.65251399
15.65836358
15.68214578
15.72479530
15.81144384
16.08571423
16.08851904
16.16260231
16.45695747
16.49007213
16.74774296
16.75064864
16.75447388
16.77841407
16.78740759
16.89316820
16.90222731
16.93263538
17.13924622
17.17058370
17.33669978
17.43884928
17.54715916
17.66417732
17.66840703
17.80478115
17.84435204
18.02200325
18.02676579
18.12836140
18.24440360
18.26202798
18.42244745
18.45598652
18.47209656
18.51073154
18.51557360
18.57458391
18.63257935
18.68012280
18.73112109
18.75705193
18.88777592
18.91974653
19.02584190
19.07593698
19.12386394
19.24996946
19.25415377
19.34371723
19.36974960
19.39730708
19.43259676
19.64474375
19.74543015
19.80059759
19.87569012
19.90196833
19.93578811
19.94023851
20.00852820
20.03571051
20.07151968
20.14929411
20.22910555
20.44175075
20.54603407
20.55976594
20.61033947
20.66467991
20.70591559
20.80951255
20.81564098
20.90701250
21.13937069
21.29198302
21.39566776
21.50256039
21.74618997
21.98960360
22.05609498
22.08082983
22.31784176
22.41888817
22.50280082
22.59020786
22.76697397
22.82628620
22.90043363
22.90176718
23.02006533
23.03285553
23.13627932
23.14459405
23.34793169
23.35084183
23.48168554
23.56784098
23.59508182
23.63179651
23.63366378
23.67115618
23.71989380
23.74808574
23.81956417
23.87640821
23.88128813
23.96162031
23.98697863
24.01848661
24.07337127
24.12676858
24.33644158
24.42566900
24.44281229
24.59042523
24.91789132
25.06379755
25.12984392
25.14904536
25.24389794
25.39194658
25.60437530
25.69867738
25.70643757
25.73521369
25.79673846
25.87196419
25.87481366
25.93355923
25.97600453
26.07110971
26.07616957
26.12015949
26.23250336
26.31848884
26.35999659
26.49547146
26.68519897
26.71509444
26.73078898
26.86634845
27.01400308
27.06442878
27.20322246
27.31549465
27.38297996
27.46508351
27.51837906
27.56944256
27.57058045
27.60816669
27.66534956
27.69009674
27.72037623
27.74258748
27.76941038
27.79062634
27.79391632
27.86310677
27.88947838
28.05454810
28.06395859
28.12602214
28.16291671
28.32922243
28.43517839
28.48501946
28.62612497
28.70934367
28.83782217
28.92213471
29.07476584
29.07554067
29.14533879
29.17076029
29.32018955
29.38211781
29.59422888
30.05207599
30.11948783
30.13111423
30.34088879
30.35523778
30.36402132
30.63226782
30.64713587
30.67257347
30.83838484
30.87128010
30.87508507
30.91025836
30.99364514
30.99427381
31.08911115
31.17361736
31.26051926
31.42310608
31.42939715
31.47631742
31.55381872
31.62217579
31.66752534
31.72749562
31.73081024
31.80475756
31.93316684
31.93509809
32.01616811
32.08099722
32.40156933
32.42118644
32.71557058
32.88575762
32.92260336
33.02096552
33.04624484
33.07431366
33.17198060
33.30535369
33.45738556
33.47280222
33.63515458
33.65061665
33.77399401
33.78046645
33.88056712
33.92515956
33.94231496
33.98329365
34.01480332
34.14525837
34.22859421
34.25230947
34.28628157
34.31195512
34.39926626
34.53996031
34.54191591
34.61584636
34.67008198
34.69699066
34.83746210
34.84808472
34.98937815
35.00580564
35.01010063
35.06163172
35.13395699
35.13950209
35.19248645
35.25321579
35.27700512
35.27807207
35.44970204
35.47040585
35.52648981
35.65358735
35.73890865
36.02318343
36.41291021
36.42890310
36.49130482
36.51019448
36.58660677
36.59144774
36.62646477
36.66234890
36.90376061
36.94806172
36.96199339
37.04934294
37.14060435
37.30312882
37.33101954
37.35628726
37.39900312
37.58733306
37.59019112
37.67205808
37.79279165
37.90767193
38.12603804
38.20730024
38.27317784
38.29255419
38.36734521
38.40607712
38.41002710
38.48813304
38.60750249
38.62815257
38.73488531
38.84397082
38.92312219
39.02233319
39.13478636
39.20702024
39.23475866
39.52031075
39.53146383
39.56674310
39.66825331
39.96370485
40.09764022
40.29594933
40.38484936
40.62380299
40.72907527
40.76063436
40.85883603
41.16018519
41.37536577
41.51723881
41.61560294
41.67608044
41.71653590
41.72963122
41.73414248
41.73737070
41.88792798
41.95214532
41.98530300
42.01591951
42.03359302
42.15613384
42.25249720
42.25377261
42.27956517
42.39057976
42.42796697
42.56189522
42.67809043
42.70312735
42.95606077
43.34647063
43.36723476
43.44307315
43.48458421
43.59768024
43.64405330
43.67037740
43.70315887
43.78217133
44.13307109
44.14805543
44.31588509
44.33562182
44.52695514
44.53677067
44.54083286
44.60204748
44.67389079
44.68105701
44.94676271
44.95001745
44.97303215
44.99758924
45.20334067
45.23328255
45.26958621
45.36149837
45.42534839
45.44104351
45.81973641
45.88904662
45.89966062
45.91547021
46.25310413
46.42786855
46.45141382
46.55222002
46.65565127
46.68772449
46.73344600
46.77585687
46.81132106
46.85755666
47.09719790
47.34262799
47.46956557
47.53026077
47.59323715
47.61309966
47.73255715
47.76972683
47.86268119
47.89019950
47.96093527
47.96559498
48.02493667
48.06413777
48.21805463
48.32330764
48.40319318
48.44628946
48.48436382
48.49691110
48.55557827
48.62600681
48.69521270
48.74451950
48.99578393
49.02382391
49.12670589
49.12774615
49.12899478
49.35605157
49.45430619
49.53475010
49.70878790
49.71605391
49.86454594
49.89538131
49.90651007
49.91641859
49.92367246
49.93169675
49.96192967
50.09450579
50.16487640
50.16941430
50.29759280
50.31655927
50.39265055
50.50198028
50.50858822
50.64566021
50.75019063
50.78780585
50.82270143
50.85275720
50.88894430
51.08951759
51.14758639
51.54739365
51.57922952
51.62187757
51.73639704
51.73920716
51.87125098
51.88997267
51.99787312
52.01976775
52.03297050
52.48338939
52.51391202
52.52467899
52.54787997
52.74114557
52.77338477
52.81660221
52.99795505
53.05329343
53.09698359
53.25752298
53.27304396
53.27545638
53.69474176
53.80196778
54.09082378
54.11242804
54.16458968
54.19805979
54.23095718
54.23969117
54.28393790
54.32639880
54.39340543
54.49048045
54.59191911
54.59927588
54.61953972
54.84931434
54.85772049
54.89788879
55.20689907
55.40823442
55.50153741
55.62263963
55.80465579
55.81070983
55.82868835
55.87682791
55.90163245
56.00756441
56.06843442
56.16735129
56.25082971
56.30748754
56.32490492
56.37221655
56.40067629
56.42077175
56.50235397
56.56793113
56.71343005
56.74828505
56.84925573
56.87904826
56.92788074
56.96470357
57.00390146
57.17056815
57.23081574
57.31280818
57.35939326
57.50064898
57.77861193
57.80264499
57.83666921
57.92360701
57.93434597
57.97748320
58.13610098
58.34638265
58.37485997
58.44068397
58.65330843
58.83799153
59.09511244
59.36714551
59.41494154
59.43918456
59.49999625
59.57187933
59.61056079
59.67098645
59.75531436
59.78913836
59.90829486
59.90960448
60.02406521
60.03664985
60.09772239
60.33032045
60.48666597
60.56385166
60.61393883
60.61731695
60.61790125
60.64414221
60.65128058
60.73483455
61.00195692
61.06485691
61.08004212
61.22338609
61.27450428
61.30939541
61.36051279
61.52152144
61.54160932
61.57966867
61.64756282
61.78280306
61.78890090
61.87743608
124.00000000
