0.08064562
0.17003506
0.21386073
0.29353042
0.43815472
0.57089710
0.70968694
0.77177515
0.77807402
0.79487406
0.88096294
0.88291249
1.01953384
1.07109917
1.17956641
1.22745260
1.30846191
1.41849565
1.45787470
1.55951288
1.56117626
1.66876299
1.84421130
1.86382924
1.86719208
1.94374533
2.00803853
2.06569370
2.07216061
2.29750499
2.39950081
2.57601661
2.58289093
2.58590032
2.67514256
2.80359624
2.84366430
2.89040764
3.03768691
3.07283485
3.11451409
3.13387189
3.41017626
3.48732629
3.54080128
3.62490217
3.87222841
3.90909941
3.95843064
3.97936888
4.19306462
4.24729725
4.27634356
4.43838149
4.62899849
4.69618316
4.78886476
4.82537975
4.84737070
4.87351102
5.02145648
5.15229142
5.20971894
5.25132093
5.41067448
5.69130623
5.86053884
5.98914357
6.00679243
6.12687549
6.16925360
6.21474024
6.30422304
6.37709245
6.42146021
6.51117261
6.77533109
6.90631557
6.91117015
6.92743896
6.94025270
6.98424708
7.01719451
7.03052072
7.10699259
7.12691153
7.24775077
7.27480004
7.28142600
7.40006304
7.41679100
7.46277680
7.49154164
7.52021178
7.55357663
7.70941775
7.73175842
7.77175908
8.10130729
8.10984826
8.14980517
8.30951069
8.31073971
8.41283387
8.54670770
8.57390594
8.63978431
8.81771376
8.82661780
8.83724507
8.84150797
8.88644131
8.92543720
8.97273051
9.02907692
9.34553797
9.49662176
9.49664176
9.50892271
9.55455411
9.83145004
9.85266129
10.00281524
10.05806786
10.13656029
10.15254538
10.26578388
10.34867757
10.54451539
10.61002807
10.65714000
10.83957854
10.89705543
11.08483852
11.09692322
11.12002704
11.15312947
11.15749889
11.16874231
11.20429658
11.58461814
11.61064466
11.74851435
11.89503640
11.91185424
11.93707780
12.10784756
12.34816308
12.48833171
12.58545812
12.64072897
12.72158532
12.73018103
12.75750086
12.90118103
12.93407903
12.96240952
12.99886824
13.05018857
13.08327065
13.15882738
13.22134972
13.26315002
13.26971048
13.65519262
13.70766833
13.71685632
13.72268346
13.88086496
13.89256404
13.97772694
14.01019366
14.18258697
14.29642103
14.33775458
14.58778667
14.67187303
14.68754334
14.78573569
14.85598736
14.95952589
15.10694888
15.14186785
15.21087730
15.33339160
15.39903238
15.40070609
15.45813937
15.48828950
15.53011605
15.53429815
15.71193821
15.75139723
15.85547086
15.86783173
15.87125385
15.94185004
15.98483597
16.30580310
16.39138210
16.39401435
16.52969022
16.61185614
16.62465638
16.62741568
16.76194654
16.80374860
16.80449847
16.89819132
16.95768480
17.01908067
17.04878591
17.33896463
17.33970930
17.48358583
17.51741675
17.55038586
17.58661370
17.76134077
17.91703449
18.04851811
18.12765142
18.14250179
18.19017956
18.26617050
18.65441818
18.68578732
18.73221094
18.75495183
18.90630071
18.93257047
18.95947185
18.98901957
18.99980448
19.07340661
19.08379769
19.31637398
19.42784745
19.87144133
19.88777233
20.22612824
20.46512384
20.53504086
20.54613002
20.77298556
20.86332095
20.90296889
20.92556657
21.01577481
21.07348376
21.09885294
21.12681631
21.15018470
21.28462560
21.43413591
21.46656998
21.54843655
21.56168096
21.59832245
21.62524101
21.72755361
21.73991928
21.75902966
21.85305658
21.95960875
21.99452153
22.04715342
22.26942151
22.30455583
22.43048052
22.48742671
22.53171889
22.61668838
22.70701503
22.77631523
22.96218218
22.98549286
23.03220966
23.29538847
23.31152597
23.32743042
23.43920698
23.45167264
23.56014116
23.82522504
23.87311804
23.93803500
23.94738268
23.98776813
24.02535318
24.03705540
24.12540449
24.26780747
24.28254844
24.34537268
24.49145619
24.54200927
24.81139450
24.96545249
24.98037506
25.13752721
25.22154272
25.25763145
25.41450668
25.46288591
25.63724635
25.88632558
25.92457997
25.95074566
26.09546331
26.46051245
26.53090274
26.56215209
26.60199590
26.64712866
26.67364060
26.80437555
26.88612591
26.95510298
27.05585336
27.22398282
27.38082495
27.40318879
27.43955878
27.54929831
27.75590930
27.76015651
27.76167582
27.79062634
27.94548802
28.15958557
28.24072549
28.26541439
28.28983714
28.32765336
28.56003490
28.67236428
28.69997393
28.70009047
28.86872108
28.87967864
28.98981318
29.12704643
29.14274219
29.16894116
29.27297891
29.33620563
29.37403525
29.41199546
29.41543350
29.64399696
29.66075561
29.66363789
29.74036229
29.76297209
29.79936398
29.81032304
29.88085509
30.16213655
30.31297705
30.32845626
30.39335027
30.39700708
30.46282012
30.47412762
30.51797463
30.54071451
30.55905935
30.65374765
30.66491030
30.66754598
30.74339542
30.87797543
31.16982277
31.17361736
31.28463299
31.38716073
31.40059533
31.46851201
31.65131423
31.71493483
31.71631657
31.81519858
31.82231448
31.97223376
32.02370314
32.09347281
32.15405681
32.29248423
32.37046487
32.41633267
32.45630725
32.46626123
32.51055867
32.55343552
32.62859839
32.63739606
32.85292635
33.00388531
33.08897620
33.20244624
33.26178700
33.32869847
33.34269798
33.56500415
33.61846581
33.71007079
33.88554619
33.92612386
34.06519630
34.23664339
34.31410413
34.46888092
34.56658544
34.64201782
34.70657647
34.80275779
34.81376089
34.95802216
35.00810627
35.19312286
35.20550974
35.22578621
35.35686812
35.65884236
35.68849149
35.70298316
35.73562643
35.76130812
35.86113937
35.96019321
36.01873183
36.09327329
36.09472620
36.12380503
36.14498801
36.16256111
36.18125866
36.24906317
36.35507959
36.37566220
36.62973836
36.67287792
36.68315984
36.82417299
36.84592622
36.88866775
36.96314985
36.99374962
37.01790213
37.08808684
37.14626118
37.25034808
37.26451286
37.28401848
37.33992446
37.51747792
37.65022568
37.69442919
37.83985898
37.87909589
37.88551238
37.92248597
37.94509023
38.08393621
38.16360669
38.22462672
38.27084369
38.35117266
38.46530045
38.58195111
38.86211113
39.04195518
39.05160611
39.13478636
39.15522397
39.16127713
39.29603736
39.30909360
39.31917695
39.52142073
39.52360731
39.58206806
39.63816820
39.70351484
39.70906437
39.98916904
40.01903361
40.05380203
40.07983387
40.23295389
40.29451265
40.30301426
40.50881938
40.57526363
40.60822346
40.65543855
40.71955592
40.72907527
40.73497063
40.85370111
40.93200884
41.02733955
41.06322338
41.11229482
41.11309505
41.15748989
41.16807936
41.23526381
41.27692190
41.31796073
41.44473174
41.51624486
41.80936856
41.85277451
41.91746277
41.94608269
41.98831788
42.00547626
42.10773540
42.11684012
42.25339724
42.32192326
42.37348522
42.55852593
42.59965142
42.63686956
42.69381239
42.71126138
42.84731174
42.92324185
43.04555146
43.10517863
43.15321570
43.16701609
43.23937773
43.27777461
43.32934816
43.34377502
43.43890051
43.45217092
43.47722969
43.67553668
43.77877021
43.87577947
43.92186523
43.92465984
43.95053544
43.95334879
44.15727890
44.33562182
44.38958764
44.48179992
44.63979624
44.72470093
45.04786729
45.24006806
45.33311568
45.44530080
45.59122696
45.63166083
45.64163524
45.90161156
46.01052079
46.05135448
46.05135647
46.10513422
46.13497083
46.16995920
46.24994883
46.34806903
46.34909322
46.43039924
46.61503165
46.67332461
46.70434344
46.74781945
46.90721773
47.02355947
47.03176769
47.24242734
47.31479063
47.32218525
47.39364177
47.60589924
47.60763412
47.85772888
47.88227811
47.91334551
48.15262711
48.23979047
48.24088765
48.36529304
48.55891001
48.77612408
48.79782579
48.83798065
48.93668865
48.94878762
49.03024372
49.08738678
49.12565481
49.34061391
49.51529202
49.60282899
49.67235011
49.88651296
49.94101978
50.05083257
50.07129922
50.10503919
50.12347419
50.15502122
50.19511980
50.22700476
50.31551049
50.39042227
50.44182619
50.48562831
50.69375596
50.69639261
50.74432022
50.96314258
51.01538643
51.02291729
51.17469110
51.19064838
51.32129067
51.38231551
51.43198740
51.45753344
51.54245398
51.77171481
51.84560078
51.92977780
52.01367781
52.05380170
52.16973164
52.35983018
52.38877318
52.40951124
52.47013095
52.51924656
52.55377353
52.56529911
52.71856857
52.79384949
52.79635359
52.85031304
52.89421985
52.98392932
53.07153470
53.21003839
53.45557708
53.74243829
53.77442936
53.86763399
53.88559461
54.02478129
54.05815156
54.20296182
54.42524790
54.55191146
54.57114539
54.66459253
54.89415513
54.95617675
54.96151783
54.97464550
54.99179606
55.13296505
55.22001375
55.34797293
55.41823444
55.53344824
55.61935044
55.69646970
55.71331044
55.72945554
55.80972476
55.84966826
55.85503740
56.08025236
56.46122474
56.49913055
56.64474248
56.69434850
56.87069227
56.91307140
57.02933007
57.03061003
57.07818599
57.19445799
57.24765314
57.27137502
57.34621470
57.43951304
57.45899135
57.50883169
57.63676559
57.78474737
57.81878228
57.83952304
57.99363474
58.06161156
58.06526491
58.06536292
58.07223425
58.19737055
58.20895569
58.22909874
58.31867286
58.34180536
58.35015673
58.38797206
58.40815102
58.41761047
58.61053653
58.68277492
58.68596475
58.73002485
58.81646539
58.81906097
58.83799153
58.87639648
58.89637008
58.91110627
58.97473728
59.08583529
59.48410768
59.50241138
59.51868074
59.59892661
59.64564396
59.64570566
59.69587035
59.74440474
59.84271945
59.95716462
60.45528623
60.50280564
60.64272034
60.64511830
60.69867354
60.81188116
60.82081717
61.06756108
61.25385973
61.26463621
61.39794575
61.52152144
61.69186491
61.77739928
61.78709621
61.94198361
62.04395229
62.19355394
124.00000000
