0.03401915
0.47461748
0.61697207
0.63066154
0.63103897
0.66033130
0.66459820
0.83693788
0.83719537
0.84235894
0.85233431
1.08333339
1.12726498
1.15743982
1.25853387
1.35895774
1.35981437
1.40106495
1.48515959
1.83232229
1.93707076
1.97730449
1.97839166
2.03396615
2.09341825
2.27980862
2.37600134
2.47188859
2.47374424
2.53372287
2.56101962
2.66120762
2.69816222
2.73548634
2.96684007
2.99610381
3.03159162
3.16139295
3.26117658
3.26955597
3.31284942
3.32364859
3.66315901
3.78645273
3.80401201
3.85019130
3.94267399
4.08469286
4.19942800
4.25236074
4.31533875
4.39862051
4.51245056
4.80037929
4.80638892
4.85744363
4.94338940
5.15070168
5.27101315
5.28338611
5.34482201
5.35823800
5.47468924
5.58916944
5.65181241
5.65543305
5.87326520
6.10250424
6.19277266
6.31853677
6.44565050
6.63883750
6.66762963
6.78306619
6.79321448
6.84897093
7.06734527
7.17279265
7.20829656
7.35127641
7.37434470
7.43272175
7.45251866
7.47128114
7.52279031
7.67829416
7.71598620
7.77943084
7.79765136
7.80591577
7.89117311
7.96523049
8.11471708
8.19066625
8.37114522
8.63759462
8.72730817
9.03852053
9.12621429
9.16022092
9.20617878
9.22977531
9.35845551
9.84044823
9.87428591
9.89865768
9.98229723
10.08752005
10.11037434
10.25452017
10.32229393
10.37742524
10.41718414
10.45382650
10.58857221
10.80759675
10.99553897
11.20457877
11.43939003
11.53004115
12.01107516
12.06201741
12.09210072
12.18012393
12.23067048
12.39586100
12.40131567
12.41515236
12.55691095
12.66620752
13.01715144
13.08461898
13.11282838
13.16671142
13.34095215
13.51476820
13.55828240
13.74810003
13.77070065
13.77741139
14.00344759
14.09315476
14.13375850
14.15451051
14.34733110
14.38548329
14.39934637
14.45565929
14.51868259
14.60264119
14.63905711
14.65119342
14.65474401
14.68063270
14.69866695
14.76347567
15.01853548
15.13553005
15.15603088
15.26843992
15.27446822
15.28107380
15.28290126
15.29523433
15.34362614
15.36789676
15.42472535
15.42883221
15.48828950
15.69998602
15.71437305
15.79831365
15.83388471
15.83879397
15.90660658
16.13907643
16.26926510
16.33203019
16.44322863
16.46610567
16.48021416
16.62263228
16.65472733
16.66512452
16.86096284
16.87126452
17.07947096
17.09894101
17.16211456
17.16588276
17.25681707
17.26307117
17.39744316
17.40524781
17.46150875
17.50086770
17.57292001
17.61377948
17.66539571
17.69035070
17.70110968
17.78690691
17.82511928
17.84376866
18.16095134
18.21029482
18.40989971
18.45456439
18.52074520
18.67774817
18.77198534
18.81496812
18.84042419
18.88030534
18.89205039
19.09388593
19.16340733
19.31034251
19.38792881
19.42725581
19.51258110
19.60131916
19.63316986
19.68018922
19.72856871
19.87760276
19.90196833
19.96453381
20.33089612
20.39147435
20.44054880
20.46281167
20.68437853
20.71500327
20.93990649
21.02963389
21.11041691
21.13745388
21.59589268
21.64934341
21.80797012
21.82202661
21.85187735
21.88521938
21.95208709
21.98332123
21.98453181
22.06442251
22.08155796
22.12609618
22.22555145
22.50367334
22.52251346
22.68982863
22.74211956
22.82891359
22.83203542
22.91782346
23.05368204
23.10930723
23.21549345
23.25413411
23.40488805
23.46756309
23.52056927
23.58643741
23.67115618
23.67551795
23.78756264
23.79680402
23.84184737
23.85615084
23.87497204
23.91686467
23.95498625
23.95519530
23.96736183
24.09188902
24.11233799
24.15506620
24.20350577
24.21068741
24.24834706
24.25450085
24.32713117
24.43843873
24.51884051
24.64529248
24.66653754
24.96570675
25.07606180
25.11912968
25.18829210
25.25909186
25.28566832
25.34975773
25.37447370
25.43026342
25.43678659
25.47361177
25.50314297
25.51299236
25.80497124
25.88523433
26.01168623
26.08721416
26.19211203
26.20028611
26.29534450
26.30550246
26.36418858
26.52259367
26.65716860
26.89240344
26.93630049
27.01242239
27.33061827
27.40582539
27.50586913
27.54625713
27.67077098
27.70222133
27.77631837
27.88947838
27.93715340
27.95220169
28.08819888
28.12800708
28.23105389
28.32478034
28.34813242
28.38240674
28.48925381
28.55292369
28.59091749
28.67888791
28.75297411
28.84810156
29.01168989
29.16551253
29.22497202
29.41292752
29.43673549
29.49248725
29.54644966
29.69569241
29.72124209
29.80470750
29.87164858
29.89911516
29.90958305
30.10103963
30.12133302
30.15811169
30.23642853
30.27127016
30.34458240
30.35187272
30.45437909
30.50074774
30.55578802
30.61363727
30.80516804
30.91158373
30.92328561
31.00038274
31.02950213
31.10357491
31.29650195
31.35300105
31.41411129
31.51455079
31.53833510
31.55660323
31.56282560
31.62782279
31.72198880
31.77251166
31.87194494
32.05836188
32.13888445
32.21457109
32.25040860
32.41057384
32.53197666
32.55519626
32.61093365
32.71497443
32.73393983
32.83846246
32.92823530
33.02450886
33.02975449
33.14421209
33.20440081
33.32240069
33.41484991
33.42933343
33.49746631
33.51843918
33.59715425
33.69859033
33.71416500
33.94336531
34.11555446
34.32529089
34.42350256
34.64893631
34.66021821
34.80316043
34.84107207
34.89621965
34.91090851
34.91517233
34.92160835
34.96244971
35.02792047
35.15729711
35.17871979
35.20372248
35.27241649
35.29148356
35.52363507
35.54648447
35.74006390
35.82649553
35.89399187
35.97382875
35.99037837
36.02808964
36.03856695
36.07253653
36.15901189
36.16258378
36.20817341
36.22204081
36.37733715
36.41094761
36.46072309
36.71415838
36.76162781
36.81429482
36.93478624
37.07228416
37.18260943
37.26972523
37.48671422
37.48868027
37.49726196
37.51331478
37.55303592
37.55778983
37.58839160
37.65968707
37.72279419
37.73598260
37.77354687
37.80408079
37.82267275
37.91002138
38.02209794
38.07608397
38.23035808
38.28753310
38.30527356
38.55774418
38.84085550
38.92864364
38.93927791
39.00490379
39.15833970
39.23591051
39.27444656
39.30877445
39.34114270
39.62514264
39.63061319
39.65870229
39.65952883
39.68874843
39.69262804
39.74208495
39.76668704
39.76980298
39.93644307
39.97591007
40.06672351
40.09580440
40.10210798
40.11199567
40.16127639
40.33899557
40.37554934
40.52971264
40.59645129
40.60531422
40.73318243
40.93955612
41.02504503
41.36627482
41.38036511
41.46054263
41.47582458
41.51012069
41.53476621
41.55521358
41.58685780
41.59889189
41.67002778
41.72177105
41.87844342
41.89914797
41.97216479
42.03160470
42.06833229
42.10595675
42.17771099
42.51461639
42.52453147
42.55575898
42.64200238
42.70390057
42.73321141
42.83457769
42.85442250
42.85593370
42.90733243
42.96167432
43.06737764
43.12259750
43.13858025
43.21022877
43.34801047
43.35068451
43.35513696
43.37804867
43.50247682
43.51980914
43.69340643
43.82177687
43.84378709
43.87144648
43.89306660
43.95079797
44.11248143
44.14294646
44.14963021
44.22667552
44.26496758
44.31149829
44.50535612
44.56786182
44.62484165
44.66256166
44.82900946
44.94911804
45.01313273
45.10236317
45.15327199
45.15645909
45.31839572
45.39314543
45.40071842
45.42533348
45.45550860
45.48815120
45.54676992
45.65824171
45.71505398
45.76344216
45.76792856
45.80217443
45.83761974
46.01733708
46.02762953
46.08105473
46.15120806
46.25664956
46.34806903
46.43921156
46.52549744
46.60793030
46.64482146
46.64506188
46.81715690
46.83144416
46.93387333
46.95823750
46.99074099
47.14866810
47.29175122
47.39778803
47.43932059
47.95533717
48.01575196
48.20503267
48.28995994
48.29172813
48.39329876
48.58294140
48.64225119
48.69125964
48.81872396
49.06669809
49.17309532
49.19426911
49.19451809
49.22253744
49.30553167
49.34168598
49.40174722
49.48302722
49.54753153
49.55894691
49.71248887
49.72724681
49.81323767
49.81850703
49.93863018
50.21452594
50.40309016
50.59141199
50.66481691
50.68895301
50.74561398
50.76956207
50.86672829
50.88902791
50.89136809
50.89955188
51.13292754
51.16207148
51.29095511
51.62224902
51.66227877
51.99022669
52.08419128
52.12206843
52.55270088
52.55944992
52.58904915
52.63276911
52.66986787
52.68792890
52.69199540
52.76978417
52.85808707
52.89724793
53.00593959
53.02463554
53.04249666
53.11834526
53.23094663
53.34518481
53.34733935
53.38627416
53.42077078
53.43931150
53.47668005
53.58444055
53.64294343
53.74720215
53.88824968
53.93402168
53.94059654
53.94362319
54.21561057
54.23846328
54.29935624
54.48815486
54.61328365
54.72513330
54.75427610
54.93728671
55.00423504
55.28706302
55.35999875
55.41067473
55.45284694
55.53129963
55.57147218
55.59287146
55.59537763
55.76787116
55.81632611
55.86038395
55.96678269
56.06194216
56.11161942
56.12033969
56.52755396
56.55435354
56.57903085
56.63397894
56.68865373
56.75781668
56.77171544
56.77511598
56.99129090
57.04304083
57.06854875
57.10282511
57.10689535
57.28534588
57.38405491
57.52083906
57.53237226
57.88174034
57.98163980
57.98389514
58.06884202
58.11632047
58.17273470
58.18037325
58.35135726
58.35608582
58.39872516
58.42373513
58.52474618
58.67170342
58.71797219
58.80988200
58.81906097
58.83124617
58.87674986
59.05412968
59.06938790
59.13676868
59.15075907
59.17366104
59.24671141
59.28815043
59.32409266
59.34244437
59.60334765
59.70446096
59.82508360
59.86594331
60.00445383
60.07248451
60.09127211
60.11305251
60.31559704
60.34592236
60.35358161
60.51301330
60.60860786
60.61414669
60.75977487
60.78161944
60.99337633
61.00869954
61.14332688
61.20807197
61.21236884
61.24923943
61.40438905
61.56782078
61.63642939
61.75353559
61.81716090
62.04009410
124.00000000
