0.03832836
0.05415990
0.07715434
0.08374405
0.25316484
0.26729743
0.27776577
0.29269501
0.38259947
0.40532179
0.47329843
0.56265306
0.56636908
0.60136603
0.72479570
0.72627553
0.85606894
0.88996685
0.90850366
0.94422231
1.03419564
1.55768452
1.63232244
1.69477615
1.69762563
1.77486493
2.13590322
2.14288192
2.37902192
2.41231955
2.47188859
2.49061292
2.55927252
2.78598633
2.83203389
2.86616695
2.89040764
3.05825141
3.16977946
3.28921917
3.63833450
3.66315901
3.71487436
3.78170801
3.78924031
3.82998253
3.90351973
4.07809912
4.27257401
4.31614361
4.32426090
4.35956444
4.42366507
4.47385878
4.53668106
4.64474413
4.70744215
4.82537975
5.29876053
5.37126130
5.45401148
5.56495371
5.60271250
5.67548509
5.74258317
5.77889696
5.78436149
5.82826983
5.96792776
5.99234433
6.03235143
6.11185839
6.13108292
6.22158492
6.33420695
6.37858168
6.49119851
6.51117261
6.52642966
6.59055657
6.59729287
6.61518788
6.74626881
7.00056855
7.01719451
7.10195866
7.49198833
7.54085444
7.60445983
7.95807776
7.98371309
8.07318602
8.11559600
8.15987116
8.31818653
8.60333654
8.61446634
8.75130386
8.76129049
8.77504475
8.80305122
8.83402385
8.89099148
9.05435974
9.15421630
9.17256942
9.17480934
9.18206010
9.29324908
9.33291791
9.35207886
9.54520320
9.57387237
9.72202525
9.73099730
9.78546393
9.80171676
9.81205951
9.84428495
9.87622134
9.96899909
9.97307911
10.02354641
10.18193768
10.22636573
10.30118451
10.41251535
10.44025098
10.48653198
10.52054415
10.59093202
10.68320383
10.82110024
10.83137723
11.05267850
11.11636606
11.11768914
11.14768350
11.27971850
11.33592032
11.43971963
11.45271474
11.68787414
11.80512730
11.83220365
11.86055320
11.87739768
11.91915641
11.94014833
12.18866115
12.34418260
12.34748517
12.36909101
12.43498792
12.57043330
12.62350181
12.71093175
12.71139962
12.86961576
12.92867809
12.95928232
13.04721551
13.51643129
13.51917538
13.52131535
13.56004049
13.60733735
13.61345790
13.66929745
13.84042334
13.87527585
13.89368029
13.95651097
14.14281792
14.42727015
14.55430642
14.79403960
14.83174250
14.97073902
15.01891289
15.03969413
15.22429659
15.22982373
15.34378708
15.42563860
15.43080698
15.43444942
15.44048095
15.52542178
15.56072952
15.63836808
15.64089424
15.76910833
15.85411080
15.87178776
16.07346081
16.26019717
16.38542112
16.39022833
16.45676545
16.59861679
16.65247011
16.67936555
16.73931515
16.77912970
16.89301402
16.93851290
16.99370351
17.02633357
17.21571964
17.23698715
17.53763874
17.57370260
17.59051270
17.72887055
17.76400440
17.80624186
17.81180710
17.83535419
17.92287590
18.18167480
18.18723631
18.20686959
18.27930675
18.33696507
18.53990551
18.54344191
18.59791028
18.70502306
18.86959560
19.03016943
19.11723249
19.36064750
19.36264219
19.39702593
19.49680157
19.52210891
19.52854909
19.54870881
19.64901622
19.73687441
19.95361904
20.08455534
20.29741327
20.32035462
20.33551037
20.39259029
20.48832121
20.51305243
20.55130817
20.64013508
20.78808535
20.83262404
20.83564214
20.94820618
21.11548610
21.16798615
21.28261925
21.28445122
21.34363929
21.46240952
21.51255281
21.53052364
21.61082231
21.61854504
21.62494821
21.75050321
21.76159031
21.93919095
21.95206127
21.95791485
22.04763185
22.08138683
22.37576376
22.37958684
22.45857134
22.46041695
22.68307338
22.80254988
22.81728707
22.99806463
23.03923887
23.11998248
23.21130963
23.30327977
23.34462448
23.50550567
23.56982685
23.72430840
23.81961412
23.84477211
23.84536023
23.89411627
23.90873996
24.00305604
24.01752540
24.06939246
24.22476805
24.29505232
24.40951488
24.41210697
24.58596803
24.98496564
25.03517471
25.09828189
25.27393363
25.33366790
25.46241261
25.49943996
25.50172542
25.70370331
25.84459241
25.90331615
26.31703814
26.34392255
26.40943895
26.71078612
26.74332606
26.74853624
26.78551709
26.79969066
26.91955291
26.93584270
27.06064705
27.07057558
27.14219711
27.16690498
27.18408809
27.27849018
27.35327850
27.39242728
27.45860410
27.51954301
27.54929831
27.61066272
27.70524205
28.25815577
28.46676711
28.53309920
28.54407840
28.68190537
28.81228918
29.01287827
29.16551253
29.23667908
29.27461345
29.34029336
29.37204010
29.44504184
29.51122798
29.70467484
29.73166958
29.84500806
29.95805508
30.11790753
30.34898145
30.36332847
30.49264647
30.64970334
30.83089061
30.89695113
31.10758227
31.15230298
31.18091518
31.38742830
31.38962265
31.39466803
31.50201330
31.50746741
31.52411318
31.64405873
32.03037867
32.04951224
32.09239409
32.09271550
32.28619351
32.42274546
32.45890405
32.51329545
32.54561700
32.74436090
32.82295200
32.83845096
32.87806878
32.96126500
32.96432493
33.21105579
33.32487143
33.33497103
33.44253392
33.68264986
33.74464175
33.78391596
33.83257441
34.15672506
34.27101593
34.42444576
34.42606776
34.53601169
34.61476760
34.66401125
34.66516169
34.69001063
34.98325248
35.02334294
35.05981328
35.14124063
35.15883251
35.17419267
35.26640659
35.34878245
35.49796828
35.52744711
35.54765602
35.85480976
35.86876023
35.93642387
36.07005343
36.09920895
36.20199657
36.20270189
36.26068476
36.29158956
36.31216223
36.35800777
36.37474820
36.43400262
36.46886639
36.53887320
36.59274567
36.66501242
36.77272268
36.79708872
36.97612190
37.21836838
37.29147747
37.30845540
37.35172580
37.36622844
37.54826776
37.64535678
37.74834318
37.77281900
37.88516623
37.89620652
37.94227614
38.00817765
38.08555598
38.08854089
38.11180603
38.19313239
38.28208773
38.28847401
38.30752186
38.34220238
38.60964882
38.61963986
38.64004243
38.72382669
38.91249656
38.98672526
38.98848726
39.04069517
39.17076993
39.19732938
39.24677196
39.34104961
39.35474191
39.46272978
39.47093689
39.48872883
39.54666947
39.74221420
39.74564300
39.91188377
40.23510602
40.28607038
40.29451265
40.36047901
40.38644762
40.41684810
40.42744376
40.44144626
40.44210291
40.48467759
40.64041224
40.78514412
40.97758625
40.99342113
41.01678651
41.01878526
41.04756435
41.41790075
41.41956693
41.54501486
41.58655246
41.67048619
41.74248477
41.88415586
41.92164797
41.99834618
42.05351399
42.05950679
42.10139486
42.29115523
42.33323903
42.40973439
42.45688811
42.46704245
42.50232503
42.66442963
42.66729347
42.68716866
42.78985264
42.80541594
43.04113367
43.05123516
43.11544000
43.13654539
43.34061251
43.38637892
43.41744717
43.47179463
43.57927583
43.66225014
43.75147638
43.81257205
44.07180812
44.07762760
44.12889342
44.13997558
44.16305579
44.16353245
44.41301925
44.50854972
44.52951911
44.64564673
44.87407495
45.36846758
45.51575354
45.54949550
45.56976508
45.58514990
45.62062437
45.80356281
45.83300631
46.03940188
46.11477432
46.26604202
46.33054630
46.54678034
46.58390145
46.67609987
46.74396880
46.75867603
46.99264458
47.06412427
47.28880034
47.34594231
47.57654339
47.64699210
47.66162399
47.67785626
47.76982110
47.82214094
47.83389381
48.01238587
48.01444467
48.27745705
48.28286710
48.45914766
48.61088817
48.63458117
48.64901981
48.66988844
48.67505609
48.72413294
49.09415919
49.14357925
49.22253744
49.42330099
49.44640369
49.54568427
49.60845033
49.73140015
49.79463398
49.89701873
49.91954813
49.94231743
50.07932090
50.08878734
50.16436674
50.30689681
50.45414911
50.65302558
50.68430075
50.74194940
50.93288881
51.05763997
51.47414202
51.50665627
51.66138171
51.68354470
51.79665909
51.91886456
51.92077439
52.02108539
52.03297050
52.10178891
52.18961176
52.45270724
52.66301869
52.81142338
52.82054804
52.89950618
53.03501308
53.07153470
53.08664825
53.51306570
53.66925097
53.69322422
53.77207789
53.80143995
53.83888455
53.89282258
54.17012665
54.26996046
54.27126569
54.34574302
54.38530020
54.44714157
54.44925239
54.51390584
54.55437891
54.59927588
54.60227837
54.64542716
54.88429868
54.90882815
54.95239512
55.04120429
55.06403278
55.10571113
55.14264473
55.17743207
55.41132992
55.44739732
55.50308175
55.71018881
55.79409935
55.85722378
55.86555709
55.91944239
56.03110032
56.21364499
56.23860975
56.44214843
56.47459350
56.59724284
56.61815267
56.83762161
56.84931223
57.13836293
57.27466144
57.31158144
57.33402906
57.60175248
57.75927241
57.84639125
57.92360701
57.92646708
58.06741956
58.07953922
58.13379540
58.21423289
58.24600064
58.33372976
58.43845788
58.56606651
58.58631160
58.65638964
58.71821901
58.74141572
58.75411465
58.80392527
58.95801361
58.98143727
59.03471283
59.08147282
59.13434977
59.23446742
59.40837566
59.44480040
59.45024092
59.58257108
59.62431317
59.69797180
59.80788725
60.00126605
60.02461869
60.04392853
60.17657821
60.18059989
60.23597036
60.27691883
60.58005465
60.66968551
61.08004212
61.35853554
61.37687026
61.52397427
61.86907606
61.87378763
61.87789451
124.00000000
