0.02632013
0.06088284
0.07744447
0.16656055
0.28241325
0.37486330
0.39542801
0.45114328
0.50023217
0.92262809
0.93843094
0.94215886
0.96468947
1.41007796
1.45738610
1.50319897
1.51584003
1.54702862
1.61259254
1.72030929
1.84962688
1.96132707
2.01232178
2.10393868
2.17980481
2.27608209
2.43496922
2.49073375
2.49702881
2.50084910
2.55798075
2.59055421
2.64087554
2.73169935
2.81987238
2.96854578
3.12569199
3.14785943
3.19467317
3.21203099
3.28460573
3.39888824
3.41274667
3.41903240
3.53000175
3.57680324
3.63538723
3.73137356
3.85419792
4.06579661
4.09004187
4.16843958
4.16886457
4.31631911
4.42516979
4.44309079
4.48990234
4.62469933
4.65634305
4.71639282
4.73316019
4.74255332
4.95738525
5.11229435
5.13543858
5.17591347
5.26318432
5.57923288
5.66572926
5.85552055
5.93101084
5.96418316
6.03231969
6.04050245
6.18346315
6.21845070
6.25427335
6.29423467
6.50699452
6.55165410
6.64189968
6.75896264
6.77092914
6.77872387
6.80774193
6.92856102
7.01048979
7.06190208
7.07549951
7.14545164
7.17638751
7.25568265
7.27839787
7.36711042
7.39857552
7.40550594
7.49111561
7.49531121
8.00642896
8.03748322
8.06914221
8.09776719
8.27943978
8.28294426
8.30942599
8.34863509
8.38800875
8.40110834
8.55775891
8.57498332
8.63225493
8.78198937
8.85066728
8.87286064
8.89099148
9.04651933
9.05164526
9.06693614
9.13586253
9.15679528
9.24483195
9.30796516
9.30962489
9.38754640
9.46124337
9.53190825
9.72309840
9.84777086
9.86805583
9.89648341
9.92243241
9.98614214
10.01780651
10.08005213
10.10360813
10.13236889
10.13723284
10.37193406
10.43210445
10.71851238
10.81616377
11.15233492
11.16748028
11.17898161
11.39569133
11.52396997
11.52967762
11.77335956
11.79815097
11.81100375
11.82512124
11.88894737
12.06024051
12.10058621
12.31133882
12.38778269
12.47122148
12.67305677
12.71974805
12.74794144
12.93234900
12.99236603
13.27318687
13.57546689
13.87575081
14.09315476
14.10411725
14.15175088
14.39565582
14.39696037
14.51113272
14.58871647
14.79230648
14.85091506
14.98504225
14.98561100
15.01457611
15.06450713
15.14831193
15.19999767
15.27575244
15.30596885
15.47541718
15.47923015
15.48452790
15.49500099
15.55582960
15.78554351
15.81735172
15.84351559
15.88893857
15.90177267
15.95316442
15.97402218
16.01836065
16.02809526
16.14896705
16.33084672
16.47177657
16.65712090
16.68647894
16.77321904
16.87126452
16.92395447
16.97661464
17.03923192
17.27355975
17.47915105
17.53977047
17.54765961
17.57548552
17.87699206
17.87918951
17.90123223
17.93023161
18.12734089
18.21126967
18.25456669
18.29442836
18.30802613
18.32514505
18.39040160
18.49147429
18.55496094
18.57458391
18.59220757
18.63160983
18.73968811
18.78995021
18.81920832
19.06266005
19.08303266
19.12369659
19.13730243
19.26062770
19.51842596
19.83594552
20.26702806
20.28761328
20.31981626
20.33255502
20.33384049
20.34377630
20.36649073
20.42546429
20.43930208
20.45549658
20.57631876
20.80286682
21.01577481
21.09147471
21.15828588
21.27821122
21.46086410
21.49363422
21.61850877
21.67372097
21.80619721
21.81035916
21.96882326
22.08983060
22.14005152
22.21853471
22.29366863
22.42811895
22.50280082
22.70799894
22.72140505
22.79728994
22.80430254
22.91104414
22.92973143
23.05236499
23.11542323
23.11599275
23.26966163
23.31297813
23.40010894
23.56703886
23.74102708
23.87052070
23.91976736
24.00305604
24.19131664
24.20153510
24.20609619
24.21956452
24.23665296
24.33728011
24.36257136
24.42248610
24.43568841
24.47313431
24.49840473
24.81780696
24.99674516
25.03296660
25.04702376
25.09565758
25.12107215
25.12353033
25.17407483
25.18042772
25.19905134
25.20133473
25.32251030
25.42494624
25.50602835
25.51269001
25.58789571
25.65502507
25.78428772
25.80553369
25.88136076
26.08259367
26.10825021
26.12329583
26.16557816
26.16808315
26.25028399
26.34728182
26.43150741
26.62262356
26.62560702
26.84192117
26.97736295
27.04098838
27.18386406
27.35607761
27.38297996
27.40878049
27.42216924
27.56977627
27.64339060
27.78673956
27.88313535
27.89186737
27.90167414
27.96940907
28.06251431
28.08413702
28.13221190
28.30411406
28.39068926
28.48670201
28.58704091
28.67876816
28.69831807
28.75052290
28.80017510
28.85851872
28.90373816
28.95836785
29.00275115
29.05886348
29.08458662
29.16516483
29.19259049
29.31633018
29.34643683
29.35665806
29.42861107
29.52181113
29.52326704
29.80548842
30.11312353
30.16476811
30.24245957
30.33241770
30.34898145
30.38427136
30.51059184
30.51139436
30.51192995
30.52168688
30.56775382
30.57682853
30.67898544
30.69507846
30.87797543
31.08936989
31.31794772
31.33307262
31.44652888
31.49965257
31.56912810
31.77584265
31.98956940
32.10332318
32.34506185
32.50291348
32.73590745
32.74849085
32.75909350
32.97568094
32.98596887
33.27638793
33.39598439
33.53186807
33.54556153
33.68638779
33.68846585
33.79395835
33.89742906
34.04847093
34.08371681
34.21518774
34.23419310
34.29554526
34.37114647
34.37873131
34.41399005
34.65463212
34.67340945
34.77100140
34.89965794
34.94570256
35.00815871
35.02941083
35.06527939
35.10963948
35.18652678
35.54765602
35.59773033
35.61487641
35.79260439
35.91908140
36.03867974
36.03900177
36.22022807
36.40116065
36.43138589
36.56745722
36.57152518
36.86533466
37.05985186
37.08204478
37.13916692
37.14612857
37.22196778
37.67265166
37.73917088
37.88473172
37.88907917
37.97529801
38.06277642
38.20644442
38.20995156
38.32238748
38.34205348
38.37669641
38.62204327
38.67914025
38.78866773
38.94861704
39.03986612
39.13592943
39.15779014
39.30524715
39.30938455
39.33211226
39.36009384
39.38452482
39.47867065
39.89613084
40.01910505
40.02797379
40.18015252
40.27493223
40.53499703
40.59306818
40.62839926
40.70586687
40.94785318
41.01576905
41.09210255
41.23229306
41.33235838
41.35531492
41.47826530
41.51471053
41.62282817
41.65625212
41.76030373
41.89180414
41.89777982
42.01983734
42.25440153
42.33242180
42.35176377
42.47397399
42.50250635
42.69531380
42.80044701
42.95655238
42.98240888
43.05177531
43.07928478
43.08170215
43.10884546
43.13118291
43.41192990
43.49328444
43.50247682
43.74875786
43.76453445
44.00622089
44.11009222
44.13183299
44.22688896
44.25196412
44.32753638
44.43858884
44.59454655
44.79994626
44.87449934
44.89297227
44.89932600
45.06628484
45.23468083
45.23617599
45.33439558
45.49245227
45.52901381
45.53253597
45.64672006
45.69045222
45.72727211
45.83761974
45.88715560
46.11894877
46.20735146
46.25879467
46.32723387
46.34704181
46.38708886
46.47560186
46.49190044
46.56692017
46.57029327
46.58025472
46.60298618
46.66537490
46.82125195
47.09585663
47.09620522
47.13893810
47.14790851
47.18907550
47.27912667
47.42221892
47.61349680
47.74897809
48.19118213
48.45498539
48.50997055
48.61684309
48.70316865
48.74614390
48.75282227
48.76069881
48.87118885
48.98353604
48.98774627
48.99928998
49.02513327
49.07897384
49.08808821
49.18490305
49.19097013
49.25190295
49.48320971
49.50508766
49.56867698
49.65276194
49.87172331
49.98740482
50.08521245
50.18886849
50.51071704
50.58310504
50.70004307
50.84065596
50.86307717
50.89244544
50.89814089
50.90139431
50.92101417
50.95103542
50.98133916
51.07042826
51.14980411
51.26683634
51.30441326
51.39794605
51.64636285
51.66484742
51.83455495
52.00326956
52.02806066
52.12729970
52.13923568
52.24127972
52.24888790
52.36837037
52.40482324
52.41218847
52.46547276
52.71594030
52.92208636
53.03213038
53.08147335
53.14844587
53.17922378
53.31678024
53.48012535
53.78587652
53.80033125
53.95179380
54.09795057
54.12392296
54.17688902
54.19135060
54.20614383
54.37340029
54.39444308
54.54191798
54.86825386
55.16321403
55.18965795
55.33367413
55.58783703
55.73049502
55.81796475
55.82964013
56.31175462
56.31498068
56.49237869
56.51136322
56.64987128
56.99025385
57.01877015
57.19890589
57.23787060
57.26373133
57.32797992
57.36187574
57.43398762
57.45592542
57.59765360
57.73051731
57.81634183
58.03005192
58.27570861
58.44417690
58.47489840
58.60212047
58.61850311
58.71116958
58.84116768
58.85342728
58.94143855
58.98562739
59.13732060
59.19296075
59.27100825
59.34483428
59.54000562
59.59821603
59.79636475
59.91403346
60.00211470
60.17783435
60.22163547
60.29586182
60.35680328
60.50211295
60.52983731
60.62441856
60.63667090
60.65748738
60.76393490
60.79590887
60.81676674
60.83094119
61.00332163
61.11724556
61.12304089
61.18420943
61.33691840
61.36744911
61.55422819
61.78398710
61.79244259
61.89007054
61.96817746
124.00000000
