0.00926420
0.06156644
0.13362124
0.17003506
0.18602095
0.28924933
0.41738901
0.60967175
0.74208422
0.83309206
0.97406390
1.05825262
1.09274802
1.15267290
1.16987392
1.17117849
1.18903011
1.20064870
1.21732521
1.36890125
1.39822348
1.41534482
1.43357495
1.52085512
1.52085711
1.87612555
1.93329672
1.94854907
1.97234893
2.09822021
2.13455706
2.28872810
2.29387259
2.30597079
2.34108141
2.36752136
2.36869864
2.41969875
2.43530377
2.45178856
2.46902231
2.51988293
2.56145481
2.99323678
3.06981469
3.14522254
3.18693027
3.19856733
3.23192733
3.24084267
3.42696214
3.49077164
3.81701829
3.98656704
4.03244284
4.08133983
4.14246527
4.14659798
4.15754706
4.20011207
4.22676807
4.27344556
4.45719753
4.52687685
4.61685316
4.73626917
4.83496411
4.86900568
5.11834606
5.48516783
5.52879824
5.53279175
5.62597630
5.63949922
5.66279907
5.77660978
5.93101084
6.01753045
6.03189121
6.09579673
6.24025198
6.34199345
6.47748864
6.48398731
6.48634066
6.57213955
6.69194108
6.71392622
6.73216432
6.77968245
6.79898063
6.85131487
6.86277499
6.90200191
6.90851707
6.92899023
6.96645922
7.13403103
7.16707539
7.27200958
7.42841150
7.53640160
7.58880199
7.63502519
7.64772436
8.08015344
8.13621815
8.14240903
8.24865660
8.28717371
8.61287720
8.71827958
8.73541732
8.88290595
8.89896705
9.00964586
9.24157974
9.42978007
9.47673110
9.76142338
9.84392340
9.84662143
10.18837552
10.23606499
10.27818018
10.29271304
10.34360645
10.36499485
10.43403472
10.45333802
10.51235950
10.58251247
10.64885510
10.65635926
10.65831111
10.70088100
10.74938605
10.78954162
10.80154860
10.82914489
10.84991779
10.93380675
10.95972905
10.99423495
11.05871812
11.07266183
11.15429373
11.25620715
11.35204364
11.41035867
11.43971963
11.43986627
11.44557973
11.51764049
11.67423955
11.78989129
11.88133947
11.98570788
12.07185722
12.10809563
12.12955973
12.28404343
12.30955384
12.55510584
12.61877792
12.65340222
12.70471033
12.70558985
12.72343285
12.73115152
12.78059201
12.90700145
13.19433488
13.46674047
13.56758487
13.73399167
13.77948752
13.77978032
13.81131016
13.83661168
13.90102231
13.94401663
13.98972495
14.11911734
14.37710282
14.42665704
14.46729720
14.56863078
14.91234067
15.36069265
15.50566787
15.54591857
15.56983201
15.59346559
15.71562306
15.90338436
15.91737300
15.93082139
16.13804942
16.16697846
16.21322961
16.39022833
16.65447349
16.72308743
16.74999554
16.75240524
16.78877029
16.83748671
16.86088435
16.87309052
16.87374285
16.97123295
17.08423184
17.16884623
17.17292252
17.25154441
17.38077676
17.54411066
17.54765961
17.70046387
17.74210557
17.77242110
17.85163451
17.93758227
17.96755809
17.98583556
18.04204350
18.12639845
18.16779793
18.30129212
18.30576489
18.32831495
18.43966169
18.44432676
18.55493898
18.56125053
18.59988016
18.68350128
18.69989318
18.79803016
18.80551428
18.92046335
18.97398781
19.08303266
19.21330210
19.25567477
19.28097360
19.36758668
19.62113578
19.67907305
19.73058622
19.74197912
19.88757239
20.00250319
20.01839099
20.03085882
20.09269793
20.36277725
20.40382375
20.43267153
20.61035260
20.67134061
20.68511945
20.70591559
20.75400999
20.82622187
20.87178379
20.88908365
20.91594749
20.99275899
21.03860940
21.25375050
21.30363867
21.45604950
21.54240586
21.57670324
21.70548425
21.80015368
21.92635171
21.96113901
22.00402142
22.08947127
22.08975848
22.15048353
22.20220726
22.20236129
22.35280809
22.35365090
22.37321932
22.42236767
22.52998607
22.67129856
22.75956886
22.79496282
23.06620427
23.25413411
23.26032636
23.30351606
23.43622980
23.48532504
23.64295851
23.67426662
23.71451837
23.72012079
23.72735735
23.74884479
23.79252701
23.84022769
23.88189966
23.94430233
23.98079391
24.06897202
24.16239553
24.17776846
24.23589805
24.26621518
24.30859593
24.42151762
24.51089337
24.51585585
24.52110725
24.55155981
24.67743087
24.75859375
24.81429730
24.90334746
24.91121769
25.35996642
25.47314196
25.49203514
25.53316667
25.57227489
25.77260624
25.78629685
25.95240935
26.05501449
26.06206890
26.06630963
26.08778549
26.26917941
26.28290093
26.36539166
26.45178273
26.47681515
26.53458703
27.00806368
27.14931419
27.18684606
27.23031564
27.26647756
27.64065827
27.75124782
27.94229719
27.95220169
28.15165434
28.21697788
28.32673793
28.34354958
28.39014290
28.48326686
28.51750433
28.56570661
28.58361571
28.64173608
28.67961824
28.68099294
28.70429147
28.70456009
28.74647894
28.93774891
29.09877899
29.12217211
29.24270055
29.32197437
29.32430020
29.36413676
29.38731967
29.52599222
29.61174453
29.63125942
29.80635914
29.87055880
29.93785489
29.97933367
30.10076616
30.12849943
30.14860768
30.20947134
30.23377721
30.25515147
30.32526252
30.34685483
30.41062110
30.46552710
30.51142809
30.51687500
30.62676857
30.63348119
30.76440125
30.80516804
30.99212974
31.02339863
31.17441909
31.22445900
31.43053099
31.44916458
31.48744263
31.81653263
31.81660151
31.84515824
31.98090521
32.00961450
32.05464376
32.10373483
32.15199059
32.20223530
32.23699710
32.40264537
32.82751826
32.84327698
32.95328465
33.12619656
33.20695088
33.26484985
33.38996629
33.49777082
33.63036452
33.64981151
33.68938481
33.72066072
33.94336531
34.01902261
34.12311040
34.16318961
34.17451003
34.20430297
34.30106708
34.31218857
34.48783805
34.63440714
34.65050396
34.71116518
34.76776420
34.83830184
34.84808472
34.90089301
34.95790650
35.00143362
35.08635063
35.13168183
35.23794348
35.34618149
35.39507327
35.48336391
35.54102320
35.56765910
35.57193265
35.66017504
35.67817683
35.72595714
35.72906774
35.73890865
35.84426820
35.87224077
35.88079446
35.89291157
35.93755614
35.94062076
35.96019321
35.96971394
35.99555965
36.01873183
36.43803385
36.59014950
36.60513452
36.65501647
36.68371883
36.72698743
36.78042702
36.87781042
36.90579403
37.09641186
37.15718363
37.28458998
37.33437585
37.38861515
37.39076806
37.43551601
37.63620808
37.63885011
37.64194625
37.67265166
37.73598260
37.85518192
37.87373222
37.89057996
38.01096504
38.02497006
38.08031014
38.17178886
38.22568475
38.29718065
38.31924144
38.34591306
38.46553539
38.53787982
38.57887541
38.58953777
38.65767540
38.81234145
38.88498033
38.94316721
38.97741448
39.29309271
39.76237458
39.85606686
39.88633211
40.00488453
40.03954053
40.32983424
40.42581770
40.51032693
40.52714128
40.54839701
40.56898228
40.57022022
40.71468043
40.74558294
40.80934065
40.90159853
41.09455241
41.20191345
41.36290360
41.44223750
41.45382480
41.47619164
41.49467104
41.52551197
41.57334882
41.69083110
41.80426158
41.86637203
41.87206757
41.89772254
41.99224774
42.22816961
42.23436867
42.25377261
42.62965893
42.63164823
42.69653012
42.79454644
42.80738892
42.97262562
43.09705186
43.13065415
43.26398008
43.35513696
43.44652896
43.52148043
43.59029722
43.62705761
43.72177610
43.75287425
43.86384814
43.88561898
44.04507118
44.04950632
44.07458281
44.10620228
44.39012524
44.53405462
44.54346273
44.56059669
44.65950092
44.67101772
44.79501352
44.79827802
44.86117187
44.95687925
44.97840079
45.03495769
45.11879184
45.18513637
45.56447579
45.59965426
45.60573629
45.83415321
46.18758191
46.21174913
46.22756032
46.24599905
46.24671875
46.28328854
46.53850001
46.54553707
46.55756957
46.59607698
46.62186283
46.64219154
46.81715690
46.88139452
46.92827643
46.95338120
47.30691181
47.34435771
47.43253337
47.46916443
47.50387214
47.53415315
47.53687119
47.62667256
47.76192640
47.83158230
47.96707977
48.04591951
48.10426342
48.13509528
48.24761176
48.33010313
48.40114539
48.42756303
48.58433175
48.78561299
49.05088338
49.20380155
49.22491349
49.24204067
49.31042351
49.39122102
49.46360288
49.57372008
49.67235011
49.67460047
49.86335192
49.88703877
49.89293236
49.92442344
49.98625401
50.04299811
50.08521245
50.10659822
50.20294066
50.21750097
50.28026702
50.32940765
50.54081956
50.58254613
50.63288292
50.76331355
50.77991923
50.84909077
50.87125939
50.99070480
51.01538643
51.03505201
51.03516993
51.16742295
51.26585220
51.28266777
51.78379316
51.82644506
51.88059591
52.11134159
52.15927655
52.33559086
52.37682096
52.42312471
52.45669910
52.74639966
52.82792556
52.99974204
53.05329343
53.11034322
53.17610568
53.23019532
53.36929683
53.38137961
53.46143695
53.50280007
53.58011039
53.60690504
53.73855047
53.74333867
53.78679393
53.82055958
53.90358313
53.92032032
53.92098893
53.96416478
54.15049145
54.22684855
54.33101469
54.37781023
54.47808273
54.49556199
54.61921081
54.80075578
54.97445738
54.98149454
55.04266651
55.07271056
55.07274391
55.50730338
55.52578165
55.62926748
55.84867323
55.86397442
55.94263542
55.96856831
55.99209318
56.02594845
56.03690674
56.06643476
56.08379608
56.13835378
56.20764217
56.24777704
56.24885118
56.28337787
56.31190517
56.37815642
56.42223655
56.44124882
56.57788616
56.72911072
56.76322921
57.01592513
57.02323041
57.02711163
57.08642616
57.13890933
57.25773131
57.27015291
57.31095451
57.32508261
57.55967471
57.58996236
57.73340304
57.81423008
57.87506350
57.88107738
57.89398686
57.95166385
58.22411211
58.26033789
58.28460716
58.31734962
58.51473470
58.65474868
58.67001185
58.74891931
58.84051268
58.88999193
59.08531102
59.11334621
59.11334912
59.15413170
59.29716808
59.35399928
59.35878700
59.48891766
59.58661945
59.68189434
59.78608779
59.83483660
59.94137079
60.28075278
60.30547928
60.35381581
60.35464961
60.43791318
60.64696072
60.66638392
60.79499484
60.93811774
60.98023852
60.98265099
61.03953400
61.11151307
61.24824030
61.45032071
61.45418655
61.48554823
61.49136890
61.49494273
61.59646798
61.60640315
61.62683496
61.65108522
61.87507590
62.02686045
124.00000000
