0.11508203
0.14921580
0.21386874
0.45167798
0.46425694
0.67306219
0.79487406
0.81939765
0.89124699
0.93262023
1.01783323
1.04256229
1.04511555
1.18052071
1.37245781
1.43602899
1.46485799
1.48515959
1.64202216
1.80976646
1.99896484
2.21692757
2.27047361
2.36752136
2.40528733
2.41128484
2.49192526
2.62280998
2.66915896
2.72578705
3.06958743
3.34250412
3.48179016
3.65851886
3.74194431
3.80388235
3.87786907
4.02064699
4.03339681
4.30242645
4.36721579
4.45359858
4.46023342
4.48403603
4.63144787
4.65154693
4.68345212
4.76421619
4.82766756
4.88947456
4.90151265
5.30248804
5.52787419
5.57853607
5.74118471
5.79785589
5.83268546
5.93307463
5.95101041
6.01638245
6.10480230
6.17524831
6.21429465
6.24602590
6.49854342
6.52113442
6.59041660
6.84156868
6.86701905
6.93589030
7.36708812
7.46361298
7.47968670
7.53640160
7.60037138
8.09707654
8.20196353
8.20879790
8.36332390
8.47653338
8.53048878
8.64225819
8.76606271
8.81411740
9.14314537
9.14369257
9.19193534
9.22604606
9.28196813
9.38633397
9.39366295
9.41591372
9.58268200
9.72190032
9.72650982
9.84376321
9.85915736
10.01780651
10.02680462
10.17028804
10.20456442
10.21304019
10.29886656
10.60283588
10.64885510
10.80332828
10.92311116
10.99711931
11.08436694
11.09636945
11.11632529
11.12807095
11.16313718
11.21067037
11.34315324
11.43690386
11.47523201
11.62561150
11.65943223
11.66344257
11.69906730
11.77335956
11.81100375
12.00454401
12.17902854
12.21126539
12.34615273
12.35687720
12.38123031
12.49508737
12.50446902
12.51601346
12.52090292
12.95601177
12.96195018
12.97458464
12.99069647
13.02589562
13.03069408
13.06508642
13.13946917
13.24919891
13.27775733
13.33190403
13.57630735
13.62826136
13.87575081
13.95028875
14.11672417
14.33187824
14.36227267
14.39891085
14.65910969
14.68141932
14.73629489
14.75865216
14.93578897
15.15954368
15.19913278
15.29127393
15.37688019
15.48885361
15.58346314
15.68280940
15.68760406
15.76721563
15.77321318
15.79561038
15.93709109
15.94660570
16.02303450
16.02789946
16.04710227
16.06292510
16.08978732
16.15379561
16.17750140
16.21322961
16.27197904
16.55732585
16.57990653
16.66987533
16.67936555
16.77643944
16.78193108
16.79905167
16.82201894
16.93357067
17.02119343
17.16273804
17.27133500
17.35692855
17.50169008
17.51953500
17.53665164
17.68420290
17.71905724
17.75525965
17.76329298
18.03544638
18.10596247
18.12222590
18.15550202
18.26463226
18.36604202
18.89215776
18.99765396
19.04521595
19.09388593
19.10400260
19.15005982
19.34349134
19.35453952
19.53433950
19.88403839
20.00032173
20.01215830
20.06270825
20.21146899
20.31741789
20.31981626
20.36537610
20.43626484
20.57374103
20.67134061
20.67408482
20.81440455
20.83385125
20.83912206
20.92281671
20.96378885
21.02976319
21.29571567
21.32343538
21.37079302
21.42372187
21.49695724
21.49930186
21.53199834
21.55679327
21.58513911
21.64436749
21.67372097
21.78438514
21.78853593
21.79669177
21.79743755
21.97555854
21.99716946
22.06577044
22.33576704
22.34573036
22.47436492
22.50105510
22.54695322
22.55187705
22.58714545
22.59000818
22.69148634
22.97726344
23.10952442
23.11446643
23.12059649
23.28203455
23.37695372
23.37994501
23.43670547
23.44798852
23.62556423
23.70717747
23.79527492
23.85104237
23.94563640
23.94738268
24.08229464
24.14690425
24.18654528
24.35677728
24.36394281
24.44303414
24.47561994
24.58147382
24.60119753
24.60617942
24.61780330
24.66467939
24.67518395
24.75738222
24.78410942
24.80502115
24.87675701
24.89024681
24.93171113
24.99752003
25.09762349
25.25726571
25.58789571
25.71388468
25.72609580
25.75079278
25.75638941
25.78682512
25.80214346
25.80336259
25.92839110
25.95791827
26.00819040
26.04638241
26.04932521
26.16209575
26.17256089
26.21406378
26.25780129
26.32894718
26.35247731
26.43772253
26.48069708
26.51427801
26.62136950
26.65306591
26.83344157
26.83580249
26.91623042
26.95491925
27.10053069
27.15088363
27.18157733
27.27056316
27.30433120
27.32385362
27.35493367
27.49882435
27.54145937
27.55133026
27.81308906
27.95421220
28.15996942
28.17630305
28.18772782
28.24887374
28.36616829
28.41805398
28.43132730
28.47956826
28.63361181
28.73489582
28.75807320
28.77616458
28.80163805
28.81999701
28.82831777
29.01567181
29.11754313
29.29138808
29.30279298
29.31314785
29.41561219
29.56380608
29.62320624
29.74446678
29.90299833
29.93293399
29.94797573
29.97031949
30.19678897
30.23130676
30.32116942
30.44280414
30.56740751
30.61363727
30.64032082
30.69710887
30.72153614
30.77076893
30.88166086
30.88647350
31.24893533
31.31513180
31.37189437
31.43868293
31.51170995
31.54087789
31.59681858
31.60399120
31.63237941
31.66836456
32.00568691
32.01346096
32.05899591
32.15820083
32.34995967
32.44553895
32.56254309
32.84381783
33.06830979
33.11669586
33.41834612
33.44685710
33.59089068
33.97375038
33.97789672
33.99412168
34.08808757
34.23877619
34.30843001
34.36591730
34.40909044
34.43542345
34.66771105
34.68872376
34.80654012
34.82245804
34.95955356
35.02824739
35.17871979
35.26822071
35.28560500
35.41786674
35.42454137
35.42481967
35.45484508
35.51717193
35.62798548
35.65511383
35.67890904
35.86054446
35.94738937
35.94801870
36.01051614
36.04758917
36.13711973
36.16258378
36.24675011
36.25712875
36.27634585
36.38463882
36.45736289
36.52586562
36.79107920
36.87406707
36.88973050
37.01769798
37.38943106
37.40547805
37.50491469
37.52449562
37.54400558
37.54939159
37.59348011
37.65022568
37.78196923
37.89400207
37.89790079
37.95257423
38.01684224
38.08680173
38.53787982
38.69652469
38.73201088
38.89244586
38.92603166
39.19038801
39.38932606
39.65569387
39.77308512
39.95151320
40.00488453
40.08903755
40.29830973
40.35360805
40.41075379
40.43592730
40.56864035
40.59875874
40.75244514
40.82727225
40.87798038
40.88234382
40.97606613
40.98130854
41.16443490
41.23244327
41.27902085
41.33499809
41.37536577
41.56049784
41.64563603
41.66670589
41.72991440
41.88990822
41.90275425
41.90988955
42.21553171
42.32411801
42.36600497
42.38390721
42.42089785
42.56009378
42.61878203
42.75723129
42.79698121
42.83601912
42.85157810
42.96462868
43.02110975
43.08768509
43.14603794
43.17680762
43.25409339
43.42332745
43.62375551
43.81299159
43.86662204
43.88498169
44.14227326
44.25832735
44.41124417
44.50598529
44.53277075
44.53796224
44.57832900
44.59713231
44.62041700
44.67757083
44.76211853
44.97136792
45.01239937
45.03497262
45.03905900
45.05830855
45.38885213
45.40122492
45.40454651
45.48339531
45.69962575
45.82118138
46.09107248
46.23186631
46.32029574
46.49193044
46.51249927
46.78178408
46.79328823
46.84538355
46.87054516
46.94076003
47.04812319
47.11651779
47.19930946
47.21081981
47.26058096
47.30123177
47.30645502
47.31555949
47.34292467
47.46059631
47.51171735
47.73854799
47.76106797
47.78567644
47.94484924
47.94634211
47.97280690
48.18499017
48.23875297
48.32625831
48.41411027
48.53645087
48.78898432
48.83849568
48.90421269
48.97040132
49.17938384
49.53710207
49.57989743
49.65337690
49.76851766
49.82221699
49.87982977
49.89448172
49.96192967
49.99498333
50.01642777
50.06833680
50.12322419
50.33813531
50.43744555
50.44762107
50.51328355
50.72248689
50.72293650
50.73836558
50.75899801
50.76033967
51.08404512
51.14670529
51.21616727
51.22938084
51.25160134
51.37263548
51.39567822
51.39702536
51.43380166
51.45661691
51.62317273
51.71850145
51.72497563
51.93476158
51.98972425
52.00045595
52.24663536
52.30265777
52.30421338
52.31972298
52.32287315
52.35965695
52.81016283
53.01295002
53.03380226
53.16890373
53.18190985
53.20428136
53.33908396
53.44158642
53.47213299
53.47585663
53.50680328
53.53819647
53.56379289
53.56395778
53.66925097
53.72980074
53.99341980
54.10289004
54.13462800
54.16374976
54.22577808
54.31310512
54.40584551
54.50731678
54.58503883
54.63020185
54.85218703
54.88411470
54.95239512
54.98921443
55.10690196
55.12227793
55.18430775
55.19704713
55.21497868
55.28439648
55.33562559
55.53794689
55.54294349
55.56017125
55.56651538
55.57455374
55.58301248
55.60366619
55.64472573
55.71821816
55.75457668
55.82113853
55.85848333
55.87013130
55.92564555
56.13274093
56.16504400
56.17358691
56.22035253
56.24138465
56.30293497
56.44124882
56.45954501
56.58006826
56.61315101
56.80629965
56.93344755
56.93478165
57.09197662
57.10125839
57.24051824
57.39936990
57.43772362
57.47554411
57.56670617
57.80523464
57.80791042
57.81520289
57.87339281
57.95212766
57.99363474
58.15757730
58.29022124
58.47984743
58.51267645
58.52661179
58.76575305
58.81906097
58.92659968
58.94269406
59.01458792
59.06465077
59.09108954
59.11841461
59.20147739
59.25607767
59.26473301
59.28814436
59.31961308
59.40158521
59.45590560
59.48161064
59.50414557
59.79141769
59.92807807
59.97821360
60.06388871
60.24080599
60.31819886
60.42210917
60.44125009
60.50267415
60.60652227
60.85151440
60.86615695
60.86981285
60.92860291
60.93744965
61.00983065
61.03666922
61.05514937
61.15416667
61.19974578
61.20597207
61.33179158
61.42166310
61.63675576
61.75634594
61.82641533
61.87503390
61.90114684
61.98311617
62.13355307
124.00000000
