0.04454883
0.04818587
0.10594195
0.14367939
0.39307059
0.45072730
0.50756083
0.54800716
0.80801008
0.81359457
0.93467648
0.99913785
1.19406246
1.41995919
1.43258278
1.44957057
1.47684121
1.53034378
1.53656768
1.56043152
1.57723807
1.67888818
1.69292226
1.76790133
1.89992827
2.09469284
2.15205974
2.19464168
2.27047361
2.28317574
2.36943674
2.37451608
2.49339719
2.54850249
2.58929264
2.60945993
2.68691777
2.84969786
3.05938002
3.12180849
3.36147625
3.43553366
3.50356432
3.55347447
3.68621823
3.78645273
3.87115393
3.93066735
4.07299998
4.13947427
4.45136420
4.52051787
4.63123546
4.69294805
4.69678037
4.78229724
4.78996245
4.98724254
5.03443545
5.06275887
5.23629098
5.32022157
5.46496540
5.54761532
5.70205845
5.78532205
5.80954454
5.81789241
5.97681374
6.03189121
6.07854251
6.19448169
6.20641456
6.27092491
6.31396198
6.56006501
6.56061744
6.72931621
6.75323758
6.75682197
6.87669173
7.03121953
7.04384005
7.04938495
7.09804004
7.25968846
7.32093977
7.33074628
7.35171995
7.35805716
7.39891548
7.59260364
7.59564126
7.62785324
7.70851572
7.85365329
7.97894817
8.03001674
8.04152411
8.13661672
8.14240903
8.15173709
8.23501934
8.30849407
8.36633109
8.72197055
8.74075536
8.77035721
8.80466484
8.94561355
8.96899150
8.97984207
9.08076803
9.08311366
9.16769322
9.25610088
9.26017540
9.27166327
9.41584235
9.50390544
9.50481433
9.53602837
9.58309590
9.59241882
9.60164960
9.62235379
9.72388120
9.73134258
9.79725676
9.84944076
9.87719897
9.95447679
9.95669069
9.95896130
10.15336436
10.23910677
10.27799947
10.33428802
10.39208085
10.61389992
10.86554745
10.88572768
11.25956986
11.28331735
11.30287271
11.58790070
11.81977977
11.85801041
12.18110097
12.25811110
12.32473672
12.33830697
12.40121875
12.53939063
12.56430936
12.70711134
12.73398766
12.88105570
12.91828711
12.94496113
13.04292257
13.07835557
13.08876792
13.11343938
13.33795315
13.43835460
13.46312906
13.61198644
13.64182366
13.67313760
13.84773932
13.89115452
13.90921664
14.01259347
14.02977917
14.13311242
14.14573090
14.22631356
14.22818634
14.25892518
14.65441629
14.74173829
14.74373306
14.74406484
14.76771306
14.89749562
14.92610702
14.95227274
15.18718314
15.23915897
15.50434854
15.55582960
15.62467406
15.66890048
15.71242410
15.72141198
15.85115848
15.85882215
15.86233355
15.88237789
15.90177267
15.95328062
15.95946501
16.12535550
16.14621426
16.16260231
16.21783493
16.24288494
16.32743010
16.40084680
16.46945141
16.76675226
16.78372715
16.78691566
17.14531236
17.40216300
17.61266492
17.63823868
17.74790090
18.00197593
18.20713390
18.27146417
18.32831495
18.46214007
18.47623747
18.64292742
18.65717278
18.80876000
18.87074193
18.89974750
18.92731863
18.98121625
19.17905945
19.20383539
19.20967640
19.29910183
19.36126219
19.36464879
19.37243372
19.42387431
19.50078719
19.62750747
19.68383538
19.89632680
19.99485662
20.00731525
20.34641466
20.39122701
20.50848428
20.82492265
20.95471466
20.99524975
21.24977716
21.40797268
21.41169975
21.50647119
21.91991657
21.93615050
22.02624204
22.09592099
22.12076877
22.19867893
22.36303422
22.46041695
22.53332510
22.56386437
22.79068962
22.84562634
22.90116500
22.97536349
23.11769020
23.17508515
23.17963419
23.19362058
23.23665521
23.23799929
23.23936293
23.27361274
23.28190607
23.30327079
23.44088799
23.46378510
23.47537906
23.49021142
23.52323531
23.58133208
23.78166947
23.85615084
23.86649512
23.98073999
24.17698084
24.20765303
24.28660644
24.33207119
24.48539135
24.50757995
24.51759037
24.52394017
24.69310407
24.95057499
24.99997563
25.01584807
25.03101409
25.07906598
25.22874200
25.35176793
25.37842315
25.43026342
25.46699602
25.49492501
25.83848299
25.86731784
25.94498218
25.95940988
26.04062707
26.11597856
26.14072769
26.28596454
26.42545133
26.73292041
26.80699051
26.89131862
27.15088363
27.25615051
27.28999903
27.36942439
27.58252935
27.67786134
27.99084472
28.15339153
28.16829916
28.19591177
28.29983162
28.32124692
28.32334569
28.34839411
28.35030028
28.48427749
28.53109667
28.63327063
28.77428777
28.80770794
28.81157842
28.96095361
29.11681632
29.49254429
29.58846975
29.61481862
29.62776681
29.63902220
29.63949829
29.66363789
29.75726943
30.35188678
30.57966684
30.65287699
30.65779794
30.69173074
30.71697136
30.94049347
30.96884378
30.96940260
31.00478022
31.03104193
31.11899713
31.23363853
31.23760388
31.42939715
31.52700574
31.53739033
31.54925922
31.64105669
31.66836456
31.72749562
31.98200057
32.08975330
32.11167256
32.13275565
32.36757736
32.37063100
32.42693887
32.50634756
32.60245009
32.69138252
32.71591015
32.76868930
32.91724339
32.91901270
32.92911882
32.94212083
33.07490831
33.28492950
33.54597809
33.63712555
33.82080674
33.89411986
33.95751025
34.03740500
34.38574548
34.40671559
34.56711668
34.86512369
34.88297870
34.94821266
34.96068128
34.96333261
34.96668541
35.02752424
35.08924296
35.27749635
35.35430909
35.47270079
35.48780173
35.73176554
35.77073984
35.81604761
35.99555965
36.16666489
36.20823986
36.26221042
36.38463882
36.40116065
36.48638652
36.54578113
36.73114306
36.80159484
36.94522276
36.96581553
37.15717463
37.24199125
37.30525345
37.38023116
37.43561255
37.49581007
37.55093724
37.59421661
37.59723780
37.72621627
37.77547560
37.87805811
37.98318733
38.06814474
38.11549791
38.12709901
38.34036759
38.53838599
38.55364966
38.59802629
38.67734971
38.86326573
38.90532535
38.94931173
39.08308446
39.16194776
39.19940108
39.58656551
39.71813191
39.74762697
39.79145142
39.81127046
39.86902349
39.90178488
40.00129428
40.03075245
40.03740965
40.25305251
40.31429399
40.43592730
40.44664376
40.49728001
40.55228509
40.56508904
40.71666097
40.74408837
40.88129036
41.01777073
41.12298534
41.14498399
41.18281016
41.43186474
41.50746751
41.50797239
41.60063584
41.70934039
41.81231902
42.01568690
42.05051009
42.10773540
42.37818270
42.39386401
42.47469515
42.47505070
42.50477835
42.54723215
42.57085293
42.57566806
42.63915501
42.82801227
42.94468825
43.01855444
43.04169626
43.09448152
43.12592491
43.18276513
43.24911044
43.28685180
43.41777357
43.42158618
43.52646335
43.55988252
43.61531553
43.76037328
43.81226515
43.88877704
43.92465984
43.95948580
44.01170051
44.01419253
44.04089467
44.07180812
44.11869215
44.18617893
44.21056339
44.47976561
44.53431022
44.54088244
44.54346273
44.55366503
44.63829867
44.66478486
44.67757083
44.86725309
44.87081994
44.94520439
44.99106676
44.99316267
45.08979198
45.13750354
45.14776630
45.15709253
45.31873353
45.32086594
45.37676705
45.40711274
45.43102296
45.47366998
45.47893520
45.64750451
45.75999812
45.79088285
45.85171686
45.91180145
45.98633424
46.05129886
46.15537821
46.16352740
46.21174913
46.29991112
46.33809752
46.52535964
46.66431701
46.67077254
46.68507350
46.80815964
46.80925472
46.95103081
47.01939041
47.02557044
47.04562932
47.24821258
47.30907169
47.51081932
47.54868615
47.61032055
47.74151547
47.78210614
47.83526436
47.85344734
48.09107766
48.19699420
48.19883548
48.24512163
48.34452760
48.36361871
48.52635299
48.54108181
48.66489547
48.83798065
48.90714166
49.02840714
49.15683857
49.21610365
49.37469141
49.54568427
49.75410962
49.78587833
49.80997537
49.82398030
49.83200826
49.83260647
49.87985321
49.92176411
50.01571809
50.26991265
50.35270927
50.40176710
50.55705083
50.63928328
50.70098368
50.91573816
50.94273383
50.97259129
51.03950320
51.24611841
51.26388901
51.42574549
51.67520394
51.72867744
51.77538526
51.78442430
51.82152698
51.86456025
51.87872670
51.91611985
52.03666748
52.08795590
52.11404286
52.15731867
52.49851213
52.51869558
52.52745734
52.67749150
52.79635359
52.83704536
52.90838317
52.92984670
52.97993890
52.99798597
53.05724538
53.15728344
53.28867801
53.29635469
53.32441768
53.33790771
53.38417134
53.39463833
53.43928809
53.45316495
53.69322422
53.70095342
53.72919917
53.74857211
53.83582566
53.89817918
53.90889826
53.96334525
54.14034058
54.25834472
54.26540581
54.26825457
54.30136713
54.33812032
54.37388786
54.56641555
54.61766779
54.75127078
54.77975566
54.78436868
54.94779591
55.10306894
55.23964416
55.50969812
55.53867365
55.59702336
55.78457392
55.84555695
56.02927271
56.12698546
56.17708146
56.28369069
56.43135422
56.52126880
56.58179112
56.62211517
56.68502818
56.76617247
56.82127971
56.89470325
56.99197997
57.04658142
57.14643818
57.18970509
57.28547263
57.30723745
57.31280818
57.37670691
57.44336753
57.58042916
57.65123291
57.66332719
57.77187718
57.89047370
57.89836484
58.01322366
58.10803554
58.11545450
58.17702568
58.17908675
58.19383439
58.26456399
58.59781756
58.72648759
58.80467313
58.86608281
58.90034828
59.16960214
59.30254367
59.31592183
59.38283831
59.39632153
59.46134450
59.50163920
59.54075591
59.55275657
59.68602139
59.69436618
59.69448709
59.77367191
60.00311483
60.11556338
60.21098597
60.29637560
60.29983788
60.31412422
60.34767118
60.44884831
60.46592265
60.69550012
60.96434094
60.99106241
61.05115919
61.05745999
61.26874029
61.34887589
61.36744911
61.65568177
61.65576498
61.76145893
61.77403213
61.86017971
61.92218234
61.96952561
62.01462995
62.14400509
124.00000000
