0.03231218
0.03695852
0.05828874
0.05836372
0.07639614
0.07998277
0.22147143
0.23568036
0.24636008
0.45290623
0.55049767
0.57043403
0.57069888
0.57089710
0.60466383
0.67617330
0.70771537
0.73778853
0.76979436
0.89356010
0.99442194
1.09114262
1.10013129
1.13932926
1.16940985
1.23843999
1.26345645
1.31923299
1.63895188
1.66800897
1.69090549
1.86016620
1.90056642
1.96219750
2.05057823
2.08846160
2.12913810
2.15140525
2.32403950
2.33734762
2.33893581
2.35274430
2.37361147
2.44633000
2.46054034
2.53924705
2.56351937
2.83203389
2.92802019
2.95293660
2.97586377
2.99188450
2.99610381
3.02830131
3.03403837
3.09550914
3.13100557
3.25558418
3.28104543
3.36932095
3.62806197
3.64529840
3.76160434
3.82590530
3.83272611
3.94132358
3.95758364
3.99271489
3.99585766
4.02520256
4.04634465
4.17234016
4.18005798
4.22914071
4.40668792
4.45902869
4.53053562
4.62841357
4.76342268
4.78048987
4.85883366
4.89502874
5.02726641
5.12117314
5.14650892
5.16109087
5.20919284
5.33734974
5.35266660
5.42408905
5.44747407
5.59011113
5.59679833
5.67548509
5.81639084
5.98585339
6.07852824
6.31192614
6.37375494
6.39602056
6.57843407
6.58936289
6.71637497
6.75522638
6.83073824
6.87262308
6.94173923
6.99475981
7.03859375
7.04685199
7.13289765
7.16894241
7.18164593
7.56562959
7.61499070
7.64714397
7.82415867
7.84816529
7.88384211
7.90174235
7.92432251
7.93775695
7.97671523
8.00617329
8.13417899
8.19040502
8.20613248
8.31584377
8.32339519
8.39290558
8.53858763
8.57596511
8.61126697
8.65465231
8.65968757
8.66885657
8.70103573
8.80551289
8.87084881
8.90943705
8.97686170
8.97899896
9.06978511
9.26017540
9.36185594
9.38541561
9.47867062
9.80142081
9.83225952
9.84164155
9.97848685
10.08740006
10.09669825
10.13474739
10.17804155
10.20327713
10.21142748
10.27482260
10.30221262
10.33389415
10.90994129
10.93046114
10.99932442
11.01756160
11.04988957
11.05016477
11.15341281
11.17274961
11.27245468
11.28945179
11.30571914
11.32570775
11.36284701
11.40080515
11.43225904
11.52274347
11.75670631
11.80676035
11.81957649
11.89408679
12.39748823
12.61421831
12.71992704
12.81380317
12.86888818
13.04407289
13.27870125
13.29467659
13.38858247
13.42406900
13.43187163
13.46824779
13.70962827
13.81199919
13.87527585
13.94225508
13.95792515
14.02396206
14.26287258
14.27728853
14.30735272
14.41211305
14.45132244
14.53210059
14.73634304
14.85062081
15.02591464
15.10694888
15.22175791
15.26187989
15.36065607
15.48340687
15.51699268
15.55582960
15.61547667
15.74150359
15.81572129
15.89095563
15.90946249
15.92459480
16.16710179
16.17528182
16.19533340
16.35367672
16.64903016
16.85566628
16.94727462
17.00692353
17.21093294
17.21667654
17.47120258
17.54501924
17.67707209
17.70085028
17.75801586
17.76446419
17.80956723
17.84217628
17.86833436
17.95212505
17.95885035
18.03033220
18.05142350
18.10239753
18.13144001
18.18974557
18.21674277
18.33526141
18.43093343
18.49522915
18.55141670
18.57760841
18.58713154
18.65331245
18.68176105
18.69191143
18.82712669
18.91818608
18.96727376
18.98129694
18.98381390
19.00474786
19.04777208
19.11997452
19.28718008
19.30317948
19.34452705
19.43560226
19.46535365
19.60009346
19.60290941
19.67310905
19.90773716
20.04558018
20.08439555
20.09171686
20.14107055
20.26596185
20.28970706
20.33561644
20.34516070
20.59135641
20.68437853
20.69664395
20.82802833
20.94252385
20.96784984
21.15794676
21.17189765
21.36566678
21.39170009
21.41376376
21.47912207
21.58897125
21.65592414
21.71595106
21.75125899
21.77680324
21.78788314
21.95194182
22.10526596
22.27544407
22.27997715
22.39072450
22.52186738
22.62523737
22.66625157
22.77909627
22.84794310
22.97483718
23.11365067
23.18174687
23.20684567
23.42496719
23.43339558
23.44695516
23.53170850
23.73240298
23.81238168
23.89627071
23.97602237
23.98541876
24.16578597
24.17355890
24.30024235
24.31868289
24.35331807
24.36732242
24.44440725
24.54882986
24.81578378
24.86083080
24.90335409
25.05300896
25.08930410
25.15576828
25.16812261
25.25977773
25.30316750
25.85098844
25.88189598
25.99227609
26.21434999
26.22526963
26.28680815
26.47878930
26.52188003
26.57629284
26.58744217
26.59285359
26.62136950
26.63365156
26.70955284
26.72034521
26.82996757
26.97712511
27.11024812
27.15084133
27.17494328
27.22772189
27.33414753
27.33631212
27.40155309
27.42888435
27.56369904
27.57171669
27.60760258
28.02427435
28.03159731
28.04530652
28.17818309
28.24910376
28.26015457
28.30122680
28.32922243
28.48244957
28.48670201
28.59171421
28.63672651
28.64173608
28.71235975
28.75593443
28.91759492
29.02171758
29.67389267
29.72807684
30.02304728
30.02406491
30.04741004
30.08146797
30.16942393
30.23207336
30.24245957
30.45319745
30.45437909
30.49258026
30.51423270
30.55976137
30.56636645
30.65374765
30.99066300
31.04449034
31.26383696
31.31794772
31.48810833
31.56720632
31.57924366
31.59369529
31.76474527
31.95258252
32.24730161
32.32999491
32.38453634
32.50729875
32.54172725
32.58148609
32.64842619
32.75327521
32.83094963
32.84279444
32.90868507
33.12550615
33.15242989
33.28492950
33.31725500
33.65401629
33.71449398
33.81771776
33.84668497
33.93072177
33.93398493
33.94504128
34.05939963
34.17674981
34.21518774
34.27471514
34.38186988
34.42473530
34.47571974
34.66954544
34.68872376
34.76142301
34.78804572
34.92409869
35.22444933
35.31335862
35.61435433
35.62187204
35.69052845
35.76325579
35.86594467
35.98276611
36.03911618
36.10843733
36.22396548
36.26772527
36.31111638
36.50056435
36.64784946
36.78675773
36.90372866
36.96314985
37.00642376
37.03174702
37.06825869
37.13034240
37.14612857
37.21852650
37.28170355
37.31105065
37.38374500
37.43673088
37.53649747
37.57142697
37.84200133
37.87027398
37.92538235
38.00372557
38.08188112
38.09129457
38.10094293
38.36616309
38.45466990
38.48249954
38.48755850
38.77952462
38.78366115
38.89989013
38.94251966
38.96886778
38.98583568
39.03617492
39.07335135
39.08308446
39.24653086
39.25697575
39.34988571
39.59510663
39.62546734
39.68713699
39.71287418
39.76536874
39.81940246
39.90460266
39.92568446
39.93112951
39.97718991
40.18908781
40.26518134
40.27592136
40.31307125
40.37145986
40.71111680
40.94258866
41.15067686
41.26108142
41.37632750
41.39032841
41.43385404
41.51110817
41.72177105
41.76016886
41.76568090
41.78641064
41.79565503
41.80585570
42.15837945
42.17833866
42.21057594
42.28899750
42.33950849
42.53697174
42.53708852
42.68523302
42.78933957
42.86811516
42.93243320
42.95864809
43.07168265
43.20931934
43.21022877
43.27934388
43.28270649
43.31950937
43.46548275
43.49700689
43.55547967
43.68381862
43.72706859
43.73021251
43.73441217
43.78966437
44.14989484
44.17970288
44.37608090
44.50903030
44.56428327
44.59768964
44.74108429
44.79501352
44.79757105
44.86540015
45.11537378
45.17665433
45.19846723
45.35314819
45.46882743
45.51134187
45.58636703
45.59669597
45.71431943
45.72825121
45.73678697
45.76784476
45.76792856
45.80217443
46.05823465
46.07700733
46.24599905
46.28073464
46.37324762
46.40448945
46.41970747
46.48275819
46.56184231
46.79127808
46.80680004
47.06216030
47.09904974
47.10367266
47.21268326
47.30691181
47.31600540
47.34262799
47.43932059
47.46916443
47.48408662
47.51081932
47.51191476
47.52797775
47.54512723
47.64567544
47.71889227
47.75687036
47.78695189
47.80808724
47.85188879
47.85333998
48.05304268
48.09715014
48.12061627
48.27551626
48.32424253
48.35921996
48.47428168
48.54296185
48.75282227
48.81718229
48.91171088
48.93761654
49.04712309
49.20194281
49.27138041
49.30553167
49.35585593
49.37416467
49.41215834
49.45876980
49.54142829
49.67766963
49.69408101
49.80207085
49.83843486
49.86474458
49.92833756
49.96457975
50.01320336
50.10930449
50.14776866
50.22854080
50.27342511
50.32001034
50.33400462
50.34866711
50.39043125
50.39832535
50.45187996
50.45809260
50.51691261
50.59166503
50.65444528
50.68894813
50.74432022
50.74460922
50.74546819
50.84374714
50.88030013
50.99758540
51.10094750
51.26143968
51.33035062
51.34592203
51.39696021
51.41023673
51.43947953
51.49141264
51.57208129
51.59770652
51.71816674
51.85434982
51.88465799
52.09716855
52.20384472
52.34365972
52.40623305
52.47959719
52.80019038
52.88093310
52.98230627
53.07905313
53.08524818
53.10440109
53.12059246
53.25518284
53.27328749
53.28555248
53.29952661
53.29988773
53.32790814
53.33908396
53.41262576
53.42701112
53.43653323
53.49228109
53.59691676
53.62839239
53.69196611
53.82788382
53.84990984
53.85026370
53.87282768
53.91153744
54.03924675
54.04042228
54.07075420
54.16374976
54.27126569
54.28433520
54.40668103
54.46543109
54.60929837
54.66459253
54.84125438
54.89618918
55.04042499
55.12233809
55.45161195
55.48536718
55.65438437
55.80938188
55.89892371
55.90067300
55.92295045
56.02928835
56.03553664
56.13821253
56.16647116
56.24572683
56.28921592
56.42392993
56.44212890
56.46728347
56.62504174
56.62591114
56.63779030
56.63983068
56.69803366
56.71482197
56.82409369
56.88386122
56.92324455
56.97066264
57.17367768
57.22893840
57.62530163
57.76398361
57.80839318
57.85036925
57.96789401
58.03130192
58.30046248
58.31755474
58.38357686
58.41149675
58.57717104
58.58193457
58.61053653
58.73122694
58.81099581
58.84393461
58.92793413
59.07703354
59.10168873
59.23446742
59.24465943
59.27221420
59.43519122
59.45708490
59.49118903
59.62741438
59.69176702
59.69436618
60.01592568
60.02461869
60.14888169
60.20313038
60.23731852
60.32000646
60.38090082
60.38281937
60.73007481
60.84539046
60.92066431
60.93885501
61.03953400
61.10221964
61.16081905
61.21748025
61.27782471
61.55464894
61.60173321
61.60678509
61.69968499
61.75084739
61.95993940
62.00158216
62.02686045
124.00000000
