0.03023890
0.03996430
0.05387683
0.17074217
0.20848191
0.21386073
0.46346211
0.68937018
0.89356010
0.98071022
1.07258090
1.09149454
1.20282902
1.22134783
1.35173638
1.49845742
1.85173688
1.86300118
1.99471333
2.15205974
2.33530388
2.48879480
2.58120145
2.59055421
2.61509785
2.62124463
2.68272553
2.72862118
2.74766020
2.78602614
2.86227713
2.96588995
3.11869865
3.14895712
3.20371141
3.29248646
3.33049186
3.38404886
3.51058789
3.74903413
3.81200282
3.96360953
4.03061901
4.09332752
4.11909842
4.28619288
4.45673535
4.53838200
4.53954153
4.58701068
4.60357734
4.62305205
4.63317916
4.70866765
4.85190528
4.89375793
4.90535731
4.97049783
4.99741229
5.11834606
5.38581005
5.41415747
5.42132244
5.46461495
5.53575353
5.54171217
5.56607843
5.57111196
5.59249577
5.64164180
5.69130623
5.69995873
5.79437275
5.91926566
5.93152709
5.99221619
6.01858253
6.07407450
6.12687549
6.15134805
6.21004254
6.30975431
6.52477290
6.57019732
6.59476426
6.72902608
6.74002587
6.90031126
6.98934073
7.04003841
7.10855208
7.11762742
7.14063555
7.27172169
7.37861532
7.39224428
7.50102608
7.54137532
7.54893301
7.56480157
7.60266991
7.63526202
7.73161467
7.75820157
7.77628652
7.84751995
8.01067188
8.06450798
8.12198539
8.16276902
8.21874915
8.30302234
8.56527070
8.72541025
8.77158461
9.00972460
9.14003919
9.26720560
9.33677821
9.52693846
9.55091364
9.60588221
9.64800737
9.68638666
9.71458586
9.80069752
9.80140384
9.81133872
9.90753523
9.94591519
9.95095484
10.06740062
10.11947540
10.17460250
10.19764293
10.26257191
10.45008965
10.50248756
10.68364362
10.73597848
10.98245107
10.98777215
10.99037463
11.01727128
11.15603321
11.18968139
11.28031158
11.32078200
11.48399511
11.54464240
11.54648153
11.60227493
11.63409345
11.66953395
11.73518437
11.79592046
11.80428587
12.07042844
12.08351637
12.18922288
12.29848149
12.33889983
12.42131412
12.45882356
12.52368444
12.77503408
12.96869271
13.11038385
13.14129736
13.17012178
13.20644698
13.25866483
13.26494661
13.40656037
13.45031885
13.60735931
13.62457694
13.67063087
13.72119457
13.83916233
13.85175751
13.85256858
13.94599186
13.99189953
14.13524624
14.23421909
14.24591474
14.32814074
14.36157983
14.42100718
14.53390104
14.54350150
14.55877088
14.62536019
14.66795233
14.74358266
14.88698043
15.20114761
15.20356251
15.28527723
15.40149643
15.41966885
15.48407971
15.53814796
15.63625192
15.65018604
15.68214578
15.74903315
15.88479424
15.96255170
15.96300625
16.00573324
16.02896402
16.12959967
16.14819905
16.19334722
16.24013399
16.43766934
16.51669649
16.56298098
16.58622368
16.61526770
16.62695300
16.69496180
16.91385560
16.98144053
16.99689824
17.03674638
17.06416865
17.14047188
17.17336197
17.32223409
17.36916482
17.40024359
17.40892331
17.46003313
17.48771217
17.65202534
17.67707209
17.68085925
17.91621284
17.92789375
17.93312750
17.96781759
18.08708359
18.08949323
18.22888421
18.26194675
18.44249960
18.49715203
18.51638202
18.54009532
18.55016059
18.67116461
18.78342367
18.81231671
18.84504902
18.85436919
18.94235975
18.95760545
18.96343475
19.11357317
19.11679674
19.20098595
19.53744953
19.58932388
19.62075210
19.86454202
20.03111155
20.05274469
20.20784916
20.20850194
20.29392366
20.37381187
20.39195612
20.44175075
20.78670042
20.84019164
20.84132327
20.89315148
20.90701250
21.06012888
21.25540127
21.26301291
21.35071093
21.35896485
21.57730018
21.62494821
21.72818788
21.82418711
21.82993273
21.83044370
21.86761825
21.89751032
22.08356777
22.28961166
22.44681513
22.58780368
22.61808350
22.64180634
22.69751271
22.73289287
22.80108728
22.88226191
22.90043363
22.90904207
22.97386928
23.04810542
23.23711773
23.30472555
23.35467481
23.46173532
23.54033223
23.75832085
23.86370501
23.99779822
24.01786037
24.05059177
24.12026212
24.17725910
24.19131664
24.21068741
24.31555310
24.46876507
24.57468068
24.58501291
24.70525410
24.70540950
24.72216766
24.81221951
24.91155642
24.98044626
24.98879838
25.00516195
25.02333207
25.02668694
25.23450822
25.24158270
25.25263539
25.38319673
25.38988296
25.53984771
25.58933155
25.59158064
25.60697521
25.64095035
25.66682159
25.71954070
25.81561918
25.84115631
25.86377425
26.08187168
26.18665621
26.26349659
26.34772765
26.45384098
26.51099805
26.54275764
26.64164135
26.68423769
26.71600906
26.81387473
26.88029215
26.91178505
27.16474349
27.22398744
27.31404469
27.32619796
27.37774506
27.39560979
27.56369904
27.60106986
27.76751491
27.83220679
27.86371323
28.02400740
28.04968923
28.12801447
28.14293928
28.30893501
28.40803743
28.49254400
28.83477751
28.88976831
28.95991982
28.96067071
28.98604806
28.98670024
29.04291684
29.16343606
29.26080713
29.48859103
29.55822088
29.64625514
29.64983189
29.70595979
29.76956178
29.90947172
29.92033124
30.03380649
30.15195058
30.24927581
30.34156182
30.76440125
31.02990238
31.11161869
31.13682264
31.42529924
31.46869395
31.59821404
31.68167155
31.88767510
31.91547645
32.20490900
32.56201525
32.64446669
32.81816954
32.94212083
33.08471958
33.08943483
33.11762859
33.17029818
33.21800501
33.24994242
33.40434973
33.68721213
33.69488810
33.82101371
33.90215154
33.91544639
34.15532285
34.17969175
34.31256572
34.37350195
34.42277538
34.81523558
34.86577845
34.92436250
34.95959864
35.01293909
35.03915761
35.09562010
35.15965202
35.18296313
35.21726202
35.21975994
35.39175277
35.51475027
35.55821677
35.56699337
35.66663978
35.69703392
35.77631494
35.85504992
35.89378363
35.89847011
35.97193256
36.00636088
36.17500772
36.26221042
36.43407776
36.44507547
36.44900880
36.48150370
36.74040563
36.74125748
36.84592622
36.98122978
36.99527100
37.25602292
37.39020650
37.40547805
37.53051997
37.63684127
37.64725184
37.71779046
37.80041494
37.89996976
37.90520245
38.28208773
38.30807097
38.34622866
38.34852739
38.43335788
38.53904389
38.58112055
38.66495283
38.72366585
38.72907634
38.73787466
38.77729038
38.94580235
38.99369270
39.19732938
39.24157363
39.37552043
39.82830724
40.15129432
40.38038076
40.39598402
40.59214564
40.59526233
40.59860871
40.60440103
40.67961383
40.82803768
40.84779646
40.87995064
40.88828046
40.93955612
40.98403066
41.08767302
41.23394639
41.24557928
41.47792140
41.51709607
41.63330696
41.66520449
41.72091442
41.81024090
41.81082172
41.89155340
41.98763602
42.02757514
42.18386923
42.20261918
42.27204080
42.30742480
42.44868696
42.45641292
42.49100381
42.60231779
42.78010698
42.89543186
42.99150616
43.00168576
43.09743010
43.10517863
43.14155868
43.17577103
43.31013691
43.47097349
43.51125877
43.59147173
43.68072272
43.71922600
43.72831838
43.80513510
43.86384814
43.88814859
43.90580600
44.15791454
44.19975422
44.35618921
44.44650390
44.66589089
44.70761668
44.74840649
45.03764180
45.19923988
45.31408162
45.34411948
45.36290991
45.37019119
45.44793953
45.76855653
45.99710747
46.05150942
46.09137396
46.23202057
46.24131879
46.45331822
46.50091500
46.54527766
46.56495580
46.78295326
47.03606031
47.13560795
47.16252403
47.17299710
47.25194706
47.41763342
47.63417518
47.97892741
48.03975879
48.07120196
48.09785470
48.21733626
48.28751277
48.31536756
48.34939100
48.46129641
48.52585280
48.65400948
48.73089215
48.74746162
48.79918487
48.81432961
48.82873541
48.93145570
49.01589766
49.03368892
49.10262787
49.15770498
49.25095563
49.39176219
49.43149704
49.59454377
49.80915542
49.86171903
49.90145541
49.95893684
50.23001802
50.28987162
50.30136889
50.30735813
50.42763696
50.45498541
50.47929608
50.50509106
50.62261048
50.83231021
51.05412411
51.06370469
51.16449552
51.19705662
51.36327725
51.38508565
51.51793893
51.60931655
51.64728723
51.67567953
51.68601667
51.69503520
51.86718099
51.87153126
52.06006944
52.13544144
52.30011088
52.30926872
52.32660471
52.32720081
52.34098611
52.38554440
52.46392349
52.67222506
52.71247662
52.71693198
52.76772937
52.81114886
52.85211386
52.89485529
52.95890056
53.01295002
53.08087401
53.16917940
53.28224168
53.28803049
53.34707257
53.45696912
53.53574384
53.59236758
53.64006001
53.68966378
53.92351525
53.99893821
54.08547707
54.14813814
54.16034229
54.27760023
54.29655595
54.75313258
54.87165425
55.00808455
55.01149478
55.34918008
55.47473535
55.48370960
55.51370529
55.65690525
55.76718408
55.77780975
55.81042100
55.86731668
56.01441048
56.07141538
56.13707827
56.15167772
56.15219740
56.15808930
56.16500990
56.23254697
56.26895028
56.37468401
56.41158943
56.49307738
56.52284762
56.73819112
56.77959208
56.83078824
56.88598105
56.89284934
56.91905500
56.96255557
56.99471959
57.07351994
57.08547295
57.13613486
57.25619675
57.28984005
57.37291540
57.45426243
57.45947775
57.53237226
57.59606691
57.68882369
57.71535279
57.84370815
58.02692813
58.03364566
58.06121459
58.34057504
58.34638265
58.38952894
58.40538917
58.60591888
58.69454308
58.75007039
58.75783735
58.80917106
58.84116768
58.93939693
59.00162757
59.22742449
59.35226130
59.44146687
59.54255880
59.54512327
59.64457989
59.67225517
59.70446096
59.71029957
59.93166887
59.94004303
60.03248366
60.07782329
60.17723297
60.21007677
60.32132134
60.40552782
60.47008940
60.48262843
60.61315648
60.67582979
60.77676567
60.84615467
60.85123617
60.85190026
61.06313872
61.13945210
61.17713737
61.18420943
61.21697403
61.21868570
61.24923943
61.25121598
61.29104090
61.41677172
61.50083239
61.52461445
61.67089873
61.74567926
61.93171222
61.97572395
62.04994604
124.00000000
