0.02424731
0.03324509
0.04404376
0.05608869
0.26767094
0.47410345
0.57015574
0.57069888
0.60690033
0.61855287
0.62825647
0.63697863
0.67367669
0.72382121
0.90104017
0.93025625
0.93673182
0.97240965
0.99378578
1.08520851
1.45105802
1.57720954
1.57842184
1.69916669
1.72903401
1.79726752
1.84273905
1.93455296
1.96083279
1.99471333
2.00673746
2.13150277
2.14898793
2.21009411
2.23930587
2.25263542
2.28422785
2.35274430
2.46003314
2.54577396
2.57493891
2.78628646
2.93388292
3.00735095
3.04016333
3.05665057
3.26117658
3.27292563
3.32480305
3.59634880
3.69465919
3.93450523
4.04368542
4.10821981
4.21567416
4.22486157
4.28159125
4.30287235
4.36847628
4.52398775
4.73071830
4.76211070
5.01533026
5.09861897
5.13355002
5.41793051
5.47821938
5.49305187
5.54541289
5.68161235
5.88330174
6.14830398
6.16603067
6.19415403
6.20756915
6.36826314
6.48868537
6.56512661
6.67384947
6.71392622
6.86571697
6.91886986
6.97179961
6.98340732
6.99095948
6.99704149
7.46691807
7.85263779
7.95761533
8.18952847
8.21583546
8.31818653
8.34048941
8.36620649
8.37497254
8.67595042
8.68031316
8.79722836
8.80148882
8.88564954
8.98821859
9.05648003
9.08336751
9.09818708
9.23217056
9.29921672
9.29971494
9.43080087
9.71765315
9.73134258
9.73855528
9.74241976
9.98487346
10.06814170
10.17460250
10.58696891
10.64750207
10.94364602
11.12609230
11.45004508
11.46670406
11.50720551
11.61509152
11.68544173
11.80817886
11.99843866
12.14278042
12.23866415
12.34112767
12.34816308
12.36714526
12.53895495
12.54293564
12.55893907
12.62231084
12.68721571
12.69146238
12.79498660
12.80146916
12.87469053
12.95326684
12.97333747
13.05264784
13.15522253
13.19672831
13.23286511
13.26510038
13.27914046
13.35359590
13.42886717
13.54829348
13.60496710
13.64584278
14.20174107
14.38382042
14.45053469
14.48764601
14.70517159
14.80420262
14.85062081
14.85141059
14.94733965
15.01148929
15.01891289
15.18718314
15.20114761
15.24653136
15.48975376
15.50322454
15.64727130
15.67176348
15.68812102
15.73998873
15.85547086
15.86561203
16.05294486
16.14414926
16.15518756
16.36237164
16.38132723
16.38869416
16.78737398
16.79538851
16.80312229
16.98483240
17.07544645
17.09705859
17.09910567
17.10452979
17.12806060
17.22616292
17.35356836
17.38559399
17.43644044
17.52340588
17.53436788
17.67855905
17.71033912
17.73779698
17.86683901
18.12860326
18.13103775
18.26617050
18.40401725
18.40952523
18.51046155
18.55136640
18.58713154
18.58961634
18.69989318
18.78995021
18.96776748
18.99342162
19.08542887
19.12831979
19.16854479
19.21473696
19.21559487
19.22338069
19.31909147
19.45104521
19.70862487
19.76294106
19.79909950
19.87112250
19.87993383
20.08370003
20.10430317
20.14249272
20.26343501
20.35019273
20.39315619
20.41414661
20.69799808
20.81507318
20.88562534
20.90329567
20.92349496
21.01015147
21.07555442
21.25616125
21.38921867
21.57813977
21.61278913
21.72518966
21.86256980
21.88548358
21.95046221
22.30179968
22.33296221
22.46844905
22.48018514
22.51818976
22.52761015
22.55937430
22.62604809
22.66380054
22.81132224
22.98975283
23.11769020
23.26998571
23.30483450
23.40771680
23.53451410
23.54939673
23.59508182
23.78217072
23.81725472
23.84536023
23.87187156
23.97778752
24.01757417
24.03816409
24.04163349
24.12676858
24.14453676
24.27395770
24.37524874
24.42835733
24.43309628
24.52735671
24.54882986
24.57484318
24.77695664
24.78717972
24.79594972
24.81500710
24.85893185
25.02625771
25.06996475
25.17101749
25.23986987
25.26635996
25.47376921
25.74748215
25.88790636
25.95624389
26.04091682
26.12957904
26.23054385
26.25202860
26.31607639
26.37713962
26.41899463
26.47566925
26.47641957
26.47730245
26.49165614
26.82047872
27.02686115
27.04453842
27.10811599
27.30060737
27.31790131
27.43175973
27.43689367
27.49063470
27.59039176
27.63798477
27.75836464
27.76766433
27.76932036
27.89660573
27.94090378
27.95421220
28.00643324
28.07003065
28.16344339
28.36029818
28.39360386
28.55573665
28.59509190
28.65242486
28.80163805
28.80352331
28.80770794
28.82832074
29.05646246
29.07854555
29.19897882
29.20975629
29.25277463
29.39076966
29.41428372
29.52644462
29.64983189
29.70326183
29.71478545
29.79918116
29.82294806
29.85933568
30.05494057
30.08646312
30.12670036
30.20838530
30.36588730
30.64258145
30.70147774
30.70405428
30.72200307
31.13761696
31.25649697
31.30880065
31.56089212
31.64238211
31.78339317
31.82333120
31.82840286
31.92580456
32.00339100
32.08732690
32.13473346
32.16195909
32.22057771
32.36043646
32.38304703
32.43633275
32.60889215
32.68177376
32.70919354
32.83591418
33.01102861
33.05968432
33.12506807
33.20018449
33.32667854
33.41399663
33.47361261
33.81294902
33.84426851
33.84470828
33.89473762
33.97681598
34.13196178
34.26115374
34.40174365
34.40316609
34.49808914
34.53167517
34.67340945
34.72405585
34.84107207
34.91054318
34.96668541
35.14885528
35.20062818
35.20372248
35.51620987
35.60402611
35.62834279
35.71830510
35.79422954
35.89291157
35.93618669
35.93739503
36.01316269
36.20525018
36.33943666
36.44998268
36.50589477
36.53468004
36.77156268
36.87315209
36.93600646
37.01234416
37.04570268
37.09002232
37.10756996
37.48492749
37.52561351
37.70439377
38.01537349
38.38373654
38.43528898
38.54263732
38.67203025
38.83166075
38.84145241
38.89575186
38.93018254
38.96425560
39.04195518
39.04519880
39.14306194
39.17918892
39.20380936
39.24718615
39.41165392
39.68596634
39.74762697
39.79808564
40.02221517
40.09534541
40.18991680
40.19244375
40.23222148
40.44058856
40.57023125
40.60925774
40.64417257
40.74408837
40.85742147
41.04032406
41.09782032
41.16157020
41.16688582
41.24137068
41.32486387
41.35304076
41.51332485
41.69907376
41.77113599
41.89155340
42.12917280
42.16127904
42.20504933
42.52470684
42.53577993
42.58730594
42.64236840
42.65998775
42.69614701
42.78933957
42.90775200
43.01564529
43.03930942
43.09641393
43.12381708
43.18237300
43.27871641
43.31314059
43.48305989
43.66225014
43.91224642
43.99568998
43.99821323
44.02224641
44.18318018
44.66061354
44.82135193
44.90434835
45.00947848
45.06628484
45.10082921
45.14383353
45.16120323
45.27735772
45.43457567
45.59669597
45.64258674
45.76085002
45.79532100
45.85595798
45.97177003
46.01733708
46.09137396
46.23416643
46.23848681
46.28161099
46.31761066
46.39029680
46.42437161
46.54605909
46.61501960
46.73127962
46.75869770
46.78669358
46.85536864
46.87503845
46.88531609
46.91891266
46.99362607
47.00382240
47.01662517
47.03851722
47.07894888
47.14647203
47.16548900
47.24455816
47.30645502
47.37070515
47.47578009
47.48408662
47.66610832
47.67011570
48.00674219
48.01230306
48.30107917
48.30712058
48.30944750
48.32139431
48.44364155
48.45914766
48.54074893
48.67312127
48.82508696
48.86744089
49.06723496
49.22491349
49.25010485
49.25631688
49.36112498
49.38814592
49.40039466
49.43774973
49.44557059
49.83384939
49.87953053
49.88944649
49.92190717
49.92429923
49.96979318
49.98679779
50.10328345
50.10858915
50.22134870
50.25868454
50.25955298
50.29487725
50.53814632
50.55267309
50.55982810
50.83231021
50.86587004
50.90760513
50.94655264
51.02845058
51.07608762
51.13033815
51.19791218
51.24955496
51.33917906
51.37905470
51.40168240
51.69098747
51.79565378
51.83580968
51.88281502
51.90538627
51.92063605
51.99256623
52.13781882
52.30970516
52.32983828
52.44357991
52.49124701
52.66301869
52.70807687
52.71856857
52.83234409
52.94062600
53.02609268
53.04088621
53.05796265
53.07150381
53.10993623
53.17607725
53.23912765
53.35845455
53.36349007
53.39382845
53.41246491
53.93161511
53.97077867
54.00502579
54.10842256
54.18748040
54.26569758
54.32483683
54.57105063
54.66152703
54.69589001
54.78762194
54.78780553
54.85038698
54.89105934
54.90969545
54.92053539
54.99855748
55.27938815
55.29343687
55.38877744
55.38896228
55.46607255
55.46858951
55.65959447
55.76674574
55.78635738
55.84966826
56.01729231
56.08126097
56.08748203
56.08927315
56.13936339
56.19708314
56.29405405
56.42912521
56.59455755
56.63285403
56.68222380
56.78322456
56.84931223
56.88536711
56.91187713
57.04304083
57.07151897
57.07926278
57.16875417
57.20953020
57.32429984
57.35459923
57.56285969
57.63433540
57.73353448
57.80264499
57.81458808
57.82356190
57.89428718
57.94221709
58.07163152
58.17274434
58.28727851
58.44966740
58.48148295
58.56080725
58.57590636
58.72977399
58.73692891
58.85342728
58.96006787
59.16227685
59.16765286
59.18438354
59.19398407
59.20823468
59.54147388
59.56816573
59.76122762
59.81546960
60.04280059
60.27489086
60.30235840
60.34412153
60.37160304
60.37350815
60.38422334
60.39761395
60.47224231
60.51972934
60.56467993
60.60298494
60.65789777
60.65989122
60.98265099
61.02308903
61.05052385
61.16048521
61.20460748
61.20593568
61.34696818
61.39835102
61.42576114
61.43848409
61.54612316
61.57869133
61.76988449
61.76996955
61.84133537
61.92653848
61.93104214
61.95993940
61.99779040
62.05707542
62.12850613
124.00000000
