0.02876812
0.05214190
0.08278852
0.22002590
0.22665484
0.24386687
0.28033760
0.33237901
0.46809979
0.58506850
0.62825647
0.66686080
0.77352162
0.86796588
0.88298839
0.92409520
1.09322901
1.29362683
1.30531783
1.40448558
1.55470850
1.55951288
1.64224974
1.66020881
1.69338381
1.71359361
1.71980272
2.08846160
2.16912323
2.18234338
2.23493443
2.27673437
2.32663217
2.32837188
2.60787264
2.63860101
2.64686082
2.77896413
2.78345456
2.85703089
2.87496248
2.89515558
2.90836753
2.91270338
3.08858592
3.15738029
3.30146464
3.39888824
3.41218008
3.45522185
3.48956593
3.49946272
3.51949880
3.58662224
3.61536240
3.77078708
3.83264002
3.84249575
3.86105294
3.88142147
3.99366728
4.00587264
4.14363105
4.23104960
4.25939793
4.32426090
4.36994609
4.39531329
4.68126921
4.78048987
4.84496390
4.90443213
5.07183623
5.11495904
5.29956746
5.33430265
5.40683160
5.44992483
5.52318540
5.64833166
5.65543305
5.66265478
5.68116378
5.71899947
5.79245447
5.97244135
6.01895032
6.30805178
6.35834442
6.36369429
6.46120894
6.48148213
6.52957888
6.57978175
6.75815376
6.84961915
7.07280405
7.07302934
7.08431453
7.09826983
7.14931340
7.21820242
7.35004676
7.45803315
7.48355036
7.51617372
7.62223115
7.64077380
7.67919576
7.73364626
7.88554259
8.05617249
8.07924270
8.18514747
8.19040502
8.19306192
8.36881190
8.39192256
8.39740292
8.41657312
8.59880468
8.66582031
8.68031316
8.68585676
8.71111035
8.73381216
8.92543720
8.99650524
8.99694921
9.02278829
9.09162517
9.09885464
9.12197424
9.13790450
9.27166327
9.29971494
9.32588522
9.34553797
9.39828388
9.50370060
9.60209225
9.70090853
9.74461067
9.86726782
9.91065739
9.96245421
9.98756545
10.01755705
10.18983555
10.21218088
10.24586788
10.33805652
10.39800056
10.44270478
10.55578177
10.59312408
10.62118477
10.65635926
10.78301982
10.79733707
10.84752453
10.90535055
10.92265692
10.93046114
10.95573078
10.96044544
10.96665647
10.97647536
11.02840352
11.10975003
11.11426958
11.12514653
11.13729275
11.39789263
11.41873892
11.67847736
11.68237829
11.75016070
11.77181722
11.79225201
11.82176381
11.82180869
11.82765561
11.83288294
11.89797330
12.26583032
12.28391859
12.30955384
12.51995400
12.91229668
12.92686773
13.05053544
13.17131090
13.22733254
13.30769090
13.41667453
13.44096855
13.46873713
13.66456474
13.75032884
13.78910126
13.80338109
13.90552104
13.95651097
14.01410908
14.03098493
14.05089363
14.29949249
14.32383682
14.40473995
14.46937487
14.51398015
14.55295438
14.64584602
14.72727985
14.98794594
15.41056853
15.48828950
15.52923119
15.57823948
15.66330376
15.66841420
15.68282582
15.98566089
16.02023169
16.16749627
16.26780941
16.31040656
16.50625113
16.57990653
16.63115280
16.67922798
16.68566477
16.75142810
16.93263538
17.08349937
17.08957393
17.42106533
17.46903960
17.58487753
17.65070886
17.70100317
17.73805604
17.84217628
17.86683901
17.89842767
17.95299576
17.97684146
18.09870120
18.12320864
18.18167480
18.19157660
18.26156233
18.28502393
18.28722581
18.37487034
18.46776233
18.53990551
18.54541701
18.65441818
18.69449898
18.76167332
18.97536913
18.98640092
19.01651663
19.04502089
19.10718250
19.26422912
19.39193260
19.49882020
19.61103233
19.61817084
19.62196003
19.68459503
19.86833598
19.87049447
19.88195124
19.88765494
19.97933677
20.04653335
20.06442641
20.11768491
20.19638876
20.23984933
20.26914777
20.28085002
20.48926862
20.56375197
20.64905391
20.69294054
20.73500780
20.74225089
20.78349233
20.80588184
20.96575996
21.06432652
21.17776276
21.21995447
21.23338497
21.23923010
21.56669641
21.62707915
21.69033283
21.70115966
21.70362868
21.74582611
22.02601695
22.08389849
22.14263729
22.31414255
22.37758628
22.38041005
22.46844905
22.58509762
22.68199965
22.86899594
22.90980446
22.95168215
23.17656787
23.32555839
23.40886465
23.44088799
23.48178729
23.60891117
23.65629090
23.66897630
23.68756903
23.70442973
23.81956417
23.94323203
23.98991874
23.99159329
24.09340550
24.65739214
24.71164778
24.72757535
24.76796609
24.82826412
24.83160276
24.93779831
25.01105324
25.07906598
25.08621429
25.22053496
25.23280968
25.50319935
25.54504130
25.61906133
25.67680809
25.68193674
25.71345425
25.71797875
25.73809779
25.76437007
25.94548786
26.00224226
26.20515386
26.28597855
26.56215209
26.58060879
26.62382996
26.71189405
26.79548179
26.81539895
26.89131862
26.97440543
27.03502728
27.05542697
27.22096408
27.26593458
27.30218020
27.50586913
27.50780724
27.52683051
27.72679417
27.75860844
27.83481861
27.92881327
28.15145031
28.18300172
28.34628705
28.37753665
28.47256058
28.53109667
28.84270232
28.96286127
29.02171758
29.05306135
29.35527060
29.35551857
29.38004599
29.41519627
29.43728789
29.61647546
29.69514427
29.69674111
29.69829599
29.79918116
29.83841122
29.89056605
30.07196176
30.11916526
30.12231669
30.36835509
30.39472897
30.41321622
30.45211914
30.68385769
30.69058273
30.70405428
30.71361953
30.71624505
30.93864651
31.05013754
31.08842279
31.40861752
31.48983753
31.49887130
31.57137312
31.61507162
31.64126409
31.80423595
31.82452623
31.83507719
32.11854473
32.18413507
32.23016654
32.30872342
32.38828506
32.58529472
32.84161389
32.84219999
33.02236406
33.13453724
33.29806750
33.35507532
33.54556153
33.62301247
33.73752975
33.88079908
33.88417979
33.90772193
34.03967562
34.04526964
34.04828994
34.13960144
34.30309575
34.32456077
34.41680044
34.63280619
34.67216181
34.68834296
34.75819696
34.87222986
34.89996407
35.04942432
35.08635063
35.08868045
35.10019185
35.13743936
35.23633661
35.27783490
35.28550549
35.31913566
35.33634537
35.45940090
35.58655623
35.61993020
35.64179474
35.64679564
35.70767464
35.99115654
36.12974345
36.14434560
36.33282469
36.33651591
36.44078010
36.49130482
36.60782456
36.68108849
36.76239074
36.84843884
36.86991168
36.87433036
36.89909342
36.92457692
37.09637741
37.21836838
37.25011862
37.26697065
37.29058131
37.35137626
37.38999541
37.42486278
37.43079888
37.65552366
37.66152210
37.72821675
37.79715823
37.95429904
38.04189024
38.31056218
38.32347895
38.33676448
38.61677362
38.71915160
38.73375175
38.77928354
38.98048762
39.01059257
39.22497094
39.39069129
39.42453209
39.53658018
39.77812563
39.99998142
40.18985798
40.45663306
40.49245757
40.69280016
40.71651341
40.73665239
40.77986122
40.78110078
40.82241360
40.86900511
41.01197322
41.01534335
41.11725633
41.20450679
41.31121026
41.35437893
41.43626945
41.51849441
41.53713350
41.70454113
41.77059016
41.79013379
41.94206042
42.13939378
42.16821547
42.21864840
42.22207059
42.22378349
42.27376155
42.38632976
42.50663794
42.57144214
42.69997668
42.97783523
43.06430137
43.24099327
43.26361223
43.34739669
43.42490691
43.49039489
43.49955624
43.59029722
43.64133536
43.72990116
43.76348210
44.00170793
44.00867320
44.01335021
44.21431699
44.25832735
44.28291783
44.37572688
44.39182908
44.40442984
44.71787958
44.75285357
44.86968538
44.87909783
44.89304083
44.92272421
45.06705099
45.06927869
45.15364816
45.17665433
45.18129575
45.18645001
45.19911561
45.20868468
45.38921005
45.59852983
45.73834560
46.00888396
46.23922599
46.29382606
46.34704181
46.67259367
46.78091991
46.90629996
46.95578676
46.99264458
47.02266674
47.04060498
47.05234173
47.19276779
47.44845474
47.50655257
47.54557331
47.61032055
47.63745937
47.64699210
47.67635891
47.76972683
47.84351934
47.85877940
47.86922525
47.92402455
48.18152380
48.21485019
48.37849678
48.41381464
48.48599883
48.60684338
48.67014138
48.87301354
48.90856193
48.95232126
48.98328916
49.04413306
49.24481874
49.26495578
49.47543911
49.50117724
49.55410379
49.58889101
49.80207085
49.80811985
49.80997537
49.83802016
49.86889749
49.87672686
49.89448172
49.91895468
49.96781149
50.03727941
50.20574164
50.24271937
50.32551010
50.38464880
50.40283241
50.47122813
50.50638963
50.54963741
50.73808376
50.74106723
50.81855043
50.89713954
50.97195814
51.17947994
51.32538730
51.39702536
51.44624596
51.48941546
51.49955836
51.67039072
51.67737701
51.69637383
51.71251647
51.82486987
51.84044577
51.88598927
51.92034617
51.97420556
52.15694648
52.37356608
52.52246019
52.57363531
52.61873562
52.65987285
52.75245213
52.82256912
52.84556127
52.84705136
53.08244326
53.12318877
53.21467265
53.24190667
53.27276612
53.33433344
53.66309601
53.83109185
53.86201188
53.87551709
53.88084721
53.90634625
53.93244600
54.05422920
54.23969117
54.25135788
54.36148833
54.40110509
54.48697970
54.62597123
54.65792858
54.97216820
55.01115129
55.10619375
55.17946587
55.19946289
55.23196698
55.29571559
55.53003910
55.57365515
55.69554455
55.72989790
55.75467756
55.80247637
55.84338085
55.86455639
56.15026502
56.20613417
56.25131482
56.26895028
56.30436630
56.32810981
56.42113389
56.47168812
56.50235397
56.54295084
56.56734327
56.56749309
56.61315101
56.62162631
56.73927425
56.80741396
56.93478165
57.00069713
57.00957668
57.02576097
57.06854875
57.17028553
57.49911811
57.53682380
57.73936537
57.78993568
57.80791042
57.81423008
57.89119339
57.90464875
58.05234143
58.15587893
58.17274434
58.28148992
58.31360469
58.34956530
58.49609422
58.63059528
58.70191823
58.72977399
58.77639631
58.83495260
58.84641630
58.88196695
58.89592226
58.95027291
59.08666175
59.12184454
59.26386240
59.26489756
59.34993993
59.46242421
59.55506614
59.60660941
59.62990142
59.66261412
59.86039953
59.88793018
60.15424447
60.18250390
60.39630892
60.42725725
60.67299617
60.81311218
60.82149246
60.92320103
61.12360765
61.21868570
61.25264161
61.26463621
61.27921516
61.37949401
61.42846523
61.49441590
61.63782133
61.70842411
61.75283278
61.75352415
61.80183939
61.82439987
61.87397193
61.96598282
62.02749596
62.12932043
124.00000000
