0.01003671
0.06367284
0.11385255
0.21804685
0.44563966
0.47047312
0.51227757
0.62820711
0.69816543
0.73741721
0.75620524
0.79487406
0.86416698
1.12058234
1.58726810
1.64202216
1.70146262
1.71022393
1.83154121
1.84472304
1.88405789
1.96709614
2.00686748
2.05080573
2.11287566
2.14868425
2.23283346
2.43278842
2.46554639
2.49609181
2.63329887
2.63860101
2.75626668
2.84067491
2.85049978
3.02879396
3.08672486
3.13664860
3.16977946
3.28460573
3.29248646
3.29388082
3.54080128
3.64247443
3.67761998
3.76721755
3.96527782
4.09261113
4.18467297
4.21523439
4.22676807
4.26854276
4.31727787
4.39862051
4.40668792
4.47555627
4.54169563
4.62841357
4.66009528
4.68431080
4.87842668
4.97038399
4.98703503
5.00370490
5.07331767
5.60635921
5.77415115
6.04227436
6.23260400
6.27375741
6.33279055
6.43072114
6.70635697
6.72871235
6.76235459
6.76925225
6.89778304
7.14565642
7.23082486
7.29602938
7.33590198
7.35427129
7.35772069
7.68275148
7.91223467
7.94357522
7.95761533
8.00795122
8.01063207
8.01489177
8.05398535
8.12240103
8.18638267
8.29089651
8.32670941
8.36961310
8.42280985
8.58790196
8.59861814
8.63577170
8.63647490
8.84426308
8.84805241
8.85868298
8.90805266
8.98228296
9.08388235
9.09078023
9.14757274
9.22347038
9.29517610
9.39366295
9.45215289
9.55091364
9.59328898
9.78002351
9.87784174
9.97411144
9.98686782
10.15548886
10.29069395
10.40108736
10.46416398
10.52416474
10.59118003
10.77259589
10.89400689
11.15057293
11.16120337
11.22105326
11.22486821
11.23120968
11.28331735
11.29526516
11.37628955
11.77054925
11.77964156
12.12147453
12.12685988
12.23673170
12.26365176
12.40510376
12.42490246
12.42940618
12.47324177
12.50238679
12.53926594
12.54657303
12.61927532
12.62690149
12.95968034
12.97415758
13.15234422
13.21252119
13.31485046
13.33330148
13.43052744
13.51104758
13.51905162
13.55578688
13.61144805
13.67185279
13.92168151
13.95990674
14.17250433
14.33544840
14.37318914
14.39356621
14.39497098
14.39891085
14.42665704
14.53522768
14.71365665
14.75702150
14.84171787
14.96810816
15.02134748
15.02379116
15.04551683
15.10694888
15.19999767
15.21006630
15.22241266
15.24841794
15.39998518
15.90549799
15.91759685
16.09804217
16.10914290
16.24366165
16.29234860
16.33084672
16.40084680
16.68002960
16.78498939
16.83108066
16.96503852
17.00073827
17.09722512
17.34040552
17.35633523
17.45908871
17.53231404
17.55692253
17.79550770
17.79874018
17.80624186
17.83286811
17.86027116
17.87572661
17.95920138
18.19157660
18.38662784
18.48367856
18.53115970
18.68427307
18.80551428
18.87305097
19.10776884
19.13884112
19.27325253
19.30506123
19.34878607
19.44503987
19.47082656
19.53463452
19.77306160
19.81993108
19.86942053
19.96017483
20.11448201
20.16381914
20.24206507
20.31597191
20.33300155
20.41553539
20.51391734
20.55309048
20.55601414
20.68574146
20.72120312
20.79889789
20.84374520
20.88579159
20.93479340
20.98893725
21.05490553
21.07348376
21.14810873
21.20841515
21.29774787
21.40697790
21.47905521
21.59063046
21.70511048
21.83773415
21.99345600
22.03142500
22.03976702
22.04327297
22.10425817
22.13437448
22.14521577
22.18246877
22.23142983
22.48555985
22.50926636
22.76405326
22.81177758
22.84421620
23.17634104
23.21428748
23.32555839
23.41599811
23.47485016
23.49377642
23.63584870
23.64038013
23.64533903
23.73190153
23.84184737
23.84734270
23.87087834
23.94275976
24.28172402
24.37151283
24.47561994
24.50352582
24.57484318
24.73232896
24.73571589
24.76796609
24.89197271
24.93448742
25.05746087
25.13173663
25.15556328
25.27942714
25.30882147
25.48912893
25.55791561
25.57143873
25.63864594
25.67499393
25.74567531
25.89309176
25.93399572
26.12343785
26.17796258
26.21735945
26.26774750
26.30550246
26.39096576
26.67482478
26.72060252
26.81811578
27.14704342
27.14948207
27.17913028
27.23389533
27.25614860
27.33061827
27.36334569
27.51837906
27.61550039
27.65876500
27.72462799
27.80756277
27.88045038
27.98681530
28.11886319
28.20460653
28.27156328
28.40504703
28.53699149
28.66002625
28.67860808
28.69997393
28.80570866
28.81157842
28.84682761
29.02276367
29.02481871
29.03920998
29.04291684
29.18641502
29.53329856
29.55214118
29.63052851
29.74348043
30.16144303
30.21704105
30.35518211
30.42392449
30.50440396
30.54233710
30.58903670
30.67440240
30.74586935
30.80165900
30.89463287
31.02339863
31.02577701
31.38962265
31.52940560
31.54925922
31.62446583
31.89105265
31.92586913
31.94559397
32.15405681
32.19857579
32.23619560
32.44976864
32.55676373
32.60780415
32.75768367
32.89932909
32.98596887
32.99720011
33.07466341
33.18953536
33.35803942
33.42933343
33.43597828
33.45813436
33.56500415
33.69859033
33.72562710
33.92958494
33.97855419
34.01480332
34.06242681
34.11359524
34.17604853
34.18804701
34.27226714
34.31447925
34.36153961
34.36858278
34.45003705
34.50983787
34.52263955
34.67426149
34.71116518
34.72861917
34.76221105
34.78215559
34.90089301
34.95516035
35.31773249
35.44927965
35.60742099
35.62798548
35.63023650
35.63704538
35.76482930
35.80773186
36.02036081
36.05253432
36.17596417
36.18735707
36.25592309
36.26008753
36.34825630
36.45736289
36.52070345
36.52267493
36.66765194
36.67546083
36.92195045
37.06786926
37.09115281
37.11003503
37.12662821
37.14685756
37.18538508
37.24931877
37.42714098
37.49726196
37.55778983
37.60780103
37.62304932
37.98401905
38.08188112
38.08393621
38.22877825
38.52622833
38.53605814
38.72784039
38.83921795
38.97469409
39.15205937
39.15611807
39.25439208
39.27554488
39.27993454
39.33132033
39.52173026
39.52746703
39.55225052
39.64157002
39.65569387
39.67859870
39.73652908
39.87694905
40.03815408
40.11510900
40.18099266
40.43452877
40.55312313
40.62588043
40.63610029
40.67412646
40.82775368
40.88324806
41.17213696
41.56608383
41.58492118
41.59772596
41.63912556
41.65686420
41.80936856
41.87065963
41.95174035
42.00460775
42.00746736
42.28451152
42.31117327
42.41318711
42.77035955
42.82670566
42.97232709
43.05177531
43.15018550
43.37106053
43.49945434
43.56916198
43.65041560
43.73610887
43.74774735
44.00282383
44.02068123
44.08987607
44.28883061
44.47232935
44.47527918
44.49814702
44.55914772
44.75075006
44.96949176
45.05380405
45.10002682
45.11037083
45.15110543
45.23772362
45.25889239
45.28029982
45.33439558
45.33454711
45.36397631
45.50240833
45.60272078
45.64571719
45.74317711
45.78216663
45.81973641
45.83509858
45.95372639
45.97093814
46.08217380
46.19259606
46.27139354
46.60793030
46.70570841
46.71673353
46.81617073
46.85536864
46.92803934
46.93788503
46.95157960
47.03114811
47.05920096
47.14706535
47.19153476
47.24061251
47.26058096
47.28918151
47.29175122
47.35106194
47.47983113
47.53042946
47.53554781
47.78703143
47.80808724
47.88398145
47.89590328
47.91499844
47.99859039
48.07389087
48.19329614
48.21733626
48.22576014
48.26357468
48.33575931
48.44520830
48.52902847
48.66582745
48.79737223
48.83991796
48.88086053
48.94240772
49.00301739
49.07802509
49.08661562
49.08685974
49.21980257
49.28664545
49.34829893
49.68860186
49.69513062
49.72260997
49.74251158
49.82725468
49.87203837
49.88670678
49.89067444
50.13046271
50.24271937
50.33962124
50.34450916
50.40309016
50.41187744
50.60336310
50.67278889
50.74549165
50.81855043
51.04882222
51.05412411
51.11187101
51.13375665
51.16742295
51.25922012
51.30308079
51.36520304
51.42539910
51.45478795
51.46272347
51.49435446
51.75202462
51.76471172
52.00326956
52.02812744
52.19774795
52.19939627
52.23789840
52.28604497
52.33147623
52.37607117
52.50136661
52.58350514
52.59363311
52.60895334
52.66958215
52.82175543
52.93803011
52.99838036
53.09520480
53.23197941
53.40390908
53.42077078
53.42415581
53.44554244
53.58702961
53.63181080
53.65150930
53.71185025
53.90010216
54.23135611
54.37781023
54.44869027
54.55191146
54.63315593
54.66211521
54.77554779
54.79344376
54.84522785
55.04926005
55.10086810
55.17744395
55.23741712
55.39256703
55.39332720
55.65425324
55.66845383
55.69446634
55.70112838
55.72816844
55.75037015
55.93273650
55.98652192
56.01705144
56.30682072
56.31893805
56.32763543
56.48843601
56.68944794
56.73885630
56.90191942
57.06647499
57.19228008
57.42839126
57.55818087
57.57755435
57.60556946
57.62530163
57.65435134
57.70089427
57.76149313
57.79231153
57.80651720
57.84620836
57.88370488
57.92661196
57.94035604
57.96910577
57.99603595
58.00307084
58.02581327
58.07351457
58.09708409
58.14363830
58.37870526
58.40477048
58.53969305
58.60147092
58.75203143
58.79560545
58.79670375
58.84393461
58.88196695
58.88999250
58.93939693
58.96079020
59.02803958
59.06465077
59.31482197
59.32627320
59.34712436
59.37420994
59.38303181
59.40831470
59.49502141
59.54706766
59.81546960
59.92737303
59.92768356
60.07907734
60.16408833
60.28609924
60.33370780
60.37038037
60.47619700
60.49278544
60.80371740
60.90391262
60.92815018
61.02801500
61.03953400
61.04549341
61.08472979
61.23878251
61.27726970
61.28081545
61.61734547
61.64169532
61.83028731
61.87262289
61.90885941
61.96779026
61.98311617
124.00000000
