0.16023579
0.18321483
0.34890035
0.37486330
0.37976633
0.39986096
0.42050283
0.57069888
0.58261414
0.68371429
0.84545279
0.93810110
0.96639620
0.99668785
1.14922759
1.43931040
1.62183068
1.63371525
1.66113750
2.02729863
2.04017546
2.04422703
2.09300017
2.21707604
2.22259737
2.31900915
2.63132882
2.77424446
2.79274344
2.93658693
3.01958833
3.15463894
3.15904226
3.20371141
3.36441993
3.58169633
3.86195716
3.88719758
3.95880496
4.00790896
4.07028092
4.19380127
4.24034176
4.28960649
4.28985850
4.29336745
4.30107064
4.33435235
4.38986130
4.45941201
4.53668106
4.54034931
4.61320319
4.78212939
4.80516650
5.10498365
5.14562695
5.18944621
5.23229123
5.23985336
5.25937986
5.31656698
5.32093755
5.42087745
5.55307458
5.79582408
6.16507749
6.20761052
6.21131365
6.22770289
6.23721754
6.27375741
6.28937373
6.31486928
6.34972389
6.37981973
6.54980181
6.58478052
6.62617107
6.64347756
6.64366248
6.70846125
6.72269639
6.73080800
6.98508141
6.99965769
7.07463099
7.09886233
7.13403103
7.23399595
7.43270547
7.45065774
7.57173497
7.68912449
7.74330697
7.80688551
8.00617329
8.05247022
8.11823774
8.20967412
8.21084221
8.23804988
8.34278292
8.35959628
8.57731256
8.60749194
8.68735695
8.89507556
8.93266240
8.93329362
9.02283299
9.12904690
9.17023364
9.38033182
9.38417687
9.42097455
9.43911456
9.59098431
9.59922408
9.72749170
9.87332648
9.87928336
9.88794730
9.93594414
10.06298345
10.14732691
10.17082401
10.20327713
10.28647351
10.33040545
10.35003903
10.36018769
10.59335016
10.61457618
10.61627187
10.79922337
10.80496089
10.89381088
10.93280163
10.94732673
10.96665647
10.97971694
11.13576706
11.29430518
11.39635304
11.50720072
11.64142745
11.65856422
11.74819247
11.75143764
11.77298306
11.78356374
12.07573020
12.18403258
12.23496579
12.33091437
12.65634823
12.68631569
12.73052385
12.74829558
12.88016446
12.98169354
13.03098422
13.28832053
13.62132745
13.66546411
13.84446974
13.85008028
13.97735007
14.05655449
14.07779435
14.23676811
14.31727697
14.34968615
14.50568023
14.53049296
14.53522768
14.62075676
14.71499905
14.80789194
14.95938048
14.97721711
15.16990173
15.42460232
15.42883221
15.49760519
15.50087168
15.70986263
15.72307436
15.82474447
16.19991658
16.25173267
16.34133498
16.53585853
16.56917581
16.68770608
16.77376441
16.84168986
16.91112662
16.96293943
16.99322886
17.44752142
17.49392624
17.53680863
17.75336545
17.84148738
17.98437478
18.00372345
18.04588599
18.11162215
18.18167480
18.22819102
18.28960677
18.37994025
18.40386479
18.43346066
18.51883379
18.59853040
18.61001025
18.64092467
18.69912104
18.72820982
18.75114907
18.75403331
18.75860482
18.78235465
18.89094029
18.89594169
18.95716020
18.97536913
19.25711787
19.26094766
19.30733006
19.36240512
19.47178730
19.48300869
19.62484601
19.65347274
19.68070927
19.74235265
19.79909950
19.86264897
19.93500085
20.00250319
20.02866407
20.16683016
20.18867641
20.23612846
20.28232037
20.37229134
20.42163328
20.61016391
20.67240394
20.80470938
20.97098420
21.01397877
21.42170083
21.66598481
21.73601427
21.77003292
21.93273669
21.95942938
21.98808655
22.30564174
22.33334720
22.34995754
22.35226138
22.41730438
22.48010743
22.57380225
22.61024571
22.62813536
22.70645443
22.78238436
22.81275948
22.85634339
22.86145278
22.96185681
22.97147220
23.09714523
23.16811158
23.17656787
23.20684567
23.39989709
23.43345775
23.43771317
23.44088799
23.44216222
23.46731333
23.64398436
23.72430840
23.75012455
23.82525429
23.91344263
24.16120385
24.22270939
24.24999598
24.34758291
24.42400979
24.46126473
24.50177703
24.59278784
24.71699848
24.81936604
25.00590798
25.02333207
25.09133091
25.12932492
25.13356798
25.14943350
25.60069495
25.64140158
25.69857827
25.80939382
25.91237243
26.03354730
26.04638241
26.05716284
26.07485279
26.32833383
26.38588646
26.47730245
26.61190936
26.79389359
26.81811578
26.82915359
26.89131862
27.14475144
27.15189826
27.15683866
27.17368005
27.23436885
27.23590471
27.27478433
27.39635756
27.41526445
27.61199942
27.70577414
27.80086107
27.84219828
27.84350610
27.88078653
27.88411126
27.89888630
27.97150515
27.97521918
28.04530652
28.19561550
28.21903387
28.30932463
28.39539851
28.53260376
29.09375767
29.34883219
29.38134304
29.39265593
29.41658364
29.42193069
29.50117084
29.50212131
29.65360469
29.72563359
29.78956887
29.81449611
29.81501746
29.87700086
29.96324091
30.00387483
30.11312353
30.28052448
30.34083916
30.40228206
30.46850209
30.48854466
30.50795601
30.52830751
30.56456612
30.57835746
30.63296839
30.65398378
30.70421156
30.73942212
31.12284882
31.18429354
31.30110898
31.43608842
31.52423808
31.55582342
31.65784102
31.67088136
31.88180317
31.92678280
31.97081603
32.20437285
32.20778280
32.23699710
32.36229857
32.44081355
32.54394958
32.61042883
32.65070987
32.75113441
32.92317358
32.92741041
32.96912050
33.04498426
33.15729799
33.32479370
33.42684331
33.58314360
33.60388661
33.63454927
33.66879005
33.67996513
33.68083044
33.90650047
33.90708232
34.05176089
34.07438036
34.18137000
34.28167099
34.31153534
34.42853274
34.53814502
34.60672201
34.65086646
34.67216181
34.68482070
34.72691870
34.89267445
34.89931619
34.92703687
35.23691109
35.28493657
35.35906890
35.39642101
35.40352361
35.55462735
35.67491703
35.68494913
35.75107029
35.75370271
35.81722127
35.86113937
36.14061399
36.18525649
36.19286128
36.20501846
36.27634585
36.32085044
36.34421239
36.51457405
36.53895392
36.61568972
36.66004897
36.82581681
36.98099887
37.01911553
37.05345996
37.12662821
37.20513290
37.42703866
37.49594828
37.79715823
37.80499259
37.83410694
37.94043723
38.27196504
38.29343385
38.44117238
38.50303682
38.59629904
38.68692008
38.69359784
38.69388796
38.77682594
38.81315659
38.88143161
38.90603868
38.96312899
39.16066870
39.16194776
39.17406403
39.20198792
39.23415343
39.34176041
39.37357854
39.41102004
39.41615720
39.64161123
39.68624520
39.95289405
40.22999217
40.26518134
40.28889914
40.32459194
40.44611818
40.46110081
40.52971264
40.81702204
40.86593756
40.88178045
40.88672499
40.90640769
40.93332854
41.01387935
41.24510517
41.28244848
41.30779319
41.33025139
41.44180985
41.72091442
41.76981718
42.07446941
42.19353590
42.34321889
42.44014621
42.59543438
42.65998775
42.68693735
42.71132452
42.73548462
42.89616451
42.96008722
42.98806179
43.03016123
43.11329543
43.17818643
43.18868945
43.26194930
43.38177637
43.59508165
43.66776935
43.86828927
43.86973890
44.25213393
44.26496758
44.30332853
44.34940103
44.37077215
44.41170360
44.53004086
44.53798531
44.55914772
44.78010744
44.78230045
44.78320432
44.96856438
44.99882150
45.01855381
45.10469498
45.36673407
45.42331797
45.61063959
45.63187108
45.65876000
45.69045222
45.82835765
45.84775809
45.90249869
45.92244383
45.94820140
45.98964670
46.00746726
46.04165041
46.10719530
46.18055231
46.31170062
46.37114751
46.48343514
46.50579462
46.61817415
46.74781945
46.84957004
46.89763811
46.91573878
47.08567710
47.12530114
47.32968922
47.40479243
47.56068394
47.63194101
47.79169266
48.15234314
48.18152380
48.21683795
48.21733626
48.28256580
48.31922761
48.37908972
48.42609763
48.82442152
48.91850054
48.93177680
48.97874597
49.40058367
49.64075797
49.67766963
49.68170935
49.79117144
49.85501497
49.93517379
50.01320336
50.10493749
50.16702069
50.17673592
50.33844169
50.35351099
50.41928999
50.43877788
50.48272926
50.72962845
50.76809054
50.77726417
50.78094286
50.83332652
51.10222565
51.26385761
51.26694055
51.39267457
51.44209974
51.63756984
51.64728914
51.65107677
51.83674015
51.89434411
52.14842074
52.18753664
52.18947581
52.23393657
52.33864540
52.35283027
52.46057753
52.68237997
52.70123142
52.73684714
53.04717212
53.17464362
53.52391616
53.84941799
53.94528315
54.26569758
54.29254652
54.29655595
54.39340543
54.46340658
54.47575415
54.67707596
54.69142703
54.74924289
54.82957566
54.87749679
54.96208802
54.97240201
55.14258241
55.41172383
55.42314594
55.64471787
55.65915950
55.79805896
55.86919024
55.89044572
55.93503473
55.96362325
56.07227017
56.09889748
56.10196760
56.27226757
56.31478562
56.34927032
56.46483729
56.56783632
56.61177102
56.69607990
56.75102338
56.83420874
56.85212354
56.88704866
56.94353603
56.94484309
56.99607047
57.09320842
57.12685259
57.15592935
57.22179070
57.29221653
57.30466820
57.31985147
57.34751041
57.35737499
57.47996467
57.49655353
57.60905665
57.61653095
57.61666397
57.63676559
57.77407403
57.87478975
58.28128911
58.34251651
58.45823810
58.48745510
58.49719123
58.59882711
58.82965326
58.98383545
59.00551615
59.11514016
59.20927012
59.23683903
59.28430126
59.28585374
59.29192717
59.32159570
59.40075651
59.49999625
59.57236901
59.60226980
59.61499022
59.74619639
59.78884083
59.95501822
60.16540323
60.22098674
60.25225802
60.35464961
60.41540405
60.47008940
60.47619700
60.57619245
60.66907544
60.67841537
60.85720993
60.86320435
60.86981285
60.92621039
60.95464188
61.27450428
61.31860957
61.34323399
61.34327743
61.39226661
61.42807773
61.44406211
61.52127494
61.56134817
61.73546123
61.79365047
61.83409167
61.95434950
124.00000000
