0.08726914
0.16529566
0.21183560
0.23431501
0.27776577
0.30888707
0.32497197
0.38259947
0.55049767
0.76519499
0.84339883
0.89579236
1.01986062
1.02401453
1.12058234
1.16940985
1.18488128
1.29362683
1.35952609
1.36675110
1.40106495
1.49210365
1.56921130
1.60003946
1.60755671
1.72316518
1.77769982
1.90126096
1.93063803
2.00491229
2.12127418
2.54632622
2.62280998
2.70944877
2.73169935
2.76414132
2.94301250
2.97883698
2.99188450
3.03131221
3.06576449
3.16575548
3.18530609
3.45113978
3.57832226
3.86377424
3.97365089
4.03609172
4.03988941
4.09212465
4.30269921
4.30551385
4.36756327
4.39193031
4.39443463
4.58920292
4.61247034
4.70947228
4.83352644
4.87212445
5.15923442
5.21414193
5.25588754
5.43950851
5.46468349
5.70765664
5.79727018
5.88537098
6.19471299
6.29646597
6.36826314
6.52642966
6.54907943
6.62550010
6.66975501
6.75731411
6.77845193
6.77968245
6.80416628
6.86341434
6.90948273
6.91297446
6.94025270
6.96284935
7.04166282
7.11202141
7.11766574
7.15150806
7.18177140
7.22905459
7.25001237
7.28547683
7.29019795
7.38447172
7.43270547
7.53640160
7.73736455
7.81713182
7.92432251
8.03266769
8.20849095
8.28810764
8.30942599
8.37080301
8.48931838
8.58016444
8.64927916
8.66843448
8.79177558
8.94193131
9.00583455
9.04926309
9.12621429
9.15330767
9.20324960
9.23217056
9.32262435
9.32650997
9.34260172
9.37352440
9.37566446
9.51669296
9.57137487
9.62503382
9.64585285
9.69573548
9.73283999
9.83382608
9.87673060
9.88632301
9.95669069
9.97693903
10.07167902
10.32229393
10.34867757
10.36702979
10.42897501
10.52687907
10.54626282
10.62821102
10.67662011
10.93547040
11.23097379
11.26081677
11.35799528
11.50720072
11.51466684
11.55667824
11.60690538
11.62348787
11.66143301
11.69519279
11.79943639
11.87739768
12.01356934
12.01909487
12.14066974
12.26668338
12.28040084
12.33110374
12.38360410
12.45348429
12.47489863
12.53435099
12.69096693
12.83662253
12.84287349
12.90664032
12.93377482
12.94459197
12.96110708
13.01539200
13.39329540
13.41763930
13.49927301
13.51697014
13.78911870
13.84232044
13.84773932
13.85722293
14.05309721
14.07474238
14.11394905
14.17024936
14.25622731
14.29903802
14.30495181
14.37241435
14.56952768
14.96447685
14.96625392
15.00156334
15.00647259
15.04013500
15.35394683
15.51328709
15.57615899
15.62973189
15.63625929
15.71386575
15.81433644
15.87202488
16.04219825
16.04785501
16.13907643
16.22444933
16.27982790
16.32313461
16.32743010
16.52237958
16.64420600
16.67109227
16.90534839
16.98605890
17.06627977
17.07901409
17.11256499
17.11404171
17.11688953
17.13999666
17.23524112
17.27133500
17.33136924
17.56108482
17.60711617
17.62472271
17.64883285
17.69967385
17.70066555
17.86027116
17.89445383
17.98437478
17.99672910
18.12459484
18.30925184
18.40433319
18.45643345
18.51885277
18.59806057
18.90366838
18.93177563
18.96515191
19.06326374
19.14693609
19.19602216
19.21398768
19.23332250
19.26757961
19.28158604
19.29276144
19.49644383
19.55367152
19.66912519
19.80257104
19.85047228
20.01744605
20.10005122
20.22529045
20.45794836
20.59404555
20.62523644
20.63361259
20.72941256
20.74919259
20.82013833
20.88398776
20.96856982
21.15648907
21.18093651
21.29393589
21.29585624
21.32340481
21.32732085
21.51570879
21.53024519
21.61001816
21.69090004
21.98053046
22.05057552
22.16776737
22.20443679
22.31468047
22.31532832
22.47383663
22.47721822
22.57804205
22.59554533
22.68728331
22.86875775
22.94889660
23.01583042
23.05368204
23.15705230
23.41606291
23.59600304
23.66123186
23.69568888
23.80452987
23.84761955
24.15473532
24.31643111
24.36400434
24.65267451
24.75022946
24.83350294
24.94183989
24.95707096
25.01554783
25.02357610
25.10173301
25.13843624
25.27503120
25.29886606
25.38908160
25.52573931
25.53171758
25.72319510
25.81309441
25.88136076
25.92308071
26.10394567
26.13018560
26.22965958
26.34423769
26.41736501
26.60953812
26.63205271
26.65677466
26.65716860
26.71632352
26.78906501
26.90334817
27.03758465
27.04689869
27.34246489
27.42207193
27.46220598
27.50119217
27.60526085
27.77697659
28.07407808
28.17055318
28.34241220
28.39016919
28.42030787
28.48326686
28.64401703
28.80352331
28.95806898
29.01657999
29.15885158
29.16926060
29.17513446
29.18252322
29.26354325
29.36170533
29.48495643
29.58974237
29.63052851
29.71848093
29.88085509
29.94826835
30.00441714
30.02675318
30.04219675
30.12897030
30.15848184
30.27616928
30.36708009
30.37060908
30.37126114
30.38427136
30.44500126
30.54418078
30.55698282
30.56775382
30.57682853
30.67934138
30.72012248
30.96940260
31.02532574
31.04985941
31.16359745
31.26101386
31.29403976
31.47986237
31.52557997
31.94584891
32.17705849
32.21694876
32.37343206
32.54182051
32.76063863
33.03481855
33.04728086
33.14599611
33.30620324
33.34421536
33.36921210
33.38503145
33.45081134
33.59037809
33.64858910
33.68780611
33.77365590
33.82733326
33.86994429
33.94831363
33.95606503
34.30489207
34.38718753
34.40524678
34.45516479
34.76593733
34.85809179
34.86998062
34.89281470
34.95166921
34.96333261
35.09048893
35.16869602
35.27749635
35.66281360
35.79842076
35.85504992
35.88945612
35.97452117
36.08741435
36.12974345
36.20735398
36.32201493
36.35099612
36.39883001
36.46461426
36.51210296
36.56745722
36.60854954
36.62016333
36.66004897
36.73151500
36.81781830
36.93667782
37.05985186
37.07716457
37.08555232
37.10576063
37.21336605
37.25329916
37.36622844
37.39165688
37.48492749
37.74137925
37.82077830
37.83022346
37.86407243
38.16360669
38.28307460
38.34167985
38.42768669
38.47854172
38.73083319
38.73375128
38.94044908
38.95332789
38.96937964
39.01365443
39.05286258
39.05504123
39.14804732
39.17625018
39.37314812
39.39069129
39.60895509
39.77308512
39.80123613
39.90883675
40.04210103
40.20540649
40.24345391
40.28058135
40.74051504
40.75361096
40.78509985
40.91593441
40.96929268
41.09455241
41.11839255
41.12648874
41.27902085
41.36134773
41.50970012
41.51110817
41.73251227
42.00746736
42.35492788
42.37818270
42.39419080
42.44347286
42.44852297
42.57856996
42.64722997
42.76618842
42.81480854
42.86769015
42.97358542
43.00609918
43.01855444
43.10455561
43.10851789
43.26796074
43.31948958
43.31950937
43.36437898
43.47092283
43.56769882
43.57899971
43.65577864
44.16180971
44.26699301
44.28855299
44.48686295
44.49392955
44.52929558
44.58623547
44.69685185
44.72133913
44.75075006
44.78534170
44.82615033
45.10873606
45.12457044
45.15851702
45.31939091
45.49245227
45.57506240
45.67075356
45.87629420
45.99765925
45.99990985
46.00618015
46.06744580
46.10902694
46.14983034
46.17117606
46.24586941
46.32750129
46.43108738
46.46253193
46.47463906
46.47560186
46.48369026
46.51356060
46.53897919
46.74907540
46.79485325
46.82441839
46.83772157
46.91779208
47.01535726
47.04681009
47.14361354
47.26628398
47.30907169
47.32773056
47.33057951
47.41357762
47.45066363
47.66584785
47.75113504
47.76135260
47.77234872
47.80973531
47.94528820
48.09502521
48.09785470
48.11148159
48.12566082
48.13509528
48.17369105
48.35348455
48.40327456
48.59797451
48.78561299
48.82508696
48.90254522
48.99986920
49.10753585
49.21980257
49.27566242
49.28782250
49.34986832
49.53268005
49.53270120
49.70493850
49.81338707
50.01268373
50.06955222
50.07805808
50.10018482
50.14001970
50.28770459
50.31879686
50.33544871
50.34736096
50.47516675
50.51311948
50.58784161
50.58964697
50.68690967
50.72117516
50.88347654
50.88673253
50.90325681
50.90830014
50.99057713
51.00075770
51.14855127
51.19166702
51.19204827
51.19554431
51.26816808
51.34092965
51.43923666
51.50983246
51.51237571
51.57926773
51.58909832
51.68305188
51.75862229
51.80073000
51.87058693
51.88276041
51.88346357
51.91085833
51.91638111
51.97345670
52.00034999
52.00378972
52.11207153
52.12734894
52.47799101
52.50717477
52.50984065
52.54022931
52.71231835
52.75090471
52.99795505
53.16783500
53.17464362
53.25518284
53.30924521
53.30999932
53.49214057
53.49645133
53.53819647
53.54942907
53.63704977
53.67467396
53.89282258
54.02486026
54.08877788
54.09174885
54.20531604
54.31641600
54.33388608
54.40322382
54.65774899
54.76370704
54.85772049
54.91939545
54.92053539
55.29343687
55.32897850
55.33766449
55.70644925
55.79669050
55.89389188
55.94826755
55.98533889
56.00333449
56.07277559
56.09617368
56.09940068
56.15849176
56.16504400
56.21316193
56.21576281
56.22860160
56.70962193
56.77959208
56.78956743
56.84385650
56.89529902
57.03322102
57.17402829
57.28984005
57.35247226
57.73762703
57.82953451
57.96967383
57.98389514
58.00789280
58.04570590
58.09326785
58.28356449
58.40454982
58.41617599
58.45823810
58.46110996
58.47557420
58.49719123
58.51276271
58.58435647
58.58637362
58.71483724
58.76575305
58.97297311
59.11487642
59.30784481
59.49488901
59.57184262
59.59513836
59.60240612
59.76552275
60.00311483
60.02406521
60.06070467
60.25102137
60.29550468
60.31559704
60.34766065
60.51784781
60.59885112
60.64414221
60.71670089
60.77691242
60.99750131
61.01926938
61.10583303
61.15273963
61.28781131
61.37432622
61.40975650
61.42881479
61.56225950
61.63782133
61.88739653
61.97171899
62.00222932
62.08510848
124.00000000
