0.13315657
0.17774525
0.46425694
0.52153154
0.55818671
0.57043403
0.59278200
0.62820711
0.71170867
0.87143307
0.89356010
0.92406377
0.95588379
1.02875250
1.11125681
1.23749594
1.40086356
1.48022304
1.50806765
1.58560319
1.61165036
1.61788860
1.65938405
1.69449580
1.90056642
1.92848336
1.98707378
2.01048943
2.06486807
2.11090641
2.15089949
2.26886468
2.31837426
2.33325963
2.43409187
2.54732499
2.54850249
2.60513185
2.70828034
2.79405785
2.81430515
2.94676920
3.01082957
3.12538303
3.37909746
3.49946272
3.53090099
3.58825427
3.83619368
3.87810407
3.89588682
3.91932227
3.93302125
4.36568293
4.59619377
4.75410904
4.81158400
4.81259640
4.81720378
4.82781787
4.84722367
4.88052025
4.88286062
4.93972683
5.05065963
5.05710136
5.07375941
5.17314152
5.20095219
5.20191998
5.31767974
5.33734974
5.41770580
5.42015434
5.46796865
5.52710163
5.65543305
5.70234571
5.70657659
5.77956803
5.84782291
6.02619903
6.17180444
6.17217617
6.35559149
6.55508715
6.58122518
6.73626868
6.84615900
6.84823001
7.29668577
7.30802368
7.38169108
7.40933556
7.69726823
7.80307070
7.97685420
8.02235444
8.12167319
8.13497779
8.16276902
8.19371120
8.23402732
8.30302234
8.32670941
8.43537523
8.51097035
8.85203579
8.98413394
8.98756354
9.02054806
9.15692967
9.18927356
9.25198094
9.34346607
9.38360962
9.80069752
9.82488917
9.86269901
10.07038783
10.10151630
10.54657796
10.71299206
10.89560189
10.99423495
11.01756160
11.03357795
11.05355496
11.11931546
11.12392425
11.34286522
11.83220365
11.86903177
11.94378429
12.00454401
12.02368337
12.04889772
12.19515777
12.34418260
12.45299099
12.50675426
12.68568254
12.73307153
12.74132344
12.77009848
12.81935235
12.83340595
12.86264749
12.88898790
12.94204833
12.95928232
13.00772988
13.02959268
13.09739924
13.11867356
13.22457057
13.27762788
13.32636628
13.37035119
13.38374145
13.53245260
13.54255325
13.65242675
13.67572548
13.90186079
14.11020092
14.26068674
14.30400133
14.41775801
14.42426749
14.66390654
14.68868711
14.88270960
14.95087413
15.21618573
15.22175791
15.28078740
15.32899788
15.39326500
15.40518090
15.48358488
15.50251586
15.51910885
15.66132365
15.70944915
15.79831365
15.97930398
16.05371118
16.11896243
16.19698927
16.19879593
16.23189452
16.29234860
16.29471759
16.30231455
16.37332072
16.37854171
16.38639380
16.56822648
16.59154916
16.59890787
16.60550273
16.72099153
16.75240524
16.96311588
16.97778077
16.99455507
17.30305050
17.33386146
17.36745053
17.41175823
17.60011814
17.72378053
17.77458892
17.87955600
18.03854948
18.22858518
18.36268634
18.46239370
18.58713154
18.63374263
18.85367484
18.90998834
18.95278123
19.08839388
19.22495754
19.24021895
19.53463452
19.59391674
19.66264808
19.75497338
19.78208881
19.93296887
20.18378770
20.39240109
20.54299957
20.59040694
20.61059487
20.66914344
20.70058028
20.71740962
20.72249905
20.72646933
20.75322406
20.78808535
21.02013354
21.07173679
21.08616545
21.32369334
21.33170996
21.37578003
21.54394648
21.55976057
21.61283300
21.65797159
21.74582611
21.75256269
21.83773415
21.85305658
21.86328170
22.05077832
22.08913271
22.29607694
22.53735736
22.57345363
22.60616109
22.68036974
22.70954833
22.73922037
22.76645574
22.82607546
22.84269878
22.99508733
23.03923887
23.04059571
23.08398630
23.10838236
23.15607127
23.17102985
23.40281273
23.43817220
23.44957997
23.51361549
23.64999425
23.68218661
23.73178626
23.75421413
23.87497204
23.93752477
24.02535318
24.09585915
24.14246519
24.14453676
24.19318153
24.24187006
24.50626138
24.66181217
24.70088578
24.75863208
24.84465864
24.90242042
24.92388845
24.97649085
25.00590798
25.06067462
25.18338736
25.19547643
25.21638619
25.26635996
25.79042093
25.80336124
25.87991419
25.89984278
25.99645319
26.04357531
26.05501449
26.08187168
26.16699453
26.42616913
26.56215209
26.63720869
26.67747329
26.70542970
26.72034521
26.78196677
26.82443544
26.94507210
26.94952825
27.06633826
27.23906536
27.47714076
27.54790964
27.65499849
27.66413505
27.74831235
27.88078653
27.92545004
27.95598319
28.08204213
28.11166722
28.37043324
28.53699149
28.55032407
28.68441471
28.74149033
28.81548299
28.85227980
28.98981318
29.01685498
29.13793114
29.17076029
29.19790610
29.35690892
29.38742638
29.43297245
29.56974489
29.68931235
29.95246984
30.17232272
30.22954349
30.42725896
30.43356847
30.51287137
30.62126594
30.71271670
30.74235257
30.83767199
30.94792316
31.13722369
31.20675083
31.28664247
31.51200725
31.66787511
31.66836456
31.71631657
31.72048774
31.87235329
31.97079006
32.04202885
32.08099722
32.14229637
32.20164841
32.24730161
32.25149393
32.54274089
32.70310481
32.71869139
32.77460603
32.77834224
32.83368141
32.96067841
33.06423929
33.08698215
33.22992305
33.28396894
33.34073111
33.35507532
33.58640660
33.62617208
33.63876906
33.64619583
33.65289409
33.66213934
33.66687433
33.71007079
33.78379068
33.90067294
34.06222270
34.19678884
34.20725435
34.27348628
34.31035574
34.32166018
34.40174365
34.51309542
34.61030898
34.67216181
34.84921556
34.88251911
35.19312286
35.26810822
35.32530099
35.44792569
35.64889150
35.73890865
35.78751491
35.79591753
35.79842076
35.83826995
36.01269509
36.07041772
36.11567636
36.19137072
36.30204814
36.34472930
36.69141494
36.73765275
36.76651798
36.80505635
36.83041469
37.05985186
37.08204478
37.18406322
37.18452655
37.40180196
37.43127258
37.52855529
37.61890406
37.73211788
37.75637229
38.22035566
38.25647725
38.29572137
38.65799285
38.74033046
38.91972306
38.97241421
39.03907388
39.08799267
39.16770759
39.18590686
39.24882660
39.32204072
39.46287561
39.53552800
39.55359064
39.71463712
39.73253461
39.82658957
39.93437392
39.94251447
40.01076700
40.08395776
40.09205472
40.09244724
40.14860820
40.19797101
40.20478029
40.20819374
40.28812574
40.35360805
40.37534627
40.43403028
40.44664376
40.49211027
40.68080394
40.68228798
40.82106891
40.86621684
40.91593441
41.04109574
41.12138494
41.19984558
41.23526381
41.27896844
41.31451447
41.33449502
41.36327002
41.56034503
41.80299560
41.98262639
42.05051009
42.10490047
42.22207059
42.31639157
42.38017949
42.60549977
42.62069925
42.63521913
42.64200238
42.68958546
42.78628368
42.94309025
42.94972212
43.01738703
43.03212367
43.07892857
43.31822245
43.36789455
43.46589403
43.71016778
43.90781841
44.08121577
44.45842834
44.54316212
44.61910980
44.65126213
44.82615033
44.89304083
45.12533244
45.16120323
45.16462332
45.39335687
45.43461231
45.54596513
45.61997746
45.74317711
45.75064121
45.81362983
45.86358961
46.04481332
46.26254976
46.45866206
46.46121909
46.47560186
46.68208235
46.75543208
46.76919929
46.77798842
46.82449294
46.85493845
47.04428972
47.15530822
47.17658534
47.22528398
47.71448300
47.78496455
47.81887764
47.86850742
47.88547461
47.89771168
47.90991651
48.18298958
48.25574701
48.41555355
48.76113881
48.77256967
48.87460010
48.95657648
49.02840714
49.15000001
49.19097013
49.25112369
49.27093226
49.67878211
49.81848436
50.04190730
50.08872655
50.10393600
50.12409734
50.16941430
50.26754956
50.42584213
50.50198028
50.64779010
50.70291349
50.79694620
50.82792579
50.85208344
50.93288881
50.97971440
51.03950320
51.06412943
51.10362220
51.11854801
51.21186888
51.32106026
51.35069422
51.37200646
51.41192568
51.62975713
51.67911814
51.69159956
51.86330760
51.87872670
52.00442312
52.28589245
52.41592865
52.42670871
52.46134108
52.49312496
52.55968521
52.82796617
52.84451142
53.10479809
53.16786954
53.19021256
53.34242141
53.34993314
53.37492819
53.41896342
53.46717430
53.51557451
53.51825216
53.57373442
53.60724874
53.61273864
53.66643721
53.72371785
53.79468272
53.91214158
54.08862764
54.16939457
54.18105328
54.19406825
54.21093820
54.21969079
54.24574070
54.39273858
54.47875464
54.52757617
54.54301736
54.59199296
54.67770630
54.73844389
54.82219904
54.82656729
54.92020705
54.93343161
54.99207718
55.05491458
55.10511755
55.20250693
55.22224045
55.36140975
55.43482904
55.44739732
55.49406109
55.65425324
55.67183656
55.81796475
55.98039040
56.00825085
56.05947972
56.14137903
56.16555215
56.45731002
56.45954501
56.47230233
56.71464356
56.73819112
57.02327400
57.23664646
57.23693219
57.32230394
57.38405491
57.44410451
57.46922503
57.47600769
57.49642337
57.50224537
57.61620257
57.62448031
57.71935172
57.77460332
57.80232191
57.85423183
57.86035614
57.90250467
58.03091490
58.04825776
58.11545450
58.17702568
58.24460844
58.37572610
58.39988872
58.46229862
58.52876972
58.53969305
58.56314700
58.67044175
58.67170342
58.70453311
58.71867100
58.82965326
59.07440237
59.08819501
59.36489305
59.44588144
59.53298296
59.67816864
59.68285794
59.69909148
59.82288789
59.93541565
59.99392021
60.30039164
60.41188849
60.47990723
60.54832072
60.58323435
60.63907586
60.77850954
60.80084437
60.86307342
61.03973974
61.17087230
61.23254206
61.33424098
61.35903592
61.45699004
61.58178110
61.62619582
61.62848739
61.64124917
61.76422328
61.81348777
61.87378763
61.87404741
62.01136589
62.04994604
62.05568017
124.00000000
