0.08374405
0.13188887
0.18484322
0.18952381
0.20791014
0.24698167
0.36369341
0.41738901
0.63066154
0.71699157
0.76983488
0.87767823
0.93119975
0.93405230
1.00624733
1.13932926
1.16230149
1.22893340
1.32066737
1.43931040
1.58686703
1.59240632
1.67772801
1.69449580
1.87702765
1.92464917
2.08144439
2.15277739
2.24775010
2.60638500
2.78295387
3.03202707
3.35786523
3.36655831
3.69055345
3.69617756
3.73153008
3.74984198
3.76865110
3.80401201
3.92216727
4.41446203
4.83119163
5.01696658
5.01816600
5.30248804
5.31412186
5.34639935
5.44785594
5.62476395
5.83400448
5.96911216
5.99221619
6.03231969
6.27026107
6.27730669
6.41026150
6.46410794
6.57162797
6.60461292
6.76263868
6.84823001
7.07920020
7.14496610
7.20493087
7.36916769
7.45906938
7.50102608
7.57556119
7.83029621
7.88258484
7.99487945
8.01753221
8.08215529
8.19762853
8.37423262
8.49519501
8.55809746
8.64797399
8.77741478
8.92233955
9.02841788
9.10777272
9.14222848
9.36048604
9.57387237
9.60642423
9.65789505
9.72037359
9.72353860
9.83326342
9.83578901
9.89079884
9.89648341
9.90079358
9.96588595
9.99226417
10.12195238
10.15761987
10.27332179
10.32326310
10.35003903
10.57220695
10.61249783
10.70564580
10.71851238
10.77887538
10.79733707
10.87297017
10.90923566
10.94498022
10.99147835
11.19731974
11.28331735
11.32437223
11.39635304
11.67973597
11.68760711
11.74195718
11.78855935
11.82512124
11.88561248
11.93398330
12.10809563
12.18609948
12.30222643
12.33573558
12.34522600
12.38412496
12.45201840
12.53095609
12.53926594
12.61413199
12.64072897
12.67366255
12.89234595
13.08461898
13.39374867
13.43400397
13.45540195
13.45908475
13.48713519
13.57818951
13.60431023
13.74889999
13.81159743
13.88588602
13.92869925
13.99682555
14.09154350
14.43521212
14.43654665
14.50641215
14.67994267
14.85136815
14.89559777
15.23958479
15.61794090
15.69986822
15.73998873
15.82784845
15.92960263
15.93218535
15.95821302
15.99058452
16.14194353
16.14392096
16.26082430
16.37154746
16.39474166
16.40084680
16.59699604
16.60356786
16.69396381
16.83570268
16.99373842
17.16045328
17.45236092
17.55998373
17.56297782
17.65831433
17.87639473
17.89591141
17.92069704
17.95891641
18.05030475
18.12639845
18.13629961
18.29556604
18.33425272
18.33996458
18.36471580
18.37917945
18.52716933
18.58769564
18.66037226
18.66747498
18.67184122
18.68553879
18.70781312
18.78972076
19.00447396
19.02843586
19.03476816
19.23911129
19.32467347
19.42611362
19.60750001
19.62550486
19.74235265
19.83472064
19.84704382
20.04701521
20.05087752
20.11367856
20.49148567
20.51112466
20.59251846
20.59718565
20.61102821
20.62013032
20.69979154
20.72161017
20.77363376
20.86818992
20.88644631
20.91542328
20.94706975
21.05777575
21.07555442
21.21232604
21.30348666
21.66038176
21.68830514
21.72536005
21.80530791
21.86370252
21.98559305
21.98739964
22.07033897
22.08138683
22.16470554
22.29729612
22.31024828
22.33081349
22.37576376
22.40984706
22.46967580
22.47715302
22.60926804
22.61759524
22.86714216
22.99821615
23.02724221
23.05975371
23.12521629
23.13705371
23.15607127
23.30833736
23.33662312
23.40232527
23.46756309
23.47670908
23.52393533
23.55670239
23.58161350
23.58410904
23.74599899
23.85197007
23.85381596
23.88702116
23.94801260
23.97602237
24.07132631
24.17138047
24.23389851
24.23621166
24.28254844
24.32780947
24.39302769
24.52391364
24.55327520
24.73928786
24.78086246
24.79048707
24.86525058
25.02681565
25.06284214
25.09182667
25.13378050
25.16848818
25.19506951
25.30348505
25.39587608
25.43817921
25.57198385
25.65301615
25.81753990
25.81883985
25.88271347
26.06206890
26.08721416
26.12569414
26.18463746
26.31112827
26.41886803
26.69164552
26.85388407
26.96954596
27.01203693
27.01568157
27.02367668
27.02468687
27.12061381
27.16093251
27.17674454
27.17983953
27.24388291
27.31008027
27.45860410
27.49789134
27.49882435
27.62238851
27.81308906
27.84627182
27.93380494
28.02557369
28.11410205
28.20145325
28.26810787
28.44081184
28.53245352
28.60124161
28.62612497
28.85168796
29.04476041
29.15967534
29.26232310
29.26634279
29.28436615
29.29715046
29.32585733
29.59422888
29.68040366
29.86488472
29.86909865
29.88174970
29.91265558
29.91793332
30.04982272
30.20937474
30.36332847
30.44500126
30.61598081
30.64970334
30.79286791
30.80639307
30.86638891
30.91646447
30.91666932
30.96940260
31.01712505
31.05918862
31.10132335
31.11581617
31.14755101
31.15779171
31.25399674
31.36300120
31.39563457
31.49034056
31.49965257
31.61741117
31.67375869
31.71003125
31.77007638
31.84071834
31.90362781
32.00162136
32.04834073
32.17527410
32.23908263
32.29258282
32.34865717
32.45466808
32.62658447
32.79249710
32.79840379
32.89099898
33.04142168
33.24405856
33.31175226
33.31178290
33.51283765
33.64542229
33.68938481
33.73435594
33.74129815
33.76857949
33.84607463
33.87217369
34.05217411
34.09475861
34.27226714
34.45293109
34.57984165
34.58263972
34.64078809
34.65427426
34.68145283
34.69469419
34.97676326
35.02792047
35.11556276
35.15664134
35.20948048
35.24349138
35.28005434
35.31889130
35.32508082
35.43307484
35.43333947
35.44970204
35.46932747
35.49000906
35.51167409
35.59007949
35.67880293
35.92824992
35.99535072
36.12272770
36.13144565
36.25091433
36.26404740
36.55233224
36.66004897
36.79982374
36.88449637
36.93202658
36.97111000
37.29126415
37.29620921
37.33437585
37.33606077
37.34074751
37.34940740
37.46071173
37.49726196
37.51553586
37.59075553
37.64194625
37.74951817
38.00842225
38.05083520
38.08849594
38.14867071
38.15829605
38.21088561
38.25221516
38.32793079
38.53813549
38.68904511
38.81901528
38.84085550
38.86483134
38.87885587
39.05059042
39.07656304
39.12421270
39.15654440
39.24710893
39.27091308
39.28928600
39.36353668
39.45720766
39.51839184
39.62463237
39.66160374
39.68774377
39.74150242
39.75935479
39.79463824
39.87192947
39.87199251
39.87977734
39.93958370
40.13694123
40.24955130
40.26492022
40.29594933
40.30528077
40.38667189
40.39395489
40.45782651
40.51481064
40.64417257
40.69665883
40.71651341
40.75327885
40.88839021
40.97245270
40.97696255
40.98348519
41.01387935
41.13619349
41.14652373
41.21662243
41.24423196
41.27692190
41.34671723
41.36959817
41.48320200
41.63720175
41.73460023
41.77587977
41.77987920
41.80012429
41.95269635
41.97104610
41.97216479
42.10865867
42.27961359
42.44154753
42.63563468
42.79314679
42.83336549
42.90775200
42.91856077
43.00528183
43.02931265
43.05778254
43.20091177
43.59663624
43.65640163
43.72351519
43.73610887
43.85807421
43.94259747
44.33296318
44.35904205
44.40079016
44.42461919
44.47232935
44.59338167
44.69942248
44.93357292
44.98719434
45.05380405
45.10797928
45.28043243
45.35338234
45.48502525
45.51344715
45.57780051
45.59669597
45.62803289
45.64443927
45.71505398
45.75047029
45.95726700
45.96293872
45.97069667
45.97951507
46.00697044
46.10420982
46.21455753
46.24962004
46.26765231
46.33993343
46.37088815
46.48001681
46.58108390
46.58655263
46.62719682
46.77832055
46.81715690
47.05763320
47.06412427
47.24455816
47.27197109
47.29453438
47.72783013
47.78505026
47.89019950
47.93759334
47.95650641
47.98197759
48.01664095
48.02411251
48.11660443
48.20147843
48.20503267
48.21422672
48.40537994
48.55372388
48.57440783
48.63881216
48.74034435
48.88513386
48.90856193
49.25463678
49.34120012
49.35664288
49.38392587
49.39875283
49.41206261
49.46479829
49.54753153
49.69276737
49.75134131
49.86277173
49.87489237
49.87799530
50.01268373
50.01642777
50.09450579
50.12547390
50.15325037
50.16586487
50.57948988
50.82950618
50.87122205
50.90100999
50.98722633
51.09706238
51.17469110
51.24648794
51.49435446
51.57208129
51.57601986
51.60032307
51.68841065
51.85263550
51.97345670
51.98538500
52.09586560
52.20859725
52.28721647
52.29471841
52.45272470
52.48580596
52.49907558
52.51983066
52.59599621
52.70386549
52.71693198
52.85154218
52.91657893
53.01071103
53.10394674
53.15677590
53.24322645
53.26794013
53.34588971
53.37716579
53.44979745
53.50509783
53.66720019
53.93161511
54.00189523
54.08667744
54.10842256
54.11402285
54.16386569
54.21356565
54.37208544
54.42697145
54.55085878
54.63133875
54.71806113
54.94860392
55.11549972
55.14772812
55.19652502
55.51667627
55.53137754
55.66018076
55.86397442
56.10584614
56.18936854
56.25421405
56.28814480
56.50443123
56.51031912
56.59850132
56.65936905
56.78252918
56.82455265
56.90894720
56.95957083
57.11105640
57.17453931
57.19751851
57.23081574
57.25271515
57.55818087
57.73353448
57.89119339
58.10262606
58.16312380
58.17455231
58.24360449
58.30503375
58.31057633
58.37386795
58.37518092
58.39077212
58.52395819
58.80392527
58.81146321
58.83772996
58.84116768
58.85694034
58.94173413
59.15186299
59.20312493
59.24457153
59.31629517
59.32159570
59.46387121
59.61113954
59.79109183
59.86869402
59.91839745
59.97255094
60.04119954
60.16762748
60.30235840
60.37617820
60.41936630
60.51983820
60.58835429
60.58871614
60.59080260
60.66907544
60.68588304
60.80090502
60.92552681
60.97048478
60.98471343
61.02801500
61.05157471
61.19189610
61.27539378
61.49539695
61.60365914
61.63749381
61.87770877
61.88772174
61.95255745
62.00885096
62.16757734
124.00000000
