0.13373899
0.15238974
0.56089983
0.59356453
0.77629486
0.80801008
0.88864619
1.04464635
1.15585061
1.48265725
1.59953822
1.68918151
1.95855839
1.97839166
2.04832031
2.05297228
2.06443941
2.18687541
2.26615381
2.32065247
2.38010376
2.49061292
2.50535167
2.58224441
2.58249935
2.61807045
2.77546121
2.85912401
2.89071075
2.99010851
3.03000351
3.05632545
3.15896550
3.26654600
3.28485321
3.30826874
3.42216736
3.42934002
3.48956593
3.51946449
3.70874719
3.71231113
3.74828065
3.86292035
3.88887576
4.11061525
4.18051120
4.19380127
4.20439113
4.25558391
4.28971187
4.52593248
4.84990578
4.92059816
4.94153498
4.96238969
5.20006647
5.33688482
5.38581005
5.41145628
5.44012321
5.48603002
5.51835868
5.53279175
5.66385667
5.68352422
5.82415874
5.93307463
5.96007766
6.01220072
6.19031959
6.21078586
6.21845070
6.22540394
6.55508715
6.58122518
6.85744869
6.85789835
6.89529562
7.10015942
7.11647839
7.19245751
7.20384124
7.42547793
7.64975352
7.76470150
7.84751995
7.87650202
8.01771533
8.07527218
8.32540371
8.35983349
8.41423519
8.41832868
8.61834588
8.66256985
8.71563010
8.74455523
8.88814476
8.98031068
9.10364547
9.12084981
9.16990427
9.23592996
9.25503084
9.46829981
9.69730940
10.00906546
10.09815018
10.13174621
10.20105755
10.21142748
10.29382299
10.31883597
10.45202662
10.45265822
10.49003752
10.58003264
10.66527273
10.75478670
10.79289970
11.00711576
11.01756780
11.21874727
11.26558463
11.26747100
11.39968709
11.50944169
11.57199238
11.58283249
11.97853193
12.06259818
12.16841370
12.30920619
12.41029694
12.44966843
12.50075252
12.68462007
12.75008481
12.82837762
12.94201948
12.94204833
13.15045221
13.16224437
13.21684580
13.24694963
13.56004049
13.64534769
13.76642034
13.91189459
13.95591869
13.98992703
14.07925539
14.11880302
14.33682571
14.41006606
14.43442891
14.45704061
14.52373188
14.69602259
14.74043835
14.74804060
14.89749562
14.98363312
15.01891289
15.20110458
15.20313045
15.22226528
15.27575244
15.37393583
15.38961607
15.56983201
15.64651386
15.66890048
15.90989399
16.19698927
16.24633862
16.29782230
16.34629591
16.35037099
16.50813020
16.50972164
16.63427948
16.78498939
16.86196898
16.90667354
17.10370609
17.13456215
17.25691245
17.30589563
17.56297782
17.80893429
17.83557000
17.96097883
18.34639712
18.72845859
18.86849166
18.91972079
18.94905755
18.98899018
19.12963243
19.13192054
19.14440406
19.24048325
19.45608507
19.46994055
19.53433950
19.61233291
19.62223193
19.68258234
19.70222464
19.80695106
19.81370434
19.84555333
19.88227966
19.93975340
19.94658959
20.06052498
20.08423890
20.16869599
20.24706819
20.26986417
20.34411625
20.38498576
20.43495639
20.58858051
20.77658736
20.82242123
20.86417743
21.01958349
21.13017392
21.29774787
21.35400272
21.39170009
21.76699402
21.83585611
21.89338719
21.90249052
21.93233000
21.94848053
21.95028741
22.19919477
22.35400348
22.40388048
22.40984706
22.42811895
22.43048521
22.43414284
22.52387679
22.53494485
22.72360123
22.73719851
22.85915685
22.90043363
23.28989248
23.36862530
23.42477348
23.47280087
23.56838084
23.69444253
23.72152947
23.73190153
23.76887603
23.82563266
23.87801101
23.88189966
23.99441502
24.27226577
24.42151762
24.47040133
24.92415933
24.94843895
25.24360570
25.47924998
25.51731555
25.52411416
25.52778647
25.58599659
25.64384088
25.64871375
25.72494422
25.81753990
25.92549767
25.98003343
26.31112827
26.34503027
26.35088449
26.60592678
26.62281663
26.70955284
26.78997981
27.17534959
27.39667909
27.45034189
27.46988373
27.52868967
27.58145765
27.62090363
27.71323899
27.74514845
27.79554125
27.85175635
27.88648926
28.02997279
28.04856820
28.12601842
28.16139763
28.39360386
28.48670201
28.66517942
28.70009047
28.74702009
28.89154615
28.92182437
28.92379749
28.96833421
29.10410754
29.10579195
29.12217211
29.14027006
29.20860768
29.22910498
29.24695320
29.32599503
29.33582985
29.41292752
29.46137507
29.50858800
29.53204465
29.64814184
29.68040366
29.72107824
29.78621557
29.79267004
29.97734281
30.03443379
30.15280150
30.34308533
30.44911694
30.46986415
30.49258026
30.73275433
30.83184886
31.00857013
31.04180336
31.11581617
31.23053571
31.52760963
31.55426181
31.63742124
31.83549907
31.93146390
32.05272479
32.18413507
32.25130868
32.44081355
32.44553895
32.54128127
32.55334254
32.64157902
32.85850683
32.89851592
32.96983784
33.04238839
33.12619656
33.25724453
33.26484985
33.35655358
33.52951747
33.59637086
33.68581529
33.78616979
33.78650677
33.81614870
33.88079908
33.90348518
33.99677606
34.03445534
34.08531383
34.23054224
34.24021172
34.56965294
34.61030898
34.64213392
34.71306310
34.71629505
34.96655138
35.00580564
35.11245255
35.33221378
35.33944239
35.45940090
35.48410039
35.67088741
35.67833735
35.77243936
35.87813549
35.97743383
36.00636088
36.09472620
36.10761947
36.16636557
36.40823231
36.57152518
36.64340156
36.65865195
36.66234890
36.70264465
36.72488638
37.08352085
37.12378424
37.33553573
37.40279306
37.70454639
37.89818562
37.92267451
37.95768767
38.01822482
38.02757708
38.34639457
38.44113974
38.47953238
38.52312535
38.56950534
38.65304033
38.70495924
38.80398512
38.87881723
39.03664809
39.05285125
39.09452557
39.14233019
39.16341824
39.24882660
39.25570316
39.34865261
39.34922270
39.36688258
39.46179338
39.50344491
39.53201280
39.54549398
39.66147945
39.78359490
39.93112951
39.94379468
40.04904093
40.27324905
40.43452877
40.57174922
40.62508002
40.77328513
40.89579853
40.89619004
40.91457982
40.97245270
41.04093070
41.10020200
41.24137068
41.25142811
41.42965559
41.58519370
41.60441182
41.68185754
41.84157538
41.99424041
42.04760088
42.31379550
42.31513370
42.32894590
42.42645471
42.85647682
42.86936161
42.96345941
42.96752169
43.04555146
43.13162778
43.25921055
43.29729628
43.40852302
43.43381730
43.65774510
43.77874762
43.81257205
43.85524852
44.00542780
44.12681488
44.17587306
44.19783067
44.21070676
44.42714381
44.52204446
44.55804215
44.56786182
44.57598742
44.59681636
44.60814650
44.82489544
44.85409869
44.88540553
44.91682706
44.92268002
44.93100941
45.03294121
45.06628484
45.12190768
45.17246034
45.20958498
45.36667469
45.43864737
45.46143819
45.55828185
45.66964651
45.75381001
45.93548915
46.04481332
46.17294828
46.28963504
46.29670996
46.54605268
46.62721009
46.73105737
46.89763811
46.97032231
47.05983381
47.14588031
47.18265038
47.19647797
47.39412492
47.44839598
47.44863727
47.50455983
47.50970766
47.57084306
47.62864896
47.64924171
47.66815316
47.68035075
47.84412618
47.91711835
47.99484764
48.13083472
48.16057774
48.17291411
48.29172813
48.35763514
48.48088039
48.57824825
48.78651702
49.20380155
49.24059368
49.50292237
49.51396815
49.57471205
49.58863939
49.81323767
49.91271512
49.97955307
49.99504576
50.02786532
50.06369814
50.23001802
50.33813531
50.45821075
50.58481725
50.74106723
50.83726409
51.01888852
51.09088574
51.21200808
51.24160910
51.36716921
51.40863878
51.57493711
51.67806107
51.68305188
51.71850145
51.73470377
51.76243765
51.77171481
51.78372375
51.87961208
51.90029393
51.95004142
51.98554478
52.12343379
52.14638104
52.46134108
52.58350514
52.68400514
52.75952591
53.11105248
53.20639140
53.21939829
53.23094663
53.25158873
53.48952343
53.50263467
53.69160715
53.69864107
53.79565341
53.83786924
53.99997642
54.00440879
54.08667744
54.21356565
54.27580378
54.46264739
54.60662865
54.63568307
54.67707596
54.70579416
54.72971641
54.77395344
54.78832473
54.85074597
54.85791515
54.88732229
54.89839272
54.94271051
54.94860392
54.98921443
55.01861659
55.02206656
55.09450687
55.17438843
55.20641525
55.30056739
55.31488474
55.48905943
55.58380123
55.72816844
55.82964013
55.86038395
55.86940483
56.14647988
56.15219740
56.57725712
56.73850023
56.74862090
56.81978506
56.87069227
56.89039648
56.89458832
56.90491682
56.91704024
56.92947986
56.98710902
57.09055072
57.18100361
57.25353738
57.28520860
57.49655353
57.52918832
57.55931706
57.57592285
57.66847718
57.81349701
58.06121459
58.13610098
58.16733099
58.17215095
58.19959939
58.20307092
58.34820314
58.47557420
58.90642149
59.22434550
59.32943321
59.37575246
59.47510497
59.50772081
59.61009084
59.64245845
59.87445767
59.99653527
60.08458419
60.11908720
60.14549752
60.38314449
60.38589142
60.39769220
60.41188849
60.49074490
60.60564970
60.62041897
60.62794524
60.98265099
61.14231504
61.24462315
61.35006293
61.36483613
61.48348015
61.56319624
61.57637532
61.61784727
61.71371382
61.75067561
61.76422328
61.77339484
61.80711926
61.88455821
62.01656832
124.00000000
