0.06158808
0.08853590
0.24698167
0.26243546
0.27800084
0.47936214
0.51595197
0.63040782
0.94101339
0.97820860
1.07235579
1.14321716
1.15904438
1.20672263
1.25336927
1.26929889
1.35812569
1.52368261
1.63371525
1.76790133
1.86835617
1.93245312
1.96325141
2.02665912
2.02899271
2.04204495
2.04849911
2.10962135
2.14868425
2.16709402
2.21644384
2.33591154
2.35895072
2.38669518
2.46902231
2.47568133
2.49702881
2.54807675
2.55269157
2.63626940
2.63653382
2.64501051
2.69908830
2.73919392
2.79963101
2.95744982
2.98418611
2.98619925
3.04781707
3.15667338
3.15896550
3.28707644
3.51256413
3.57837191
3.60859489
3.63348356
3.65459332
3.72954831
3.81282153
3.82808844
3.85534812
3.99461556
4.02839507
4.16295320
4.43512802
4.46023342
4.46858457
4.58234775
4.68126921
4.75918227
4.91050698
4.95827440
4.96112330
4.97743638
5.01079877
5.21380130
5.36931191
5.54761532
5.59011150
5.63909921
5.76502976
6.00213887
6.04309542
6.10371083
6.12342316
6.43481105
6.44930234
6.46677536
6.47776838
6.57978175
6.60399538
6.69194108
6.75815376
6.86701905
7.07675968
7.47920536
7.71726763
8.01294389
8.11893111
8.15787888
8.17594683
8.33936847
8.42065030
8.47400152
8.61759743
8.62102602
8.62562767
8.65687243
8.83421512
9.02841788
9.13864958
9.14271490
9.18678124
9.20324960
9.22084513
9.24599794
9.29733203
9.45983980
9.50451931
9.51669296
9.72357285
9.72540854
9.75480082
9.79483807
9.82523789
9.87428591
9.93755405
10.09291172
10.12804913
10.14315052
10.24464091
10.29870754
10.44128074
10.45951893
10.57474281
10.64568691
10.66482427
10.83882168
10.86181830
11.05016477
11.06025500
11.10875533
11.16029818
11.32437223
11.48746047
11.55536528
11.56998249
11.82694646
11.95465842
12.05698748
12.06234425
12.13141388
12.17989146
12.40034841
12.64543144
12.75008481
12.82837762
12.96271575
13.03098422
13.13549355
13.13637378
13.14970761
13.15234422
13.16736758
13.21247713
13.28544734
13.34095215
13.35578275
13.42840512
13.44951879
13.47520995
13.53950579
13.61064420
13.67351501
13.83661168
14.02466819
14.10411725
14.21902568
14.39497098
14.48764601
14.52650332
14.56377197
14.56741032
14.63086270
14.65288338
15.02555953
15.02900846
15.19935572
15.21791483
15.27315807
15.27575244
15.42319592
15.48043656
15.58936709
15.64230104
15.68540779
15.70828014
15.76026983
15.90082103
16.06063656
16.11690488
16.25505510
16.27846334
16.28717491
16.39681258
16.52864586
16.57366656
16.58622368
16.69804444
16.78691566
16.88970634
16.89781677
17.05194041
17.12806060
17.45049210
17.66139111
17.66931508
17.73640651
17.78666752
17.92498349
17.98583556
18.13099486
18.13580382
18.24259459
18.55971373
18.57745833
18.59409303
18.70349122
18.73052849
18.75119089
18.77596686
18.80427068
18.81535311
18.86244985
19.27278992
19.33564305
19.55513743
19.58016227
19.86454202
19.89288158
19.89869882
19.92866283
19.96017483
19.96159596
20.11959615
20.13397476
20.20805668
20.45313481
20.67233155
20.69625947
20.82815287
20.84298314
20.85169013
20.89371326
20.89829994
20.92400179
20.93937409
20.97314781
20.98777445
21.04863323
21.20121291
21.37793007
21.51515002
21.52603197
21.55406080
21.62896357
21.65191176
21.67799765
21.68149147
21.70660805
21.78233222
21.83282044
21.92082268
22.03798523
22.04763185
22.21046468
22.21927517
22.32205222
22.37576376
22.43914436
22.44507086
22.48036615
22.48493453
22.48555985
22.49850351
22.50105510
22.53421395
22.57870776
22.60839944
23.01381978
23.02546967
23.05070819
23.72400679
23.83673135
24.08464324
24.10496660
24.11781384
24.14055895
24.36394281
24.48446980
24.57491545
24.81720345
24.87111000
25.01720090
25.09462469
25.09772602
25.19506951
25.24544977
25.25464801
25.33709574
25.39684397
25.53171758
25.85452014
25.88662676
25.90687288
25.90820235
25.92839110
25.93889940
25.94077597
26.28436909
26.36827492
26.43720489
26.47842940
26.81942921
26.87647724
26.91955291
27.01721731
27.02686115
27.04542843
27.15084133
27.23886156
27.37006576
27.38689876
27.39560979
27.56327445
27.57001839
27.64790109
27.66037384
27.75066542
27.75845456
27.83847426
27.84492965
27.89888630
27.90956931
28.03013730
28.33504590
28.39486399
28.78844063
28.85637097
28.90447920
28.93624070
29.02183761
29.17315652
29.20689417
29.40809321
29.49202871
29.49545004
29.66207422
29.76137872
29.76555017
29.87024310
29.89036015
29.90140302
29.94560630
30.07800351
30.18588782
30.27007438
30.39811181
30.54986470
30.75526423
30.94548708
31.12284882
31.28283997
31.35300105
31.40415763
31.45831234
31.65809674
31.70087209
31.72749562
31.83705163
31.87522663
31.90362781
31.98437704
32.06999004
32.25040860
32.28999148
32.53165682
32.53381623
32.54274089
32.76990871
32.78173930
32.84186152
33.18953536
33.19631473
33.42013927
33.61782388
33.64858910
33.69120091
33.71449398
33.92584532
33.94682764
33.98238570
33.98994083
34.00892781
34.01902261
34.04993880
34.06712502
34.11359524
34.28926418
34.32626457
34.38929667
34.40765717
34.42853274
34.43460279
34.49453987
34.58851696
34.60494281
34.64860495
34.65690881
34.67635340
34.89267445
34.95360000
35.03433914
35.15492958
35.30882915
35.53785145
35.56705044
35.63102833
35.63373024
35.67491703
35.91985673
36.13788376
36.16470132
36.31704608
36.40656373
36.42608960
36.42652633
36.99003294
37.01346280
37.06642169
37.14625975
37.28425254
37.45544340
37.53649747
37.68651429
37.81201963
38.01599889
38.05375013
38.08538469
38.14379828
38.21889801
38.27619206
38.28212683
38.31291519
38.37906877
38.39774358
38.66620029
38.67667705
38.71986486
38.72349981
38.82528515
38.87130623
39.08296974
39.14904702
39.27554488
39.32499196
39.53524724
39.57527069
39.59204259
39.65824348
39.68874843
39.72308064
39.73654203
39.75810599
39.83669598
39.84210059
39.97282474
40.02860473
40.07779028
40.12725355
40.19957087
40.26400579
40.42744376
40.43194520
40.47317028
40.62508002
40.69465272
40.88465662
40.89222658
40.91823414
40.99342113
41.18789932
41.32168243
41.38308786
41.41692551
41.42510250
41.55903388
41.58454416
41.66200946
41.73172768
41.84887254
41.93022594
42.00371628
42.00746736
42.03709934
42.10752850
42.31897663
42.42554283
42.49394681
42.53708852
42.62735423
42.64854797
42.66704271
42.69759237
42.83032292
42.90780227
42.95145614
43.04434161
43.13923453
43.24868170
43.28834434
43.29145014
43.38566203
43.49329659
43.53885659
43.55446267
43.66080832
43.67641279
43.68919562
43.80513510
43.90841733
43.99565149
44.08870446
44.15332325
44.23831448
44.36096385
44.37162513
44.42356704
44.53413590
44.65950092
44.69639846
44.70083425
44.72683911
44.76998977
44.89421381
45.16120323
45.29532280
45.39278920
45.44794118
45.55949478
45.57364753
45.57568231
45.72843490
45.73061549
45.76784476
45.87439447
46.01533278
46.05503729
46.40227699
46.41930129
46.65794782
46.83661335
46.91859892
46.93381975
47.24325974
47.30055284
47.34594231
47.52546778
47.53071976
47.58400299
47.59928605
47.75604963
47.79557845
47.93939580
47.96628843
47.99533748
48.11341763
48.11380653
48.12553368
48.16741256
48.19023793
48.21977644
48.31922761
48.58433175
48.63430600
48.73790010
48.80129695
48.82862725
48.92343299
48.96809472
49.04878416
49.10473115
49.14614657
49.19095079
49.20061476
49.27355870
49.27999293
49.33483403
49.39210502
49.42517932
49.44251274
49.64900748
49.66424182
49.66937051
49.78183439
49.99188191
50.10047111
50.21468435
50.35368670
50.40812049
50.57278256
50.58577366
50.71643907
50.87977925
50.90338734
51.25815343
51.34623533
51.47569290
51.49575433
51.56680813
51.58655321
51.70302997
51.78372375
51.82637752
51.89232883
51.93628987
51.99450214
52.03243782
52.05380170
52.18753664
52.26442187
52.35283027
52.42544067
52.60884152
52.70441856
52.71769663
52.82796617
52.82948321
53.05159101
53.05549756
53.06707448
53.10398365
53.15677590
53.28224168
53.39373932
53.47202050
53.54331325
53.62629494
53.82620782
53.86031776
53.88325704
53.89858642
53.92102863
53.95433147
54.21799107
54.22483225
54.23706164
54.38553011
54.60662865
54.70956326
54.72971641
54.85001133
55.06052266
55.11028418
55.22785388
55.79409935
56.02586223
56.05947972
56.22065018
56.25092914
56.28851911
56.32763543
56.40067629
56.40771748
56.46787002
56.52830375
56.62493404
56.68134894
56.74463061
56.84110318
56.90893076
56.93478165
57.07610326
57.15160503
57.15592935
57.33581197
57.39099315
57.42978660
57.45157793
57.63097845
57.65044732
57.65600740
57.71102258
57.75927241
57.77037017
58.02937950
58.04302637
58.05808909
58.42547725
58.44710193
58.57717104
58.81424885
59.18304056
59.18954592
59.21732768
59.26489756
59.37770449
59.42960550
59.53839606
59.54250401
59.73966928
59.77743803
59.91439684
59.97330350
59.99809591
60.27097363
60.37827455
60.38000372
60.39796642
60.47686948
60.53009830
60.67621313
60.87371377
60.94569030
60.95237308
61.05071337
61.08103980
61.26229183
61.27370433
61.28211501
61.29698188
61.32288400
61.59068930
61.61096355
61.63398350
61.81690100
61.91987362
124.00000000
