0.07268383
0.13373899
0.13724840
0.50205541
0.56357331
0.89470925
0.99913785
1.04011255
1.07245314
1.19032143
1.24863638
1.25399755
1.34739622
1.36395684
1.38469639
1.41598641
1.46287088
1.50319897
1.52085512
1.55542642
1.68689823
1.71359361
1.83761323
1.86094658
1.86382924
1.93063803
2.04491742
2.11939516
2.13531665
2.22485492
2.31658129
2.49702881
2.58289093
2.64787317
2.68482306
2.69243965
2.74766020
2.79537695
2.83621326
2.93257238
3.09550914
3.35471283
3.41788463
3.44626735
3.48452601
3.53802939
3.55241700
3.69608478
3.69876339
3.79698543
3.83281335
3.88544247
3.92487192
3.95283373
3.96628982
4.00019466
4.04421345
4.25146648
4.38694941
4.48122043
4.53852362
4.55728524
4.62400132
4.62869090
4.80879912
4.82803871
4.91527198
4.92353614
5.14837813
5.15464230
5.15472567
5.27905518
5.29103029
5.33141360
5.37843124
5.44785594
5.46156989
5.49706379
5.57225939
5.63641389
5.70765664
5.79528118
5.82327934
5.99604939
6.02867342
6.07854251
6.13493832
6.35494255
6.37837369
6.38768781
6.41155996
6.43481105
6.53384246
6.56344895
6.72115461
6.74299567
6.90920366
7.15150806
7.16332786
7.25968846
7.33489061
7.70941775
7.81898497
7.85769604
7.90799937
7.97701930
8.18269540
8.23737932
8.31203389
8.44923225
8.89161004
8.97591534
8.98939575
9.16769322
9.20951162
9.36185594
9.38880787
9.49963790
9.52461913
9.60263501
10.07347690
10.13298444
10.13674701
10.13791311
10.16382899
10.30534188
10.32737131
10.40375002
10.44161775
10.45008965
10.56114993
10.75605569
11.03835333
11.08449994
11.21139233
11.26747100
11.30746007
11.32071786
11.58169759
11.87052928
11.97511609
11.98047935
12.03493533
12.06116450
12.06922582
12.08514365
12.10204420
12.48833171
12.53435099
12.66156845
12.73018103
12.75724900
12.76351477
12.81007836
12.81463045
12.90611892
12.93269633
12.94268081
12.97368211
13.01095971
13.27588982
13.41364590
13.56867295
13.65148861
14.01767127
14.13627042
14.25562564
14.29716698
14.33475152
14.34252859
14.34353854
14.58450503
14.77940815
14.85988304
15.01368016
15.13997526
15.19550630
15.20114761
15.22175791
15.34911446
15.35616253
15.63904458
15.92459480
16.03386412
16.03787993
16.08851904
16.09873444
16.12978557
16.13682586
16.23820148
16.37057243
16.37774172
16.99791970
17.07872483
17.60462721
17.66931508
17.86780728
17.95891641
18.01789742
18.04488546
18.08642084
18.22847746
18.30454098
18.31696331
18.61264254
18.64534229
18.69125788
18.76831721
18.80504036
18.89994274
18.94303378
19.02749225
19.25074375
19.37541063
19.73621559
20.43398734
20.57333510
20.64479290
20.64546461
20.66148497
20.69625947
20.71187621
20.90818894
21.00161752
21.22753136
21.26301291
21.28462560
21.28614687
21.37168908
21.48457601
21.58818848
21.76382832
21.90000662
21.97934820
22.04338661
22.08947127
22.19746926
22.21927517
22.24810205
22.24935926
22.25267490
22.27005377
22.49469060
22.55229725
22.57029228
22.75260397
22.89700207
22.94651887
23.19990739
23.29022907
23.30805101
23.34270625
23.34793169
23.35216153
23.44936019
23.46645097
23.69568888
23.81961412
23.87600214
23.90652948
23.91816777
23.92554601
23.95265504
23.95498625
23.98482009
24.09384908
24.13087201
24.23905274
24.28976681
24.46497000
24.49367614
24.49578140
24.66979935
24.70848282
24.80298037
24.80821874
24.84603079
24.86427496
25.12380370
25.22655939
25.29833172
25.35344752
25.52880590
25.63725790
25.64384088
25.67499393
25.76598575
25.78758477
25.80503994
25.98149026
26.11786806
26.12562782
26.36827492
26.43684032
26.44072751
26.47393353
26.48957000
26.50781017
26.52903290
26.63974258
26.71632352
26.73365286
26.74752109
26.75934479
26.87899082
26.91955291
26.96204733
26.99234427
27.01400308
27.04453842
27.07723704
27.16899185
27.24924542
27.35096091
27.35207451
27.74009470
27.77710418
28.23229199
28.30286656
28.31245865
28.35445072
28.40624711
28.49416770
28.56700538
28.62860440
29.05886348
29.05968836
29.13905978
29.14635532
29.17973036
29.30702237
29.36213440
29.41262783
29.42334621
29.44504184
29.55722346
29.65440818
29.72312380
29.93442201
30.06874890
30.12249505
30.14360039
30.29508581
30.30862705
30.35058772
30.57950599
30.60702786
30.82614333
30.82938491
30.89821855
31.03104193
31.04651594
31.05168825
31.06864623
31.20766083
31.29523099
31.34016045
31.43816071
31.46582498
31.61784408
31.64105669
31.71306029
31.71378687
31.80203649
31.82278813
31.82435522
32.17988668
32.31247735
32.35898686
32.39361430
32.44593494
32.47339592
32.52310301
32.61925687
32.70919354
32.71495502
32.71517361
32.77908960
32.78701037
32.93609699
33.03612030
33.26490393
33.38028611
33.39600714
33.47182415
33.63514023
33.65361751
33.66109839
33.85846127
34.01449993
34.08434506
34.12071845
34.35960628
34.42673176
34.53329325
34.75549678
34.94096897
35.02614818
35.07268342
35.17007891
35.27807207
35.38474288
35.40013947
35.46087282
35.63013561
35.66474733
35.67642269
35.68718482
35.74381333
35.81722127
35.84338349
36.01164328
36.09888844
36.15161588
36.33973591
36.39631481
36.56418769
36.59609579
36.61873081
36.70264465
36.80008573
37.05640599
37.10223003
37.14159114
37.21011421
37.41179152
37.61169737
37.69890145
37.78335475
37.79721826
37.89057996
38.05083520
38.05701780
38.06760422
38.14442546
38.18388553
38.18773989
38.33208220
38.38278704
38.60568428
38.64819334
38.67734971
38.70495924
38.74189870
38.97241421
38.99445719
39.02233319
39.21142083
39.23902778
39.24677196
39.40181853
39.53146212
39.57504320
39.73118517
39.75625960
39.92302365
39.92568446
39.93222626
39.93437392
40.05905727
40.13309202
40.24962706
40.25703668
40.27429054
40.28460566
40.34238946
40.58628624
40.59060330
40.62429291
40.65410919
40.86532801
40.87680020
40.87760305
40.98803645
40.99000862
41.01678651
41.19420111
41.21662243
41.23765389
41.27526705
41.43598343
41.47325688
41.72963122
41.76727231
41.86300634
41.87065963
41.87354355
41.87593192
41.88251921
41.97754297
42.05934774
42.19676489
42.20261918
42.26866939
42.46547131
42.61461131
42.70210115
42.73388261
42.76044056
43.00456455
43.06775674
43.08771215
43.50903001
43.66620088
43.72965287
43.76037328
43.76218634
43.79204493
43.84548178
44.00689194
44.07589041
44.09001357
44.22763451
44.44043917
44.64674524
44.67247857
44.85723757
44.98788111
45.27186294
45.47414543
45.48654027
45.48912640
45.55876605
45.59736931
45.75918519
45.80356281
45.82447853
46.12165446
46.16375916
46.17788533
46.34704181
46.37455474
46.53514610
46.64482146
46.67259367
46.84321915
46.96476768
46.99168808
47.07476345
47.11026419
47.16668680
47.22115572
47.38119147
47.39074150
47.72536377
47.84893179
47.88632373
48.31993217
48.36200290
48.49983772
48.53529949
48.61684309
48.89206033
48.89914583
48.95131918
48.96324553
49.01845776
49.05898657
49.18807793
49.37387524
49.38571607
49.41573872
49.65099768
49.69513062
49.72607942
49.78587833
49.90547844
49.92669176
49.96979318
49.97105711
49.98457146
50.01134598
50.21534697
50.22085511
50.31230037
50.31661385
50.35368670
50.42305751
50.44418758
50.46809951
50.73479609
50.73653609
51.08922309
51.14855127
51.15027032
51.19197035
51.40324053
51.49783580
51.56680813
51.75172357
51.88106048
52.07072221
52.09305246
52.37043977
52.42881670
52.47054756
52.47313738
52.52473946
52.54490803
52.55623102
52.68344098
52.70123142
52.75500808
52.90477751
52.95523382
53.04744136
53.08941413
53.14994171
53.23094663
53.34242141
53.47171779
53.57339673
53.62629494
53.82788382
53.83365366
54.00561507
54.03656354
54.10560749
54.17688902
54.34912436
54.36744020
54.48697970
54.58565950
54.65164302
54.68254875
54.78780553
54.97758132
55.05843524
55.13420864
55.38561900
55.56687155
55.69197971
55.80754575
56.05043389
56.09152262
56.16647116
56.21856630
56.24777704
56.49991504
56.62427991
56.67012971
56.75781668
56.84577285
57.22686633
57.38978861
57.48892904
57.49797883
57.51605808
57.59858452
57.60175248
57.94620125
58.00571762
58.11989056
58.19021344
58.46881993
58.49497360
58.50760213
58.61850311
58.75203143
58.77890900
58.81405827
58.93407860
58.95956692
58.98788994
59.00860375
59.81280884
59.83231383
59.91403346
59.92514620
60.07248451
60.21770364
60.24410033
60.27096265
60.29176439
60.30851601
60.34522854
60.34767118
60.34775963
60.37223990
60.48432008
60.61596755
60.70422497
60.80112072
60.82826827
60.88685215
61.15741933
61.26229183
61.27403120
61.56928245
61.69204022
61.79909792
62.13913862
124.00000000
