0.14829494
0.40532179
0.50487140
0.57294639
0.58211126
0.60733066
0.62429597
0.75089336
0.80351622
0.90613014
0.94628848
0.99282755
1.04147212
1.16125893
1.19835968
1.22299291
1.25079202
1.36164377
1.41355166
1.55343832
1.60861563
1.64806937
1.87528722
1.96325141
2.24623878
2.27187959
2.29174726
2.33591154
2.55927252
2.60638500
2.62280998
2.74395780
3.01485019
3.29771432
3.47514092
3.65134035
3.65795337
3.67990490
3.74240022
3.76965952
3.90791677
3.94574200
3.95987505
4.06783857
4.12626686
4.22412802
4.23015760
4.25262978
4.26490149
4.27473111
4.36054734
4.47518580
4.61441350
4.72238862
4.81675907
4.86936905
4.89693401
5.11122781
5.12909822
5.20485349
5.31607854
5.37170571
5.38581005
5.39969740
5.54516199
5.56046339
5.69995873
5.70205845
5.87116179
5.88071039
5.88348843
5.90151420
5.90264911
6.26714380
6.27092491
6.31192614
6.34699480
6.36202947
6.43082769
6.50236045
6.68682879
6.80284650
7.20757233
7.34322536
7.34557408
7.36317664
7.37450062
7.37666150
7.44747722
7.91360821
7.96529140
8.02297949
8.03577517
8.07073004
8.26683983
8.31584377
8.37114522
8.37582590
8.46853224
8.53735364
8.56112402
8.57597367
8.59589489
8.77504475
8.93420378
9.09162517
9.27143170
9.41591372
9.51019829
9.53594304
9.59241882
9.60019154
9.77932581
9.81046192
9.83145004
9.86210667
9.96839649
9.97396586
10.02437905
10.09990876
10.13304226
10.14292504
10.18193768
10.19006314
10.27960376
10.29466335
10.37896255
10.43348581
10.44627230
10.56639415
10.73360007
10.74889796
10.95300712
11.02213104
11.54964375
11.64223562
11.65856422
11.76962747
11.85972587
12.08520527
12.54898538
12.67108954
12.70352092
12.75884835
13.15045221
13.27408838
13.28177714
13.35216991
13.42862294
13.43746691
13.51697014
13.54113207
13.54634451
13.61448326
13.67361193
13.69008366
13.71047991
13.94764123
13.98972495
14.10396162
14.11917869
14.29843262
14.33981915
14.53049296
14.61082146
14.64482344
14.80789194
14.81292879
15.21222076
15.21374327
15.22052306
15.34016517
15.34577559
15.40355536
15.40518090
15.72141198
15.79830760
16.02314905
16.02977188
16.13450935
16.33175103
16.35806437
16.39474166
16.41282201
16.47177657
16.52660529
16.53370634
16.58122932
16.62052135
16.64420600
16.83106052
16.83310038
16.87050964
16.98873361
16.99791970
17.03875444
17.13181712
17.25951828
17.29267967
17.33663487
17.34744114
17.35455789
17.42610685
17.59568275
17.62872654
17.63820760
17.64348230
17.78569201
17.86027116
17.88547740
17.90569502
17.95299576
18.03018503
18.33982117
18.40407403
18.41414545
18.46740627
18.52496220
18.53937376
18.56172690
18.61374469
18.61676762
18.64507314
18.69787693
18.86864539
18.94632662
18.95451034
19.04746733
19.13884112
19.17786816
19.18006082
19.20332104
19.26061667
19.26713324
19.35525070
19.52704537
19.55396992
19.71391331
19.73687441
19.74661184
19.81993108
19.97573838
19.99789196
20.11996480
20.14027900
20.20626622
20.21846334
20.35876199
20.38375083
20.39660032
20.44451623
20.51053763
20.59040694
20.70186609
20.84965321
20.88074786
20.88397034
21.03897987
21.08507913
21.08634501
21.24851740
21.32335312
21.44695894
21.50764221
21.71860990
21.73262612
21.84715679
21.90862727
21.92564099
21.97884455
21.98808655
22.06909146
22.09023413
22.26430321
22.32548736
22.35216054
22.48764192
22.50271574
22.62621769
22.63333388
22.80091292
22.88560765
22.88931263
23.02006533
23.03539050
23.08963873
23.16258995
23.23358945
23.45517831
23.49319135
23.51768654
23.51811241
23.55144355
23.59656923
23.59869990
23.84379610
23.87178211
23.87311804
24.01752540
24.06666252
24.08902405
24.11502567
24.16466766
24.19445962
24.19933160
24.30015364
24.39486014
24.41046076
24.50219180
24.66900786
24.69097181
24.71699848
24.81293285
24.82725954
24.84108437
24.94422979
25.00844304
25.00857279
25.05894680
25.23152653
25.39551562
25.42779882
25.47448862
25.65580234
25.78018855
25.78682512
25.94662738
25.96857849
26.04062707
26.04788252
26.18090941
26.23054385
26.28597855
26.28812013
26.39073292
26.41736501
26.45368259
26.51882193
26.77461505
26.86372325
26.98935612
27.12658116
27.13887131
27.50929426
27.63798477
27.66551516
27.80159973
27.89660573
27.93179825
28.04261463
28.09148049
28.09646856
28.22102382
28.33970425
28.41329859
28.61246671
28.67888791
28.78186254
28.82523525
28.85491376
28.92652195
29.04291684
29.14852610
29.33305978
29.35794681
29.35932820
29.43297245
29.44104154
29.51997376
29.58891862
29.65270327
29.79622829
29.90516555
30.07196176
30.10140644
30.11316434
30.18510212
30.33241770
30.45437909
30.46552710
30.63113120
30.67723780
30.70081857
30.83001925
31.03221061
31.17769313
31.29020159
31.45586178
31.48408904
31.51210107
31.51939172
31.53299503
31.56256542
31.56964805
31.63436989
31.65131423
31.75220360
31.81839741
31.82018757
31.97240462
32.03629692
32.05836188
32.23699710
32.30395704
32.31834450
32.37968422
32.41242268
32.53296226
32.82264758
32.83244125
32.94172693
33.07431366
33.19363004
33.19398114
33.22548332
33.30083052
33.40610265
33.48801348
33.55733929
33.56500415
33.58088130
33.62680884
33.75818715
33.82362102
33.87832028
33.91946186
33.95689383
33.98440547
34.16840312
34.29006643
34.32188451
34.33253400
34.42277538
34.53314632
34.67455012
34.73412327
34.82382812
34.88160367
34.95916091
34.96153154
34.96333261
35.02363254
35.13168183
35.17519147
35.25986339
35.28550549
35.31701252
35.33436004
35.47274764
35.67833735
35.72418422
35.77631494
35.85090950
35.89371300
36.01316269
36.17614331
36.21748565
36.22440499
36.75137992
36.82182752
36.87935413
37.10754245
37.14231966
37.29058131
37.31603308
37.34074751
37.41008897
37.41111312
37.46988701
37.49893198
37.87945790
37.92235121
37.95663522
38.05634135
38.05701780
38.09170234
38.13089668
38.20116464
38.21889801
38.24747281
38.25743726
38.28436678
38.29342135
38.33449363
38.36734521
38.41729050
38.64555634
38.67914025
38.69200670
38.71568407
38.75669394
38.79084274
38.79607066
38.80996652
38.94778868
39.06305922
39.13469620
39.14804732
39.19250693
39.20531608
39.29721366
39.30384410
39.36835791
39.41307026
39.46225147
39.56891290
39.59204259
39.60348228
39.69862009
39.75625960
39.83316106
39.90536238
39.92568446
40.14453718
40.47886016
40.60304929
40.70227021
40.75383490
40.81051759
40.83390918
40.90812777
41.01777073
41.05814213
41.14136791
41.22402974
41.22576556
41.26828148
41.41692551
41.55521358
41.58492118
41.66628823
41.68275099
41.69937375
41.75535817
42.23635195
42.28754428
42.33686600
42.34124571
42.36305838
42.66096369
42.69036078
42.80130717
42.87088739
42.98430298
43.14155868
43.15553540
43.45184804
43.48185865
43.56492689
43.73521265
43.74215723
43.76348210
43.80353347
43.84703032
44.07642055
44.08870446
44.12102090
44.31325841
44.34117875
44.36303295
44.56879799
44.57110483
44.74360221
44.76723701
44.99291435
45.01278238
45.01640731
45.04317894
45.06116067
45.21483593
45.28755980
45.29532280
45.37284599
45.37760125
45.43457567
45.56429632
45.56436438
45.62639500
45.63093595
45.68021036
45.78216663
45.79869921
45.85171686
45.87192781
45.88050628
45.91547021
45.92344902
45.95189483
45.98960490
46.01686831
46.12407766
46.15499829
46.29346763
46.34047495
46.34909322
46.36302851
46.40516015
46.43728622
46.61817415
46.95094610
47.13037519
47.17658534
47.19261972
47.27300251
47.29259860
47.31127908
47.32053761
47.50455983
47.57046019
47.65707345
47.76214615
47.79365866
47.85158282
47.97409877
47.99849782
48.03439593
48.16057774
48.30603119
48.31526266
48.37837730
48.47389660
48.81178703
49.01394188
49.19401857
49.20380155
49.25643549
49.29908318
49.46609581
49.81323767
49.85864564
50.05083257
50.08556469
50.34372448
50.63729004
50.66638882
50.72713168
50.78094286
50.88902791
50.90792054
50.92903280
50.94389632
50.97671091
51.13397713
51.18027939
51.20129219
51.28384899
51.30550545
51.31842830
51.43151900
51.44950758
51.54856655
51.62665382
51.62929231
51.67871262
51.79512301
51.85180216
51.92908894
51.93072036
51.98972425
52.08754734
52.12662771
52.18737456
52.24774963
52.30707042
52.38197515
52.49883657
52.54251408
52.57767280
52.69930122
52.75617532
52.76772937
52.99227859
53.08251088
53.27335917
53.47428141
53.55105656
53.56708330
53.68154677
53.72980074
54.05000025
54.16064709
54.24546069
54.25834472
54.56231366
54.57854941
54.58630394
54.60456109
54.61163524
54.72510383
54.86869080
55.14042199
55.15047319
55.17763399
55.18893774
55.19143096
55.29571559
55.30056739
55.51333458
55.67349206
55.69618294
55.73652297
55.82069227
55.85489996
55.87013130
55.89508355
56.04554073
56.37815642
56.66663977
56.68659799
56.78322456
56.84917451
56.99025385
56.99059598
57.05415617
57.26303075
57.32875783
57.34980923
57.42231936
57.54227462
57.57525460
57.58736489
57.59202093
57.65288907
57.73662654
58.04512111
58.12019020
58.14537594
58.21559682
58.31292485
58.32878015
58.35434248
58.36784686
58.71483724
58.75492330
58.81647736
58.85038568
58.99303363
59.20828345
59.34881407
59.45136720
59.48832259
59.54918631
59.66939205
59.76021270
59.91073682
59.99828644
60.13661624
60.32882396
60.41971821
60.43533297
60.48666597
60.52521926
60.60345080
60.61871113
60.62692652
60.68096225
60.68560494
60.74216234
60.87529329
60.89013434
60.95191998
61.00252011
61.01366629
61.20997918
61.28922833
61.37432622
61.52310111
61.55474822
61.61881889
61.67150388
61.67265677
61.78360324
61.79496814
61.83288531
61.97572395
62.03585331
124.00000000
