0.01687150
0.05177097
0.26153222
0.32966630
0.35432393
0.39603657
0.48027440
0.55928361
0.56636908
0.71801259
0.73237963
0.75764677
0.84545279
0.89124699
0.99311457
1.32223870
1.37533765
1.47684121
1.59037341
1.64968682
1.76304842
1.91036449
1.97633956
2.02615677
2.06569370
2.15205974
2.19183506
2.36556137
2.45129922
2.54329145
2.69816222
2.70381854
2.78050061
2.81374655
2.84202375
2.98937287
3.00718316
3.22350850
3.62397952
3.64560733
3.77660683
3.89476429
3.97526888
3.98700149
4.04558920
4.08296831
4.12299663
4.23015760
4.26313487
4.38491684
4.44748026
4.48180640
4.87403985
4.90381111
5.00288302
5.02892902
5.26743694
5.56139114
5.59321343
5.69761878
5.73107015
5.82794271
5.83300758
5.89939500
5.91954303
6.10813348
6.12759183
6.16211291
6.17940986
6.19277266
6.27766417
6.32292095
6.47075361
6.49485358
6.86634753
7.11618539
7.15314575
7.17484561
7.24662314
7.38848141
7.39007100
7.40010188
7.58882829
7.59422197
7.68188937
7.94212973
8.18435892
8.26736496
8.63347369
8.63978431
8.78404022
8.90582111
8.96662848
8.97984207
9.11871715
9.13661748
9.14204850
9.14757274
9.16990427
9.27238679
9.34035100
9.61304194
9.81443109
9.84181389
9.88441872
9.89865768
10.04336257
10.36919424
10.38207225
10.77487527
10.83957854
10.91086390
10.91872403
10.93362935
10.93484098
10.96582335
11.04059540
11.16029818
11.20769306
11.20835828
11.26174211
11.27971850
11.43690386
11.51025275
11.59646072
11.74994091
11.91185424
11.94127967
12.14455311
12.17845675
12.22215866
12.30777620
12.44655216
12.49508737
12.50075252
12.54700287
12.60135237
12.86888818
12.92622693
12.97278576
12.97699389
13.05576855
13.08385718
13.35225010
13.70052684
13.75087366
13.82496093
13.83680106
14.02169773
14.04021756
14.09665929
14.12890492
14.19533281
14.24215335
14.28946955
14.41919514
14.48721305
14.71312068
14.98132999
14.98326008
14.99611779
15.14545398
15.15678273
15.18752225
15.19876761
15.28910635
15.31675383
15.37182468
15.44424237
15.56634136
15.57696314
15.57935895
15.66480463
15.67429687
16.04918653
16.06592644
16.08486596
16.22674964
16.24734454
16.27904574
16.47482906
16.53336647
16.56976459
16.59414561
16.85039703
16.95050509
16.99065346
17.21006375
17.26061782
17.30867303
17.36644169
17.51940114
17.65215627
17.72378053
17.75801586
17.83625578
17.84641853
17.85942558
18.06348207
18.06466876
18.07196117
18.11072188
18.45643345
18.62998843
18.70781312
18.83896574
18.87082632
18.88654683
18.93567022
18.94585140
18.98103797
18.98229627
19.12963243
19.18257563
19.28718008
19.33821865
19.34035117
19.45347585
19.91457652
19.93625184
19.97035840
20.40602865
20.61016391
20.63649031
20.65512784
20.67559563
20.80389822
21.14703523
21.21017437
21.21730167
21.29585624
21.32789905
21.37985681
21.52133966
21.64063779
21.71609040
21.74654983
21.92594149
21.93273669
22.04404522
22.07854091
22.10606750
22.12904635
22.46844905
22.48610065
22.52179417
22.52598715
22.53990418
22.58320553
22.60771893
22.76645574
22.81250630
22.95445746
22.98147214
23.10033330
23.11769020
23.15705230
23.27361274
23.63527798
23.68080867
23.71469485
23.83789245
23.86816641
23.96517494
24.06939073
24.15756253
24.22241679
24.32325587
24.42835733
24.73995906
24.81936604
24.92696790
25.25508896
25.36603934
25.39051142
25.49943996
25.72779060
25.73490956
25.76988233
25.79042093
25.81473538
25.84630421
25.89017710
25.93475984
25.94838964
26.07069257
26.17541051
26.25028399
26.35228835
26.42444788
26.44327271
26.64489596
26.68727609
26.73292041
26.76250154
26.80345844
26.81539895
26.88231247
26.94560629
26.95309347
27.01568157
27.05078531
27.07723704
27.14476465
27.34365698
27.35101446
27.35505271
27.36701252
27.40267317
27.50586913
27.55133026
27.58558385
27.66965231
27.68085861
27.68500690
27.80143474
27.94740951
27.97436391
28.00981365
28.01211490
28.03832560
28.15919183
28.18772782
28.32334569
28.42295205
28.45808303
28.49416770
28.51198508
28.89001641
28.96703742
29.04839743
29.05377356
29.11526768
29.13372619
29.17513446
29.18810152
29.24208605
29.31290028
29.44504184
29.58033725
29.63263672
29.66363789
29.68559108
29.79421648
29.97488882
30.04219675
30.04803692
30.10988422
30.15776059
30.16283560
30.22722741
30.23642853
30.34532313
30.37859396
30.51142809
30.51655168
30.53117812
30.61675157
30.68823723
30.69440531
30.73886568
30.82437680
30.85409183
30.94124378
30.96579488
31.02551500
31.02787885
31.06302426
31.07367847
31.17195830
31.17999986
31.21260921
31.26956568
31.36393235
31.43584330
31.56093750
31.72287113
31.86289234
32.01632771
32.15095460
32.23636814
32.26258030
32.28999148
32.36484511
32.37063100
32.40408102
32.41402245
32.42175978
32.43087022
32.56445437
32.60071904
32.67332684
32.70205669
32.73324869
32.74058782
32.90323826
33.11036175
33.15867542
33.25623195
33.30620324
33.36090392
33.42024419
33.44852181
33.53584156
33.54578902
33.68461850
33.84984229
33.88417979
34.02671347
34.04526964
34.12311040
34.25222429
34.28250484
34.31810778
34.38876020
34.42673176
34.42853274
34.48711804
34.72478866
34.76776420
34.85049877
34.98120982
35.04940964
35.05417276
35.11504790
35.11883997
35.14425199
35.42305144
35.63023650
35.65600015
35.76672155
35.79163405
35.96988009
36.03856695
36.04369381
36.04816500
36.16445320
36.22774779
36.24760767
36.29158956
36.59512495
36.61641136
36.93600646
37.12254701
37.13727863
37.15691754
37.21226686
37.23499423
37.39000128
37.52058673
37.53158275
37.61945892
37.64868570
37.65713565
37.80415855
37.88907917
38.08538469
38.34981311
38.37958851
38.54763928
38.60152177
38.73133094
38.76872622
38.77852139
38.87680938
39.16341824
39.18783385
39.21142083
39.28608643
39.30029108
39.36197464
39.38620573
39.44404595
39.46012547
39.67311619
39.73287173
39.83316106
39.83906065
40.00825641
40.07757446
40.10399571
40.14877749
40.39598402
40.42801407
40.73320292
40.79777328
40.81345029
40.97244722
41.00111572
41.00799886
41.04588298
41.14498399
41.20191345
41.59889189
41.61011181
41.66566082
41.67695028
41.72991440
41.81623569
41.83558303
41.96252791
42.06115132
42.14858020
42.28561379
42.28899750
42.29259931
42.57856996
42.58426622
42.62363213
42.66656406
42.83090018
42.83876835
42.86811516
43.01109225
43.02665601
43.05155219
43.06935265
43.08711459
43.08822139
43.12957335
43.18868945
43.26015507
43.30235103
43.34288892
43.42184963
43.52031242
43.60360152
43.73253956
43.74092958
43.91448324
43.94996596
43.96649421
44.00015143
44.17970288
44.23354062
44.24238005
44.30998255
44.32753638
44.33301089
44.33562182
44.37188358
44.42655565
44.44003263
44.52747297
44.56017326
44.73910650
44.85608031
45.17411610
45.18616186
45.22134993
45.25343855
45.31940693
45.34241444
45.35901602
45.41153431
45.42331797
45.43334434
45.44148969
45.48502525
45.57950347
45.81973641
45.87297861
46.10065761
46.10420982
46.17564169
46.19779015
46.23923923
46.34178036
46.61817415
46.64563766
46.65565127
46.69578730
46.74432668
46.79080194
47.18928467
47.19691053
47.20547051
47.32011975
47.50183537
47.56183521
47.60459788
47.61181402
47.69727825
47.76954360
47.78491511
47.83389381
47.91179290
48.15849503
48.18499017
48.31526266
48.32747768
48.34339082
48.67160253
48.89146044
49.01382064
49.12835667
49.19982657
49.37549656
49.43774973
49.46284548
49.50421803
49.51310540
49.56965975
49.62200539
49.69614423
49.77875731
50.11667966
50.18271464
50.18389115
50.21416604
50.22700476
50.29532999
50.38314400
50.42153150
50.42305751
50.42584743
50.43189402
50.48412699
50.63656805
50.74981043
50.77291092
50.81891538
50.99260124
51.11508419
51.12888265
51.24160910
51.35003050
51.39188235
51.40341408
51.40941650
51.45203337
51.57922952
51.74779665
51.79523012
51.90029393
51.91638359
51.93048060
51.96411005
51.98430892
52.09016558
52.45621928
52.50984065
52.53635963
52.61525161
52.66648574
52.91574415
52.92721289
53.05860970
53.17610568
53.21927908
53.25284024
53.35760933
53.43698172
53.47014414
53.51420112
53.81243803
53.83563836
53.85627992
53.93467583
53.97830880
54.04336262
54.15164037
54.15837499
54.18105328
54.18337905
54.27735247
54.30136713
54.50718368
54.54152262
54.56896533
54.58452213
54.67701306
54.69835483
54.81051589
54.95358780
55.00808455
55.35478874
55.35801168
55.57455374
55.60777280
55.76555137
55.77665158
55.83894555
55.89979259
56.34123003
56.37864667
56.57523511
56.62748870
56.64852608
56.67947772
56.69246189
56.74051473
56.80629965
56.94170078
57.13173111
57.23525439
57.26920600
57.27385220
57.33276686
57.41069778
57.41741419
57.50548306
57.61156941
57.74464196
57.78407686
57.85436028
57.88077597
58.01480640
58.15424521
58.16650927
58.21125701
58.28727851
58.29293622
58.39988872
58.50318800
58.53348237
58.61053653
58.68378096
58.71182695
58.84244296
58.95440430
59.02883627
59.04031277
59.07523768
59.09250945
59.12252325
59.15543249
59.20145656
59.41336215
59.45230584
59.53434667
59.67511124
59.73703621
59.74108052
59.91220438
59.94313324
59.98505249
60.05185378
60.17328425
60.42033847
60.51889896
60.52283461
60.52983731
60.67951898
60.70204658
60.86385598
60.96407892
60.98471343
61.03666922
61.32235533
61.45465281
61.53698748
61.57476174
61.57540595
61.76752237
61.94876888
62.08510848
124.00000000
