0.04869097
0.23607654
0.25062819
0.57015574
0.58326872
0.58801264
0.81466439
0.97652840
1.04925155
1.09274802
1.16580510
1.19717046
1.26211409
1.32696346
1.44422055
1.48164717
1.56921130
1.71859636
1.75010754
1.94793203
1.94803796
1.98407007
2.00001193
2.01081709
2.05057823
2.07275616
2.08694831
2.13428012
2.25763716
2.30833427
2.32092906
3.04873665
3.17525117
3.18830745
3.23192733
3.29548700
3.47546367
3.49989072
3.57039861
3.62626285
3.74698478
3.78188615
3.82038470
3.87810407
3.98656704
4.08909292
4.17063126
4.39193031
4.40524229
4.45511685
4.52610096
4.67456443
4.87897479
4.88538660
4.89884141
4.92854243
4.94179381
5.00115170
5.05799942
5.13100527
5.20095219
5.23629098
5.30248804
5.35561188
5.42265913
5.44397591
5.58748785
5.69791184
5.84745733
5.92783223
5.95723567
6.05836098
6.06083804
6.11205326
6.12750062
6.13877861
6.28889006
6.35834442
6.43573217
6.75146410
6.92856102
6.97115549
6.97992390
7.04003841
7.05818025
7.06734527
7.11753021
7.21391426
7.27210756
7.27699368
7.42841150
7.47811725
7.48560359
7.54893301
7.70851572
7.76248227
8.16769432
8.36633109
8.40704728
8.41976929
8.45210034
8.51057590
8.51886146
8.61138752
8.78258175
8.85913782
8.85958984
8.90445124
8.98929402
9.34236867
9.34407071
9.37280090
9.60439668
9.62575670
9.62818990
9.83578901
9.95264285
9.95712975
9.99008329
10.09990876
10.21489138
10.33805652
10.37193406
10.41251535
10.42259831
10.65816498
10.72895248
10.78371566
10.96308154
11.14042132
11.38116179
11.54464240
11.62156187
11.77428725
11.80182067
11.98734198
12.06631264
12.07185722
12.07351463
12.15389098
12.23657844
12.35687720
12.37560073
12.40021979
12.40121875
12.44655216
12.65803325
12.66821763
12.67808637
12.72819964
12.73005650
12.93407903
12.93590881
13.00930874
13.05291271
13.18942759
13.24243050
13.33795315
13.35448358
13.51245225
13.51593581
13.55753068
13.55792199
13.76773576
13.77741139
13.81131016
13.81617641
13.86844738
14.18203441
14.28786679
14.34124022
14.35218693
14.38214797
14.59143327
14.59513373
14.60679187
14.62429022
14.82196455
14.83436865
14.99742506
15.15416842
15.24604960
15.36907029
15.39930778
15.44647587
15.47586065
16.37891108
16.38395219
16.39681258
16.48180563
16.66027793
16.72521520
16.86088435
16.86648487
16.88685047
16.89361931
16.93517199
16.96150747
16.96866676
17.22300600
17.40021590
17.44433648
17.51554136
17.52312127
17.55998373
17.56013607
17.60462721
17.62872654
17.76435495
17.77458892
17.78690691
17.87862263
17.92115295
17.95660442
17.99805694
18.13157819
18.14702442
18.52003095
18.55871027
18.56172690
18.65331245
18.65823639
18.76943749
18.78741814
18.93261090
18.98080843
18.99342162
19.02024009
19.10238389
19.11210523
19.17306632
19.24059817
19.43972776
19.48957091
19.52114839
19.62051498
19.67165443
19.68951913
19.71391331
19.88758418
19.91111875
20.08437156
20.18328769
20.23568520
20.31283979
20.33318886
20.39315619
20.42239182
20.42797800
20.47855791
20.48171934
20.51308823
20.55052013
20.76017555
20.78316823
20.85062753
20.85169013
20.90329567
21.06860876
21.31415620
21.33406829
21.43156115
21.47022902
21.54242757
21.98739964
22.03321570
22.18568919
22.27764054
22.58370730
22.75010996
22.76613036
22.91128164
22.95168215
23.00514236
23.00913947
23.23963292
23.27447836
23.27893757
23.35471390
23.39486083
23.41813677
23.57894221
23.70594595
23.75404793
23.93013090
24.00814499
24.08564611
24.08801795
24.09188902
24.12853401
24.25236494
24.31555310
24.37311727
24.37840055
24.45724249
24.45869648
24.51468349
24.68446902
25.03021961
25.05067409
25.24367719
25.42756164
25.44847654
25.51405663
25.57640000
25.58301388
25.78426088
25.82432291
25.87211758
25.90523514
26.22627090
26.28424332
26.30550246
26.34592958
26.49548580
26.62243045
26.65639051
26.81487036
26.82915359
26.87003976
27.05198510
27.12684849
27.40272716
27.41526445
27.50930077
27.66646565
27.74486360
27.81389517
27.90537544
27.95607060
28.00654563
28.01104615
28.16821389
28.26543974
28.28527539
28.39014290
28.39505518
28.46669520
28.52859651
28.64390551
29.01920056
29.18243714
29.24977919
29.37718284
29.58217048
29.69237662
29.77878756
29.85044986
29.94476895
30.14445026
30.21135776
30.26041171
30.28356134
30.38636494
30.41803601
30.42884270
30.54254762
30.59486866
30.73942212
30.84107788
30.88997633
30.89029933
31.00373959
31.03286356
31.14615816
31.45586178
31.61741117
31.66368090
31.75767335
32.08232386
32.14229637
32.25905498
32.51329545
32.56445437
32.63768167
33.00000548
33.01665107
33.22548332
33.29557613
33.40546856
33.67938852
33.69695364
33.72066072
33.97437979
33.99677606
34.01261850
34.24441664
34.35284177
34.55696952
34.70012812
34.72405585
34.80275779
34.91551012
35.03782591
35.06386612
35.13550438
35.16101943
35.32893480
35.47259385
35.47270079
35.53191774
35.80701818
35.82682526
35.94212315
36.05476870
36.17122845
36.42652633
36.57226661
36.87406707
37.08808684
37.13034240
37.17033260
37.41111312
37.42448345
37.62683295
37.65176936
37.74686993
37.90374664
38.07559739
38.11184829
38.23607779
38.31609182
38.34788790
38.39877352
38.52629064
38.60925281
38.63378060
38.65706403
38.68692008
38.82950900
38.90567962
39.24653086
39.25697575
39.41442221
39.49084759
39.56555588
39.72217875
39.74208495
39.75525412
39.75990773
40.05035040
40.18599047
40.23162525
40.23708569
40.39285563
40.57657396
40.59578993
40.63713361
40.64417257
40.76853199
40.79702486
40.81805356
41.04636222
41.20568302
41.30195040
41.43914240
41.57465199
41.74527485
41.87946858
41.88032737
41.91304810
42.09939332
42.10423457
42.27876201
42.28125670
42.46108571
42.46275281
42.46805758
42.50677576
42.53118655
42.63686956
42.69614701
42.70390057
42.92243832
43.00609918
43.38637892
43.39492334
43.44836246
43.53206214
43.71518645
43.79117636
43.87046359
43.99527082
43.99550847
44.08947053
44.20543566
44.31102809
44.32905547
44.34691369
44.47710847
44.48259103
44.53798531
44.61519689
44.74076721
44.75613619
44.84135735
44.86721355
44.87081994
44.93357292
44.95053452
45.06480779
45.19234653
45.35248211
45.35944737
45.46072890
45.60812589
45.76674025
45.78759009
45.90152501
45.94685125
45.97844014
46.11261640
46.15159316
46.27442141
46.28161099
46.35362028
46.44911844
46.59158868
46.82909480
46.91277663
47.39554436
47.45674009
47.46956557
47.51274207
47.51666913
47.59874168
47.61475403
47.70283399
47.74812165
47.80186661
47.81172713
47.91499844
47.94284143
47.99533748
48.01800662
48.03986577
48.07598375
48.29273223
48.46172585
48.48533874
48.54285634
48.78036409
48.78898432
48.80068723
48.83991796
49.12761111
49.14931288
49.19347948
49.26560565
49.30213128
49.51545337
49.58618607
49.79158992
49.91522450
50.08733815
50.09299946
50.25577467
50.26427696
50.39944207
50.45414911
50.45805257
50.46872440
50.51270499
50.52913623
50.60802299
50.64148860
50.64566021
50.65371110
50.76546473
50.77118312
50.83231021
50.98132333
51.00155083
51.16270815
51.23884917
51.24156397
51.39162218
51.45203337
51.66138171
51.67737701
51.71194276
51.73974948
51.79565378
51.84601035
51.85867648
51.89909337
51.96339152
52.04883257
52.06003451
52.09218281
52.18609956
52.22698954
52.23317240
52.23962009
52.26979815
52.31036014
52.39567695
52.39654045
52.47313738
52.50136661
52.52890417
52.61873562
52.64437386
52.83805670
52.84024794
53.12479890
53.23864842
53.42077078
53.54677516
53.57373442
53.57576459
53.61678550
53.70159724
53.73363373
53.85542025
54.09799773
54.28214332
54.30803519
54.32483683
54.36257094
54.43468240
54.51636046
54.65683610
54.70196646
54.81657332
54.87749679
54.89265671
54.93379699
54.97928910
54.97989938
55.01737271
55.07487748
55.16507607
55.23470309
55.32897850
55.41272702
55.64583107
55.90584909
55.96198297
55.99470195
56.05729537
56.10121027
56.26394200
56.29137964
56.30408990
56.31555042
56.42632060
56.51402964
56.52284762
56.56062605
56.66904372
56.73819112
56.81392390
56.84818839
56.90191942
57.43362029
57.61156941
57.61653095
57.65983326
57.78993568
57.89453500
58.01856489
58.05808909
58.24039701
58.25108867
58.30125144
58.40649182
58.43623283
58.46624550
58.66352506
58.71316155
58.77492936
58.92863806
58.94480470
58.99454248
59.03428092
59.14430184
59.32159570
59.36062255
59.41829959
59.48862929
59.54106559
59.65867310
59.66490385
59.71029957
59.79102832
59.91574865
60.14092659
60.26997334
60.33620009
60.41753667
60.62227337
60.62604246
60.74929085
60.85244735
60.89582343
60.93393937
60.98023852
61.07051518
61.15273963
61.15741933
61.17083259
61.30935599
61.51157527
61.60173321
61.79119906
61.79564249
61.79854576
61.95749611
61.98311617
62.02639199
124.00000000
