0.17114204
0.24091860
0.31435364
0.35059364
0.42132177
0.59806728
0.65711744
0.77195708
0.85388332
0.92641002
1.01783323
1.17695099
1.24658600
1.33550310
1.35164112
1.37723154
1.43258278
1.59580013
1.80709477
1.98046158
2.10956173
2.20432534
2.31648569
2.57507602
2.64517290
2.69640206
2.93409062
3.22252058
3.32206566
3.54866817
3.55890469
3.59101361
3.60859489
3.79114704
3.82917119
4.04440344
4.22452341
4.36615982
4.67913231
4.69559587
4.95728361
5.11831404
5.22465678
5.30803231
5.30815427
5.63298123
5.64261637
5.64943300
5.68784468
6.01687842
6.08321775
6.09224190
6.14044090
6.15134805
6.86634753
7.03478077
7.04751845
7.08502470
7.17493895
7.19306843
7.22922472
7.37874405
7.41671302
7.56964601
7.57057096
7.59213108
7.76471693
7.83029621
7.96809231
8.08020175
8.51481484
8.63678279
8.64225819
9.01593583
9.23592996
9.33293971
9.37543566
9.38541561
9.42998345
9.58205489
9.59275817
9.64506633
9.66034864
9.81205951
9.87928336
10.00004012
10.01932560
10.03138082
10.29886656
10.31527662
10.36919424
10.37029529
10.42122405
10.52813688
10.54235341
10.55739224
11.30703838
11.46503149
11.51384516
11.52496371
11.53196878
11.62036111
11.79213175
11.82015573
11.88860171
11.90256511
11.94127967
12.04217976
12.10914952
12.12431471
12.22180519
12.31393273
12.45628895
12.46303057
12.51414693
12.62350181
12.66873626
13.21684580
13.36033967
13.36034274
13.47852732
13.52461542
13.63758850
13.77931206
13.80429521
14.00533883
14.03891905
14.29903802
14.40396661
14.51720084
14.52582651
14.54807380
14.76771306
14.89694501
14.93481593
14.95155818
14.96297283
14.97523613
15.19427233
15.19809766
15.24783407
15.27279668
15.39702841
15.45768284
15.50382864
15.51443899
15.51762315
15.52473804
15.62922530
15.79966426
15.88868206
15.91778567
16.04918653
16.17999712
16.47046504
16.61432053
16.63041405
16.73149492
17.04299796
17.05315013
17.12108881
17.27666704
17.29078658
17.35831096
17.63184055
17.63311995
17.69971131
17.84183285
17.88783457
17.91645898
17.91703449
17.98707919
17.98743919
18.24285680
18.29027079
18.29653858
18.33791828
18.34477480
18.45724832
18.55136640
18.62129426
18.93235926
19.18034200
19.22030166
19.32589503
19.34371723
19.44880066
19.54350539
19.91832729
20.24117124
20.49410105
20.51760084
20.59631011
20.80640138
20.84899279
20.85023809
20.92893468
21.03603176
21.03897987
21.08616545
21.09894247
21.36482537
21.46774204
21.50764221
21.52263134
21.72031688
21.84998619
21.93674675
22.02400139
22.02962236
22.12525816
22.28130462
22.41411177
22.41713794
22.46177518
22.59754856
22.60450368
22.67955903
22.77867535
22.92290545
23.12059649
23.24185732
23.24345562
23.56856181
23.57027170
23.66897630
23.77199138
23.84875489
23.95958445
24.18695121
24.23665296
24.28760660
24.34758291
24.36480525
24.56451823
24.65206490
24.69232346
24.75140002
24.84884917
24.90334746
24.91843089
24.96272082
25.00516195
25.31779522
25.31858652
25.32251030
25.56964815
25.64493060
25.70144572
25.83136219
26.11514395
26.16806104
26.17416970
26.17437228
26.22200164
26.85041197
26.85857243
26.95944591
26.99314340
26.99658891
27.01868275
27.05242552
27.38132488
27.58054443
27.62480975
27.75304478
27.76456574
27.89888630
27.98213031
28.00981365
28.11130287
28.11886319
28.16217931
28.18838274
28.47862784
28.51184976
28.53309920
28.56859266
28.71809660
28.73964116
29.02732807
29.10957833
29.16336673
29.18316079
29.29434553
29.29806099
29.73834052
29.87894476
29.88731918
30.13289198
30.18510212
30.29030200
30.29069302
30.35528141
30.40518495
30.47594658
30.54101372
30.56661987
30.70110054
30.70741046
30.77076893
30.81147346
31.03708054
31.10622662
31.23541806
31.30992238
31.31662309
31.40089996
31.45062264
31.50287349
31.90345632
32.11854473
32.13695662
32.28959094
32.33871171
32.39343983
32.43214974
32.54657864
32.56445437
32.60992832
32.93609699
33.03963071
33.12572511
33.12818704
33.27842399
33.43995733
33.60012097
33.68846585
33.73481623
33.96929028
34.01966085
34.06037818
34.06242681
34.22330159
34.40187002
34.49453987
34.56793615
34.61659870
34.65595863
34.66789231
34.87281888
35.00810627
35.17419267
35.21999823
35.33944363
35.43661801
35.50018187
35.65511383
35.77063123
35.78256877
35.78689799
35.81604761
35.96971394
35.97732582
36.06765597
36.10480115
36.20788854
36.33482207
36.45510548
36.49005372
36.66234890
36.76651798
36.93560303
37.04806268
37.09305420
37.25108748
37.34623515
37.44822379
37.67445707
37.71779046
37.75084347
37.82600067
37.98835993
38.02757708
38.03530885
38.07027698
38.15376404
38.22446377
38.29137142
38.33393974
38.34622866
38.36734521
38.39016238
38.71915160
38.86326573
39.02833991
39.04319977
39.11719175
39.16874288
39.27327610
39.27795842
39.33597878
39.38452482
39.40444861
39.45161960
39.51518234
39.52746703
39.57029482
39.61655341
39.93123907
40.19312682
40.29506062
40.32884307
40.38644762
40.51558951
40.54427241
40.59581994
40.62533339
40.71111680
40.76990972
40.81204324
40.86710084
40.88839021
40.98130854
41.10406801
41.31178167
41.58454416
41.82582578
41.87593192
41.87792487
41.91498455
41.91712667
41.97012059
42.00581758
42.25567917
42.27634713
42.29115523
42.38698924
42.42407176
42.67441151
42.79814578
42.83757408
43.09641393
43.12992272
43.28161832
43.33361939
43.37402184
43.41192990
43.61794984
43.68555949
43.91464041
43.98565274
44.10675411
44.22617024
44.24684690
44.31325841
44.67288349
44.70761668
44.75613619
44.95896383
45.00964203
45.29247780
45.32086594
45.38897156
45.49181358
45.49346378
45.59333423
45.65408130
45.74057292
45.91088144
45.91420620
45.94597155
46.10836839
46.20240479
46.25429180
46.26720887
46.30614420
46.37882636
46.40163900
46.58301616
46.66573668
46.76305465
46.79328823
46.83772157
46.85536864
46.90468970
46.99362607
47.02323274
47.03499754
47.06827575
47.08571559
47.10367266
47.19930946
47.21997336
47.26588691
47.30645502
47.47182251
47.82803132
47.88214051
47.91511439
47.94948035
48.03215803
48.04659985
48.11212873
48.13337516
48.36185210
48.45927735
48.53250688
48.55372388
48.62930991
48.73164054
48.75253784
48.80445907
48.82897471
48.83849568
49.10937529
49.34829893
49.49458076
49.57471205
49.76993618
49.79255791
49.79669281
49.98650921
50.08473715
50.26991265
50.41374035
50.41782649
50.60586662
50.61401898
50.71643907
50.76516459
50.77686737
50.77726417
50.78266413
51.11508419
51.12506262
51.13821185
51.31904109
51.32324912
51.35505710
51.42796383
51.50095431
51.50665627
51.51870245
51.71194276
51.90377475
51.91159659
51.94868866
52.23317240
52.41315291
52.44347261
52.48580596
52.58871885
52.60895334
52.70441856
52.75923811
52.83234409
52.88452970
52.88695524
53.20012169
53.22069796
53.32115838
53.32841165
53.37574471
53.48012535
53.64696278
53.87551709
53.90053091
53.91562530
53.93161511
53.98877190
54.03502826
54.16939457
54.24238893
54.27532420
54.27583897
54.28068693
54.30766307
54.30814683
54.42556891
54.66459253
54.74485683
54.85987570
54.97928910
55.00643760
55.27433480
55.34496827
55.53006134
55.69831800
55.84971905
55.90067300
55.99188892
56.12548322
56.25131482
56.27600136
56.30596072
56.34299868
56.48130862
56.56440516
56.58436842
56.60488993
56.63879004
56.64280635
56.73534859
56.74088256
56.76617247
56.84107295
56.84793647
56.89362156
57.09212817
57.10288592
57.11237985
57.15178580
57.16934982
57.17374302
57.27250978
57.37316835
57.37568668
57.52150363
57.61414439
57.71102258
57.83448586
57.89219671
57.91713900
57.92646708
57.93873535
57.98089407
58.09145936
58.11632047
58.16195792
58.24039701
58.27524409
58.35309221
58.36784686
58.45941816
58.48150699
58.59604521
58.63746484
58.73122694
58.79162411
58.81321151
58.83563753
58.90863904
58.91922205
59.01733513
59.06426283
59.21937106
59.28981277
59.31402293
59.34086098
59.66490385
59.80054844
59.82621588
60.10550621
60.11305251
60.34672901
60.37336166
60.37350815
60.37655243
60.38355347
60.58784190
60.59994238
60.67951898
60.73837863
60.86706883
60.87258764
60.89164030
60.92081198
60.95068260
60.95237308
61.11918285
61.45418655
61.50373788
61.64822959
61.65439573
61.69071492
61.84127688
124.00000000
