0.05313275
0.14921580
0.24348251
0.29356688
0.32654751
0.34049628
0.50514759
0.53136103
0.53184010
0.75311348
0.82586397
0.85233431
0.91902071
0.98865223
1.52535375
1.52788917
1.58258166
1.64831444
1.64847680
1.80945227
1.86835617
1.87752935
1.97234893
2.02665912
2.03789561
2.05080573
2.24476545
2.28128336
2.33648453
2.45110347
2.47277104
2.48077439
2.50091617
2.77535736
2.88946620
2.95986206
3.02435546
3.07407007
3.08084329
3.11430180
3.28614726
3.48478649
3.77673943
3.78491179
3.79686977
3.83272611
3.85086111
3.92637225
3.92681187
4.05892960
4.16505385
4.20828617
4.27203835
4.34244328
4.50773491
4.60441309
4.62610722
4.63144787
4.64342780
4.67087438
4.67691340
4.74935284
4.77133048
4.77249266
4.82356680
4.85312206
4.91418300
4.96685695
5.03225930
5.12622299
5.19079860
5.58823971
5.62840006
5.70451688
5.70765664
5.75202383
5.75745982
5.84656510
6.05856792
6.07919626
6.26156458
6.30790839
6.38129234
6.50535492
6.57978175
6.63204466
6.75287578
6.85755645
6.92400095
6.93448039
7.13289765
7.14832016
7.30379059
7.37874405
7.40900273
7.63406740
7.76877140
7.79723016
7.84474175
7.95807776
8.01669848
8.15271931
8.19185609
8.21877391
8.28082061
8.30742019
8.40704728
8.45959867
8.49153761
8.54131021
8.55335176
8.55734450
8.63306097
8.66438603
8.69113911
8.74098359
9.11645815
9.11992358
9.19367003
9.27843435
9.34942400
9.43484230
9.51035208
9.54147882
9.60588221
9.62825258
9.67501750
9.80848121
9.86899097
9.88853050
10.00135977
10.00661170
10.01780651
10.02734720
10.03061276
10.26529284
10.37923727
10.50068404
10.57228217
10.61853380
10.64096245
10.67025466
10.78162979
10.81616377
10.91518938
11.02576569
11.26256927
11.44407407
11.48980515
11.54352053
11.54380098
11.57331820
11.73804279
11.74173164
11.79624224
11.85679788
11.86041392
11.88574200
12.35830096
12.53723843
12.60542212
12.66207024
12.66873626
12.67216092
12.70953972
12.71290771
12.85958334
12.94510149
13.01834606
13.05018857
13.38731152
13.49189353
13.51786028
13.67313760
13.87864156
13.98531302
14.10036796
14.18572677
14.31818908
14.35452153
14.35546768
14.40317018
14.46288523
14.51334311
14.64234435
14.70674789
14.72920474
14.82612706
14.87556285
14.97951544
14.98132999
15.08311723
15.22748588
15.46864300
15.51510290
15.51910885
15.53079398
15.60467653
15.63625929
15.63997508
15.79966426
15.82034612
15.88868206
15.93351507
16.03947353
16.20635709
16.24633862
16.29471759
16.40696673
16.45459082
16.73902146
16.75449423
16.77912970
16.83858139
16.97755328
17.02119343
17.19861893
17.24920649
17.30696065
17.51214760
17.57168199
17.61140021
17.84376866
17.86042956
17.93465647
17.99672910
18.02620785
18.16868403
18.20864616
18.21949250
18.26463226
18.31971708
18.32514505
18.44208574
18.52660808
18.54953694
18.56367655
18.58769564
18.83589847
18.92065419
18.98381390
19.13192054
19.14276317
19.18322256
19.41998197
19.42750198
19.45916822
19.50726057
19.51013010
19.59470925
19.75419434
19.85009091
19.86921821
19.87296362
20.02788911
20.07736046
20.12478892
20.14445331
20.22571890
20.29370313
20.32471890
20.36232698
20.70750395
20.86061540
20.87876027
20.94972673
20.96780327
20.99068880
21.06865526
21.13891104
21.35934548
21.45237744
21.46833233
21.58818848
21.66062222
21.73327489
21.76864665
21.88449937
22.17356539
22.18898976
22.18954754
22.29063300
22.31706823
22.33128600
22.73050038
22.73800813
22.90401426
22.94380453
22.96071771
23.06641783
23.07165634
23.08641784
23.11542323
23.30805101
23.34462448
23.37994501
23.43143290
23.50077524
23.57164629
23.64038013
23.77389936
23.80348499
23.83403610
24.23665296
24.26100183
24.30771693
24.41065292
24.45201774
24.55016374
24.55017529
24.63951773
24.69229352
24.70371921
24.75112168
24.80133160
24.83185975
24.97622213
25.03070098
25.11126932
25.13986047
25.19239015
25.34195604
25.36850745
25.43428526
25.58449812
25.74901384
25.76599639
25.80214346
26.04875217
26.07075212
26.09284788
26.18124822
26.35999682
26.49547146
26.62754469
26.63116310
26.64467367
27.11298892
27.13321119
27.21932699
27.26453641
27.49150838
27.57307863
27.70228650
27.80086107
27.88955616
27.92592980
27.97274967
28.12311931
28.22131686
28.25881155
28.26182072
28.26476498
28.33970425
28.36801126
28.44835762
28.59970073
28.60124161
28.60943574
28.72213552
28.89154615
28.94737974
28.94763032
29.10134532
29.27421277
29.31314785
29.54799581
29.55188381
29.56025227
29.59288917
29.64608034
29.95129620
30.06236854
30.32199548
30.41869935
30.61411000
30.87537354
30.88107768
30.92540240
31.04299935
31.18247860
31.20768128
31.26651612
31.36210387
31.57924366
31.70352544
31.82118393
31.89590281
32.03119625
32.09894555
32.28999148
32.37654573
32.59376904
32.63830512
32.66143259
32.68737654
32.86797307
32.95576965
33.03406680
33.04340831
33.04728086
33.06463339
33.11669586
33.31419097
33.33089047
33.38668885
33.47110057
33.57509514
33.63712555
33.75242135
33.78641017
33.79146505
33.87758285
34.15672506
34.23443672
34.27226714
34.29232994
34.40458527
34.45848245
34.51177377
34.58714691
34.74556580
34.83271542
34.86512369
34.86599803
34.89676510
35.02614818
35.04947907
35.12635475
35.16925854
35.23226551
35.23691109
35.33714170
35.33873385
35.46151063
35.57678422
35.61188919
35.61861239
35.69325660
35.69703392
35.91716641
36.00307216
36.13411091
36.26938051
36.27090880
36.37733715
36.43787459
36.67882447
36.71639007
36.79030521
36.80698643
36.81296171
36.81506071
36.83414298
36.91480518
36.92749552
37.07090232
37.09230716
37.11899635
37.18451526
37.28590631
37.48969981
37.57929243
37.62304932
37.64535678
38.10926991
38.22877825
38.23803402
38.31107338
38.40845715
38.53768428
38.66884815
38.85877981
38.86120927
38.87556945
38.93360189
39.08830768
39.13519048
39.14804732
39.22737481
39.23316327
39.25697575
39.29068489
39.29603736
39.30578037
39.50011449
39.52204611
39.72933939
39.75743417
39.94836195
39.98098234
40.09342037
40.09373722
40.10210798
40.19818699
40.26865803
40.28774937
40.30219824
40.36917379
40.57022022
40.70729774
40.74827625
40.80326194
40.93521840
41.00489969
41.01391925
41.02259845
41.18253054
41.23569672
41.31790104
41.33434023
41.45382480
41.60043349
41.97849900
42.05857306
42.07489190
42.13114119
42.32894590
42.33323903
42.36485091
42.41501232
42.42089785
42.51295550
42.54939427
42.64967314
42.65577714
42.69702982
42.83757408
43.08768509
43.26492558
43.46665333
43.50793961
43.55477465
43.62939340
43.65459799
43.69601701
43.89376091
44.05209832
44.18648014
44.35618921
44.39974685
44.40079016
44.48085383
44.51363050
44.53004086
44.58124728
44.59467757
44.63740185
44.66071186
44.74840649
44.78362390
44.85420210
45.00964203
45.12423407
45.22687669
45.27271745
45.34377391
45.47107641
45.51589312
45.59736931
45.63338022
45.73711465
45.88874929
45.93548915
46.04482281
46.05078986
46.47112871
46.55871773
46.79485325
46.80013841
47.05127841
47.07334827
47.10738113
47.24733988
47.28905009
47.47205374
47.48020218
47.49657263
47.52087169
47.59176908
47.59874168
47.63434619
47.72658573
47.82805352
47.88212427
47.92659658
47.94176973
47.96973701
48.11212873
48.29727175
48.40327456
48.59797451
48.65206268
48.98351949
48.99437984
49.02170562
49.16850423
49.21830654
49.40058367
49.47754435
49.48302722
49.49381810
49.81182461
49.90065169
50.06654559
50.09811763
50.25621582
50.34111403
50.41375437
50.42763696
50.45601448
50.59134258
50.76516459
50.90139431
50.92317666
50.97043553
51.21954762
51.45708720
51.52387151
51.57926773
51.67559235
51.69573729
51.76467347
51.76471172
51.83580968
51.85867648
51.92077439
52.03598448
52.05579406
52.13792843
52.13932163
52.15415211
52.25220137
52.31325719
52.62058761
52.62964287
52.63004864
52.88437201
52.91960380
52.95506526
52.99448931
53.24626973
53.25061091
53.28895430
53.49417700
53.58364445
53.66749953
53.73794875
53.92916597
53.93555209
54.05709444
54.05815156
54.22399528
54.24546069
54.34296319
54.43109097
54.47762019
54.54152262
54.59340432
54.68425930
54.71765371
54.76727081
54.77951980
54.78780553
54.85001133
54.92402877
54.99649318
55.14258241
55.15051322
55.46281838
55.85985694
56.07605126
56.08111980
56.15117223
56.15307903
56.15937541
56.25347002
56.29137964
56.30692216
56.33797375
56.36752724
56.48488131
56.52126880
56.55022884
56.58795248
56.59010301
56.62340668
56.63149638
56.81251832
56.94896780
56.97591627
57.07818599
57.09417364
57.15779068
57.18152718
57.24024473
57.25992151
57.32848832
57.42231936
57.54863407
57.66484442
57.73020833
57.73506581
57.77174769
57.80298143
57.88077597
57.88341120
57.91227826
58.02900465
58.17127242
58.31887207
58.56601975
58.65338720
58.70252465
59.20147739
59.20380868
59.20850582
59.23659554
59.31961308
59.33864331
59.42491347
59.43918456
59.50104311
59.67225517
59.84385964
60.28654858
60.29939840
60.30800806
60.31606217
60.35358161
60.48666597
60.54767392
60.61315648
60.62441856
60.67771889
60.69246673
60.74216234
60.77800479
60.82879409
60.84027719
60.87751027
61.01926938
61.24082558
61.24275663
61.31668560
61.36505282
61.52262203
61.64643504
61.73770042
61.75353559
61.83540523
62.10907240
124.00000000
