0.04649321
0.19238314
0.19305092
0.20450850
0.23710912
0.35526815
0.63492485
0.66601273
0.73481549
0.75419037
0.89356937
0.95409222
1.04448436
1.07960230
1.09149454
1.36395684
1.39917485
1.55579370
1.75395116
1.76967052
1.77854678
1.85489812
2.32092906
2.36869864
2.44070600
2.47249527
2.72862118
2.76440945
2.76532911
3.10127159
3.42922212
3.48909917
3.67348354
3.76971361
3.92216727
3.97936888
4.06383614
4.09514179
4.16282437
4.29828942
4.67708298
4.79289379
4.89503908
5.01696658
5.03383118
5.07802491
5.08794039
5.28981830
5.55415147
5.77575685
5.86171033
5.98914357
5.99476942
6.08999173
6.24145502
6.25778752
6.29432361
6.42231761
6.49544600
6.57874712
6.64160641
6.64297333
6.65744440
6.66437103
6.70591680
6.87127839
7.03211188
7.11762742
7.22411502
7.28859469
7.29037490
7.35616888
7.37317222
7.45322481
7.54893301
7.63409879
7.84873456
7.98727918
8.10834609
8.28138160
8.33941385
8.39878021
8.56073509
8.61694173
8.71627344
8.84190338
8.90019975
9.00552734
9.03777742
9.04911846
9.21875337
9.25274390
9.36991139
9.38738319
9.39828388
9.44365321
9.44920809
9.46304278
9.64636172
9.72194648
9.75011394
9.79439198
9.80884866
10.04413213
10.13711362
10.25856497
10.27902695
10.37742524
10.42859441
10.48891676
10.49003752
10.58474390
10.66719594
10.92355513
10.93023201
10.95635865
11.10308744
11.11407565
11.22275009
11.26203598
11.26845897
11.35211183
11.38845907
11.38920756
11.43213874
11.47473990
11.55128147
11.77204649
11.86325200
11.87498418
11.94251852
11.99458512
12.12147453
12.12930113
12.28469597
12.35687720
12.36714526
12.39385140
12.42669150
12.55666879
12.60195485
12.70754190
12.80322935
12.90058589
12.95601177
12.99275443
13.00028196
13.00772188
13.02046232
13.09429864
13.26635965
13.47924877
13.48138465
13.53256482
13.55433364
13.65682338
13.93854913
13.96691298
14.02396206
14.08488750
14.12424156
14.34124536
14.38256169
14.51573652
14.59282020
14.63441123
14.65136003
14.66204369
14.69885353
14.75499658
14.82974235
14.85592437
15.15186906
15.15616024
15.38984222
15.55097139
15.65836358
15.69587174
15.71242410
15.82304651
15.84580704
15.86233355
15.93351507
15.95744487
16.07267727
16.13785820
16.19122867
16.21013350
16.23070282
16.29674062
16.47797674
16.50195216
16.54209863
16.56002634
16.70617879
16.75497764
16.76666690
16.76810673
16.89301402
16.93019579
16.94556633
16.95073541
17.30115950
17.36526161
17.38263464
17.45777028
17.45888500
17.46304120
17.76061428
17.80176538
17.80860760
18.05956809
18.11782671
18.13103775
18.40138580
18.43285987
18.43385867
18.56367655
18.61676762
18.67707339
18.90998834
18.94303378
18.98080843
18.98229627
19.17306632
19.18934531
19.25711787
19.38363416
19.42387431
19.44575179
19.52362643
19.59915687
19.72508546
19.77285554
19.86476028
19.89236576
20.01859606
20.02812831
20.06730901
20.12332476
20.22837737
20.23568520
20.31556612
20.43658548
20.45101274
20.46448611
20.54242795
20.65046486
20.65410680
20.69869508
20.88105318
20.94706975
21.00763775
21.09149739
21.17147230
21.26560781
21.32497286
21.62061047
21.63377506
21.72536005
21.75427459
21.77680324
21.80892871
21.94032326
21.98775887
22.03693180
22.11258723
22.16320514
22.17249858
22.35216054
22.40660073
22.61714504
22.73190313
22.79157691
22.80254988
22.81078918
22.93442036
23.15594745
23.47485016
23.59017684
23.65071020
23.66241399
23.68791037
23.71989380
23.81509495
23.83403610
23.87497204
23.90553233
23.95490665
24.03536319
24.14909917
24.23621166
24.26171054
24.41046076
24.52994645
24.69164598
24.70379412
24.84871024
24.89353411
25.01720090
25.07078615
25.09670265
25.10228874
25.16124921
25.39756636
25.42756164
25.49609378
25.50452621
25.54210185
25.55122927
25.61549910
25.61906133
25.76697951
25.81977233
25.85318769
25.89984278
25.91419318
25.93542821
26.30220400
26.31848884
26.36937525
26.54321874
26.65612534
26.70281035
26.80788900
26.83757718
26.93636274
27.05446907
27.05546772
27.14476465
27.20051639
27.24895756
27.29552222
27.32592318
27.42888435
27.59083832
27.85175635
27.88045038
28.16291671
28.36689747
28.37619481
28.41480081
28.67860808
28.72442404
28.81484111
28.84810156
28.85491376
28.97697287
29.14231813
29.18353381
29.18558845
29.20232754
29.20689417
29.21725221
29.22497202
29.22855216
29.43326700
29.65515353
29.66125870
29.78956887
29.82701371
29.88234389
29.91146919
29.91165614
29.95031529
30.11461452
30.16396523
30.19929073
30.34458240
30.36485746
30.42896501
30.43745519
30.56104511
30.75087166
30.91240191
30.93993535
31.05009133
31.06684145
31.14125881
31.17769313
31.45289558
31.48967257
31.49869331
31.52913261
31.64167214
31.67792081
31.75851496
31.76593629
31.87851805
31.89505911
31.97880850
32.01346096
32.02389277
32.03515802
32.15627184
32.28200025
32.33981942
32.41545997
32.53376535
32.59063914
32.68173344
32.69687317
32.73133203
32.82619014
32.83591418
32.84279444
32.88286241
32.91724339
32.96886619
32.98345932
33.22548332
33.62906651
33.64613446
33.77392328
33.77586252
33.92367053
33.95667919
34.00275898
34.00443629
34.00872713
34.02978859
34.27996306
34.38350212
34.61476760
34.63444744
34.81701633
34.89621965
34.91073498
34.91357447
34.99447752
35.39773231
35.40616350
35.42519296
35.46474932
35.51715839
35.59007949
35.72774110
35.78751491
35.88079253
36.02545358
36.18735707
36.31896385
36.36168152
36.48085082
36.51445494
36.52175460
36.65865195
36.75472406
36.76601151
37.08024782
37.14436445
37.22553079
37.30845540
37.62164998
37.67086431
37.69570221
37.80994947
37.82412691
37.88473172
37.92047449
37.92235121
38.06242467
38.13867839
38.25632628
38.29830900
38.51657900
38.53813549
38.57638968
38.67723014
38.83145480
38.85842656
38.91810991
38.96972399
39.16019796
39.24738100
39.33750583
39.33926237
39.38386701
39.57912852
39.79145142
39.81759135
39.82261952
39.84210059
39.86719568
40.14795366
40.14860820
40.22429628
40.27298062
40.32983424
40.40685642
40.58783389
40.58941382
40.62867978
40.73362714
40.87798038
40.96323785
41.04907142
41.09996298
41.11376631
41.20721562
41.57308956
41.63198924
41.71048631
41.80813939
42.24577341
42.26275775
42.31871902
42.33202122
42.39753793
42.39762655
42.62033486
42.66622172
42.70390057
42.78010698
42.98030689
42.98572430
43.00089979
43.03930942
43.09294890
43.11625804
43.17066511
43.17150186
43.19869070
43.29045493
43.31734052
43.36233515
43.42158618
43.42640131
43.47179463
43.52859189
43.56548434
43.56769882
43.88376790
43.97189317
44.01335021
44.05466908
44.10354475
44.37047334
44.40769410
44.46029959
44.48085383
44.51683473
44.54088244
44.61307894
44.67905898
44.73054222
44.73910650
44.92116091
45.06745565
45.16120323
45.30481402
45.35214108
45.36663108
45.66962739
45.71352596
45.72702523
45.86941060
45.96232885
46.47141530
46.50817002
46.69830396
46.76305465
46.77745236
46.84505555
46.85536864
46.93909206
47.09793820
47.16548900
47.22700657
47.25399242
47.31086585
47.39126741
47.43466955
47.56572671
47.72177400
47.81076115
47.85877940
47.89239490
48.25292060
48.37155652
48.48625884
48.51416552
48.55035847
48.66988844
48.81174678
49.04384650
49.10937529
49.19982657
49.20399282
49.29099378
49.33426882
49.47284894
49.47784048
49.49658079
49.57247593
49.68860186
49.71256112
49.79059207
49.86335192
50.03021313
50.26842440
50.37076524
50.45809260
50.59264443
50.59991140
50.61196181
50.73020267
50.82906998
50.89814089
50.92742515
50.97195814
51.08358171
51.09319216
51.17536249
51.21334554
51.29095511
51.31024580
51.31469786
51.33053066
51.40779091
51.44399371
51.45796591
52.04037493
52.08330706
52.23817878
52.25220137
52.28721647
52.29762034
52.44707706
52.51417339
52.51841777
52.52815982
52.53240998
52.54361874
52.63053510
52.64396554
52.72123908
52.88538892
52.97805634
52.98783277
53.08327890
53.10398365
53.16857654
53.16917940
53.18712564
53.22069796
53.25518284
53.41850849
53.48663849
53.49858985
53.58445108
53.59691676
53.72858637
53.77087634
53.78418751
53.79647075
53.82788382
53.95674467
54.00150915
54.10725775
54.16344293
54.20630698
54.42816382
54.61163524
54.63408785
54.63997887
54.65175662
54.65337552
54.68660296
54.72120227
54.74708597
54.84939922
55.00307693
55.01485058
55.05038550
55.09450687
55.11630608
55.54912552
55.61719865
55.64259522
55.75226086
55.76243524
55.78158809
55.86731668
55.89040138
55.95694958
56.01967780
56.06516060
56.37223386
56.38297142
56.41671318
56.42061415
56.65190217
56.68547104
56.81251832
56.91689398
56.96582806
57.00069713
57.07882282
57.09320842
57.14573697
57.28328779
57.48378454
57.49550962
57.56223351
57.60325901
57.82086385
57.86822424
57.94807828
57.95810255
58.15217726
58.17190866
58.37217022
58.42392711
58.42627032
58.48476112
58.49849625
58.51999893
58.59972200
58.66352506
58.66998598
58.77583723
58.78677194
58.79765676
58.82444694
58.99660713
59.08541759
59.08786137
59.10020650
59.18788017
59.31302213
59.33210397
59.33609669
59.45341218
59.45802280
59.48825256
59.54147388
59.62866964
59.65913099
59.69706343
59.73029973
59.76021270
59.82508360
59.90200853
59.92043995
59.93541565
60.20916312
60.26891701
60.39796642
60.60011220
60.68107545
60.69246673
60.72704190
60.85670647
60.87371377
60.97610236
61.12125078
61.14748086
61.16403901
61.31368292
61.40266105
61.42575485
61.55422819
61.66032852
61.77541091
61.78777912
61.81830112
61.83940436
62.01543160
62.10839580
124.00000000
