0.04068437
0.06870938
0.15955722
0.17596985
0.39541542
0.40790401
0.44563966
0.45292079
0.57568646
0.62820711
0.71643093
0.78130589
1.02401453
1.11196660
1.11423137
1.17510761
1.28728542
1.35058751
1.41534482
1.65843776
1.79959276
1.86300118
1.86581261
2.07443796
2.12282215
2.12825145
2.43466577
2.48639157
2.53275790
2.57457926
2.58249935
2.65826405
2.71061852
2.75532974
2.76918042
2.86353058
2.88829967
2.92868023
2.93985969
2.96854578
2.98234519
3.18982587
3.20065516
3.28983541
3.81119640
3.88544247
4.08149366
4.11198832
4.22050346
4.23559899
4.50194978
4.78372388
4.80325203
4.84207314
4.84635141
4.87403985
5.16677086
5.27288802
5.56499171
5.57785533
5.58749415
5.59603679
5.63851312
5.66279907
5.73374941
5.76924724
5.90615454
5.95723567
5.96368471
5.97636228
6.05096875
6.34013111
6.43573217
6.54907943
6.80235413
6.92694334
6.94143803
6.96441478
7.30379059
7.44187699
7.46483047
7.53201769
7.53772154
7.66613299
7.73038511
7.82395904
7.84873456
7.87275038
8.02242924
8.07924270
8.12550062
8.19762853
8.30590384
8.38461467
8.48011485
8.70585101
8.77504475
8.82652374
8.84780684
8.89275137
9.00583455
9.05146425
9.26274445
9.29324908
9.36467105
9.40354134
9.42998345
9.58206179
9.69115056
9.81256613
9.83229010
9.92243241
9.99017374
9.99726291
10.05506733
10.08740006
10.23606499
10.33805652
10.36806330
10.49498860
10.52666441
10.75964215
10.86225531
10.90152502
10.90994129
11.02213104
11.15749889
11.18366491
11.19232493
11.26000327
11.62388722
11.63722810
11.65583749
11.73248397
11.79624224
11.90111532
11.91086050
12.14801820
12.18168566
12.39879690
12.42940618
12.45942774
12.46251222
12.47169473
12.55122756
12.67597899
12.70598500
12.71332657
12.80324715
12.84125166
12.87326258
12.97458464
13.00028196
13.02419915
13.03320031
13.03564972
13.05380298
13.05979041
13.17470860
13.19957927
13.27442556
13.29364133
13.34182010
13.65494763
13.71672452
13.73145171
13.99832744
14.00823703
14.33157601
14.37710282
14.41352532
14.44310848
14.46729720
14.53920825
14.65119342
14.66896362
14.94244430
15.17321741
15.20285220
15.33847757
15.47280894
15.50178767
15.51959072
15.54887519
15.55432620
15.59329650
15.62238664
15.67045012
15.72009729
15.82304651
15.82527457
15.83850018
15.86165701
15.95733604
16.06691061
16.08470365
16.13432870
16.23820148
16.47569067
16.48475306
16.59544495
16.65472562
16.90587595
16.96694311
17.07555599
17.12516410
17.36070690
17.63820760
17.70161752
17.78887063
17.78967418
17.89445383
17.93052650
17.95932192
18.05699820
18.10612508
18.21239505
18.21584298
18.36158356
18.47332983
18.47619103
18.59734365
18.59865867
18.62862065
18.72976343
18.73656124
18.98099235
18.99980448
19.03016943
19.05242141
19.22542370
19.27503209
19.27860826
19.29220098
19.30854729
19.32212424
19.89470865
19.89746506
19.95810950
20.03098264
20.06357095
20.07151968
20.08112845
20.11822372
20.12332449
20.15908191
20.27407101
20.27452895
20.35684383
20.40382375
20.64479290
20.76715328
20.82622187
20.82723669
20.87876027
20.96784984
21.03897987
21.09147471
21.11117732
21.17310507
21.24686030
21.29705816
21.29827079
21.34014133
21.53881213
21.54016588
21.55976057
21.73270508
21.73333799
21.74323640
21.75909545
21.78943879
21.81035916
21.84715679
21.86761825
21.98053046
22.26758426
22.27381854
22.34763312
22.46177518
22.53557093
22.69515723
23.04205130
23.05290506
23.07714434
23.08537684
23.14588100
23.26495190
23.30327079
23.32100992
23.46868333
23.47670908
23.54745137
23.58596025
23.64999425
23.69871230
23.73743033
23.74884479
23.75404793
23.76492183
23.92696517
23.95605656
24.01166651
24.01406294
24.02281582
24.05144149
24.22995175
24.24150792
24.25100580
24.30175704
24.50757995
24.52394017
24.53173978
24.57966424
24.65099952
24.76611667
24.88931650
25.01584807
25.36603934
25.41486676
25.50154755
25.53121381
25.80477674
25.82309170
25.84115631
25.97116294
25.97174633
26.06206890
26.09172204
26.34503027
26.34634209
26.46928650
26.51427801
26.57629284
26.61033821
26.71632352
26.80582299
27.03371945
27.09942685
27.18372347
27.18684606
27.37695657
27.58968785
27.63701314
27.64874742
27.82665386
27.92881327
27.95598319
28.10508173
28.11004089
28.14190885
28.18938178
28.20050433
28.32557847
28.41183042
28.42295205
28.55573665
28.57078056
28.62436163
28.62612497
28.65832651
28.72442404
28.74149033
28.86494646
28.89200518
29.14027006
29.17768139
29.22255818
29.30790635
29.42425696
29.50793786
29.66429183
29.77179476
29.79918116
29.82346706
30.06450516
30.09063485
30.26163657
30.67516649
30.77058938
30.81792061
30.96569631
30.97892498
31.00373959
31.05009133
31.05390671
31.05611553
31.13682264
31.20654072
31.22141573
31.39504845
31.71791171
31.72131491
31.74009907
31.79263849
31.80744396
31.82018977
31.84043166
31.87851805
31.89860070
32.04202885
32.27850343
32.36321482
32.37368279
32.51288219
32.61018631
32.61788820
32.73539220
32.74436090
32.76327282
32.81827214
32.82619014
32.84281412
32.84816535
32.85045264
32.91797250
32.97145772
32.99213105
33.02626092
33.03486306
33.17229442
33.30889161
33.41834612
33.54230837
33.55934474
33.61164545
33.64821277
33.67938852
33.94336531
34.03236823
34.40909044
34.51998949
34.58598874
34.65116901
34.68824163
34.87375161
34.98410286
35.03739021
35.06893014
35.16503350
35.31392978
35.32975219
35.38622922
35.38631771
35.50911842
35.56443645
35.57189237
35.58124567
35.59363071
35.59437374
35.64428893
35.74470601
35.85504992
35.87249220
36.07041772
36.10335665
36.18483844
36.18960069
36.24906317
36.38326460
36.57610283
36.60540088
36.85845424
36.87363450
36.87935413
36.93780970
37.10470933
37.11739610
37.22553079
37.29496984
37.42448345
37.49903023
37.51317313
37.55270914
37.58116770
37.66971579
37.79510344
37.81825406
37.83520295
37.84061354
37.91555275
37.92098750
38.09026490
38.10673848
38.12143550
38.15820961
38.23607779
38.26110109
38.30527356
38.33449363
38.36163937
38.58966752
38.71986486
39.00901533
39.06305922
39.10601219
39.27444656
39.41442221
39.71798068
39.75219876
39.79463824
39.81509811
39.87274889
39.92262805
39.98542474
40.01724034
40.05885802
40.13142419
40.31208663
40.32884307
40.46222240
40.66515148
40.77165512
40.78054153
40.86780739
40.92682715
40.97093670
41.10301892
41.10945412
41.11329390
41.18861927
41.28016048
41.30523127
41.40814569
41.64861817
41.65460253
41.70316207
41.73431117
41.78161080
41.95659074
41.98226035
41.99621321
42.06850649
42.19289142
42.21932550
42.24556544
42.25249720
42.35242370
42.36305838
42.48203457
42.53982829
42.57566806
42.60508229
42.75406848
42.84274055
42.86475205
43.03689961
43.09791969
43.11843797
43.14155868
43.25586269
43.46145358
43.46957590
43.49549137
43.57899971
43.61245392
43.73415297
43.74438039
43.84548178
43.85971158
43.96111202
43.96937533
44.26012058
44.27647191
44.33043783
44.33301089
44.43049794
44.43080372
44.45659734
44.47768648
44.56833804
44.70301635
44.72199751
44.72538647
44.80362418
44.87797756
44.88117677
44.96949176
45.01099330
45.18453436
45.19234653
45.30718277
45.40753810
45.79909588
46.05823465
46.18156214
46.27298991
46.36681082
46.38170378
46.43748712
46.65422728
46.66652579
46.70594413
46.72424983
46.82125195
46.84501257
46.97032231
46.98789353
47.00114981
47.02557044
47.11378147
47.29951449
47.52653180
47.60542737
47.61028298
47.61896108
47.63745937
47.75668503
47.88453426
47.94634211
48.17605040
48.26514079
48.31231819
48.31669859
48.34871049
48.54788838
48.57922705
48.78651702
48.79732493
48.82497156
48.84607974
48.89256932
48.94738611
48.99326062
49.17440879
49.25626459
49.44947336
49.48328050
49.62182020
49.62841149
49.64968893
49.90651007
49.91271512
50.08799999
50.09212490
50.09248917
50.09503957
50.15936064
50.30017658
50.41187744
50.68684506
50.89066578
51.09319216
51.21334554
51.24203435
51.39858512
51.46986629
51.61877106
51.62665382
51.73483843
51.76880649
52.06949879
52.12461465
52.17377569
52.23360755
52.38554440
52.49907558
52.55672165
52.57375151
52.78064548
52.78933678
52.86580011
52.87256934
52.88055838
52.97253277
53.05770957
53.15253903
53.15267634
53.16344391
53.45035111
53.46143695
53.50406350
53.50765581
53.53145644
53.54649571
53.86201188
53.86242924
53.94362319
53.96585699
53.99439798
54.02486026
54.10550594
54.21093820
54.24115271
54.25000733
54.27383404
54.28054424
54.31410752
54.33812032
54.54146273
54.55277924
54.56596694
54.57194062
54.68660296
54.74699899
54.89337981
55.03966933
55.09759064
55.10690196
55.12985038
55.20239626
55.20507555
55.21146000
55.24522595
55.38032249
55.46607255
55.46821287
55.52334371
55.53781939
55.55909577
55.59790733
55.71761565
55.74010965
55.75715641
56.01319598
56.07141538
56.09505530
56.16850086
56.34176819
56.50203308
56.59325540
56.60638524
56.61315101
56.70985092
56.77959208
56.83533394
56.98201349
57.02458789
57.12463438
57.24817828
57.25773131
57.42918786
57.44410451
57.47029903
57.47309780
57.47628295
57.54114954
57.67250791
57.67711776
57.71364830
57.94320694
58.11545450
58.14829252
58.17005767
58.30795234
58.39759693
58.44357315
58.50665187
58.62691442
58.65706189
58.71483724
58.77890900
58.91016059
59.01875441
59.07548288
59.10934969
59.11454993
59.27059545
59.36856970
59.41400892
59.73429234
59.74619639
59.81833264
59.92987110
60.15107720
60.19840674
60.40106797
60.71109599
60.85323279
60.92100836
60.97358897
60.97564682
61.00356949
61.13670219
61.19189610
61.23973107
61.27243095
61.32886206
61.50466699
61.55464894
61.79526502
61.89527128
61.92168974
61.97515673
124.00000000
