0.10582276
0.13229195
0.20888848
0.22665484
0.26645481
0.30961838
0.37919490
0.50487140
0.52475186
0.60466383
0.61026981
0.65747260
0.67674889
0.80801008
0.92724211
0.97240965
1.00529271
1.02137611
1.05238224
1.14575464
1.24738120
1.33259105
1.37364894
1.60200147
1.79096131
1.84587446
1.98786931
2.04784467
2.04878247
2.09822021
2.20778462
2.22907944
2.26518339
2.31892439
2.35132870
2.44929924
2.58120145
2.68107917
2.85389305
3.03731220
3.04763817
3.07202407
3.10339666
3.19884111
3.38521065
3.47789248
3.48953581
3.49625547
3.55241700
3.68956953
3.78429031
3.86105294
3.86280884
3.97190040
3.97980701
4.00790896
4.03864718
4.13742228
4.24238551
4.30794892
4.41446203
4.58855711
4.59809341
4.69559587
4.87883531
5.14786350
5.19190709
5.25833991
5.45466721
5.52077450
5.62495386
5.69686591
5.74848365
5.90151420
6.06163892
6.19752481
6.24346158
6.40545321
6.42337624
6.68083287
6.70167191
6.72525277
6.76054167
6.77547251
6.96161514
6.98013716
6.99965769
7.15150806
7.18655137
7.24428270
7.24775077
7.28850079
7.36711042
7.40454812
7.44212684
7.47459512
7.51015158
7.95033188
7.95490848
7.95671605
8.03798568
8.05189558
8.05991416
8.09695236
8.29586768
8.35506746
8.43711427
8.58122700
8.73891223
8.74075536
8.76084439
8.89127921
8.93213953
9.04086606
9.07081860
9.16829585
9.29055461
9.29776728
9.50840612
9.53368239
9.55164304
9.72379983
9.73283999
9.83466610
9.83770063
9.86726782
10.00628398
10.02425978
10.05848697
10.37029529
10.37193406
10.45683663
10.49503894
10.62821102
10.67739972
10.69665281
10.74035793
10.79023311
10.86554745
10.88359428
10.90196722
11.09839916
11.18892038
11.23097379
11.25956986
11.41254963
11.46116511
11.61605758
11.62036111
11.62682824
11.80512730
12.19788038
12.26632625
12.33074108
12.40812575
12.42318398
12.48547646
12.66794455
13.00574141
13.06821797
13.10891791
13.15234422
13.22853158
13.23115805
13.33512356
13.78887619
13.81127651
14.06100410
14.07850775
14.08805636
14.20967073
14.23328511
14.29716698
14.49391014
14.55409729
14.63186494
14.71006870
14.74145573
14.84171787
14.85598736
14.90288365
15.40257230
15.47280894
15.52324409
15.63997508
15.68760406
15.74059744
15.81144384
15.88717038
15.89830204
15.91053431
15.93709109
16.14735260
16.35472781
16.36835569
16.39551451
16.44339666
16.48088393
16.48931572
16.56972333
16.57064201
16.67982882
16.82976358
16.91054973
17.03670128
17.04076437
17.26997752
17.34040552
17.36858213
17.38021170
17.52361859
17.66439327
17.70620549
17.71987053
17.74210557
17.79244523
17.87560709
17.87862263
17.89445383
17.97344644
18.00873369
18.01211005
18.05142350
18.07493751
18.16549182
18.18128969
18.21643803
18.30576489
18.32584772
18.34972832
18.38081158
18.48861966
18.49893847
18.63732852
18.64591446
18.69743782
18.72005661
18.73662793
18.94398727
19.04238010
19.32467347
19.32509081
19.35720877
19.76294106
19.81219694
19.94466272
20.29459164
20.31836412
20.59561467
20.68995705
20.86332095
21.03247427
21.32340481
21.32753548
21.32798193
21.60648456
21.70795127
21.75352654
21.75975024
21.79415275
21.84691664
21.88307557
21.96354287
22.05020073
22.25031006
22.43067207
22.66380054
22.86987350
22.90043363
22.90313048
23.02698231
23.05975371
23.10482985
23.16649875
23.21358253
23.25543876
23.39866155
23.52135635
23.68669189
23.77687051
24.04081043
24.11429502
24.24620292
24.27643581
24.34537268
24.35906274
24.65206490
24.65520262
25.14088494
25.21919261
25.35489929
25.35896645
25.36434777
25.37347088
25.47448862
25.73204006
25.81778993
25.83848299
25.94853042
26.04729295
26.09682154
26.10134200
26.18162835
26.27164610
26.28436909
26.35228835
26.50149391
26.53574385
26.56784211
26.83478535
26.89475226
27.06927207
27.10694196
27.25670582
27.68979003
27.95315177
27.98125316
28.06285342
28.10589413
28.11004089
28.15870520
28.15996942
28.26577236
28.31740923
28.44037937
28.63723730
28.76224957
28.80806204
28.84376006
28.89369602
28.93249763
29.00973290
29.21120729
29.36170533
29.42332090
29.48702010
29.58871095
29.84864158
29.98414531
30.02527408
30.05719339
30.07024678
30.16451145
30.17686235
30.31404830
30.34685483
30.35187272
30.62676857
30.75526423
30.98282808
31.05875257
31.07418398
31.14615816
31.29558996
31.38491802
31.44531439
31.55278119
31.66222162
31.66368090
31.71967351
31.73665299
31.78885745
31.82278813
31.86289234
31.89526897
32.08736553
32.17087808
32.21092194
32.29807077
32.34997603
32.37843396
32.52407416
32.58470571
32.82295200
32.88080058
32.90752437
32.98345932
33.02975449
33.08950402
33.11036175
33.21144830
33.22969591
33.23578502
33.24731365
33.27431709
33.30792853
33.58981811
33.72699655
33.75378685
34.03251227
34.07178605
34.21281060
34.29147167
34.51734337
34.53864770
34.84868113
34.87890320
35.08924296
35.22141179
35.26989238
35.35771254
35.41693465
35.57152084
35.59388155
35.62502297
35.66277289
35.67491703
35.70361898
35.74375730
35.77926430
35.79118641
35.80212425
35.86217619
35.91171640
35.92717983
36.03900177
36.12998924
36.14061399
36.21080558
36.32201493
36.58937836
36.96871097
37.33827834
37.33917732
37.46884964
37.53536482
37.56195335
37.59348011
37.59507244
37.63620808
37.80012065
37.89862691
38.01360684
38.09197484
38.11667640
38.22683080
38.23622802
38.30967095
38.33416399
38.49684726
38.66800039
38.74436864
38.79181738
38.81901528
38.96184161
39.03907388
39.20095664
39.24710893
39.26033155
39.62697717
39.82645466
39.93222626
40.15543689
40.17567100
40.20676546
40.29136048
40.29870843
40.30528077
40.33990519
40.39093337
40.44058856
40.68861167
40.69228387
40.75604077
40.82106891
40.82979318
40.86254310
40.96050832
41.00908316
41.17983407
41.31561246
41.44180985
41.54501486
41.64891853
41.65127621
41.65539274
41.75307822
41.81082172
41.82628596
41.88120798
41.93199194
42.00350826
42.06529282
42.07913495
42.17598317
42.28416955
42.33630708
42.35237171
42.37299824
42.41972506
42.43068794
42.50646106
42.53346933
42.57036436
42.58917405
42.68693735
42.69955204
42.76298218
42.79314679
42.81344381
42.86167462
42.86463050
42.90775200
42.93403540
42.97264241
42.98430298
43.07273035
43.15553540
43.66225014
43.67621241
43.85800339
43.86384814
43.99565149
44.08121577
44.13968546
44.24134061
44.46638444
44.54878678
44.56833804
44.58089812
44.62631334
44.71864587
44.75939596
44.86893883
44.93499197
44.98620642
45.00606668
45.02836660
45.13886843
45.28043243
45.34411948
45.42117441
45.57364753
45.60272078
45.71411199
45.76752332
45.81694236
45.87185630
45.99396652
46.00712439
46.41718105
46.67691306
46.91779208
47.01662517
47.07743558
47.14289315
47.24325473
47.26058096
47.32218525
47.39028020
47.54202773
47.62322216
47.66804757
47.83349170
47.84893179
47.95800480
47.96433717
47.97122289
48.04849411
48.10474415
48.13648180
48.16522594
48.19252819
48.20777917
48.27163333
48.62673204
48.66492975
48.66707276
48.74451950
48.81872396
48.91415179
48.98144971
49.03548230
49.17692126
49.20743244
49.27624793
49.30300186
49.39122350
49.43808840
49.46284548
49.54192140
49.67767876
49.70027307
49.78587833
49.95267608
49.97309033
50.04868979
50.27883274
50.34866711
50.36648158
50.38464880
50.39265055
50.44182619
50.49642428
50.58281305
50.61719293
51.02391935
51.08922309
51.30711622
51.38854598
51.39188235
51.46055649
51.59671221
51.65582702
51.67871262
51.74933985
51.76723556
51.80970667
51.82369087
51.93482038
51.93933822
52.00862627
52.18639277
52.19980248
52.21567705
52.25659001
52.44182624
52.47013095
52.50112960
52.84451142
53.27284594
53.32841165
53.53347180
53.72048466
53.81924631
53.88356988
53.89410851
53.91576378
54.09577156
54.20483310
54.30108340
54.33101469
54.35011686
54.37096407
54.37890531
54.40141131
54.40981282
54.47294972
54.72649044
54.83192799
55.06400573
55.06720836
55.17486175
55.20909935
55.21547273
55.31083242
55.35883494
55.38255713
55.49607465
55.50153741
55.60903493
55.68259045
55.78158809
55.81909171
55.85722378
55.89020330
56.13835378
56.27600136
56.31151033
56.31555042
56.47763979
56.52830375
56.56793113
56.58795248
56.80069249
56.81343187
56.90415601
56.94337589
57.01877015
57.02863455
57.07926278
57.20211151
57.27619475
57.28677697
57.40586313
57.56406752
57.66993261
57.74802175
57.77176597
57.80497089
57.91783855
57.98875301
58.07223425
58.17702568
58.31755474
58.33372976
58.34119423
58.45823810
58.50267917
58.53060565
58.54381487
58.63220840
58.68441356
58.75694445
58.76253749
58.84641630
58.97122479
59.17262627
59.25425754
59.27296456
59.35399928
59.51455640
59.65307692
59.69909148
59.77110551
59.80805655
59.92428378
59.99392021
60.05140627
60.28609924
60.29330853
60.39391461
60.51041014
60.60588099
60.61871113
60.66802574
60.69246673
60.70241813
60.78117573
60.84486575
60.89013434
60.90007769
60.91633185
60.91850206
60.93140904
60.98120856
61.06248493
61.13677575
61.24275663
61.29104090
61.36744911
61.50150834
61.54302896
61.60713134
61.84662310
61.91550537
61.97187471
62.06107249
62.06188722
124.00000000
