0.03415228
0.08064562
0.11418401
0.18506314
0.21386073
0.28826603
0.72023954
0.82836954
0.88295654
0.95526988
1.21354250
1.36890125
1.37543119
1.46523557
1.51757492
1.57018171
1.68970646
1.70146262
1.71738138
1.76567607
1.90500615
1.97730449
2.00116930
2.08694831
2.41981110
2.51168943
2.64057062
2.83529904
2.96311635
2.97637195
3.15020722
3.21614143
3.45787350
3.49115331
3.62548949
3.73817450
3.74698478
3.75012723
3.76362977
3.80703190
3.96482661
4.15421585
4.42516979
4.44513484
4.53072536
4.63652291
4.64329046
4.78048357
4.97672271
5.01696658
5.01894954
5.23608706
5.38344516
5.42015434
5.51579908
5.54761532
5.58865770
5.63851312
5.76968147
5.84201862
5.93167466
5.94112779
6.00428591
6.07536177
6.54546312
6.57874712
6.60702186
6.88633202
6.89765006
6.92317306
6.92541814
7.10855208
7.24229199
7.38364050
7.54085444
7.67919576
7.88353417
7.88723996
8.00624261
8.04177857
8.12429429
8.19874203
8.22757232
8.23501934
8.31245815
8.33136483
8.45180119
8.53421124
8.82897493
8.92563380
8.98412701
9.03420523
9.08821292
9.18927356
9.28860557
9.29474985
9.78796389
10.00628398
10.00859496
10.17341238
10.23372232
10.26709835
10.38137280
10.48899184
10.56853751
10.60091027
10.61443933
10.82110024
10.84047537
10.92333872
10.96521888
11.01727128
11.19296395
11.28257957
11.29275731
11.56477155
11.63833221
11.68182998
11.71107868
11.72870668
11.79925113
11.87156762
11.95710176
11.99348183
12.10962612
12.25784080
12.30955384
12.47519952
12.48346943
12.48833171
12.49508737
12.58170793
12.64726956
12.68885031
12.87318613
12.91925147
12.96195018
12.97458464
13.02922115
13.04292257
13.05291271
13.08851733
13.17161720
13.17273358
13.19232339
13.26214748
13.40279447
13.51476820
13.61345790
13.65809312
13.73405342
13.82555726
13.89368029
14.02853803
14.13536888
14.13705429
14.18062715
14.23051099
14.28607381
14.28946955
14.34733110
14.45704061
14.53624906
14.61275307
14.90341853
14.94733965
14.97566093
15.28227778
15.33747930
15.35787104
15.39930778
15.56072952
15.65034391
15.65251399
15.92305652
15.95694715
16.01320524
16.04967403
16.13907643
16.35367672
16.37244921
16.43978492
16.44339666
16.60796750
16.62695300
16.64903016
17.05272901
17.16556706
17.21077836
17.34319880
17.40024359
17.58159734
17.63311995
17.66931508
17.67855905
17.69278122
17.69741233
17.72336590
17.76487961
17.88297191
17.89842767
17.92287590
17.92789375
18.01585253
18.09154029
18.10239753
18.11244054
18.16318258
18.16322072
18.16614188
18.35631643
18.41924549
18.58287493
18.61001025
18.64292742
18.73112109
18.81920832
18.98899018
18.99968335
19.11996524
19.12392484
19.14276317
19.18491767
19.21883709
19.50399620
19.76412105
19.87306187
20.15194387
20.24294613
20.37081118
20.39397799
20.43881962
20.64013508
20.74912302
20.79129612
20.95347794
21.10989957
21.11389605
21.29957869
21.30363867
21.41122202
21.44875773
21.46469546
21.55406080
21.55976057
21.60739864
21.67887777
21.77284263
21.80431743
21.84651363
21.95734523
21.98332123
22.01712832
22.12609618
22.20790791
22.24582893
22.29861427
22.41411177
22.53205163
22.58670768
22.79496282
23.05242696
23.25095628
23.28079907
23.34717475
23.63827842
23.71469485
23.88189966
23.91190353
23.95070140
23.97298472
24.02535318
24.02828746
24.09868087
24.39082992
24.42400979
24.47330927
24.55016374
24.76611667
24.82931437
24.89580291
24.91546192
24.99220354
25.05282878
25.05665280
25.23893170
25.25977773
25.28906535
25.30586700
25.33444078
25.39296040
25.52908971
25.56693266
25.58789571
25.63901470
25.66255266
25.81272239
25.84540253
25.94749724
26.10580507
26.22588543
26.28317993
26.31505775
26.39997347
26.48820572
26.53962458
26.54321874
26.55859405
26.61712081
26.63153948
26.66098538
26.75549260
26.85982297
26.93050785
26.97640282
27.03770872
27.05360224
27.05603654
27.11002222
27.22601413
27.61554903
27.67519921
27.92659332
27.94887949
28.03748147
28.05454603
28.17150040
28.20238149
28.20678999
28.22496951
28.31634843
28.33151305
28.40643421
28.41546175
28.46448090
28.93852971
29.02696339
29.07377453
29.69829599
29.72982393
29.90456711
29.96276564
30.19929073
30.22071488
30.34083916
30.34240384
30.37060908
30.39811181
30.45765105
30.54828867
30.59688480
30.67713687
30.70260068
30.71923147
30.77869013
31.06864363
31.10092508
31.19385916
31.22324663
31.43053099
31.52411318
31.53306809
31.55264573
31.62859468
31.66307553
31.69395964
31.70352544
31.72704943
31.75012759
31.80608383
31.91833686
31.93509809
31.97281501
31.97600474
32.16436432
32.17680343
32.23525818
32.53543899
32.58730515
32.62550536
32.63285871
33.02711824
33.03612030
33.24405856
33.45797498
33.58640660
33.61580530
33.63171936
33.78909332
33.79395835
33.85249417
33.90348518
34.00429213
34.03058733
34.12295843
34.22163818
34.29147167
34.31768412
34.47513725
34.48527465
34.53100185
34.66157763
34.79840066
34.90366210
35.03521243
35.05933107
35.12700293
35.14816919
35.21170821
35.23169816
35.23755961
35.32077430
35.46644567
35.54621949
35.64494284
35.74951655
35.81856623
35.88201131
35.95433786
36.06710487
36.12223290
36.17989670
36.18412996
36.19444042
36.19489999
36.29269163
36.31111638
36.48638652
36.60513452
36.72123680
36.80162500
36.94488969
37.27276206
37.28401848
37.36440588
37.40947245
37.50809379
37.59923433
37.67445707
37.99674425
38.23479276
38.54887583
38.66620029
38.67723014
38.92463008
39.22808000
39.24512735
39.28214072
39.32204072
39.33283275
39.33597878
39.44053851
39.47305603
39.54928364
39.68678577
39.85064778
40.03740965
40.11510900
40.15717647
40.18908781
40.22705042
40.49948845
40.50190952
40.59095372
40.84612289
40.95860772
40.99890714
41.10160176
41.31451447
41.32539791
41.33022308
41.55727982
41.63241289
41.64132234
41.70060300
41.82768974
41.98831788
42.02927204
42.04063575
42.22077629
42.43133702
42.75184313
42.79271004
42.83251569
43.04125239
43.15957987
43.20363552
43.33800828
43.34600808
43.94456915
43.94852295
43.95284437
44.01798645
44.14866294
44.23030850
44.45490766
44.47274327
44.53277075
44.64001980
44.77109562
44.91021097
44.91371328
44.91789977
44.97006081
44.98773434
45.10473051
45.10873606
45.14988899
45.16071608
45.28290887
45.29690621
45.30718277
45.33495401
45.36149837
45.38885213
45.58685923
45.61820898
45.63407450
45.72702523
45.77076206
45.90249869
46.02515173
46.08241588
46.23287509
46.51887355
46.59191078
46.66573668
46.68572914
46.87848219
46.89230019
46.90629996
46.99558850
47.10967159
47.23515301
47.33754806
47.35262538
47.41820859
47.55345036
47.56277745
47.60483788
47.63417518
47.64463969
47.98764909
48.10929944
48.24092156
48.41607635
48.42631902
48.52822749
48.62467482
48.91246418
48.95280314
49.02546602
49.07608181
49.14571333
49.48328050
49.55339564
49.55647849
49.63221833
49.75171189
49.77155840
49.85851289
50.01181718
50.01768414
50.07242012
50.07805808
50.28180081
50.32044899
50.46690942
50.51691261
50.64262882
50.75707179
50.96458180
51.01033041
51.01395523
51.05938947
51.06014850
51.08951759
51.23211787
51.27114066
51.27817266
51.28981573
51.32627787
51.35891131
51.44624596
51.47155281
51.53057858
51.67128867
51.68770703
51.73470377
51.86456025
52.02048308
52.07826670
52.13292317
52.15951338
52.17935631
52.26752146
52.31972298
52.32869400
52.49547401
52.70058876
52.81660221
52.89654643
52.92802325
52.92984670
53.04871458
53.09364837
53.09686378
53.09828394
53.15933785
53.25080413
53.26086207
53.27276612
53.28224168
53.44527009
53.45404064
53.61812853
53.69396092
53.71683858
53.75925118
53.85470013
53.93161511
53.93829011
53.96569265
53.99912287
54.02237517
54.05709444
54.06010797
54.16558506
54.17890649
54.19540171
54.32478349
54.34608953
54.42864059
54.48358843
54.73449626
54.86884033
54.96017176
55.01420148
55.21547273
55.38517151
55.39609370
55.41898259
55.46614745
55.61134353
55.70086135
55.81617196
56.05040905
56.13809611
56.16121523
56.22238202
56.47168812
56.47771793
56.52126880
56.54092688
56.54818180
56.84709149
56.85760939
56.93838386
56.96148940
57.20697512
57.27466144
57.49911811
57.69245093
57.82086385
57.90464875
57.92061954
58.03456769
58.03720607
58.07921908
58.08845760
58.14608003
58.16733099
58.21582387
58.34119423
58.54616888
58.61282333
58.71827704
58.76575305
58.81343304
58.89629385
58.92608555
59.28806367
59.35215816
59.41083651
59.46495438
59.50231666
59.66265743
59.74901691
59.86214746
60.16469743
60.19391249
60.25760905
60.48993283
60.58477867
60.69246673
60.81711509
60.97358897
61.05695238
61.08639131
61.12155893
61.27393737
61.38615327
61.38791083
61.48562854
61.73170154
124.00000000
