0.03324509
0.07639614
0.10895310
0.14096497
0.34049628
0.34223754
0.35618465
0.45359013
0.51560801
0.51595197
0.60544802
0.68544338
0.74208422
0.84524626
0.89872546
0.97240965
1.00624733
1.01325098
1.10518166
1.20240543
1.23420610
1.25853387
1.26775929
1.52724538
1.70152168
1.76749442
1.85489812
1.86699271
1.86910635
1.99471333
2.17104724
2.18132147
2.25480294
2.31892439
2.41738144
2.42743366
2.64690503
2.93528865
2.94859962
3.04669974
3.10339666
3.24760820
3.34109439
3.41802791
3.49287135
3.54248855
3.64170822
3.65146508
3.70591094
3.74194431
3.77113848
3.90164455
3.90297118
3.92903762
4.05773559
4.20457805
4.20828617
4.24884386
4.32189278
4.43749461
4.48986574
4.69620571
4.76621656
4.82537975
4.86936905
4.90324274
4.93957550
4.99635902
5.03443545
5.09651814
5.11229435
5.21737683
5.31412186
5.36985799
5.38989346
5.57785533
5.68149716
5.72860064
5.73325272
5.77427765
5.95587291
6.02063586
6.13855815
6.14134195
6.25731331
6.36591995
6.43082769
6.50236045
6.50690119
6.57843407
6.65884466
6.85131487
6.85720303
6.87127839
6.92767831
6.93331199
7.05714102
7.06302337
7.07582844
7.18545794
7.31873033
7.41806162
7.47229678
7.53471732
7.53748576
7.62381587
7.71009056
7.75030577
7.89283171
8.02467437
8.10842159
8.13732277
8.22975750
8.28672195
8.60522925
8.85066728
8.91047094
8.96828826
9.01385162
9.01585725
9.04911846
9.17256942
9.30176694
9.52040277
9.56460900
9.62081170
9.65392204
9.68494182
9.76280918
9.81133872
9.84212583
10.13236889
10.13431627
10.17637433
10.31171643
10.33156012
10.34612642
10.34757974
10.44025098
10.45804793
10.64568691
10.73789563
10.76499474
10.90924505
10.93072713
10.95300712
11.12002704
11.29526516
11.50799991
11.56136721
11.73329661
11.82034814
11.89255569
11.93632648
12.00795349
12.08066417
12.14066974
12.28385737
12.51267480
12.60686803
12.65723196
12.71093175
12.88587144
12.89159223
12.89234595
12.92572966
12.95347063
12.95601177
13.02923574
13.09429864
13.17512781
13.20712689
13.33680950
13.60770914
13.63547562
14.15127956
14.17821792
14.20174107
14.24157821
14.37938601
14.39934637
14.45053469
14.60679187
14.65441629
14.89245048
14.93279260
15.01288793
15.18540558
15.24604960
15.25772745
15.40329333
15.41278761
15.44693506
15.46733743
15.91993504
15.93709109
15.99058452
16.03936917
16.18002920
16.41165541
16.55595609
16.60150918
16.79798687
16.80607263
16.85178050
16.89181966
16.91127250
16.91296862
17.08584120
17.10148759
17.13838046
17.15122631
17.16273804
17.22616292
17.31363590
17.38846232
17.47915105
17.64348230
17.72887055
17.75849725
17.77343424
17.78742646
17.96781759
18.21199492
18.21541314
18.27558260
18.30696864
18.36109740
18.44794249
18.49739969
18.52580476
18.78658800
18.85110968
18.91860710
19.08058831
19.08344768
19.09171883
19.15352578
19.18064561
19.26422912
19.29642829
19.30471742
19.55677927
19.86142039
19.86676194
19.98251160
20.01839099
20.02554575
20.09371056
20.32711539
20.40878116
20.65183830
20.65618845
20.70058028
20.73272421
20.74055534
20.96446882
20.98893725
21.11117732
21.11824118
21.25289238
21.32435675
21.44522534
21.50996482
21.66401366
21.67851429
21.82547692
21.85294520
22.11669436
22.19961601
22.23113261
22.27163188
22.38164762
22.44507086
22.53242724
22.57870776
22.66327754
22.70509820
22.71514705
22.73719851
22.78974562
22.86183143
22.87452541
22.95513422
23.16315948
23.18776764
23.24943474
23.36901577
23.37467059
23.58596025
23.59036361
23.59673258
23.60440232
23.67781170
23.74776343
23.79791564
23.82370727
23.94906397
24.06420815
24.12896569
24.40361573
24.46438275
24.46615376
24.51874278
24.53460912
24.58596803
24.64529248
24.87396867
24.95412262
25.06268226
25.08621429
25.10000693
25.11794126
25.12474691
25.16124921
25.22987269
25.36987167
25.50700131
25.55608756
25.60643208
25.81561918
25.87120204
25.89981125
25.91570593
26.07643836
26.12537677
26.16972884
26.25969184
26.34660416
26.59209883
26.59447735
26.64094460
26.83580249
27.02512141
27.05779266
27.18999859
27.21728889
27.39031878
27.51567837
27.57061127
27.69858125
27.72890631
27.73011517
27.98178274
28.07777288
28.12230878
28.15958557
28.20062123
28.24171084
28.38653098
28.46442479
28.61246671
28.63807003
28.76381150
28.78076604
28.82944609
28.99765749
29.15328785
29.19100758
29.26361566
29.29633458
29.34343107
29.41292752
29.53041907
29.53750042
29.56974489
29.78389756
29.81013646
29.81486337
29.84545172
29.90434135
29.93137068
30.09956260
30.34855938
31.06756586
31.14259990
31.33478648
31.34486027
31.43249460
31.52887546
31.65809674
31.71554893
31.71791171
31.73342096
31.73439387
31.95898209
32.02050337
32.13876865
32.32489500
32.66318167
32.81065235
32.98345932
33.02236406
33.24561035
33.51635051
33.55554319
33.59637086
33.60785378
33.71201383
33.73435594
33.76921503
33.77498231
34.05327463
34.14445110
34.17969175
34.18532189
34.19678884
34.21281060
34.27500994
34.28414007
34.50100238
34.72861917
34.86577845
34.96871365
35.00580564
35.43449263
35.44570845
35.50501782
35.51340270
35.51475027
35.63120780
35.65946994
35.80773186
35.87076156
35.87837705
35.89368326
35.98938829
36.02977881
36.08406419
36.14959741
36.22355579
36.23448681
36.60506817
36.98881844
37.15691754
37.22363141
37.27276579
37.35181275
37.46141280
37.47228729
37.60810583
37.71954491
37.74834318
37.79629573
37.91995165
37.93349618
37.98318733
37.99183376
38.04220796
38.09341976
38.14221406
38.36587001
38.45289130
38.46319703
38.47854172
38.57549380
38.70897525
38.82126616
38.87734432
38.96151502
39.10629361
39.22753079
39.25288278
39.26438913
39.31520814
39.35920862
39.43637016
39.51158609
39.58699067
39.66333318
39.76777840
39.78992507
39.80940488
39.82658957
39.87498603
40.00488453
40.11000308
40.28774937
40.29722200
40.48934010
40.49172038
40.51178843
40.54505876
40.57720847
40.90640769
40.93134212
41.01534335
41.15872626
41.28951563
41.31850381
41.32673017
41.53056495
41.67707401
41.79697572
41.79887263
41.85754770
42.12029537
42.13196469
42.13606074
42.20212597
42.22712164
42.32452748
42.33107438
42.45688811
42.57450904
42.63649178
42.76634749
42.87970557
42.93243320
42.97262562
43.03389878
43.08154113
43.10458455
43.16392078
43.21559532
43.57225845
43.62375551
43.84437539
43.86804976
43.88629941
43.88934201
43.89433083
43.94996596
43.95483367
43.95948580
44.04950632
44.31506438
44.37665407
44.48085383
44.48179992
44.56017326
44.67905898
44.87797756
44.94418278
44.94934477
45.13291961
45.25951598
45.26871909
45.35557438
45.39166415
45.59476981
45.60679379
45.63187108
45.72687111
45.98663045
46.01743218
46.03265534
46.13195085
46.20582878
46.22039051
46.28963504
46.50889967
46.57615430
46.68208235
46.83109110
46.91891266
46.96287849
47.01566319
47.01845879
47.03851722
47.07476345
47.08571559
47.11906912
47.15806145
47.18738452
47.30345647
47.45198428
47.45778966
47.60926287
47.62306227
47.88717828
48.35181238
48.35632609
48.40070720
48.51125336
48.68243809
48.77187320
48.84524233
48.88584102
48.92973197
49.11038062
49.44829055
49.48553283
49.54384730
49.58369263
49.81193884
49.86234829
49.87982977
50.28601785
50.28946732
50.31551049
50.39516170
50.41580086
50.54513440
50.68813019
50.74432022
50.89868304
50.96306100
51.04166050
51.07060745
51.10971644
51.32538730
51.33534158
51.43380166
51.45562048
51.52976089
51.58779503
51.71251647
51.77386845
51.82589927
51.86753056
51.88346357
51.90861117
52.07295588
52.10653865
52.11207153
52.11939190
52.12662771
52.19660048
52.23789840
52.41059437
52.43315441
52.71181362
52.81981939
53.01574359
53.05860970
53.09889480
53.11793532
53.13746738
53.19940425
53.40277620
53.53145644
53.58831887
53.76953899
53.78453825
53.81955115
53.97765703
53.97960982
53.99094491
54.00642649
54.12392296
54.20892859
54.31410752
54.42043434
54.48915915
54.62023123
54.62765077
54.64031297
54.66922855
54.99649318
55.01420148
55.16321403
55.32213438
55.47190822
55.48394497
55.53177300
55.54742017
55.57455374
55.59365160
55.75224615
55.79107671
55.84039289
55.90668739
55.92121620
55.98677867
56.05814362
56.17604037
56.18003944
56.19973767
56.20077800
56.51402964
56.77661287
56.77850130
56.90112997
56.94655307
56.96679923
57.09064701
57.12463438
57.32508261
57.34432231
57.39740160
57.56670617
57.68673626
57.69459050
57.78023271
57.81607239
58.00506710
58.01026070
58.27664301
58.31793479
58.35073410
58.42627032
58.44417690
58.49224637
58.52775162
58.58101687
58.75804550
58.79268746
58.88446497
58.91838944
58.99183719
59.07703354
59.09968660
59.11394056
59.24703129
59.34446881
59.41494154
59.48891766
59.70959026
59.79553029
59.79816673
59.80160055
59.94313324
59.95501822
59.96376423
60.13081351
60.14125993
60.28723911
60.48878314
60.48903092
60.76831592
60.80640085
60.86045964
60.89164030
60.89885290
60.90457274
60.96407892
61.21247952
61.44375535
61.52310111
61.53690142
61.53821543
61.56387988
61.73057105
61.74412087
61.76514037
62.01481434
62.03319576
62.04370062
124.00000000
