0.06130160
0.08058310
0.09458034
0.16529566
0.22002590
0.32654751
0.49962698
0.57043403
0.64159031
0.81359457
0.97632936
1.01640674
1.02036641
1.08358093
1.11643415
1.14580893
1.40106495
1.42362484
1.45915927
1.57430789
1.66020881
1.67057116
1.73993703
1.92464917
2.06469503
2.07203075
2.07340676
2.13531665
2.20219663
2.27683085
2.47568133
2.59950626
2.70944877
2.86353058
3.11842433
3.24757788
3.28983541
3.40339508
3.45534700
3.47325493
3.47514092
3.75601991
3.77232966
3.84735838
3.93921670
3.98700149
4.03466392
4.03905805
4.27203835
4.29793623
4.36847628
4.39625764
4.47503581
4.60896813
4.69678037
4.70195616
4.71923809
4.77219185
4.98428218
5.12806440
5.20971894
5.25378173
5.31767974
5.42436884
5.54455492
5.71605266
5.73162470
5.73229685
5.83268546
5.98925015
6.07117228
6.07854251
6.10811172
6.17554650
6.29671762
6.47737242
6.48045455
6.50668982
6.55493746
6.58033813
6.59912915
6.62617107
6.72943840
6.76571952
6.83455677
7.47961266
7.48560359
7.56322775
7.58882829
7.81834400
8.11481460
8.15863887
8.16371571
8.18954903
8.34401876
8.38383118
8.40704728
8.45180119
8.46853224
8.47327278
8.50462227
8.50824584
8.51353492
8.62102602
8.75973492
8.76462704
8.82171023
8.84744278
8.90526342
8.96299642
9.17491449
9.24081828
9.30955183
9.50834876
9.78400863
9.78492467
9.79477721
9.95345951
10.03328858
10.05060499
10.05241509
10.18148694
10.25812761
10.29437339
10.56077712
10.59118003
10.76499474
10.81798909
10.81921336
11.12436945
11.13933392
11.30271556
11.42762541
11.67021359
11.91444172
11.92040546
11.96059082
12.18723799
12.27480172
12.35687720
12.40932474
12.44727491
12.45210032
12.58053581
12.79835244
12.84730478
12.94076256
12.95745302
13.06302105
13.15378661
13.19433488
13.21787162
13.22208810
13.44216589
13.44296437
13.62313657
13.62404001
13.63743161
13.76419927
13.83916233
13.88569431
14.00099212
14.21999515
14.24548583
14.31158250
14.59894123
14.82124636
14.84990539
14.86749130
14.89749562
15.27021801
15.45510123
15.58062244
15.64861078
15.93709109
15.95694715
15.95781159
15.98696715
16.18879297
16.25484692
16.31398161
16.33663094
16.45029507
16.73777292
16.74677280
16.78595014
16.96150747
16.99307086
17.25478392
17.54246781
17.70586766
17.72576073
17.79980538
17.93758227
18.02620785
18.06136845
18.15762710
18.24259459
18.28722581
18.30056442
18.49522915
18.51885277
18.70274206
18.72743774
18.83766112
18.86959560
18.93257047
18.94905755
19.00088529
19.19602216
19.23602094
19.29276144
19.42550451
19.45150972
19.51013010
19.74396449
19.82457283
19.83594552
19.97719545
20.11996480
20.18696380
20.30330107
20.39228302
20.39240109
20.57374103
20.64989669
20.66914344
20.71299224
20.85033292
21.09566023
21.13891104
21.17884414
21.22927637
21.25047188
21.30957906
21.37939150
21.38752553
21.64489233
21.75424950
21.82678111
21.85039260
21.95838004
22.23037553
22.25290250
22.27200832
22.34074493
22.34538033
22.36941618
22.37410646
22.54106556
22.73747706
22.88966326
23.02006533
23.14409606
23.34793169
23.47280087
23.56703886
23.57027170
23.63163488
23.72223899
23.78166947
23.93803500
23.93956650
23.95519530
24.04531629
24.08464324
24.09522117
24.11926689
24.16520376
24.17496049
24.21931496
24.23693940
24.27875640
24.33644158
24.39212105
24.43833837
24.45684344
24.55657581
24.62738840
24.66900786
24.70336293
24.77632102
24.84788937
24.90905291
24.92415933
25.08705147
25.10344230
25.24367719
25.32703535
25.37842315
25.39458414
25.43286965
25.65547781
25.76733752
25.80497124
25.83136219
25.97089347
25.97116294
26.04590974
26.05520174
26.09148471
26.21782721
26.31703814
26.39655245
26.42875996
26.43739942
26.45864419
26.58480153
26.58896263
26.60199590
26.66208418
26.73140558
26.73798231
26.83034355
26.88382919
27.03758465
27.05542697
27.08518319
27.12496273
27.25614860
27.31327314
27.39242728
27.44861304
27.48169500
27.56176207
27.72885966
27.80719096
27.80979982
27.84280793
27.88313535
27.92910768
27.98534482
28.04012782
28.16291671
28.16859699
28.27156328
28.42597924
28.67609159
28.67888791
28.69168517
28.72146441
28.75375132
28.80063357
28.80598519
28.89752367
29.00354949
29.07474440
29.46480942
29.52017526
29.58218263
29.59271902
29.71676403
29.75524282
29.80635914
29.86294208
30.01581854
30.11948783
30.29038716
30.49796101
30.49842650
30.60827277
30.64740670
30.67312317
30.73441731
30.96103075
31.00669354
31.13243402
31.23752066
31.25560594
31.26871114
31.36308422
31.39563457
31.40861752
31.41030967
31.66752534
31.81660151
31.83069665
31.84043166
31.86699567
31.89505911
32.21858959
32.28208489
32.37706245
32.43214974
32.58729145
32.63361492
32.67529660
32.69372503
32.71556152
32.74849959
32.77928380
32.77966262
32.78438245
32.95328465
32.96565551
33.39125908
33.53664442
33.54136688
33.63706255
33.80548295
33.81294902
34.00443629
34.05704480
34.09278017
34.10140561
34.12800989
34.21712619
34.39598491
34.53663420
34.53948679
34.59754383
34.65505461
34.69001063
34.84428618
34.88076548
35.05927739
35.06925139
35.40222341
35.45916872
35.46932747
35.61350329
35.61738440
35.61993020
35.70950021
35.73634418
35.75822617
35.76709138
35.79591753
35.80701818
35.88271399
35.95790316
36.01164328
36.03914897
36.09186019
36.17990042
36.21443894
36.25369001
36.43645277
36.62425269
36.67397340
36.76651798
36.90129313
36.98228361
37.03060503
37.12588880
37.21295987
37.21852650
37.28564758
37.29474183
37.40209507
37.43749067
37.64291114
37.91002138
37.93973768
37.95311582
37.95663522
38.11301424
38.25483026
38.27646757
38.29153798
38.30351446
38.32912716
38.40831129
38.43456208
38.56473348
38.76809278
38.82528515
38.94251966
38.98370385
39.33240885
39.41279383
39.53292194
39.70351484
39.74150242
39.88605825
40.06900118
40.25746261
40.26492022
40.31438327
40.34906096
40.42341989
40.54687199
40.58783133
40.58975390
40.70229456
40.76599195
40.78514412
40.86069343
40.90385770
40.95009963
41.20938748
41.52107186
41.59182989
41.63036159
41.63102303
41.66566082
41.70537539
41.72713392
41.76343504
41.87206757
41.93191681
42.14692457
42.17399368
42.21864840
42.23033575
42.27872913
42.36600497
42.41782058
42.45994106
42.53982829
42.57597435
42.71983727
42.85591006
43.00456455
43.02642110
43.14904539
43.15092908
43.18452418
43.41744717
43.67646927
43.67704890
43.69411424
43.73864415
43.76037328
43.84925572
43.89087101
44.00506937
44.09224994
44.21889420
44.24125464
44.26496758
44.39228892
44.53277075
44.72100290
44.78778016
44.79631029
44.86061960
44.86140037
44.86725309
44.87774286
44.95053452
44.96871699
45.12648473
45.12827351
45.14368055
45.17517237
45.34109621
45.39166415
45.59162038
45.78052179
45.78174348
45.85898117
45.88153912
45.95442920
45.98635701
46.03940188
46.15434451
46.23906018
46.28597945
46.29670996
46.31642501
46.34586265
46.44769704
46.52378975
46.59588431
46.61459581
46.72300099
46.74558428
46.75211714
46.82380995
46.90340475
46.94443703
47.04428972
47.14289315
47.22282131
47.32968922
47.35886431
47.37440670
47.43958660
47.66595002
47.82084857
47.82407629
47.87482962
47.93759334
47.94554756
48.14872618
48.19023793
48.24092156
48.25051648
48.25292060
48.27321137
48.32984567
48.34394118
48.48599883
48.51865757
48.74895640
48.78802414
48.89914583
49.04725606
49.12774615
49.13924645
49.17440879
49.19686896
49.28315910
49.28890106
49.46424744
49.48454295
49.59592821
49.64900748
50.28285226
50.28571245
50.35351099
50.35439427
50.46571993
50.47855576
50.55137769
50.57808572
50.74460922
50.89868304
50.91442191
50.93836001
51.13825696
51.16163651
51.17728898
51.20613344
51.23211787
51.43923666
51.49266681
51.51719520
51.53462395
51.68876611
51.70617401
51.73483843
51.81924473
51.87081558
51.91951579
51.93628987
52.00208996
52.19660048
52.21423828
52.32550262
52.34262974
52.37840539
52.41580158
52.52912767
52.66825918
52.68344098
52.74079286
53.03654400
53.09932937
53.12132612
53.13236263
53.16089432
53.21467265
53.34518481
53.35753686
53.41597400
53.45483174
53.46717430
53.67423539
53.78273930
53.87992257
53.89858642
53.90634625
53.91153744
54.06638314
54.19540171
54.20282228
54.23595011
54.25613992
54.30210089
54.44880979
54.65664490
54.72834893
54.75930122
54.77951980
54.92756373
55.14042199
55.15948813
55.21535890
55.21546261
55.33206569
55.38884283
55.71123283
55.83894555
55.93362117
55.98677867
56.03885029
56.04443144
56.05943447
56.07277559
56.09737699
56.29962648
56.31543998
56.42529312
56.43652257
56.47737519
56.68659799
56.82001848
56.94230870
57.00196861
57.05548003
57.09156608
57.12824974
57.22662926
57.27385220
57.33247701
57.37513802
57.65993137
57.71633618
57.75760786
58.08126042
58.16005313
58.17296658
58.19558113
58.19873535
58.26456399
58.30125144
58.30131837
58.30352953
58.37572610
58.45420676
58.46200198
58.54667431
58.65137060
58.82444694
58.92008921
59.02803958
59.12252325
59.17896609
59.48326803
59.49502141
59.57328796
59.64348129
59.76122762
59.81327387
59.94647810
60.30378206
60.34283884
60.39761395
60.42210917
60.45100247
60.58835429
60.59508015
60.73661725
60.76393490
60.77676567
61.03748915
61.03920206
61.14332688
61.20078695
61.30065711
61.30605101
61.33179158
61.52461445
61.65674693
124.00000000
