0.05828874
0.06794645
0.18948136
0.21386073
0.24698167
0.25128003
0.25248155
0.35432393
0.52431967
0.55314674
0.71437292
0.72627553
0.73186810
0.85706311
0.88174285
1.14011055
1.14485947
1.49469742
1.63101790
1.71608021
1.77165131
1.82671818
1.98786931
2.04187360
2.08694831
2.11090641
2.13129781
2.21707604
2.38669518
2.47249527
2.80572388
2.91956841
2.92721072
3.00081925
3.00926506
3.02993472
3.06393399
3.15029550
3.26079834
3.43338831
3.54906382
3.77908863
3.78088408
3.92043811
3.96050956
4.10596376
4.12626686
4.25939793
4.26957867
4.32053871
4.39193031
4.48536411
4.55149192
4.62773692
4.67588302
4.68186002
4.71388001
4.79860202
4.88293229
4.93259401
4.98738869
5.01281784
5.02290912
5.10001037
5.14399777
5.27264730
5.30030578
5.31100086
5.33430265
5.41291056
5.49333258
5.49872847
5.54293049
5.56062881
5.67180971
5.88778747
6.12750062
6.23650801
6.36358073
6.48145043
6.48919739
6.51464680
6.67916223
6.90090616
6.93174020
7.07875439
7.17979010
7.38387785
7.58906425
7.71615454
7.86771485
7.94830625
7.95490848
7.97223257
8.03024819
8.33972858
8.38726584
8.46182870
8.46231040
8.73950330
8.77660364
8.80059269
8.93329362
8.93420378
9.09477984
9.28908928
9.36048604
9.37428104
9.38980133
9.44265903
9.52040277
9.56455797
9.72742070
9.73099730
9.79483807
9.93594414
10.00326998
10.01095033
10.03881377
10.03975308
10.12015174
10.21601986
10.29746268
10.44898965
10.46502500
10.50355573
10.52416474
10.57228217
10.66988412
10.76493098
10.82655851
10.84407621
10.88495505
10.93922830
10.96709145
11.05959018
11.14768350
11.24610697
11.30616679
11.39100842
11.43413768
11.79190819
11.86499178
11.87739768
11.92427980
12.05165513
12.08878658
12.17123250
12.19988609
12.33074108
12.35949713
12.40312206
12.42798272
12.49668305
12.50336600
12.50527704
12.98926464
13.01224016
13.03433294
13.08366543
13.12540080
13.13604417
13.22467315
13.31552786
13.32871679
13.38716746
13.42251474
13.44108915
13.44405899
13.48167549
13.58196002
13.68699592
13.69817593
13.82555726
13.87514368
14.18935193
14.19063183
14.30303832
14.30825872
14.33382059
14.61594798
14.63905711
14.80618504
15.09791490
15.17765381
15.34979363
15.50078940
15.51585359
15.64089424
15.65898009
15.67176348
15.96255170
16.06078774
16.15701511
16.24288494
16.28154024
16.28276973
16.32414492
16.35803689
16.47456721
16.47569067
16.53984021
16.54252854
16.76545722
16.96005733
17.05236037
17.07757595
17.32122573
17.40524781
17.44283322
17.48550657
17.50157669
17.52340588
17.58483644
17.60462721
17.64687594
17.71306409
17.83052652
17.86422791
17.93785231
18.11181961
18.15370317
18.24271756
18.26037012
18.38402506
18.41407082
18.45765331
18.64944856
18.78535532
18.82266549
18.92818121
19.23356435
19.28158604
19.29785431
19.44205626
19.46771540
19.62992133
19.73154513
19.91756392
20.04155094
20.05978337
20.27564105
20.64989669
20.67493474
20.75719600
20.83629463
20.85716255
20.94288973
20.98056409
21.02400098
21.02769851
21.08586626
21.45604950
21.49912005
21.65919498
21.84173519
21.85485239
21.96821135
21.98109700
21.98984050
22.00686969
22.07500921
22.33128600
22.53332510
22.56082895
22.57033757
22.59410032
22.60985158
22.72636448
22.77653557
23.11365067
23.14704039
23.20915677
23.21428748
23.28637946
23.33240762
23.34462448
23.36862530
23.42056296
23.50863745
23.53170850
23.60698276
23.71041729
23.72012079
23.78944350
23.89290686
23.91172390
23.94433561
24.00580854
24.03318019
24.04273777
24.09522117
24.11429502
24.12760772
24.23860678
24.31868289
24.43534869
24.52173427
24.62115840
24.77009039
24.84577961
24.92696790
25.01203020
25.12672319
25.20625437
25.40631142
25.46241261
25.55659271
25.56693266
25.61906133
25.69171077
25.69857827
25.73078679
25.88790636
25.91242800
25.94077597
25.98512245
26.11964154
26.23311982
26.48974777
26.52903290
26.62432124
26.85144886
26.98586298
27.06283925
27.15088363
27.15191287
27.23590471
27.66037384
27.66634210
27.77930753
27.78872415
27.88947838
28.13960744
28.33123973
28.39073419
28.63672651
28.89287545
28.90065438
28.97171873
28.99929169
29.01593116
29.65916772
29.72187414
29.92020364
30.01158902
30.13939976
30.16623196
30.18263084
30.27007438
30.27746031
30.27836612
30.39753062
30.57633834
30.67798881
30.68385769
30.80165900
30.80209376
30.85077003
30.87717298
30.88166086
31.04090849
31.16955576
31.29306209
31.37376447
31.38620594
31.49631017
31.50655441
31.62022999
31.73649247
31.88491679
32.01391145
32.05899591
32.12451756
32.16800578
32.20986937
32.21159505
32.34865717
32.36459009
32.48985323
32.49913291
32.52338135
32.53236212
32.59063914
32.72560566
32.82844249
32.96935224
32.98686863
33.00417368
33.20323314
33.31621633
33.42245350
33.43754639
33.46260557
33.58646466
33.64821277
33.69047985
33.73220000
33.75378685
33.79146505
33.80513747
33.95159679
33.98264618
34.15924991
34.20400913
34.33100319
34.36070425
34.69424145
34.71978711
34.89787057
34.97626995
34.99713454
35.03008879
35.04942432
35.08226649
35.11523148
35.14900743
35.15811902
35.18876899
35.23691109
35.31023404
35.31664656
35.37087646
35.40616350
35.51167409
35.67610130
35.79427603
35.79518859
35.80035088
35.82243305
35.94614286
35.98631888
36.01164328
36.09336433
36.21920592
36.27312638
36.35741467
36.38276750
36.41214619
36.50056435
36.67436511
36.68573241
36.91262554
37.00811661
37.05345996
37.17033260
37.20243153
37.25715777
37.45601123
37.50308749
37.53158275
37.73091982
37.78943066
38.11301424
38.13089668
38.20922747
38.23162653
38.34591306
38.36036869
38.36863701
38.38278704
38.42732161
38.45105048
38.46453381
38.48755850
38.49390912
38.53878960
38.69652469
38.79640144
38.84930783
38.91452845
38.93726947
39.09747585
39.13668053
39.17076993
39.43237806
39.62463237
39.62843946
39.81203757
39.81717786
39.87020658
40.02901147
40.17567100
40.25277645
40.30991459
40.55561369
40.64244259
40.74756368
40.79702486
40.83065278
40.87631361
40.91732028
40.94413843
41.03622933
41.24793333
41.44180985
41.47582458
41.60063584
41.66246611
41.90988955
42.03807586
42.18666851
42.20808870
42.24333443
42.31513370
42.43136770
42.45130853
42.45360038
42.47469515
42.58426622
42.65998775
42.71130516
42.80050010
42.94135023
42.94479904
42.99375347
43.01423623
43.04575141
43.37622226
43.43545752
43.50575058
43.62682332
43.65041560
43.67037740
43.98075736
44.00542572
44.02004692
44.09528747
44.17424368
44.19220494
44.43504879
44.49879935
44.53227607
44.58124728
44.71642282
44.80362418
44.84989465
45.00868721
45.28029982
45.35632584
45.43572548
45.57005710
45.61979023
45.64389260
45.72190404
45.78752392
45.79500648
45.89993126
46.02466051
46.13007953
46.18826947
46.21228834
46.28696794
46.34009572
46.54576686
46.56702645
46.57015259
46.61611403
46.63194311
46.63392450
46.68668840
46.87503845
46.97646930
46.99524406
47.03176769
47.11401989
47.40675854
47.42601806
47.45512007
47.67140828
47.97280690
48.03356806
48.20831718
48.26662814
48.32496055
48.34209625
48.34939100
48.47598815
48.61852008
48.63074558
48.79737223
48.82497156
48.83815287
48.92443723
48.95913772
48.96026595
48.96512006
48.99032378
49.06870320
49.22491349
49.32851768
49.33958521
49.40196477
49.40699761
49.66254605
49.71248887
49.86249264
49.87489237
50.10659822
50.22977795
50.26701976
50.28180081
50.48328034
50.58793330
50.73455897
50.77726417
50.89868304
51.04802498
51.14869665
51.19818239
51.20548682
51.21960845
51.27667992
51.49955836
51.53070117
51.58053914
51.68827471
51.77270341
51.78240279
52.29099412
52.35226116
52.47799101
52.63330669
52.84155545
53.05159101
53.13270936
53.16783500
53.23864842
53.24190667
53.25061091
53.29086199
53.34041563
53.71331464
53.78273930
53.85866475
53.88552500
54.28128322
54.31519652
54.35704042
54.38577794
54.44343550
54.46276776
54.48875580
54.77354548
54.79005583
54.98546284
54.98726049
54.99649318
55.00700105
55.33871899
55.46281838
55.48975459
55.86536917
55.87643900
55.90680971
55.92295045
56.04523750
56.05947972
56.17310578
56.23860975
56.24021288
56.27494159
56.38362940
56.70991352
56.75046916
56.80007306
56.80191727
56.83871082
56.85408848
56.92615879
56.94700854
57.21716687
57.23350972
57.29643783
57.33860768
57.34432231
57.57318650
57.65435134
57.74464196
57.77823457
57.95212766
58.16585357
58.21117032
58.29319857
58.33276706
58.42391128
58.63166814
58.64926153
58.74046607
58.76562441
58.85988305
58.98652258
59.07703354
59.10168873
59.11028812
59.18304056
59.19259042
59.70446096
59.84677868
59.85097425
59.91413324
59.97831395
60.02110138
60.15567974
60.35261213
60.38306348
60.40552782
60.54961801
60.55822531
60.56385166
60.60729653
60.71386814
60.75977487
60.76951887
60.83258596
60.84159982
60.94164162
60.99897766
61.06692579
61.17118356
61.17420962
61.35297447
61.35903592
61.39819219
61.41395970
61.50150834
61.63279864
61.74251955
61.99779040
62.07859080
62.08755227
124.00000000
