0.02025286
0.16489199
0.27466722
0.28386364
0.49091504
0.53184010
0.66279851
0.77629486
0.87424656
0.98865223
1.08333339
1.20927609
1.23592494
1.34188463
1.34609519
1.46337574
1.72474427
1.80282326
2.09300017
2.46204092
2.46902231
2.47829534
2.56693602
2.60638500
2.73919392
2.89944251
3.11374161
3.12843308
3.18996844
3.19467317
3.21203099
3.28058562
3.40371516
3.43685911
3.57876867
3.64362405
3.65134035
3.69848009
3.83531359
3.90297118
4.00503251
4.03466392
4.11597841
4.32202736
4.33333752
4.34123511
4.35163902
4.40681847
4.44470669
4.54981843
4.56618598
4.71317908
4.73061676
4.78212939
4.79860202
4.87323558
4.98565534
5.18486739
5.41305388
5.41971377
5.64408246
5.68161235
5.68559398
5.71869217
5.81639084
5.85773331
5.88071039
5.88778747
5.92719240
5.94248079
6.04627787
6.23125101
6.27195032
6.28897802
6.29334487
6.36327835
6.38193433
6.46797990
6.48148213
6.50517319
6.57874712
6.59107862
6.60568252
6.80530882
6.84897093
6.86341434
7.00924721
7.00995887
7.17099942
7.22411502
7.50015411
7.55143652
7.56669391
7.56955642
7.66429055
7.78903574
7.87577179
7.97373210
8.02641517
8.05432300
8.15923910
8.28163251
8.31798274
8.34594307
8.35851965
8.38461467
8.62423000
8.68123807
8.98163985
9.13586253
9.27483257
9.27842427
9.32178058
9.60133076
9.73283999
10.05071328
10.41778079
10.58269912
10.60442929
10.64568691
10.88431955
10.90807700
11.15429373
11.28632506
11.28945179
11.31945424
11.38921956
11.60210876
11.71513952
11.72520273
11.75566546
11.76002817
11.91444172
11.92496712
11.92916271
12.00341267
12.39344289
12.41316593
12.42490246
12.71774908
12.72705877
12.92867809
12.93283685
13.12483281
13.12870776
13.14970761
13.22469043
13.29364133
13.48765479
13.52861594
13.53656614
13.57247871
13.63660225
13.72996662
13.86509613
13.89148992
13.96721654
13.97735007
14.00708871
14.09241271
14.13875150
14.14223973
14.18826762
14.33145657
14.56359140
14.61275307
14.73048869
14.83225705
14.88354682
14.95051036
15.00008229
15.00640796
15.06198746
15.10452081
15.20586924
15.23080274
15.25930868
15.30176108
15.31038568
15.32293426
15.39326500
15.45813937
15.65251399
15.74122722
15.84026348
15.93709109
15.98434083
16.03787993
16.06909048
16.39022833
16.40084680
16.42505066
16.47080090
16.49053058
16.52740283
16.53598406
16.60952435
16.68206394
16.74677280
16.79798687
16.83178176
16.92550582
16.92593551
16.94434610
16.97480164
17.00958400
17.06627977
17.26766692
17.42834885
17.58393411
17.59268840
17.60449959
17.80893429
17.83199532
17.90138693
17.95212505
17.96298518
18.12311161
18.34077757
18.61264254
18.61676762
18.62138574
18.75220854
18.80504036
18.95278123
19.04521595
19.08733256
19.08747413
19.10261036
19.15162517
19.23356435
19.25278298
19.31036427
19.39193260
19.41547315
19.54078112
19.62237128
19.75610672
19.79909950
19.93391167
20.01839099
20.06357095
20.33190969
20.61156182
20.78808535
20.85033292
20.86668754
20.87111890
21.06217811
21.07805438
21.23097793
21.30807809
21.35673076
21.47905521
21.56347328
21.74289458
21.80677402
21.95734523
22.03321270
22.17093908
22.18947677
22.26758426
22.31115765
22.42183226
22.61759524
22.68728331
22.69431732
22.74173452
22.75260397
22.86899594
22.91782346
22.96912229
23.04418183
23.10993579
23.16496418
23.17372992
23.21428231
23.33291218
23.67497185
23.69755877
23.73530226
23.85615084
23.95056294
24.01918632
24.03905363
24.09188902
24.16515375
24.35630207
24.48495158
24.69603004
24.74974268
24.89939264
24.91546192
25.03924462
25.08867180
25.13556086
25.15057336
25.26635996
25.32668840
25.56958796
25.57198385
25.61549910
25.61906133
25.62518502
25.65636829
25.73293282
25.80038242
25.80514270
25.85888849
26.27720128
26.68664713
26.73239902
26.76705413
26.80535264
26.95724585
26.96241850
27.07386475
27.10751352
27.11024812
27.18648210
27.29170768
27.59319080
27.72885966
27.79537091
27.81308906
27.85788445
27.94196728
28.25905605
28.29211602
28.41183042
28.41789589
28.43153236
28.49792348
28.52963625
28.59729661
28.77606847
28.87239235
28.89369602
28.90749795
29.02179648
29.07474440
29.07854555
29.23351490
29.34024982
29.37718284
29.45627287
29.55260339
29.62776681
29.64016353
29.64084254
29.65826184
29.70139188
29.91039998
29.93924307
30.02251885
30.04501313
30.07074750
30.24095399
30.24927581
30.36944307
30.51423270
30.74586935
31.22996802
31.25911726
31.35907034
31.46964311
31.47246521
31.58319549
31.63517496
31.80203649
31.81801428
31.97880850
32.09327030
32.27493532
32.28619691
32.35519850
32.61766610
32.61788820
32.75345803
32.79933136
32.83845096
32.94212083
32.96196179
33.00330475
33.01156264
33.03530171
33.13167798
33.33864745
33.34344430
33.38314265
33.47892549
33.50886721
33.53109151
33.61228237
33.69301516
33.69530649
33.78424125
33.87290955
33.99381289
34.01449993
34.06928627
34.09810091
34.16508023
34.19566530
34.35961647
34.43542345
34.50153113
34.58800713
34.68482070
34.78261907
34.78280008
34.82714063
34.90268418
35.02496242
35.03008879
35.11441666
35.12693203
35.12782045
35.16101943
35.23992169
35.31739919
35.40324293
35.48385397
35.59139799
35.70865879
35.73742244
35.78538939
35.83597876
35.86563994
36.26175637
36.32473149
36.43390212
36.60988914
36.70995985
36.71968623
36.72475038
36.82141640
36.91553501
37.10214705
37.15553942
37.15691754
37.21011421
37.29147747
37.34074751
37.34503249
37.38182695
37.57395133
37.68277457
37.79787823
37.90844408
37.92827296
37.97234029
38.00372557
38.09126737
38.15393548
38.20129466
38.40893958
38.41227208
38.49684726
38.53691105
38.55992426
38.56850614
38.58173084
38.60152177
38.67203025
38.73133094
38.75396192
38.84930783
39.03098376
39.16710775
39.18590686
39.19732938
39.23316327
39.36695625
39.40979061
39.41442221
39.78545005
39.90869329
40.12725355
40.36047901
40.46914592
40.49948845
40.52129791
40.55630912
40.57682195
40.62709243
40.75604077
40.94343527
41.01669779
41.05951718
41.09091119
41.16100604
41.30779319
41.50158997
41.61560294
41.61964639
41.69734149
41.73826233
41.77587977
41.89155340
41.98226035
41.98262639
42.00370850
42.04991233
42.46548703
42.53346933
42.58016526
42.62363213
42.67285600
42.78425837
42.83601912
42.96008722
42.99503284
43.00007969
43.00137660
43.13080817
43.19310861
43.23642399
43.24675298
43.39020268
43.42514768
43.51218118
43.56307006
43.76870199
43.81993763
43.88376790
43.98235978
44.19365761
44.20479154
44.35634202
44.43080372
44.54452411
44.72505818
44.78932770
44.96871699
45.27757104
45.30051235
45.32129589
45.33311568
45.47127104
45.55949478
45.64493804
45.75519359
45.81973641
45.95863996
45.97612425
46.03195100
46.08984748
46.09576208
46.11092284
46.14512198
46.23473342
46.27666914
46.32354483
46.35197068
46.42027179
46.44866714
46.46672769
46.51434377
46.60789301
46.62719682
46.65871766
46.68120606
46.81552013
46.85092299
46.90340475
46.92016545
47.01373149
47.23969685
47.29742117
47.37093843
47.37973518
47.40500169
47.40983662
47.42572075
47.67616412
47.73724778
47.75287971
47.77015215
48.01664095
48.03356806
48.08469808
48.13083472
48.23803411
48.29936098
48.32468685
48.35763514
48.40766609
48.42241636
48.44063490
48.46364552
48.49594469
48.54159031
48.57099436
48.64343593
48.65069332
48.68230331
48.88626000
49.00165647
49.17282256
49.29031457
49.48178244
49.67554779
49.70584468
49.75608774
49.82942411
49.88846131
49.96905608
50.01117785
50.08473715
50.13985674
50.15552196
50.17183872
50.18527829
50.37674385
50.40940066
50.44891797
50.49195156
50.52778426
50.69602268
51.00791012
51.09854325
51.12876447
51.13154395
51.15777441
51.16163651
51.21616727
51.39591507
51.53129148
51.83803402
51.92063605
52.52912767
52.66564179
52.72576819
52.83894646
52.89167951
53.11105248
53.14542039
53.17745067
53.34405541
53.37187839
53.46787339
53.49234168
53.54410029
53.78273930
53.84990984
53.95297847
53.97832408
54.06384891
54.19548632
54.45932841
54.72915341
54.87749679
54.90334327
54.94442758
55.17744395
55.24965841
55.33871899
55.34038916
55.38408403
55.47135206
55.57225192
55.60300137
55.75467756
55.79822958
55.88605998
55.99006825
56.06516060
56.12815615
56.19639514
56.24777704
56.26954711
56.29399297
56.29931454
56.39134949
56.45148366
56.48488131
56.48780845
56.60284354
57.26706931
57.55048405
57.97032912
57.97501141
58.02158782
58.05670610
58.10475569
58.30046248
58.36763005
58.38180903
58.42547725
58.46200198
58.55742049
58.61088642
58.70562561
58.74814244
58.82376252
58.83744582
58.86206062
59.00887624
59.06134727
59.23444684
59.27716503
59.31961308
59.35879162
59.36065440
59.63712897
59.79141769
59.79207963
59.82148511
59.86585694
59.87597924
59.89053343
59.95774020
60.04272908
60.04852006
60.05287650
60.08458419
60.11010589
60.15505543
60.16540323
60.24808712
60.50267415
60.60298494
60.70277117
60.73791533
60.80492460
60.96609345
61.26818020
61.30065711
61.39819219
61.40790956
61.59504813
61.65674693
61.69437119
61.77130914
61.81716090
61.88772174
61.90822107
62.03240754
62.14924921
124.00000000
