0.20266045
0.40532179
0.40872087
0.48501630
0.52564297
0.60733066
0.63021607
0.65796026
0.66892767
0.71959882
0.73778853
0.82014650
1.11806330
1.16479599
1.30342379
1.39281939
1.43509313
1.59462824
1.73467084
1.85339244
2.05260772
2.28905392
2.63329887
2.72578705
2.73566339
2.75577261
2.83203389
2.94309484
2.95212657
2.97565433
3.15682531
3.15904226
3.25828043
3.41802791
3.48308592
3.57039861
3.68227351
3.70492978
3.72169479
3.77232966
3.86340802
4.02406463
4.05220218
4.10821981
4.11168031
4.34101696
4.44153822
4.48184116
4.50194978
4.88538660
4.89943844
4.95691071
4.97767510
5.08006847
5.11831404
5.18319316
5.20469533
5.26345166
5.30853057
5.32760504
5.45270582
5.51683992
5.58748785
5.59473332
5.68866275
5.83300758
5.87116179
5.90862266
5.95101041
5.96580169
6.03378367
6.18141732
6.23955679
6.25715089
6.31017083
6.51555078
6.87669173
6.90920366
6.99095948
7.03219148
7.05714102
7.07261722
7.09498679
7.10713356
7.30786870
7.31342224
7.35209074
7.36397881
7.40900273
7.44576703
7.46301472
7.58889992
7.72727764
7.74354348
7.79812686
7.84582307
7.96923657
8.05263327
8.19040502
8.19874203
8.22416937
8.22779757
8.27867185
8.38929282
8.40717913
8.42014482
8.43703852
8.50278596
8.65998229
8.68455624
8.75130386
9.13586253
9.19862995
9.25909757
9.29706567
9.38569494
9.38980133
9.44222346
9.49731848
9.68494182
9.79439198
9.85915736
9.87719897
9.90247850
9.90320370
10.01095033
10.01410793
10.11975459
10.20413575
10.38473521
10.76294584
10.81921810
10.86225531
10.87297017
11.12002704
11.30528533
11.34046873
11.36936109
11.37020311
11.40187609
11.41254963
11.49290044
11.53923651
11.64074092
11.64404339
11.73165149
11.78088181
11.84805281
12.01918846
12.06234425
12.08560155
12.10784756
12.10919125
12.24584418
12.32056972
12.33074108
12.34748517
12.51267480
12.51949809
12.64726956
12.71883233
12.75524906
12.86664613
12.90358168
13.08969858
13.21234619
13.40727468
13.61601578
13.84232044
13.98911014
14.11020092
14.11243674
14.19460157
14.31158250
14.36429901
14.53052103
14.54710743
14.55510514
14.60264119
14.69885353
14.70674789
14.76771306
14.78843994
14.80336547
14.83029319
14.86142066
14.91706101
14.91728654
14.93578897
14.95529900
15.00120802
15.03912663
15.10675224
15.16354465
15.23398094
15.35576769
15.50434854
15.50564362
15.61794090
15.66695960
15.90028997
15.94530093
15.97060193
16.03386412
16.04105957
16.04127649
16.11578173
16.19991658
16.27024794
16.38242084
16.38542112
16.53127516
16.53594299
16.59699604
16.61646892
16.73280227
16.76545028
17.08423184
17.12405666
17.15089734
17.21955498
17.25478392
17.27285037
17.49447901
17.54411066
17.56318884
17.56885655
17.60462721
17.62361318
17.70670184
17.71306409
17.77386807
17.77635553
17.84580254
17.86063671
17.87862263
17.91621284
18.07190809
18.22352493
18.25290297
18.45460510
18.59806057
18.61232562
18.62129426
18.66260163
18.71042232
18.76943749
18.81467734
18.84975052
18.92702855
19.09388593
19.20877071
19.23112089
19.24001242
19.26143301
19.35751932
19.38416367
19.41804154
19.42909895
19.47898887
19.48859769
19.76337417
19.79681131
19.79710994
19.83671167
19.84704382
19.86142039
19.88777233
19.89746506
19.95814814
20.07151968
20.26776219
20.27407101
20.45106786
20.45491676
20.46455702
20.46674999
20.51543381
20.55052013
20.58382570
20.60478668
20.63586390
20.74225089
20.77812101
20.93140362
20.97314781
21.08221244
21.13540001
21.14031372
21.75427459
22.20036217
22.26322535
22.40596984
22.43048052
22.52632239
22.63333388
22.69563648
22.73412941
22.76411105
22.83811692
22.88241099
22.90904207
23.12246549
23.17893543
23.22709244
23.26966163
23.29011680
23.35604842
23.37550957
23.40319793
23.51174382
23.56464354
23.66479668
23.66539996
23.75832085
23.76430362
23.78166947
23.82030642
23.82522504
23.88744054
23.97635783
23.98482009
24.06117612
24.07234926
24.11934469
24.12853401
24.28760660
24.30175704
24.30257634
24.31825950
24.42524218
24.52262326
24.71164778
24.89939264
24.91135149
25.02546930
25.09186454
25.24544977
25.36148895
25.44463838
25.46092589
25.51269001
25.58331835
25.58391057
25.63139599
25.78816844
26.09682154
26.21842083
26.47815318
26.72072320
26.83241059
26.85857243
26.87899082
26.88136625
26.88331433
26.88843404
26.94230082
26.95332805
26.96620877
27.05360224
27.17755590
27.22029127
27.25675150
27.36107941
27.40267317
27.65194321
27.90167414
27.93860638
27.98125316
28.11130287
28.11896264
28.17630305
28.28274242
28.34510542
28.41546175
28.49882648
28.54189685
28.56487014
28.66646505
28.70780483
28.70870140
28.80026552
28.84270232
28.99925422
29.04380005
29.04839743
29.10001068
29.16058932
29.17315652
29.29138808
29.31122478
29.36735696
29.45467557
29.53204465
29.68397651
29.81238510
29.95611298
30.14874693
30.26839107
30.40980281
30.55668319
30.60511066
30.80261435
30.81439486
31.01469271
31.05942197
31.17437586
31.24703793
31.24893533
31.31662309
31.38374854
31.41866446
31.52887546
31.55927878
31.60619341
31.71561169
31.71735401
31.77251166
31.83912998
31.89526897
31.94154394
31.96277505
32.06558526
32.11798007
32.14880765
32.21092194
32.26547170
32.32083461
32.42937757
32.52052898
32.56073091
32.92786359
32.96497335
32.98375829
33.37724945
33.68437301
33.69435917
33.71007079
33.80548295
33.89741999
34.08041730
34.39061417
34.44644469
34.61771629
34.64844620
34.69477821
34.70632323
34.71373685
34.79415084
34.84892234
34.87285665
34.89121011
34.89281470
34.92335144
34.96856713
35.02941083
35.08409864
35.13168183
35.16503350
35.19245434
35.31739919
35.53718875
35.57451809
35.67506551
35.79752944
35.82904319
36.00946785
36.07005343
36.11989621
36.12885326
36.14434560
36.30684358
36.32410147
36.34676207
36.37474820
36.52106776
36.54618155
36.73268790
36.81633875
36.91007821
36.92840206
36.99199086
37.02219427
37.21065888
37.29147747
37.37028058
37.38105740
37.56119021
37.57565603
37.59507244
37.80994947
37.86512349
37.90665237
37.95464177
38.23101852
38.29255419
38.40905968
38.43057320
38.65098819
38.71224945
38.93275529
38.98754290
39.03098376
39.04195518
39.08859152
39.15837629
39.17886216
39.53507226
39.72324584
39.73614079
39.79734463
39.90462429
39.96805280
39.97713125
40.04571864
40.09373722
40.12772257
40.16772489
40.29730502
40.30283021
40.31401484
40.34662645
40.59592040
40.61816053
40.64664641
40.75390057
41.09462295
41.17861098
41.30217954
41.37264857
41.40814569
41.44335048
41.69472750
41.69510527
41.76806411
41.79740876
41.86396836
41.91498455
42.05051009
42.09030179
42.26061209
42.30315950
42.36485091
42.48671582
42.50914432
42.55786284
42.66494508
42.76400683
42.79314679
42.88326249
43.05155219
43.15309653
43.38372423
43.55291456
43.59663624
43.74782919
43.74955753
43.84372025
43.86801686
44.01263491
44.57102685
44.67101772
44.73668969
44.82900946
44.87449934
44.92144281
44.97841789
45.07345805
45.07830097
45.10788012
45.19332736
45.22722815
45.37019119
45.40201896
45.42834312
45.53748622
45.59134473
45.68360535
45.74057292
45.75296553
45.76784476
45.94695729
46.05407926
46.07099949
46.15120806
46.16659151
46.17270706
46.22308641
46.28328854
46.32750129
46.36695524
46.39342621
46.42786855
46.45561313
46.77614698
46.83661335
46.84911878
46.87088520
47.02874686
47.03176769
47.04895130
47.09779683
47.11760925
47.12208484
47.19691053
47.29478419
47.29951449
47.30922447
47.88212427
47.88847275
47.96794346
48.18403418
48.26326435
48.29172813
48.37089938
48.37155652
48.52743752
48.76461275
48.78898432
48.82606477
48.94963509
49.19426911
49.32736942
49.36191726
49.70399410
49.81446245
49.82544442
49.82745719
49.83545175
49.84138479
49.89117709
49.94637043
50.11594951
50.15325037
50.16487640
50.20294066
50.23916045
50.26436907
50.40940066
50.62909164
50.64326421
50.90963086
51.33117791
51.38298197
51.45209625
51.47956848
51.49955836
51.71054268
51.80912761
51.82787335
51.85366176
51.87121845
51.87841463
51.96538365
51.98028013
52.17103123
52.26752146
52.33531397
52.34423916
52.41769416
52.68128600
52.71769663
52.71856857
52.73041639
52.85237452
52.86245543
52.88390369
52.88986721
52.98173800
53.01567289
53.03213038
53.11697245
53.21467265
53.24689970
53.25772229
53.39373932
53.44731851
53.53347180
53.60535556
53.70318848
53.77642541
53.78273930
53.88824968
53.93402168
54.01483401
54.05590848
54.08232558
54.08862764
54.09689582
54.27760023
54.29796263
54.51581309
54.85684071
54.85772049
55.00356513
55.27433480
55.29023964
55.34807017
55.45222105
55.58301248
55.65678753
55.69197971
55.69446634
55.71821816
55.77881232
55.85470074
55.96314459
56.02154761
56.17937396
56.47632718
56.47868470
56.54748010
56.58917586
56.80069249
56.88780245
56.92229604
57.20579854
57.26467794
57.30014974
57.32460069
57.36082950
57.46104429
57.62562880
57.69971045
57.81904336
58.02433456
58.28460716
58.36167023
58.58101687
58.59125156
58.77572107
58.94423080
59.04942067
59.27716503
59.33864331
59.44711615
59.55133424
59.60240612
59.79774782
59.81280884
59.86624357
59.93987610
59.94042741
59.98690621
60.13225120
60.14194249
60.38842931
60.47686948
60.48258181
60.50280564
60.54396696
60.60206257
60.79403796
60.80090502
61.25385973
61.37687026
61.41977005
61.43455834
61.46762364
61.50788252
61.54983683
61.59797316
61.60173321
61.61881889
61.62683496
61.68873008
61.75487274
61.93104214
62.03161453
62.16900920
124.00000000
