0.02719997
0.03302768
0.45359013
0.51583435
0.63492485
0.64935792
0.66041337
0.71699157
0.85372000
0.85951924
0.99282755
1.03281135
1.04521111
1.09152812
1.09344175
1.23259763
1.33422903
1.42915581
1.54480775
1.64239709
1.72364192
1.77593206
1.79649836
1.96988282
2.06682701
2.41981110
2.48724881
2.50129113
2.57147213
2.60227503
2.66037652
2.70987229
2.73510846
2.75074262
2.94676920
2.96684007
3.00204612
3.08968404
3.11858020
3.26721005
3.30102108
3.36655831
3.43702263
3.55726905
3.59101361
3.63548414
3.79114704
3.87757303
4.03061901
4.22587098
4.32426090
4.32531037
4.37172049
4.54538974
4.61878714
4.72190695
4.77338284
4.78229724
4.89022767
4.92359488
5.01696658
5.13731881
5.30599012
5.30949364
5.35053997
5.52271325
5.53301072
5.58580753
5.59205062
5.61681669
5.77180980
5.77525089
5.81789241
5.86514364
5.89720229
5.91756380
5.95450433
6.02976692
6.26731101
6.47148093
6.52787795
6.54404463
6.67700482
6.68492590
6.79321448
6.84481677
6.84678936
6.91582128
6.93174020
6.95038494
6.95517551
6.96849680
7.04505257
7.25342798
7.37874405
7.44576703
7.45092738
7.54409014
7.54564532
7.60332936
7.64175109
7.67093951
7.68275148
7.79909773
7.93947929
8.08020175
8.32935112
8.37080301
8.42558484
8.43711427
8.52233061
8.61101740
8.61759743
8.69558416
8.74834898
8.80520334
8.82606444
8.83021761
8.88551203
8.90943705
9.06515320
9.06595530
9.09614487
9.13963042
9.35816858
9.38360962
9.47728664
9.60674596
9.61998661
9.71547272
9.74461067
9.95345951
9.96839649
9.99870661
10.01632354
10.10301838
10.29069395
10.51511355
10.57136267
10.91108736
10.95860670
11.20082842
11.26427934
11.33495776
11.34504822
11.42029673
11.68818429
11.79761197
11.87233962
11.96220906
12.14560499
12.24780269
12.34303755
12.40962655
12.41722964
12.92992332
12.93380061
12.96964749
12.97340159
12.98500889
12.99900394
13.10601766
13.25351966
13.57544751
13.60445317
13.65246753
13.77070065
13.77097729
13.96375119
13.97878137
13.99897303
14.01259347
14.54978831
14.63130231
14.82765358
14.96696642
14.98794594
15.06051688
15.12352656
15.15416842
15.30746510
15.39326500
15.48669369
15.50278297
15.64651386
15.81458018
15.90609903
15.91759685
16.09871107
16.15985810
16.16533612
16.22259379
16.26123440
16.31525077
16.41026463
16.43295786
16.50272340
16.62007555
16.64903718
16.69861850
16.71270904
16.83570268
16.83811540
16.84305964
16.86385355
16.91296862
16.97899136
17.02251093
17.08584120
17.08902642
17.22856605
17.26793041
17.30589563
17.37633916
17.39183062
17.46514293
17.48648229
17.50157669
17.51165793
17.58143845
17.65831433
17.94873381
17.99785107
18.01789742
18.16318258
18.16976246
18.27059151
18.29298751
18.38300175
18.39184101
18.46998569
18.48428792
18.66940382
18.68504355
18.82571376
18.91558574
18.93257047
18.94398727
18.98899018
19.01651663
19.10718250
19.14276317
19.17972681
19.23911129
19.39221036
19.47508189
19.47548790
19.57161376
19.70589748
19.73523093
19.82072349
19.82983166
19.83042049
19.87049447
19.89924247
19.92159553
20.02852330
20.35578895
20.44232270
20.47676644
20.54987770
20.59040694
20.70591559
20.70723833
20.83498979
20.84188870
20.87935192
20.95471466
21.09005935
21.12825882
21.14196882
21.17203517
21.25301763
21.27982474
21.28169498
21.28614687
21.36593489
21.51478132
21.56661609
21.61130869
21.74582611
21.97768511
21.98135292
21.98740446
22.01712832
22.10819613
22.14200207
22.20791411
22.27676259
22.32324121
22.53242724
22.62423849
22.79424861
22.80294361
22.84794310
22.96645767
22.96774172
23.03646383
23.11212362
23.11567376
23.12521629
23.18247062
23.19018064
23.23885481
23.43771317
23.52001189
23.58139791
23.60045244
23.65471586
23.67066560
23.81014773
23.85827921
24.04616181
24.05441491
24.18403334
24.22397479
24.38781780
24.41520921
24.50219180
24.66653754
24.68179257
24.68726219
24.72237211
24.88164610
24.97649085
25.17423933
25.20260200
25.30423567
25.39458414
25.41295158
25.42111423
25.43201551
25.58331835
25.60643208
25.72319510
25.80336124
25.84658949
25.93795811
26.04788252
26.06844155
26.10529133
26.20515386
26.21782721
26.34878703
26.45683780
26.63365156
26.83478535
26.85388407
27.08923881
27.13745824
27.20713698
27.45035898
27.66499001
27.80884407
27.94967092
28.07589137
28.08902594
28.13208521
28.31672747
28.37788559
28.40721070
28.47156228
28.55952248
28.68597644
28.83301899
29.05889785
29.19155836
29.19778193
29.32494575
29.77664216
29.81034944
29.95412540
30.01340252
30.08420902
30.16213655
30.20947134
30.25515147
30.40327077
30.57087332
30.58360967
30.94170806
31.05300857
31.07414134
31.11532877
31.18689762
31.40415763
31.59650252
31.82488063
31.90861867
31.96252336
32.06045568
32.06811480
32.24021468
32.44593494
32.47060310
32.47367363
32.53740557
32.54182051
32.65327252
32.68166111
32.72216962
32.78438245
32.87252918
32.92007108
32.95937135
33.11857855
33.17114049
33.21188139
33.26023924
33.28492950
33.36221908
33.36248265
33.41725939
33.46292574
33.71201383
33.75242135
33.94058681
33.98440547
34.17316825
34.40166509
34.42673176
34.56691747
34.78568951
34.80158239
34.90268418
34.94654692
35.03915761
35.06151810
35.27508735
35.34988423
35.40093536
35.40556142
36.08408600
36.13411091
36.17034401
36.25592309
36.34080940
36.56260864
36.63786202
36.65271243
36.71415838
36.72612073
36.98122978
36.99330056
37.11005754
37.13307032
37.14226087
37.15716781
37.25663919
37.60312576
37.61655019
37.62482409
37.65823920
37.79629573
37.92098750
37.94043723
38.05530680
38.16653928
38.19760881
38.27195699
38.44113974
38.67564557
38.69652469
38.70695026
38.91370417
38.94931173
39.05160611
39.27776094
39.28164626
39.41475994
39.41779664
39.52504823
39.58699067
39.61655341
39.87192947
39.90794507
39.91166753
40.00217356
40.01276292
40.04609297
40.05108330
40.13694123
40.18324384
40.29610635
40.32628107
40.54529009
40.63652971
40.70472104
40.77108455
40.77190009
40.95230872
40.99658282
41.00111572
41.10771336
41.17058207
41.19808766
41.29918250
41.56223805
41.70060300
41.72726926
41.97216479
41.98262639
41.99212441
42.02153715
42.02387299
42.27115506
42.35176377
42.62381774
42.66224495
42.73344094
42.78010698
42.92060938
43.14247528
43.31496120
43.34508819
43.48046075
43.50793961
43.53261187
43.78587344
43.98634813
44.01263491
44.03009059
44.09892364
44.13968546
44.31325841
44.56059669
44.65496106
44.67247857
44.67286768
44.72601799
44.78932770
44.79584658
44.79858382
44.97864335
44.98773434
45.03487486
45.12799882
45.21377047
45.47366998
45.53631509
45.68360535
45.76800974
45.94863863
46.10848213
46.23695352
46.23987129
46.40524488
46.59834958
46.70668726
46.78608183
46.88252460
46.97879424
47.33580068
47.41288442
47.52134666
47.53071976
47.58400299
47.60926287
47.73690866
47.74812165
47.75585351
47.84669252
47.91334551
47.96628843
48.01456666
48.01846009
48.17999079
48.32685879
48.35921996
48.42523152
48.52743752
48.61270569
48.63074558
48.73435834
48.79737223
48.97596155
49.06056810
49.29153080
49.33426882
49.43569206
49.51171625
49.52809226
49.54084235
49.57247593
49.65113829
49.67414379
49.76851766
49.77772436
49.82725468
49.87131982
49.92899583
50.09299946
50.12246998
50.32586344
50.45805257
50.48249616
50.49414377
50.52821778
50.60035918
50.63718297
50.74391093
50.80331160
50.83214968
50.98678712
51.08663659
51.32053050
51.38057308
51.45562048
51.48554264
51.53612473
51.58601102
51.67870136
51.80779818
51.86681768
51.91797982
52.00862627
52.03598448
52.15927655
52.24752642
52.24888790
52.33805732
52.39773484
52.47804388
52.50717477
52.53329166
52.53791750
52.62360043
52.75388934
52.93944785
52.95523382
53.06418058
53.19021256
53.19940425
53.23557976
53.39373932
53.41597400
53.45970470
53.46710003
53.50420098
53.51715304
53.56792071
53.62839239
53.66613392
53.70751596
53.87255462
53.99160692
54.26634678
54.27358693
54.27532420
54.39626506
54.40225766
54.75016854
54.87749679
54.93975610
55.04954887
55.11425780
55.23366269
55.38408403
55.40546789
55.43613548
55.47041022
55.52578165
55.53006134
55.59365160
55.60307113
55.62483244
55.73976666
55.98627995
56.03430912
56.11201581
56.20389873
56.20892010
56.39554974
56.40067629
56.42226081
56.55435354
56.59426604
56.72911072
56.88598105
57.02576097
57.05548003
57.09936050
57.11135674
57.14248010
57.26110197
57.31990532
57.36164632
57.41741419
57.49778085
57.61620257
57.66426403
57.97032912
58.01856489
58.02606594
58.28356449
58.28735755
58.30352953
58.53574949
58.68441356
58.87680524
58.87810647
58.98652258
59.02152301
59.06133344
59.11649414
59.19228388
59.41607742
59.47554119
59.50699259
59.66490385
59.73029973
59.84677868
60.04272908
60.06070467
60.08560634
60.14092659
60.16486069
60.24393973
60.34592236
60.46406527
60.58871614
60.62436345
60.82372800
60.93812060
60.96218209
61.01987027
61.07830397
61.16048521
61.22103683
61.26095686
61.27247566
61.39158530
61.40851437
61.45418655
61.55422819
61.58145310
61.58154176
61.58976526
61.65593365
61.87789451
124.00000000
