0.02953169
0.05389460
0.12234769
0.31623148
0.44105482
0.44552642
0.50257475
0.63069486
0.73481549
0.75231623
0.78168502
0.84879741
0.88096294
0.89110840
1.21462600
1.53090406
1.58726810
1.79649836
1.80565559
1.82359410
1.84208604
1.93455296
2.06642788
2.07022708
2.07216061
2.23600600
2.32760716
2.36319130
2.38537045
2.63219040
2.75201386
2.84311078
2.93402366
2.94309484
2.98998538
3.00304357
3.05273680
3.08968404
3.21424605
3.22056845
3.24967969
3.26525513
3.44626735
3.45113978
3.50397533
3.50975872
3.52615399
3.59881415
3.64529840
3.71360516
3.82590530
3.85683721
4.03339681
4.14140953
4.18826064
4.36756327
4.60347352
4.62610722
4.70866765
4.91562891
4.94914832
5.02892902
5.13543858
5.15401236
5.15543449
5.18402400
5.27101315
5.27501320
5.48603002
5.50267817
5.54455492
5.56802438
5.60071464
5.63000865
5.71083896
5.76558169
5.76924724
5.89965478
6.00514078
6.00918832
6.09497774
6.14495012
6.18346315
6.18969214
6.30446286
6.62508889
6.67797834
6.78958292
6.79898063
6.94484950
7.26446160
7.29394604
7.32519979
7.48223153
7.72334443
7.73158193
7.73532137
7.92946408
7.96645000
8.14252131
8.17503278
8.22459006
8.25035136
8.49801414
8.61135937
8.71999269
8.77841110
8.86900128
8.96760797
9.00964586
9.01585725
9.14314537
9.17465787
9.23163397
9.30516903
9.33284962
9.33794572
9.71303479
9.75388351
9.80884866
9.87913140
10.02425978
10.05506733
10.07520098
10.09206424
10.12793173
10.27482260
10.55739224
10.68421598
10.74916268
10.91128886
10.98036665
10.99183108
11.01756780
11.07433907
11.12807095
11.19558556
11.22066107
11.24703654
11.28948386
11.50913611
11.64190331
11.76798834
11.86333333
11.90111532
11.99939690
12.01713437
12.08125887
12.08952869
12.12958087
12.13502330
12.17992366
12.38149458
12.39158885
12.44655216
12.56162609
12.64066355
12.66930878
12.67808637
12.95347063
13.00760422
13.16116804
13.16224437
13.18449662
13.33145302
13.34022836
13.51076220
13.52354735
13.54938399
13.61448326
13.69723353
13.70060463
13.74810003
13.96010761
13.97885913
14.01711176
14.30645243
14.36720799
14.41740042
14.58871647
14.64423273
14.65190721
14.81588174
14.81921354
14.92731603
15.04058831
15.04197711
15.12352656
15.41276094
15.50251586
15.50971315
15.56905291
15.61258133
15.63246320
15.74059744
15.78346753
15.83685872
16.13752064
16.21322961
16.34463668
16.76299800
16.79053079
16.86648487
16.96278147
16.97662763
17.01791222
17.22856605
17.23575989
17.26061782
17.59268840
17.60011814
17.80945700
17.84728103
17.86030598
17.92287590
17.93720848
17.96779187
18.08784300
18.22309566
18.23776433
18.32631814
18.34229166
18.52716933
18.56172690
18.56173905
18.68800027
18.75114907
18.91622537
18.91770868
19.00122644
19.01615510
19.02843586
19.05434162
19.23679242
19.26663521
19.47800845
19.63318337
19.90601780
19.97890349
20.21469648
20.25565232
20.30639669
20.35508202
20.38375083
20.80794724
20.84434534
20.85062753
20.88540141
20.96692034
21.04944439
21.08244400
21.09149739
21.18274431
21.19333757
21.22283780
21.39789526
21.39794180
21.44903710
21.47456848
21.66318175
21.77364814
21.78506457
21.82993273
21.94312533
21.96403020
22.13443419
22.16470554
22.21171519
22.72509745
22.92609316
23.02243636
23.06641783
23.13233987
23.20946770
23.26718999
23.28597767
23.31537203
23.35515121
23.43368156
23.44273978
23.61509856
23.63443085
23.74503618
23.82377296
23.91190353
23.94956446
24.06424704
24.08071204
24.12649227
24.26057379
24.29861103
24.30878835
24.31685781
24.59239364
24.61965752
24.67367239
24.69050980
24.73244604
24.74056300
24.85754991
25.05771871
25.45012098
25.51028659
25.85834557
26.06029833
26.08663453
26.20806015
26.33724867
26.35894601
26.36493876
26.38644947
26.41488196
26.44156591
26.45683780
26.51725653
26.63116310
26.87784612
26.95599270
27.01721731
27.02457732
27.11740589
27.18648210
27.39667909
27.65852598
27.74704808
27.75836464
28.01996778
28.08819888
28.09797122
28.17000604
28.23673541
28.45213636
28.46286300
28.49407196
28.55602016
28.63164381
28.68441471
28.79569279
28.80880595
28.93624070
29.09581812
29.10502594
29.17128490
29.18502292
29.20860768
29.38209833
29.38968248
29.41947397
29.69372640
29.71478545
29.77954847
29.85715785
30.12543606
30.23681234
30.26163657
30.28356134
30.28957871
30.36929108
30.44662507
30.78796422
30.79529735
30.83726586
30.99212452
31.02551500
31.03848908
31.17279283
31.23212951
31.29650195
31.35734735
31.43618764
31.46832184
31.49177529
31.56093750
31.62841353
31.74282182
32.01346096
32.03658949
32.15405681
32.18454320
32.28101740
32.34299367
32.37741858
32.43214974
32.50308987
32.75415336
32.79472639
32.80479375
32.87839553
32.90752437
32.94664913
32.99415112
33.02711824
33.07765579
33.24405856
33.28492950
33.45169725
33.63533313
33.65137129
33.92100940
33.98238570
34.27556066
34.29089979
34.36381475
34.49399635
34.57099045
34.58714691
34.66117345
34.72478866
34.87376127
34.97676326
35.01010063
35.01293909
35.02792047
35.05168697
35.19201307
35.27783490
35.47174580
35.53065953
35.87886588
35.88956785
35.97385770
35.98913879
36.00399932
36.01166646
36.04920604
36.14061399
36.14139352
36.17053705
36.18120113
36.22377825
36.26895383
36.31038179
36.38463882
36.40171372
36.53157135
36.54771235
36.61568972
36.76651798
36.82319704
36.83231197
36.87486212
36.89653313
37.09352525
37.10253712
37.25011862
37.41521203
37.42104187
37.43561255
37.72233914
37.79620811
37.88551238
38.10575531
38.15228190
38.29208197
38.30756565
38.33628226
38.44756147
38.45534937
38.58774629
38.95791363
39.03343574
39.12264585
39.19211015
39.29440439
39.29721366
39.41548395
39.44788154
39.79724122
39.87160214
39.94662609
40.06758495
40.19594914
40.40609163
40.54866307
40.58975390
40.60909692
40.64664641
40.66612322
40.67270604
40.75917443
40.78934479
40.99036984
41.06031732
41.07877080
41.09462295
41.31432224
41.31904826
41.36476977
41.42639339
41.84887254
41.85184696
41.86626340
42.02387299
42.24184004
42.28026635
42.46899250
42.47397399
42.61052766
42.62381774
42.67639309
42.71711433
42.83457769
42.89014061
42.89362860
42.98537594
43.03111029
43.11461923
43.20734261
43.21173884
43.38566203
43.50793961
43.61785602
43.72438873
43.90299637
43.96564743
44.15198442
44.18953307
44.24661702
44.33775068
44.34649992
44.35540124
44.50333096
44.74840649
44.77251733
44.96350455
45.30754981
45.48502525
45.63338022
45.63476810
45.76491579
45.81973641
45.94413150
45.94730343
46.28369889
46.31330789
46.36156755
46.65949083
46.69702094
46.71080155
46.72880814
46.76557600
46.84321915
46.96398661
46.96679856
47.02266674
47.04964154
47.05144126
47.21997336
47.31640446
47.39028020
47.40477906
47.41288442
47.54767301
47.55345036
47.67682370
47.77625016
47.78917289
47.82735301
48.03302743
48.04659985
48.10011584
48.17983565
48.23176305
48.34123334
48.34939100
48.45650809
48.50620610
48.57979445
48.70786862
48.76010133
48.77187320
48.87348882
48.88185552
49.12454399
49.32341043
49.54799028
49.58860451
49.59054007
49.59328517
49.60175710
49.71151936
49.71424967
49.76463358
49.91892835
49.95411749
50.04388016
50.34272697
50.55522665
50.68895301
50.81921963
50.84230881
50.85893689
50.98092700
51.11957596
51.44893092
51.58053914
51.60641890
51.60717995
51.64636285
51.70231147
51.82837918
51.88805595
51.93231946
51.99256623
52.02677827
52.05534931
52.08589399
52.10373273
52.19542461
52.25823969
52.33805732
52.49883657
52.54154031
52.64893434
52.67222506
52.68538233
52.80240096
52.93010104
53.04717212
53.56263606
53.73871505
53.86242924
53.99995630
54.02771367
54.21026880
54.21964587
54.35837972
54.61923746
54.68470921
54.73345645
54.73578547
54.74066754
54.76127414
54.80816281
54.88663779
55.33766449
55.34116537
55.36748287
55.41762851
55.46607255
55.54822734
55.57455374
55.58974320
55.70903547
55.89769309
55.93629252
55.95639334
56.05098433
56.05253333
56.07856873
56.10311576
56.21425484
56.22577832
56.33797375
56.40058404
56.64630604
56.66950189
56.74517409
56.86569296
56.90000288
56.94479853
57.07455280
57.09338961
57.13710631
57.16934982
57.17416512
57.37918519
57.43362029
57.53206122
57.66578557
57.68738500
57.77461538
57.91227826
58.02605418
58.13782915
58.34026139
58.37690549
58.38173960
58.39562576
58.41100079
58.50783442
58.62121729
58.64298152
58.70453311
58.75203143
58.77873440
58.79767081
58.83343517
58.87827339
59.04376754
59.22101414
59.63588073
59.70189469
59.76235835
59.79109183
59.81327387
59.83012466
59.93185436
60.03978382
60.21674347
60.32861617
60.34539163
60.38706996
60.54038006
60.59085010
60.84615467
60.88062361
60.94654918
61.17628921
61.24824030
61.37687026
61.39835102
61.56756385
61.64643690
61.65917985
61.68407479
61.93745164
61.94714266
61.96779026
61.96883199
62.06643319
124.00000000
