0.00748236
0.05836372
0.13315657
0.13843621
0.19714082
0.23792173
0.27033571
0.32166861
0.35546907
0.40610720
0.48946984
0.53943151
0.60727606
0.87276503
0.87403799
0.94073098
0.96639620
1.01640674
1.30244549
1.41293414
1.64239709
1.94211728
2.11090641
2.11453267
2.16011559
2.18004040
2.18961574
2.20084166
2.24767468
2.32760716
2.39582525
2.44395479
2.92721072
2.99188450
3.02836068
3.23460441
3.38137999
3.39850240
3.54610654
3.59585484
3.61536240
3.64419139
3.68227351
3.69378267
3.77660683
3.80499021
3.81200282
3.87261971
3.97381101
4.03394831
4.12056803
4.20318414
4.26278406
4.29064027
4.34101696
4.39296288
4.42570808
4.56186734
4.73678234
4.81834320
4.95738525
5.11229435
5.17867422
5.30030578
5.30803231
5.31683300
5.31855137
5.57842428
5.65808528
5.66125647
5.71869217
5.72911566
5.77663919
5.81639084
6.00711055
6.14495012
6.46247709
6.51806508
6.68485966
6.71806577
6.78020980
6.89869397
6.90920366
6.91297446
6.95985635
6.99152831
6.99683928
7.01882054
7.09378083
7.10195866
7.13028996
7.13991405
7.14496332
7.24926021
7.39367851
7.40123455
7.45803315
7.60533509
7.72393312
7.73736455
7.78615668
7.83566056
7.87165759
8.11717437
8.24235713
8.33972858
8.51746687
8.57797403
8.66779373
8.92274480
8.97553132
9.11992358
9.13483082
9.18376990
9.24952423
9.30596558
9.35917201
9.50030613
9.65592948
9.70370667
9.80918210
9.83193810
9.96447674
10.00359988
10.04361233
10.07167902
10.12578910
10.25449063
10.25977839
10.38767384
10.40081756
10.46227837
10.59312408
10.62319091
10.66274327
10.72434493
10.89400689
10.90776660
10.95814905
10.96190385
10.99791862
11.03433554
11.13629272
11.15716750
11.21341060
11.27757390
11.36071132
11.38767788
11.43213874
11.61064466
11.61545437
11.78442897
11.81491317
11.86322759
11.88505825
11.90462354
11.90548018
12.02368337
12.03875399
12.07180660
12.17992366
12.39832800
12.42403377
12.43216869
12.53435099
12.65023184
12.79089405
12.81744657
12.97063338
13.16043198
13.19544472
13.20917220
13.23462445
13.25866483
13.28544734
13.37035119
13.38358294
13.41667453
13.43302555
13.47135595
13.68181684
13.68664965
13.72268320
13.83192283
13.85949997
14.01711176
14.03891905
14.06524303
14.11281610
14.14914097
14.25562564
14.27979984
14.33382059
14.53440736
14.55877088
14.75788851
14.82747170
15.25796735
15.29759019
15.30740164
15.36907029
15.48407971
15.62238664
15.62716338
15.71722880
15.79530560
16.00573324
16.03664058
16.16834604
16.26082211
16.39474166
16.45781394
16.45890103
16.51252505
16.51483872
16.52779538
16.59629290
16.64918254
16.73080182
16.79036071
16.84579145
17.00789691
17.09739268
17.16516058
17.35455789
17.36644169
17.36858213
17.42498098
17.47152449
17.52704423
17.63963995
17.67325473
17.69971131
17.71962163
17.83205364
17.84211249
17.84217628
17.91147598
18.15256785
18.21241918
18.22309566
18.22755283
18.23261465
18.26717902
18.29243533
18.33421329
18.49570487
18.55336947
18.57470853
18.72465609
18.75034347
18.92480505
18.94065094
18.98654235
19.04969478
19.06550889
19.21330210
19.29799472
19.34574325
19.35176537
19.36974960
19.48562945
19.81993108
19.82532360
19.83076942
19.83381459
19.83594552
19.83875932
19.87315716
19.93500085
20.07873737
20.13397476
20.17702102
20.23612846
20.57901025
20.60295575
20.61157991
20.87315243
20.96794500
21.00233226
21.13891104
21.40346828
21.52219488
21.52614581
21.79642207
21.88534631
22.05373895
22.15963039
22.46371003
22.47622020
22.49437135
22.56169301
22.60063166
22.61672912
22.71113011
22.79997769
22.87277445
22.93293905
22.94329526
23.13699772
23.55847040
23.58996521
23.59527258
23.62923029
23.76732307
23.83342331
23.86137077
23.97473902
24.00472592
24.23012900
24.34379280
24.51224568
24.70088578
24.85171457
24.91843089
24.98009230
25.02546930
25.04310923
25.10228874
25.11042451
25.26132109
25.46699602
25.61973822
25.65348146
25.65516841
25.78428772
25.80452954
25.81561918
25.92457997
25.97445389
26.28277193
26.36827034
26.42719925
26.53157633
26.88231963
26.89908588
26.93262973
27.09638135
27.35505271
27.45107529
27.47589528
27.54625713
27.57001839
27.72834301
27.83220679
27.84350610
27.93252257
27.93774706
28.06580809
28.19561550
28.31792179
28.32557847
28.33123973
28.40725606
28.68264057
28.68757405
28.80017510
29.05398888
29.14274219
29.17423808
29.18590968
29.30702237
29.75488657
29.75772671
29.81763376
29.91165614
30.00380413
30.06870035
30.16059855
30.17535556
30.21135776
30.29064507
30.36402132
30.43671357
30.71017905
30.73759924
30.80165900
30.93951990
30.94146677
30.94310292
30.95288906
31.06047553
31.07054263
31.19017225
31.45186744
31.48810833
31.59046671
31.67144246
31.78284880
31.78770683
31.85510608
31.86505577
31.92242617
32.22711989
32.39333501
32.43099740
32.43323886
32.47680045
32.49216950
32.51055867
32.77460603
32.90868507
32.90956666
32.93235945
33.11762859
33.12501736
33.13032287
33.14651571
33.17029818
33.17238451
33.20793712
33.24211261
33.40375290
33.77735499
33.80171253
34.05327463
34.19304602
34.19986640
34.24037067
34.24441664
34.24480711
34.60251516
34.84921556
34.88251911
34.88957843
35.04103407
35.14257538
35.16925854
35.17043712
35.24136069
35.26540084
35.31023404
35.35190291
35.35430909
35.43461829
35.57826799
35.62908411
35.76963725
35.79260439
35.86661689
36.07041772
36.07454975
36.17034401
36.22925769
36.42890310
36.43407776
36.60116176
36.73353989
36.78675773
36.80442168
36.81429482
36.92494358
37.00001916
37.01441359
37.07167145
37.09793259
37.21295987
37.27276206
37.39398014
37.49732702
37.58846700
37.62625722
37.62634592
37.95225247
38.22199847
38.31432447
38.42768669
38.65081147
38.66800039
38.72907634
38.78771690
38.82783788
38.98411339
39.02833991
39.14370981
39.15755646
39.19005466
39.24677196
39.25439208
39.25892840
39.34922270
39.37310391
39.41475994
39.57504320
39.59510663
39.78992507
39.92568446
39.95986194
39.96110496
40.03445687
40.25703668
40.38038076
40.43918547
40.47201778
40.47319971
40.56718876
40.58941382
40.69760322
40.96050832
41.29532717
41.33023843
41.59182989
41.64616767
41.69546483
41.80671339
41.85277451
41.93917095
41.99654944
42.18920897
42.36013205
42.37818270
42.57597435
42.64543160
43.02003823
43.06040469
43.06355740
43.08773793
43.09878607
43.16066259
43.23937773
43.28953712
43.29115225
43.41828749
43.43668074
43.73384144
43.89433083
43.95336515
44.00776844
44.02224641
44.07139002
44.11725899
44.21056339
44.21070676
44.36028703
44.52551645
44.68640126
44.82646538
44.94342878
45.01379432
45.12041776
45.16160316
45.16871698
45.19688147
45.22397671
45.22717203
45.36846758
45.40439072
45.56150590
45.56547962
45.60327487
45.73627030
45.75726806
45.83300631
45.90716304
46.06175303
46.23361113
46.51454680
46.57615430
46.61608255
46.62528589
46.83763654
47.00663245
47.01535726
47.41381000
47.45067954
47.45378828
47.85188879
48.01575196
48.31185201
48.32982149
48.35763514
48.48986293
48.69353789
48.74002250
48.82862725
48.85247826
48.90856193
48.94907320
48.96809472
49.01382064
49.29478796
49.34717475
49.50462647
49.54568427
49.56998864
49.57055531
49.75017334
49.83354471
49.87231681
49.87409431
49.87489237
49.89448172
49.89837564
50.03879335
50.05083257
50.10039044
50.17326548
50.21407503
50.26139631
50.34272697
50.35439427
50.42153150
50.46809951
50.46883789
50.51071704
50.76956207
50.79694620
51.06455250
51.08105124
51.26837959
51.45203337
51.64332925
51.70022998
51.72579775
51.78892257
51.79365035
51.87645885
51.88767629
51.93476158
51.98554478
52.33874555
52.51869558
52.65204944
52.76758070
52.77575850
52.77807128
52.86442999
52.92886528
53.10089004
53.14327587
53.36707270
53.38547851
53.38883454
53.42344127
53.48255190
53.54460772
53.74720215
53.84016187
53.92123170
53.92442533
53.93197404
54.15775271
54.16241390
54.20569758
54.21667691
54.27918623
54.48782185
54.58566862
54.65107515
54.78621596
54.84891673
54.97515624
55.05193455
55.06183710
55.17744395
55.21337521
55.23964416
55.29979930
55.37912235
55.38815365
55.49183463
55.54742017
55.69579095
55.84852493
55.84967338
55.91608315
55.98515712
56.07099384
56.08718335
56.10690979
56.18936854
56.34469864
56.36778078
56.47194310
56.62652090
56.85234892
56.89678590
57.04802331
57.09064701
57.10287774
57.13051352
57.13890933
57.19730732
57.20579854
57.22737246
57.30033589
57.47554411
57.74207199
57.85423183
57.99419426
58.09216430
58.21423289
58.59210397
58.60386920
58.68378096
58.72820114
58.73002485
58.78127171
58.81567663
58.82344137
58.82561427
58.88686615
58.90937975
58.93985601
59.04376754
59.09288010
59.09810801
59.10622372
59.34244437
59.48326803
59.60634718
59.66453842
59.72863773
59.75885782
59.76007999
59.90208430
59.91907323
60.08332731
60.21067300
60.34062278
60.34521047
60.38842931
60.43931320
60.54775902
60.64696072
60.66717062
60.69992476
60.74302998
60.79222616
61.03666922
61.08200352
61.20078695
61.27090109
61.33997884
61.55074305
61.63446995
61.70004577
61.74389189
61.83926558
61.88997213
61.93046575
62.01136589
62.05555459
124.00000000
