0.09953788
0.44076745
0.50365118
0.57069888
0.65411834
0.76812016
0.78597467
0.81485223
0.92406377
0.94824002
0.97811862
1.16554249
1.19717046
1.32358897
1.34188463
1.37245781
1.38469639
1.45463389
1.46829671
1.48197637
1.67159191
1.67570078
1.72534674
1.82691160
1.87324527
1.95787756
2.01747671
2.02729863
2.17423409
2.18410423
2.27930240
2.42494221
2.47048516
2.52121082
2.54577396
2.55798869
2.67102738
2.72736152
2.73661462
2.82035210
2.95477144
3.18982587
3.30533786
3.77527763
3.80648164
3.81320744
3.83481385
4.06462348
4.09051558
4.11649598
4.13748802
4.27473111
4.29179452
4.30287235
4.51177945
4.57782010
4.65634305
4.73061676
4.77610450
4.77935089
4.90535731
4.93154715
5.02395616
5.08353358
5.13400802
5.18174970
5.21787660
5.23713140
5.26830246
5.28615500
5.63532351
5.97477658
6.08500673
6.15740739
6.22748026
6.42428695
6.47669649
6.77209005
6.78020980
6.92178424
6.93431762
6.94602731
6.97422862
7.00868593
7.04953609
7.05179335
7.36295327
7.40710979
7.41941554
7.60943423
7.71408441
7.87165759
7.89202398
8.23228622
8.25808147
8.41636824
8.44923225
8.47237173
8.50284663
8.58190932
8.60692075
8.68256642
8.78397290
8.93930602
8.95803830
9.12444397
9.18159885
9.22129212
9.23121493
9.37543566
9.38047094
9.42162910
9.48293048
9.50390544
9.60400593
9.60779364
9.62057891
9.62818990
9.72945990
9.82523789
9.83526519
9.84777086
9.89079884
9.95447679
9.98119252
10.00326998
10.27632135
10.40989363
10.75380524
10.76284055
10.80893635
10.87075061
10.88374857
11.05355496
11.12436945
11.14074858
11.22066107
11.23047990
11.30881197
11.34997741
11.46699191
11.56033819
11.66903467
11.80428587
12.03270017
12.33573558
12.38386238
12.50075252
12.60878874
12.68802890
12.93269633
13.04291060
13.06157442
13.06932742
13.14970761
13.15908791
13.27762788
13.44864477
13.45875781
13.48439516
13.63625135
13.70979470
13.75392009
13.80433730
13.86895499
13.88735765
14.16101618
14.20320933
14.22818634
14.26897652
14.28720082
14.37084386
14.41209249
14.57274630
15.01319743
15.04036613
15.22728080
15.40472550
15.40507207
15.42515054
15.44922892
15.50178767
15.68812102
15.81636147
15.88867456
15.88908746
16.00454883
16.19963853
16.20164530
16.20316011
16.22833925
16.41654671
16.73196204
16.79491056
16.79905167
16.82976358
16.89469197
17.16827626
17.32294086
17.33552867
17.37658627
17.61433878
17.67379286
17.71306409
17.71905724
17.76816493
17.83199532
18.10080635
18.14602456
18.15033044
18.16549182
18.26839758
18.29298751
18.32855512
18.59651558
18.59661178
19.00227517
19.00707404
19.10776884
19.20420290
19.21389985
19.32847029
19.35834726
19.42347573
19.42965677
19.65347274
19.74755467
19.95814814
20.00698271
20.03545443
20.06038562
20.08370003
20.35972901
20.41678120
20.49097849
20.64098702
20.64712084
20.76096037
20.77554802
21.03008897
21.29246209
21.32201637
21.34736281
21.40917342
21.46697159
21.63377506
21.82525545
21.88846434
22.05662744
22.17357211
22.21093464
22.41634224
22.48400371
22.50926636
22.54480995
22.78693479
22.87277445
22.92786032
22.94913873
22.98794169
23.12648362
23.12985084
23.21093142
23.28190607
23.35467481
23.42468702
23.46726242
23.47897072
23.60074812
23.67359263
23.68383461
23.74249468
24.04745001
24.04873780
24.09941988
24.13224534
24.21292642
24.23012900
24.35667996
24.61914763
24.65224637
24.66672036
24.69860005
24.72216766
24.76548667
24.79048707
24.82931437
24.87087306
24.88070196
24.88903938
25.00152096
25.06284214
25.10469876
25.12334749
25.28013835
25.29833172
25.44293835
25.51299236
25.64029917
25.91237243
25.92373131
25.99670237
26.00412585
26.02918664
26.08276923
26.08973202
26.10567112
26.34660416
26.36339606
26.36985254
26.69180180
26.95309347
27.06521961
27.11468340
27.13321119
27.17674454
27.22161815
27.24631505
27.27397272
27.31522715
27.31737952
27.34246489
27.36238703
27.41731114
27.56595753
27.75527966
27.79391632
27.80756277
27.83278447
27.88174705
28.13113783
28.17682686
28.28321838
28.36402459
28.45914389
28.49792348
28.59549216
28.64189414
28.75052290
28.77050547
28.78789326
28.85082297
28.92399813
28.93552002
29.09367478
29.18900793
29.30441287
29.61998317
29.75216454
29.78969278
29.82701371
29.83387796
30.16391857
30.16883280
30.22918240
30.27176619
30.34855938
30.42802643
30.62994497
30.94531151
30.97214273
31.09312366
31.27651546
31.34723952
31.40059533
31.57188397
31.60766124
31.66222162
31.72409986
31.73679056
31.75012759
31.80691597
31.85862985
32.09271550
32.14811178
32.22384727
32.48361157
32.61018631
32.69627318
32.86143219
32.88062913
33.08989992
33.18398892
33.34624562
33.40572501
33.42960223
33.47451128
33.71383020
33.87539970
33.92061013
33.97024824
33.97375038
34.01592505
34.07959291
34.10348424
34.25281439
34.42473530
34.45410664
34.46801709
34.48283808
34.76106533
34.79249508
34.81417512
35.06163172
35.11227377
35.30270101
35.33801816
35.42454137
35.43404302
35.73417706
35.76967405
35.91187587
35.93755614
35.98012396
36.16636557
36.19286128
36.37768298
36.47491051
36.51457405
36.52970922
36.53569389
36.55646531
36.64784946
36.68892118
36.72147196
36.86278340
36.88137254
36.98914619
37.09305420
37.23526783
37.28499339
37.29526972
37.33437585
37.57088175
37.58125700
37.73374138
37.76330632
37.84325363
37.87945790
37.99353251
38.08924227
38.11988034
38.23626649
38.27637048
38.29718065
38.36590728
38.44801379
38.61677362
38.70132069
38.73210176
38.86189688
38.91249656
38.95475664
38.97278569
39.18147299
39.33621795
39.57861262
39.78786601
39.90462429
39.93305550
39.94607580
40.21226580
40.23162525
40.32279854
40.32431395
40.42581770
40.54269516
40.94285275
41.29918250
41.37040599
41.41965001
41.42510250
41.46709034
41.58229733
41.73431117
41.84461608
41.86818583
41.91349826
42.05916090
42.10983154
42.12244422
42.13047511
42.13124272
42.17399368
42.33458160
42.33686600
42.38635741
42.41668135
42.66096369
42.68523302
42.70584897
42.71043720
42.83147107
42.94468825
42.94812672
43.00528183
43.07935680
43.10884811
43.17436682
43.27943186
43.38006873
43.49329659
43.58865317
43.70220654
43.74382682
43.74955753
43.77218632
43.77298429
43.77509063
43.80026515
43.89779902
44.00542780
44.05220229
44.05980750
44.15198442
44.36435672
44.46041085
44.58468270
44.77097670
44.78846326
44.97330712
45.02550995
45.03338987
45.11301477
45.13734786
45.35213939
45.37563337
45.41133368
45.45298729
45.52054776
45.56922474
45.58782846
45.66976157
45.97854217
45.98960490
46.03148166
46.15000989
46.24671875
46.26052518
46.30299410
46.33054630
46.33708904
46.56677860
46.70792391
46.78049139
46.91779208
46.93909206
46.98789353
47.03606031
47.03811399
47.05082573
47.09204914
47.14038172
47.15629024
47.21005956
47.23515301
47.42294298
47.58400299
47.63282295
47.77948889
47.89366893
47.89590328
47.90177970
47.94038049
47.95095629
47.96536871
48.02193855
48.25544278
48.39329876
48.40282695
48.62124200
48.70316865
48.70833964
48.73286577
48.86697449
48.95962401
49.12194179
49.15502587
49.36362846
49.39748315
49.60282899
49.66935527
49.67674480
49.73345070
49.86521497
49.89495779
49.90651007
50.08032014
50.08991809
50.17971058
50.33544871
50.36556392
50.45414911
50.63718297
50.69883303
50.84218357
51.26854965
51.38940731
51.43690100
51.47414202
51.48602244
51.59411634
51.72806935
51.83629199
52.10653865
52.13612192
52.21509288
52.23291226
52.34168134
52.41742089
52.52473946
52.70748040
52.74579091
52.80240096
52.88691928
53.00356258
53.06418058
53.25080413
53.34398875
53.47303293
53.48553070
53.48799932
53.69901742
53.82323280
53.82503453
53.86050846
53.88824968
54.35931846
54.36294383
54.42864059
54.54317633
54.66152703
54.72626021
54.73578547
54.75127078
54.90073145
54.94620972
55.00213485
55.02938298
55.13804596
55.26466963
55.38255713
55.39813532
55.42427232
55.46427765
55.51680477
55.53356326
55.73996473
55.75693107
55.83026703
55.99514042
56.15863635
56.16500990
56.26841812
56.41314295
56.66950189
56.72667224
56.85212354
57.28176758
57.32339852
57.56572231
57.77174769
57.78407686
57.80988605
57.91713900
57.94142290
57.95255382
58.13610098
58.23194025
58.23626352
58.43886314
58.44417690
58.73536788
58.76177178
58.77890900
58.83014093
58.86265656
59.07296285
59.11862976
59.15186299
59.20015926
59.38951240
59.50444594
59.58582393
59.70134909
59.74469624
59.92865567
59.93435918
60.07651656
60.09432414
60.10160641
60.16145642
60.17221625
60.23431328
60.30593805
60.32132134
60.33808313
60.41214891
60.66968551
60.67621313
60.72704190
60.83198350
60.84027719
60.88685215
60.97135025
61.01366629
61.14127757
61.18527236
61.20081976
61.31173846
61.58521932
61.73546123
61.87055505
61.88375832
61.95243542
124.00000000
