0.06088284
0.07436593
0.24698167
0.25128003
0.33237901
0.35526815
0.38556674
0.49653784
0.59265131
0.59362198
0.61855635
0.65967505
0.72023954
0.87120530
1.08477169
1.11423137
1.21354250
1.23420610
1.35385266
1.45105802
1.57842184
1.64206985
1.67950986
1.70946504
1.79096131
1.86581261
2.01963981
2.12903876
2.20138603
2.22907944
2.27492683
2.41128484
2.43278842
2.43849612
2.51907975
2.54938273
2.58260433
2.63546006
2.64316995
2.76926522
2.83621326
3.12891235
3.22933094
3.64436663
3.69555496
3.92189450
3.93143392
3.96729466
3.99853386
4.01116519
4.02163275
4.28419497
4.39007157
4.49344236
4.52644875
4.55178188
4.61619787
4.67485120
4.68201907
4.93179460
4.95827440
4.98565534
4.99975026
5.04824792
5.12234767
5.17790451
5.20006647
5.39905384
5.45664863
5.49380384
5.52318540
5.85864705
5.85968890
5.86758548
5.91289449
5.93623380
5.99413679
6.04117060
6.05359355
6.16162547
6.27200868
6.35942140
6.41955445
6.43300824
6.45941764
6.69168915
6.73047750
6.86634753
6.95953878
7.00601375
7.03537576
7.05700625
7.18224421
7.35427129
7.38298846
7.41941554
7.47607940
7.64549266
7.70118328
7.88723996
7.97691782
8.04548201
8.15581385
8.15629672
8.21583546
8.33393012
8.34345460
8.40024780
8.49752919
8.57597367
8.59754777
8.60749194
8.73126511
8.78198937
8.82885002
8.89704581
9.10036486
9.10525854
9.12130642
9.38945573
9.42078264
9.48986395
9.51335188
9.56755761
9.60779364
9.84428495
9.95345951
9.99215491
9.99253755
10.03602068
10.06638851
10.74951241
10.75605569
10.85625848
10.86055045
10.88431955
10.93420151
11.07450168
11.33995387
11.38116179
11.43225904
11.47380479
11.58165129
11.58790070
11.95120471
11.96220906
12.04755430
12.10787908
12.27605406
12.40131567
12.62690149
12.67316125
12.69714314
12.70019579
12.83052958
12.98926464
13.11707148
13.18440435
13.19144520
13.20622040
13.22419991
13.22535961
13.31552786
13.65242675
13.84446974
14.01259347
14.04470018
14.15687017
14.17024936
14.17609184
14.18615856
14.21294258
14.37226991
14.49238590
14.55404342
14.65624739
14.71627806
14.78782981
15.12615614
15.14605886
15.14957307
15.21087730
15.21742515
15.21762249
15.41276094
15.43300993
15.51373725
15.70846753
15.70944915
15.76162491
15.90989399
16.09185878
16.13694861
16.34482797
16.43117572
16.48432387
16.51669649
16.57727371
16.75449423
16.94701109
16.99578793
16.99736923
17.01715224
17.06940815
17.32223409
17.36323557
17.52704423
17.69035070
17.70771497
17.76347156
17.83911482
18.12131389
18.25190894
18.40925777
18.41396199
18.49940185
18.53986166
18.62419125
18.81920832
18.82712669
18.84388584
18.85436919
19.20608023
19.22030166
19.23629918
19.35178836
19.38821354
19.38989859
19.45100421
19.50393348
19.72135003
19.81993108
19.85341485
19.86142039
19.96459636
20.06395431
20.12181305
20.32879761
20.49591781
20.51277120
20.54603407
20.56992677
20.65473978
20.67767456
20.73791617
20.93376741
21.05608912
21.05736334
21.08843055
21.10464471
21.33468478
21.36311891
21.39081852
21.42640974
21.47008485
21.58513911
21.84644179
22.05373895
22.18662583
22.24665579
22.29757360
22.36499979
22.43699486
22.48400371
22.75931982
22.79171123
22.88135277
22.91200814
22.98153470
23.20551436
23.27361274
23.34118570
23.39817490
23.43934309
23.45128885
23.80688131
23.90652948
23.92590031
24.04531629
24.11934469
24.25179679
24.44281229
24.48691939
24.50757995
24.57670997
24.60624585
24.65267451
24.73928786
24.76588308
24.78086246
24.91987316
24.92201201
24.93035720
24.93779831
25.07606180
25.25977773
25.29200378
25.36987087
25.37781953
25.46766152
25.47448862
25.87115885
26.02101659
26.04072553
26.04875217
26.08259367
26.09546331
26.27595127
26.48508711
26.50471299
26.68651757
26.96659646
26.97712511
27.01978076
27.07703128
27.09359927
27.18408809
27.25675150
27.32221166
27.34686843
27.39031878
27.45035898
27.70962747
27.88632550
27.95760158
28.02771685
28.04261463
28.06927654
28.13989616
28.15698053
28.23105389
28.24171084
28.35192672
28.40954137
28.53078499
28.56570661
28.61324379
28.66963638
28.73094823
28.86508395
28.95806898
29.22659575
29.45646922
29.46137507
29.47332550
29.74180726
29.92068124
30.03443379
30.08861559
30.28895784
30.29069302
30.32924411
30.49385752
30.51687500
30.53331896
30.58903670
30.61788521
30.86286842
30.86903560
31.07328311
31.09312125
31.18047291
31.19820228
31.30926197
31.33366546
31.43584330
31.44542173
31.46582827
31.48131632
31.54293231
31.63400227
31.73081024
31.83705163
31.89590281
31.89930309
31.98945680
32.01110042
32.13982987
32.25149393
32.35253348
32.38904023
32.44802405
32.72216962
32.86942458
32.86988150
32.93091173
33.02670723
33.11664075
33.30829217
33.34918512
33.40590072
33.40610265
33.42174918
33.44253392
33.63515458
33.69435917
33.70416999
33.76285593
33.82007992
33.82074022
33.82876605
33.84426851
34.01867743
34.02978859
34.12894809
34.20564322
34.33549394
34.49881890
34.63276278
34.67166707
34.70657647
34.72709663
34.75549678
34.93173977
35.03096217
35.07625953
35.11407845
35.14257538
35.42625876
35.65511383
35.66183779
35.78724343
35.85581082
36.27641843
36.40171372
36.41978696
36.43645277
36.81566567
36.83041469
36.84592622
36.98480574
37.20243153
37.21256228
37.49732702
37.55638126
37.58839160
37.72096250
37.83241515
37.86597647
37.90542760
37.92827296
38.15660711
38.20070026
38.25484524
38.25647725
38.28577898
38.31639886
38.39187515
38.55572245
38.86490188
38.89635095
39.03819966
39.06900792
39.07949602
39.11058922
39.11719175
39.26986953
39.40347980
39.42144116
39.55251818
39.59242666
39.72656973
39.75810599
39.93958370
39.98542474
40.24646914
40.28492614
40.32628107
40.35828360
40.51402738
40.63140679
40.64712598
40.65117519
40.79504168
40.85758457
40.88178045
40.92948279
40.97459272
41.05997391
41.21500349
41.25973304
41.29081614
41.35304076
41.35868236
41.39796795
41.66530023
41.79164953
41.88024953
41.97490966
41.98523632
42.00512682
42.01285972
42.21680500
42.33146603
42.41403392
42.44074210
42.46547131
42.50303489
42.60743999
42.65616406
43.02665601
43.03389878
43.04169626
43.05106015
43.14904539
43.16555768
43.20038025
43.21173884
43.24614912
43.24791408
43.32846677
43.42196614
43.42514768
43.43014292
43.43215588
43.49955624
43.56634717
43.79948419
43.84246899
43.89376091
43.90273500
43.94985612
44.00809585
44.03356639
44.04935069
44.15233298
44.19041739
44.26012058
44.31102809
44.32296368
44.36068380
44.42714381
44.50011848
44.50563608
44.56059669
44.59242632
44.67455954
44.90433533
44.91470127
45.17246034
45.32374520
45.34926323
45.48087209
45.53258255
45.63369748
45.66479267
45.81636076
45.82654567
45.87185630
45.87359140
45.92951808
46.03265534
46.19779015
46.40916192
46.44857359
46.51434377
46.63793574
46.71275590
46.81342659
46.91318923
47.05047870
47.05278556
47.07223360
47.09793820
47.22185125
47.27912667
47.32011975
47.33074395
47.34262799
47.36380829
47.48612803
47.51307636
47.65707345
47.66797176
47.90532051
47.92380148
47.92627179
47.94235627
47.94948035
47.96310711
48.00888073
48.12553368
48.17340599
48.33364538
48.57617284
48.58470983
48.64992437
48.79737223
48.91850054
49.03527148
49.31780706
49.39190859
49.40058367
49.40474702
49.49543176
49.58726075
49.65952028
49.72814021
49.86277173
49.94976737
49.96905608
50.22006820
50.24799587
50.34641293
50.40967881
50.49739522
50.53461619
50.58310504
50.70030151
50.85114287
50.87407608
50.90830014
51.08663659
51.17536249
51.25167781
51.35729616
51.45570018
51.51237571
51.86451805
51.90687207
51.90851303
52.15862306
52.26442187
52.34019360
52.59348730
52.62116955
52.62694477
52.68013311
52.74072971
52.79118909
52.83234409
52.89068334
52.91015690
52.94655302
52.96717758
53.07482098
53.16946015
53.20639140
53.43300834
53.49645133
53.59752050
53.68161223
53.70789632
53.96635828
54.09795057
54.21008562
54.28054424
54.31367113
54.41657742
54.42556891
54.44882725
54.52250241
54.56898146
54.63408785
54.66758579
54.72626021
54.93685228
55.19946289
55.31436377
55.32470014
55.38517464
55.56846023
55.57474949
55.71941636
55.74443446
55.75273683
55.88226637
55.99547176
56.12698546
56.22951654
56.26394200
56.41183560
56.47526027
56.59363377
56.60841687
56.61184963
56.78601087
56.86444429
57.03304529
57.05548003
57.06996494
57.27199531
57.31173476
57.32460069
57.41645089
57.49458052
57.58609845
57.68270611
57.78485171
57.91152700
57.91389548
57.92115864
57.92209262
57.94402654
58.09002048
58.29259421
58.31360469
58.39475794
58.49855712
58.50995820
58.52775162
58.54616888
58.59687335
58.62247100
58.68797909
58.74696094
59.02152301
59.02879542
59.04376754
59.11862976
59.14963688
59.17402923
59.25423558
59.39508658
59.42063456
59.48806641
59.60929122
59.62950824
59.66565031
59.66710098
59.68602139
59.76013367
59.80062836
59.91220438
60.04713990
60.09352883
60.10739133
60.14879976
60.16145642
60.20916312
60.21989494
60.26351526
60.38314449
60.39163461
60.63871753
60.70241813
60.77984644
60.78161944
60.79115433
61.05745999
61.17295623
61.23878251
61.25190371
61.28126799
61.48475728
61.51157527
61.58720014
61.62691954
61.87507590
61.89149857
61.95078081
124.00000000
