0.00075427
0.12425565
0.24757898
0.51284262
0.60780249
0.73741721
0.74163986
0.77944606
0.79148615
1.07186895
1.19763657
1.36238669
1.36659265
1.49796873
1.70094184
1.82101957
1.94854907
1.95555239
2.04756035
2.06383902
2.13207236
2.16700171
2.30587825
2.31456719
2.43164177
3.18830745
3.20884690
3.27410230
3.29385947
3.46825094
3.50000451
3.55340215
3.59881415
3.70194358
3.78802070
3.79021903
3.85109185
3.87220950
3.88719758
3.95484595
4.16853487
4.31407472
4.31451049
4.51793712
4.61713916
4.86024800
4.86403410
4.87403985
4.97150676
5.03225930
5.06100726
5.24681083
5.35620396
5.58409149
5.59696826
5.78502899
6.00229179
6.01638245
6.16327704
6.29326503
6.35355981
6.43573217
6.55849111
6.58478052
6.60183018
6.69399006
6.78446397
6.83455677
6.88298389
6.92007276
6.98253949
7.04166505
7.10357116
7.31515167
7.33621188
7.38515062
7.40006304
7.43619721
7.57912672
7.60378050
7.64854814
7.73348884
7.75595413
7.85797160
7.85823577
8.20854057
8.22779757
8.26104408
8.30824503
8.37582590
8.47413340
8.48321616
8.64927916
8.75195480
8.79926880
8.80434586
8.83724507
8.87076743
8.95803830
9.14491448
9.19367003
9.22278969
9.24287035
9.33912791
9.34407071
9.36048604
9.36396152
9.43911456
9.48211580
9.51019829
9.51514751
9.56755761
9.79113035
9.81085932
9.86531656
9.90874223
10.06623986
10.18202770
10.19002392
10.20852576
10.37784662
10.49935219
10.50429109
10.50796915
10.50909215
10.61135113
10.81081611
10.89765295
11.00921722
11.04145502
11.05272657
11.09158553
11.14851696
11.16995428
11.24235223
11.25956986
11.29548189
11.36309095
11.53671718
11.63226318
11.81813650
11.86071108
11.86088236
11.89935771
11.93169112
11.93398330
12.01465422
12.08944404
12.12455194
12.49668305
12.57513768
12.59100510
12.67910891
12.68657116
12.74972525
12.81730504
12.84474264
12.85736820
13.11526132
13.11979368
13.44216589
13.51330579
13.63812857
13.73818238
13.83000171
13.85322894
13.87415047
13.96147955
13.99825754
14.01355844
14.04707069
14.08105349
14.13334096
14.31818908
14.32915872
14.52582651
14.63703798
14.80649329
14.86919151
14.95227274
14.98767910
15.00947117
15.01654634
15.16142107
15.16642590
15.27201373
15.47071692
15.47843807
15.65018604
15.89864772
16.00081794
16.01978529
16.13960781
16.16365858
16.30078161
16.36729058
16.48931572
16.51157259
16.55803470
16.78372715
16.90320689
16.96147046
16.96204470
17.11109392
17.14150686
17.15629933
17.28707199
17.30245062
17.30589563
17.36459266
17.43908868
17.46003313
17.46022950
17.47286316
17.57226523
17.71133582
17.72976421
17.78742646
17.80624186
17.96097883
17.98908484
18.02804005
18.07856240
18.24440360
18.27386219
18.39044546
18.52515369
18.56955793
18.61964090
18.64844488
18.82735038
18.95961936
18.96944906
19.03525073
19.07541464
19.23567363
19.30397290
19.39170972
19.43836361
19.44205626
19.67147558
19.72816329
19.81967300
19.95814814
20.06544713
20.14107055
20.32223115
20.34973430
20.41414661
20.45480101
20.47989100
20.52064971
20.56326246
20.64269737
20.71420172
20.72161017
20.72808349
20.78558833
20.80389822
20.81011988
20.90818894
20.92917472
21.05490553
21.08650611
21.09220170
21.13017392
21.19318718
21.34899532
21.40346828
21.41937238
21.44294471
21.62061047
21.71959720
21.72103282
21.88433566
21.96049282
22.16578517
22.27704907
22.42823734
22.48010743
22.62877470
22.81728707
23.09945994
23.10957227
23.19142716
23.28162211
23.32426195
23.41360727
23.43943809
23.56496396
23.65161290
23.89694021
23.95070140
24.12544665
24.16578597
24.23965007
24.35331807
24.62527423
24.68179257
24.75863208
24.77566548
24.78086246
24.79594972
24.80961529
25.07691811
25.09828189
25.39024362
25.41807808
25.47062631
25.53615679
25.58449812
25.58724819
25.77973632
25.86664680
25.86909693
25.93303783
25.95240935
26.07425499
26.12747193
26.20870231
26.22314062
26.22866013
26.27251842
26.28444636
26.28455797
26.32928182
26.42086409
26.52686243
26.62262356
26.75607901
27.06633826
27.20154744
27.22883404
27.31306994
27.52868967
27.68085861
27.81047920
27.84280793
27.87297243
27.88384042
27.88955616
28.06956038
28.09123429
28.15598210
28.30678262
28.31346550
28.31634843
28.34603950
28.38653098
28.39962913
28.41480081
28.55563937
28.60114408
28.60940022
28.66970539
28.79113689
28.84810156
28.94596737
28.97419869
29.01167342
29.07377453
29.15838982
29.24302907
29.46353958
29.48495643
29.54022948
29.83698862
29.83957360
29.89182009
29.89308017
30.04219675
30.16399094
30.17409240
30.18118647
30.24494591
30.34108567
30.42885304
30.59122190
30.62579088
30.65496271
30.67440240
30.74339542
31.05320685
31.17441909
31.23752066
31.28416013
31.30880065
31.43751949
31.48436299
31.56089212
31.61302553
31.61784408
31.61837318
31.63237941
31.75445759
31.86589145
31.98084241
32.03119625
32.08232386
32.22043607
32.33384420
32.36484511
32.53506638
32.60245009
32.76903551
32.78438245
32.82241117
33.09945562
33.17523742
33.23053492
33.24561035
33.26747278
33.30535369
33.60637541
33.78566703
33.79692230
33.92612386
34.08371681
34.18823239
34.22859421
34.23488441
34.24611026
34.27556066
34.36409862
34.43186601
34.52126130
34.63469679
34.66976359
34.70328325
34.95263427
34.99629339
35.07458170
35.08226649
35.17871979
35.23487364
35.30709525
35.35177919
35.43268657
35.46059128
35.62521470
35.76536910
35.85090950
35.97960077
36.02694640
36.19680362
36.48417195
36.57440013
36.58140263
36.69141494
36.83613548
36.91815379
37.00146051
37.02140788
37.15731958
37.26793030
37.26972523
37.27090900
37.28901211
37.34212437
37.45729331
37.53960944
37.57466622
37.77281900
37.84462165
37.86226370
37.86854013
38.09786547
38.20070026
38.30351446
38.38120798
38.76108823
38.92790934
38.97650253
39.40580231
39.41475994
39.43637016
39.52499372
39.53983171
39.79323516
39.84210059
40.14975397
40.22429628
40.42474766
40.51178843
40.77190009
40.79683360
40.97244722
40.97245270
41.01962949
41.18223306
41.19607610
41.23066289
41.26137383
41.38763730
41.39606160
41.56223805
41.65460253
41.70323138
41.83198519
41.83735826
41.86016028
41.90410548
42.03645925
42.08700353
42.09043611
42.19570497
42.37311332
42.37348522
42.46805758
42.48671582
42.60819372
42.63961464
42.66729347
42.76992837
42.77733118
42.78765418
42.84469245
42.94540106
43.02003823
43.23583159
43.28630873
43.29045493
43.32447829
43.33390511
43.56492689
43.59938673
43.68851780
43.79372453
43.81285257
43.95284437
44.02969190
44.10217647
44.46096780
44.47274327
44.50487148
44.53277075
44.54165928
44.70383293
44.75766743
44.85723757
44.96427287
44.97124797
45.24540029
45.27305158
45.32086594
45.41998458
45.53631509
45.62575076
45.69878230
45.88715560
45.93815559
46.01052079
46.04372908
46.06976186
46.12973345
46.15445474
46.15851649
46.19100720
46.43497088
46.45165883
46.46554866
46.57615430
46.63881122
46.79907418
46.89996089
46.90629996
47.01052350
47.17341112
47.24325974
47.27898851
47.30691181
47.40275766
47.61028298
47.75287971
47.81911573
47.85769594
47.90581827
47.90939480
48.01230306
48.10235687
48.15262711
48.18274143
48.22781996
48.36130019
48.43036301
48.70930788
48.73520612
48.86214118
49.01309431
49.04227010
49.56998864
49.63947842
49.67142643
49.69251319
49.73345070
49.83499478
49.90607268
49.95859209
49.96781149
50.04868979
50.42153150
50.76620458
50.89636660
51.09319216
51.15638778
51.29881629
51.33476956
51.66775844
51.68729211
51.72497563
51.73227066
51.85370794
51.85534831
51.88519136
51.96417813
52.12069735
52.12894862
52.25181579
52.43315441
52.52467899
52.56127159
52.64145016
52.65761100
52.70451329
52.71247662
52.78516153
52.81142338
52.91574415
52.95192077
53.05143459
53.13704427
53.21003839
53.24264108
53.27912385
53.62066110
53.62075443
53.62581471
53.74857211
53.76563665
53.89282258
53.99038066
54.09929351
54.20892859
54.21598108
54.37896836
54.44925239
54.60721462
54.65922004
54.71806113
54.76203826
54.85001133
54.88411470
54.89068518
54.89265671
54.99207718
55.02463654
55.17639362
55.32927955
55.49166496
55.51709786
55.55487246
55.60955858
55.63608933
55.75037015
55.76674574
55.77780975
55.79249351
55.92121620
56.02512457
56.03304221
56.07099384
56.21316193
56.26059214
56.26394200
56.50288427
56.53708143
56.59897431
56.64610820
56.77850130
56.92615651
57.02327400
57.12971776
57.43231650
57.52773609
57.74335911
57.74822451
57.78407686
57.86292537
57.87119876
58.07224584
58.35062942
58.46993838
58.67044175
58.68441356
58.79268746
58.83521852
58.90034828
58.93786555
59.20665421
59.35484908
59.42605813
59.48256039
59.51527576
59.64321575
59.64564396
59.95843092
59.98630669
59.99828644
60.48015076
60.48459798
60.49937312
60.63672912
60.67299617
60.93092221
60.93140904
61.14599987
61.18045785
61.32990349
61.42422464
61.46731937
61.51128444
61.80256311
61.80307174
61.83738868
61.86295045
62.00016193
62.00903026
62.06784548
62.16900920
124.00000000
