0.18484322
0.31720735
0.71437292
0.90104017
0.93228588
0.93294388
1.21354250
1.23801116
1.26613466
1.36390364
1.36888606
1.42362484
1.48036308
1.48835812
1.55332176
1.70094184
1.70152168
1.77149155
1.79225813
1.92195897
2.02665912
2.22435748
2.28510779
2.35895072
2.47044751
2.53029364
2.65603434
2.77601381
2.77988225
3.06393399
3.20371141
3.27246935
3.43685911
3.44301651
3.44653551
3.49925346
3.51946449
3.69465919
3.94132358
3.95484595
3.95573320
4.07203894
4.11758205
4.13748802
4.18005798
4.20448370
4.28960649
4.39342977
4.50194978
4.60925576
4.69643101
4.84570098
4.87374199
4.93259401
4.94179381
5.01255586
5.10904770
5.15648607
5.22764295
5.32695546
5.37411060
5.52879824
5.60090091
5.69995873
5.71031689
5.75674821
5.79768136
6.07957278
6.12759183
6.15925331
6.25427335
6.46154299
6.47075361
6.54907943
6.55173255
6.63500700
6.66213129
6.91297446
6.96586121
6.97602068
7.07914655
7.15716808
7.16220206
7.16900732
7.24368410
7.27839787
7.34897393
7.50138130
7.58882829
7.59260364
7.63409879
7.66700730
7.73450922
7.74927970
7.76810595
8.03928572
8.12054853
8.21583546
8.27837682
8.33936847
8.42200010
8.50439294
8.50824584
8.55842669
8.56942877
8.65706004
9.24976544
9.25274390
9.39317072
9.55908036
9.59241882
9.59275817
9.62019554
9.63876209
9.73081314
9.91301489
10.05944558
10.17316431
10.19764293
10.20852576
10.33389415
10.33805652
10.34260192
10.46331146
10.57263557
10.59118003
10.63090216
10.70599857
10.73694693
10.78162979
10.78301982
10.84936863
10.93072713
11.02840352
11.13576706
11.14377490
11.30052951
11.38845907
11.50080098
11.56351927
11.61545437
11.66344257
11.95465842
12.04785018
12.17054740
12.28904772
12.38778269
12.45928059
12.47433252
12.54293564
12.59100510
12.77503408
12.99886824
13.02148854
13.24164395
13.26998298
13.46521916
13.73145171
13.77354120
13.82372563
14.00167505
14.05655449
14.12954799
14.13019371
14.17354131
14.26410996
14.43183825
14.53377205
14.56995210
14.69179897
14.69901307
14.70291938
14.82964109
14.89245048
14.98561100
15.12807732
15.22148736
15.27139020
15.27303368
15.27636916
15.28947380
15.53580431
15.58936709
15.62517005
15.69914657
15.76910833
15.80387880
15.87202488
16.01919705
16.03858196
16.06078774
16.18985575
16.30307619
16.34463668
16.35222790
16.39577720
16.54178274
16.54209863
16.58757816
16.65247011
16.73631855
16.74563973
16.79238573
16.87450109
16.99791970
17.00012184
17.01606413
17.13838046
17.24471337
17.26766295
17.30279838
17.38897825
17.39637715
17.42241689
17.45236092
17.54783681
17.56156029
17.58483644
17.89591141
17.90673656
17.95660442
18.08788555
18.11782671
18.13103775
18.14735544
18.30802613
18.31074507
18.43317846
18.44471184
18.50178586
18.61001025
18.80722670
18.94065094
19.01651663
19.10261036
19.25567477
19.32847029
19.33821865
19.62926182
19.88457040
19.88722793
20.15461244
20.30639669
20.35055072
20.41553539
20.47765067
20.52037431
20.73971927
20.86937736
20.95771578
20.97728821
21.09894247
21.39070034
21.49410794
21.50867514
21.56608383
21.56939400
21.60338628
21.63847330
21.65058977
21.70362868
21.71860990
21.82418711
21.91386840
21.92869929
21.93959073
21.95996440
22.17249858
22.18568919
22.21687970
22.43067207
22.54695322
22.60063166
22.60628507
22.61282193
22.66813182
22.71761423
22.75242742
22.79068962
22.90961226
22.96250998
23.07165634
23.08641784
23.09789535
23.20130748
23.25543876
23.35471390
23.36828646
23.42056296
23.43143290
23.46020083
23.48252588
23.69816808
23.70802965
23.78804847
23.85412672
23.86137077
23.90679145
23.91686467
23.93061537
23.96240705
24.02535318
24.08390636
24.12760772
24.17090142
24.23012900
24.23589805
24.24530331
24.26171054
24.27173673
24.34350528
24.35581993
24.52023699
24.61965752
24.62334725
24.64681395
24.67378765
24.74286775
24.81745286
24.93171113
24.95412262
24.99997563
25.01203020
25.02625771
25.06905009
25.08915480
25.24224862
25.30455181
25.43896192
25.45887966
25.49609378
25.57693846
25.65588239
25.65779725
25.68081297
25.74928929
25.79289923
25.88859249
25.92477985
26.06305551
26.09284788
26.10755137
26.21353751
26.25259959
26.28812013
26.29940638
26.32928182
26.33210993
26.37297881
26.39599824
26.40963545
26.49905919
26.52221003
26.75503246
26.81387473
26.88231247
26.88670468
26.95332805
26.95491925
26.95949464
27.01963181
27.14704342
27.20331437
27.24921972
27.39667909
27.40267317
27.47714076
27.53840312
27.61046235
27.72353206
27.73614139
27.76766433
27.77460197
27.97298649
28.04462977
28.07400585
28.08204213
28.09777238
28.24175711
28.27653271
28.31229059
28.40643421
28.47079758
28.66970539
28.94114830
29.02148931
29.04095012
29.16780134
29.18900793
29.21404130
29.65297009
29.69714027
29.74025049
29.82467861
29.92830047
29.93178831
29.95004377
30.23681234
30.28356134
30.32116942
30.38691907
30.47683736
30.67723780
30.71068295
30.74846200
30.89071157
30.97892498
31.08901346
31.11108474
31.17999986
31.18247860
31.46582827
31.72332060
31.89930309
31.94115351
32.01592546
32.02463924
32.10888143
32.11483629
32.30621408
32.32260232
32.33384420
32.48140236
32.59019349
32.69949079
32.75909350
32.92134327
33.05469933
33.21914440
33.40434973
33.46981252
33.61228237
33.63036452
33.70087614
33.74333523
33.77392328
33.97358229
34.10867489
34.12311040
34.23943878
34.28882913
34.34035787
34.35961647
34.37334018
34.63280619
34.71229493
34.71978711
34.72478866
34.74556580
34.77829552
34.83004445
34.86964814
35.06973505
35.09183592
35.10438548
35.11141080
35.11905133
35.14885528
35.24963746
35.25020689
35.31739919
35.54270473
35.56626129
35.67610130
36.01140201
36.09705646
36.10919068
36.12454309
36.12885326
36.15606320
36.26393389
36.32049062
36.32410147
36.44128480
36.55387103
36.60116176
36.67590011
36.76052903
36.83498847
36.87148533
36.89080165
37.04806268
37.10222496
37.11075301
37.18191079
37.20743248
37.38182695
37.47752754
37.56657493
37.60182919
37.62904398
37.74688430
37.75882172
37.76330632
37.76386896
37.92248597
38.02209794
38.10096465
38.25860840
38.29153798
38.34768238
38.36036869
38.38674820
38.42966500
38.49770274
38.58874320
38.73273682
38.74274645
38.86598304
38.91020498
39.05285125
39.05969934
39.06900792
39.11834416
39.12346892
39.17625018
39.31815629
39.33132033
39.33181271
39.33548332
39.37552043
39.41089209
39.43237806
39.68596634
39.75153176
39.75628609
39.77732124
39.79211285
39.83125391
39.91166753
39.99703261
40.03740965
40.19209160
40.31628402
40.36533064
40.41732783
40.44210291
40.54839701
40.71725519
40.84635606
40.91331862
41.34799653
41.39494596
41.43489379
41.43874696
41.54056076
41.65686420
41.70323138
41.78782185
41.79164953
41.83735826
41.88251921
41.94608269
41.97840574
42.00460775
42.45333882
42.69208236
42.75757467
42.79691739
42.89124867
42.93884078
43.20091177
43.40034732
43.43890051
43.46665333
43.55068380
43.63825493
43.66970082
43.67704890
43.70220654
43.80619618
43.81590336
43.93711495
43.94257344
43.95827424
44.02287116
44.09379560
44.13669393
44.35850483
44.37077215
44.43489799
44.47595486
44.54824777
44.57102685
44.63767371
44.73939620
44.75613619
45.06196643
45.15446058
45.22928872
45.25697841
45.26413295
45.47274107
45.69045222
45.80903862
45.82447853
46.04209727
46.10185569
46.10313137
46.14867239
46.43921156
46.44384694
46.47157121
46.59588431
46.59888692
46.69246071
46.74041482
46.80752639
46.89145465
46.92074820
46.95578676
47.24916720
47.45066363
47.93870701
47.99542885
48.06273897
48.43972102
48.48282032
48.61619832
48.68126470
48.74723051
48.85463671
48.97994744
49.01309431
49.07608181
49.11742514
49.25203552
49.29153080
49.34993341
49.43668989
49.47754435
49.53704881
49.79073039
49.82763227
49.82834902
49.88095074
49.88306985
49.93199265
49.95976685
50.09286190
50.09538787
50.10047111
50.11786605
50.12273612
50.15195453
50.30008380
50.34925849
50.36253138
50.41450305
50.51428225
50.55705083
50.57948988
50.58254613
50.61594511
50.79311999
50.81968854
50.89342328
51.01190016
51.01755292
51.09207857
51.11141278
51.18506766
51.25167781
51.28947205
51.36116881
51.49101952
51.49331112
51.54436380
51.65221297
51.71054268
52.07800733
52.08202145
52.21933323
52.29762034
52.34168134
52.40051660
52.46290445
52.52745734
52.53387400
52.60565026
52.83815254
52.83989447
52.95484437
52.97902765
52.98025894
53.26794013
53.28774369
53.30783715
53.40291037
53.42077078
53.47121026
53.56445454
53.56886061
53.64385608
54.04264925
54.09799773
54.15164037
54.26514233
54.30692344
54.36370041
54.47417787
54.48829992
54.50420263
54.55981743
54.58913653
54.60999237
54.72626021
54.83001051
54.98531151
55.12306619
55.13398513
55.18822409
55.19050767
55.23732951
55.26015322
55.44162347
55.46932374
55.47661537
55.48905943
55.56101535
55.76243524
55.84316275
55.85382008
55.86874024
56.02103069
56.16470782
56.33871689
56.34469864
56.37730044
56.40771748
56.41380577
56.42446257
56.44214843
56.64409181
56.68874690
56.83238744
57.33314913
57.69252186
57.80839318
57.92061954
58.03644532
58.13323031
58.21125701
58.34057504
58.37386795
58.40790810
58.41924530
58.43845788
58.58939873
58.63220840
58.69461174
58.77819019
58.97024745
58.99660713
58.99872589
59.07744234
59.16089044
59.46134450
59.50215990
59.71414840
59.75889790
60.05185378
60.24519358
60.34188356
60.37202711
60.41753667
60.46912472
60.61999859
60.70422497
60.98023852
61.02662145
61.07181638
61.24875625
61.27318765
61.30605101
61.32288400
61.47954802
61.56134817
61.68864372
61.73057105
61.89090571
61.93108559
61.95970189
124.00000000
