0.02424731
0.04068437
0.05502884
0.06367284
0.17175993
0.38556674
0.42307955
0.55106472
0.56636920
0.61026981
0.61697207
0.75797138
0.78539416
0.94436696
1.01835339
1.17510761
1.17956641
1.22745260
1.29845947
1.39924787
1.51730722
1.56469561
1.64806937
1.67159191
1.77387591
1.79396292
1.89739669
1.91852865
2.03445173
2.10962135
2.13163490
2.21820039
2.41855404
2.44559102
2.49061292
2.49339719
2.52074749
2.58251907
2.66452386
2.81234760
2.84823488
3.07873599
3.12538303
3.27480574
3.34109439
3.37446773
3.37465476
3.45528835
3.51946449
3.81391032
3.86751638
4.07410817
4.20439113
4.35094278
4.39296288
4.42570808
4.48300831
4.50902447
4.54169563
4.59091363
4.69737649
4.69947589
5.12210091
5.23713140
5.32913724
5.40879059
5.77472099
5.94238890
6.10843360
6.13770217
6.27250673
6.36826314
6.37975886
6.38740097
6.46738488
6.68934476
6.81347391
6.92307774
7.14518735
7.15891982
7.29585306
7.31253821
7.36708812
7.42095489
7.45529831
7.54125667
7.66429055
7.68403073
7.83020201
7.87018234
8.08833868
8.13877558
8.17258265
8.24242307
8.25441073
8.31161857
8.51945257
8.56945489
8.57111365
8.73816764
8.90582111
8.96773559
9.00856991
9.00972460
9.14794303
9.33291791
9.33912791
9.53368239
9.55164304
9.59999799
9.62687588
9.67747212
9.72650982
9.73367518
9.77276089
9.84662143
9.85192287
9.87784174
9.92635334
9.95095484
9.95412714
10.05944558
10.11037434
10.23372232
10.25856497
10.33347932
10.38327558
10.76493098
10.77553621
10.87136819
10.88215222
10.90924505
10.94498022
11.16254221
11.32190456
11.33595367
11.37313677
11.54034297
11.61509152
11.66953395
11.83352910
11.90230656
11.91958716
11.97012875
11.98047935
12.06467715
12.09362273
12.17292936
12.22180519
12.28083671
12.29484962
12.38123031
12.43588270
12.53723843
12.64108989
12.68885031
12.70471033
12.70657096
12.74293213
12.76207282
12.78079251
12.84432669
12.92429609
12.92734753
13.18384600
13.21787162
13.25073095
13.26292344
13.26596652
13.38100057
13.48211773
13.91919094
13.98975078
14.12847642
14.13124454
14.21893717
14.24142515
14.42332032
14.60690575
14.63441123
14.67393329
14.74308492
14.80497990
14.90288365
15.00008260
15.00240078
15.04939790
15.05554482
15.12535859
15.27730221
15.31033488
15.31078655
15.31939442
15.44048095
15.52670967
15.61112084
15.65881742
15.65932282
15.74637379
15.79830760
15.80635118
15.87695600
16.00875585
16.09517454
16.11766475
16.13178536
16.25173267
16.28566630
16.36938853
16.39022833
16.44605739
16.58767947
16.61393472
16.63427948
16.76298419
17.03146545
17.05270901
17.08957393
17.20628494
17.46333282
17.47120258
17.49375983
17.52291213
17.58524624
17.60531121
17.64224316
17.74096833
17.79852272
17.81831769
17.88547740
17.90362667
17.97344644
17.98437478
18.11206900
18.13000667
18.16322072
18.17377362
18.18991296
18.25073145
18.26477635
18.33431897
18.41396199
18.44425987
18.49147429
18.59988016
18.61044406
18.63116540
18.65226976
18.67184122
18.69743782
18.70281996
18.78595748
18.78651191
18.86660314
18.91818608
19.15988288
19.29419320
19.42510965
19.45863091
19.70589748
19.81219694
19.89216964
19.96285993
20.02269767
20.02866407
20.18696380
20.26930405
20.38429261
20.42797800
20.50909356
20.51952785
21.09220170
21.15213859
21.15725884
21.30817356
21.32335312
21.36311891
21.37793007
21.49410794
21.61850877
21.73398376
21.90249052
21.95046221
21.95791485
21.97185957
22.12617664
22.14200207
22.20951344
22.29525550
22.35226138
22.47265705
22.55872186
22.71690847
22.71972533
22.76613036
22.77631523
22.91011223
22.96276389
22.99521082
23.10375074
23.28190607
23.31651534
23.35604842
23.40931107
23.43339558
23.48585325
23.49630773
23.52526982
23.56161605
23.56464354
23.63048498
23.65071020
23.70442973
23.89830799
24.01786037
24.15226850
24.17186000
24.21226337
24.25179679
24.34350528
24.45701521
24.55327520
24.61618563
24.78842861
24.87901800
24.94131766
25.06905009
25.10225589
25.13974990
25.20492570
25.22231161
25.37535136
25.46870913
25.46964493
25.75079704
25.79729834
25.95437591
26.03354730
26.28312177
26.29850912
26.38254765
26.39599824
26.43358613
26.68746141
26.72034521
26.85108665
27.02382618
27.04975781
27.05290520
27.12609705
27.14519820
27.16263837
27.17223720
27.34956278
27.48353629
27.50919692
27.51187279
27.56845349
27.62480975
27.63411926
27.63629448
27.76497051
27.80661918
27.88411126
27.89720330
27.93179825
27.96509714
28.12486410
28.24910376
28.32967432
28.42689750
28.61533529
28.72146441
28.80163805
28.80704502
28.91850452
28.94114830
28.94596737
28.96045679
28.99297704
29.02043085
29.04476041
29.11352466
29.26556103
29.28215430
29.51122798
29.68559108
29.77322829
29.78457915
29.87894476
29.95246984
29.98873820
30.11478897
30.18173754
30.27836612
30.29634117
30.30400386
30.34108567
30.34855938
30.50727812
30.51898486
30.63113120
31.04985941
31.51939172
31.59555675
31.63186286
31.75220360
32.02961457
32.13982987
32.20490900
32.23782770
32.27993227
32.54274089
32.63405949
32.74436090
32.75935794
32.87143442
32.99936386
33.17991774
33.29994814
33.33089047
33.46652578
33.54136688
33.54819443
33.60174903
33.66341595
33.74003911
33.77780289
33.87832028
33.89473762
33.93127837
33.97681598
34.08434506
34.10867489
34.28394107
34.31035574
34.31768412
34.35996403
34.41784743
34.54005506
34.61656255
34.65703147
34.73217170
34.85662421
34.95829779
35.00558890
35.08443126
35.37814175
35.38043799
35.47326967
35.56163704
35.59139799
35.60756524
35.64260982
35.71517938
35.86088888
35.88945612
35.95156457
35.96971394
35.98927388
36.08406419
36.11362598
36.12272770
36.15567296
36.17631004
36.20817341
36.22698208
36.28406153
36.43787459
36.44600147
36.52353280
36.55989617
36.64155874
36.83826443
37.25639802
37.30778365
37.38378641
37.49541402
37.60073487
37.75773335
37.88962419
37.89790079
37.93734152
38.04853527
38.11301424
38.21566085
38.36616309
38.43527023
38.45466990
38.54733107
38.55038416
38.82195558
38.98604540
39.08787648
39.11882849
39.36835791
39.37132265
39.42875334
39.56891290
39.59523733
39.62463237
39.62538051
39.64848247
39.68596634
39.74150242
39.97391185
39.99021809
40.00860708
40.05434246
40.23925394
40.26059785
40.46616406
40.51516354
40.62709243
40.63652971
40.75383490
40.87228263
41.09026486
41.10457333
41.13578950
41.14498399
41.16965446
41.19078451
41.23391870
41.45382480
41.70206026
41.76154982
41.92816811
42.23635195
42.27876201
42.29532966
42.39753793
42.48405262
42.48427930
42.58705517
42.66622172
42.73867898
42.77733118
42.87096033
42.98430298
43.09563847
43.16524988
43.18607820
43.32996419
43.34647063
43.37241258
43.38403423
43.42640131
43.55585303
43.56492689
43.62705761
43.68127632
43.80353347
43.94765400
43.99565149
44.00170793
44.02861284
44.12281888
44.13307109
44.31301469
44.32296368
44.36303295
44.47816048
44.56833804
44.57218570
44.58538800
44.67121869
44.69059270
44.82697360
44.95655194
45.27029435
45.35096045
45.35901602
45.50926310
45.74692988
45.75381001
45.91180145
46.02699300
46.23287509
46.29493781
46.31779675
46.32995797
46.35279836
46.45165883
46.53349065
46.57898303
46.58025472
46.58862665
46.59158868
46.80818883
46.93240684
46.93387333
46.93603904
46.99114027
47.09749853
47.13560795
47.29742117
47.36017601
47.37637474
47.53147359
47.55157171
47.80345638
47.92869695
47.94634211
48.02125994
48.03963926
48.25544278
48.31330055
48.32545981
48.33935114
48.62160182
48.87348882
48.89280502
49.00165647
49.03989225
49.08402684
49.36928278
49.52348976
49.70342588
49.79073039
49.81848436
49.96606989
50.10213331
50.13211674
50.17555772
50.20111702
50.30735813
50.43127252
50.52808896
50.59288635
50.66849737
50.80644226
50.85275720
51.14128294
51.52580464
51.56232613
51.86330760
51.89232883
51.94101539
52.03061898
52.06150766
52.17377569
52.28604497
52.35529577
52.40982459
52.44327586
52.58998236
52.60666140
52.76605205
52.79645056
52.93481434
53.04514680
53.06294620
53.09999962
53.18260541
53.30488218
53.31294714
53.32470270
53.36830620
53.38137961
53.49858985
53.57292076
53.81003757
53.83109185
54.07653002
54.15996552
54.16215350
54.18276777
54.27080393
54.28705044
54.44836777
54.48666964
54.57114539
54.67770630
54.78832473
54.83479286
54.90356825
55.06400573
55.08105131
55.24688979
55.25739427
55.30460006
55.31279886
55.35774222
55.40840102
55.50446799
55.85112884
55.91652446
55.93887463
56.01242982
56.06368283
56.42866909
56.53959385
56.59365214
56.65339488
56.72069102
56.89678590
56.91674697
57.05415617
57.09778926
57.17056815
57.33402906
57.37599272
57.48269171
57.48892904
57.50064898
57.54839549
57.59175150
57.70353837
57.75274687
57.80069987
57.80369303
57.87478975
57.93321825
58.00556475
58.05756024
58.11629722
58.20888702
58.33456766
58.41843430
58.55731397
58.64926153
58.74327177
58.97473728
59.00669734
59.02803958
59.11907359
59.15981062
59.22604041
59.28842024
59.31402293
59.46495438
59.48427558
59.48765417
59.60334765
59.62755135
59.63588073
59.66054520
59.66939205
59.77367191
59.80998700
59.84271945
60.05108743
60.12548095
60.43206701
60.47541662
60.69246673
60.74964929
60.84116704
60.97894668
61.01457680
61.12654236
61.20412970
61.21868570
61.22081130
61.27525215
61.37966502
61.49494273
61.77339484
61.80961374
61.84662310
61.97581496
61.97948276
62.18318164
124.00000000
