0.03695852
0.07060394
0.07744447
0.10796557
0.14804181
0.28241325
0.37096712
0.39603657
0.60324131
0.61636386
0.67674889
0.81423123
0.92058651
1.02875250
1.14575464
1.36390364
1.41007796
1.47051417
1.49950705
1.50626564
1.57560339
1.58686703
1.70408088
1.79880954
1.81258800
1.99778701
2.03817338
2.15205974
2.17822720
2.20138603
2.24591807
2.34476065
2.40528733
2.55959037
2.59950626
2.60159524
2.71775925
2.85703089
2.88829967
2.90999187
3.14053545
3.14823935
3.17525117
3.29747572
3.55347447
3.75776964
3.86377424
3.94229332
4.06462348
4.23776863
4.26313487
4.28390712
4.30300005
4.39625764
4.56209536
4.60441309
4.81634185
4.99147961
4.99349163
5.09626000
5.33433494
5.36476919
5.60523027
5.61749630
5.75864169
5.93803743
6.10250424
6.12750062
6.13485369
6.20088447
6.20247163
6.31645231
6.55018734
6.58177261
6.58575368
6.65561474
6.92899023
6.96645922
7.06190208
7.13403103
7.30534158
7.40039163
7.40351320
7.45803315
7.56263504
7.85797160
7.97855861
8.00843243
8.02242924
8.05600330
8.07924270
8.09312610
8.15629672
8.21418946
8.21641330
8.39192256
8.47958889
8.49759273
8.60449929
9.03803848
9.13483082
9.27943855
9.31052828
9.36835615
9.40268102
9.44853506
9.56512567
9.69747534
9.69969535
9.73367518
9.82610238
9.90442938
9.93943379
10.02354641
10.03419778
10.08740006
10.29069395
10.38473521
10.42299124
10.59733824
10.60091027
10.61457618
10.68986361
10.75208337
10.75389453
10.80497565
10.90198742
11.09692322
11.17715813
11.17975135
11.22486821
11.24341673
11.35380965
11.47266421
11.65201198
11.78989178
11.79592046
11.80971923
11.87961921
11.98402612
11.98672156
12.17223085
12.17989146
12.22704233
12.48833171
12.64380692
12.65803325
12.66851211
12.74132344
13.04693766
13.06932742
13.10477145
13.11282838
13.29432448
13.33051368
13.37199588
13.37474374
13.43678387
13.44216589
13.54770643
13.55805857
13.76109859
13.76419927
13.90921664
13.97885913
13.98578192
14.24719826
14.30825872
14.39696037
14.41218435
14.53052103
14.71312068
14.75729304
14.83225705
14.87653910
14.91934089
15.19932158
15.20601475
15.22179712
15.24469060
15.49096247
15.51698617
15.53450053
15.53694902
15.57357035
15.59993165
15.60563668
15.63997508
15.65919802
15.66015089
15.71984497
15.84623782
15.87957712
15.92894742
16.09523204
16.24854267
16.27546028
16.44652976
16.54493088
16.55732585
16.56899912
16.73777292
16.76545722
16.77312375
16.77888147
17.03674638
17.10370609
17.32144733
17.36644169
17.38667535
17.39929607
17.42719623
17.43372391
17.49094488
17.53665164
17.64883285
17.65202534
17.70046387
17.77571117
17.89069537
17.93652649
18.14298125
18.15096394
18.15762710
18.21831879
18.51557360
18.53986166
18.63784589
18.65175029
18.72922022
18.78826683
18.81927382
19.03604928
19.31291890
19.33693093
19.38870366
19.39387615
19.66715389
19.80283306
19.94466272
19.98270802
20.08119457
20.11996480
20.14716816
20.25906086
20.27564105
20.32423231
20.64197615
20.65151945
20.66625616
20.66629856
20.86796051
20.97794633
21.01229373
21.02364125
21.19486835
21.26024739
21.31852848
21.34899532
21.56357783
21.60224293
21.61490840
21.62494821
21.70657084
21.74596866
21.81035916
21.86697188
22.00028336
22.11656275
22.18901068
22.19867893
22.24782382
22.25973159
22.28769680
22.35255765
22.40984706
22.44386752
22.49214467
22.51239177
22.55229725
22.59477067
22.61847690
22.68981536
22.76613036
22.82648332
22.86609273
23.01728252
23.05231317
23.14557166
23.27257401
23.28552357
23.35162090
23.44695516
23.46539243
23.54451465
23.77614010
23.86047265
23.88851934
24.00896117
24.03536319
24.06067937
24.45551851
24.47871254
24.48214911
24.49502367
24.52473018
24.54676931
24.66911990
24.67654233
24.69603004
24.87064266
24.89024681
24.89261177
24.95777661
24.97076148
24.97757520
25.10000693
25.49233107
25.54644221
25.60855335
25.64029917
25.65301615
25.69783508
25.72821578
25.78733771
25.79879283
25.80452954
25.87351409
25.98149026
26.05637510
26.06179925
26.15269475
26.16809092
26.17794024
26.26773759
26.34392255
26.34660416
26.56966138
26.61540568
26.79969066
26.84962716
26.88468329
27.14711514
27.15277265
27.17110329
27.39898633
27.55595981
27.66646565
27.74831235
27.82123913
27.89318745
27.89813245
27.90394663
28.00456095
28.02427435
28.04232024
28.14709621
28.16226596
28.20574845
28.26301757
28.30932463
28.32967432
28.33629622
28.48385080
28.53309920
28.54295901
28.72034298
29.16343606
29.17839806
29.19790610
29.23085386
29.34943654
29.64016353
29.77322829
29.79267004
29.80382519
29.86653372
29.89422323
29.90434135
29.90882483
30.13294290
30.20422579
30.24045481
30.31627826
30.50623418
30.56456612
30.56661987
30.82526155
30.94170806
30.94186404
30.95716548
30.96569631
31.01469271
31.08662789
31.23363853
31.38132465
31.54369832
31.66800908
31.67750523
31.86377996
32.09894555
32.17314194
32.19002311
32.22806266
32.26943818
32.34562722
32.35898686
32.38650740
32.41521975
32.43233077
32.43797761
32.53218697
32.56515918
32.64240699
32.79465427
32.85021781
32.92741041
33.02712160
33.08493384
33.08989992
33.24239235
33.40538392
33.60012097
33.60485033
33.78273801
33.81077771
33.89741999
33.94787116
33.98663306
34.08542024
34.13384614
34.31982010
34.43404863
34.47020625
34.51051818
34.70688965
34.74392995
34.81523558
34.81701633
34.86577845
34.88297870
34.89996407
35.06151810
35.09107815
35.27807207
35.28005434
35.34323725
35.41054556
35.46602043
35.52953859
35.77073984
35.77608989
35.78510875
35.82096813
35.98867506
36.07531255
36.17895848
36.26895383
36.28387313
36.45348995
36.50664969
36.51445494
36.72740753
36.80159484
36.82398721
36.85532630
36.88137759
37.07052769
37.12243026
37.14226087
37.15718363
37.20078354
37.27330072
37.60073487
37.60810583
37.66536407
37.74773824
37.76864828
37.80463165
37.97382187
37.98450524
38.06110185
38.14867071
38.19503037
38.21209891
38.27636765
38.36831519
38.42525285
38.53461333
38.56987214
38.58129037
38.71283517
38.75704927
38.86490188
39.00787500
39.08546426
39.11834416
39.29334036
39.39379499
39.42016771
39.49724019
39.55091769
39.64157002
39.74936301
39.75628609
39.79766627
39.98903909
40.01050345
40.12803652
40.13357758
40.25314027
40.41670180
40.67515326
40.88828046
40.89845752
40.92928300
40.94343527
41.01233322
41.25447389
41.39710574
41.43380213
41.46547317
41.51690739
41.54466792
41.66558040
41.76879243
41.85966375
41.87756411
41.92689525
42.07560069
42.22215202
42.24140767
42.24760723
42.25440153
42.33175918
42.34124571
42.51461639
42.62939995
42.69697662
42.75734505
42.79098792
42.90711281
42.90722099
42.96778163
43.04538889
43.08264220
43.10455561
43.21173884
43.31277576
43.34377502
43.52929625
43.55594411
43.59179810
43.61531553
43.69601701
44.02573468
44.13799855
44.21550619
44.23235068
44.39012524
44.39370927
44.65446480
44.99489335
45.18438768
45.43864737
45.44794118
45.52296284
45.57533860
45.57872814
45.75845800
45.78703398
45.79649807
45.82572846
45.86427068
45.88466070
45.92344902
45.94128786
46.10370748
46.15914730
46.19819814
46.23848681
46.25067945
46.26367379
46.29252473
46.42724629
46.73105737
46.80013841
46.84321915
46.87146466
46.92016545
47.08864495
47.14104815
47.16591856
47.21099675
47.24309330
47.27939920
47.31479063
47.36700739
47.36895386
47.42955589
47.52657262
47.57568973
47.57728445
47.77346091
47.90711026
48.04081939
48.13079660
48.17369105
48.19699420
48.24470457
48.28995994
48.47355085
48.55059960
48.57922705
48.60435580
48.68243809
48.90116873
48.96365462
48.98470518
49.00142243
49.19336851
49.21661472
49.27050090
49.31636960
49.39111679
49.41588853
49.43315560
49.47284894
49.48553283
49.55182777
49.58331140
49.62431864
49.66937051
49.86474458
49.92027441
50.09449261
50.23477077
50.45736860
50.53799319
50.56197982
50.58793330
50.61733127
50.64566021
50.64812898
50.87122205
51.01151058
51.07062840
51.09088574
51.10094750
51.26372694
51.44624596
51.49268260
51.55247430
51.61859440
51.62929231
51.66138171
51.68514454
51.77386845
51.92034617
52.16598304
52.25311761
52.27626535
52.37947709
52.41418001
52.44182624
52.55777181
52.56202259
52.66250722
52.70203570
52.77405997
52.88538892
52.98713094
53.13301131
53.23460854
53.41931278
53.54649571
53.61895302
53.66496812
53.73794875
53.96242895
54.01483401
54.07075420
54.10043993
54.20917139
54.31518949
54.48358843
54.61632038
54.67527176
54.70344213
54.84452618
54.89330177
54.90342187
55.01845035
55.04015410
55.04150942
55.08222185
55.32927955
55.39578508
55.56405988
55.57365515
55.63608933
55.64583238
55.66413086
55.83986282
55.86038395
56.03447865
56.20613417
56.28369069
56.32490492
56.46280300
56.48291049
56.57116375
56.63673032
56.63808269
56.70251357
56.79125817
56.85234892
56.87415556
56.89621269
56.90924881
57.09123371
57.10866040
57.23429282
57.28878409
57.32758982
57.33241342
57.34751041
57.38207216
57.39936990
57.40185404
57.50064898
57.59175150
57.68254374
57.69017401
57.72843788
57.78993568
57.88370488
57.99055913
58.11906738
58.13627354
58.13875634
58.41894209
58.50641186
58.51473470
58.56606901
58.63392797
58.65137060
58.66956245
58.67427663
58.69115419
58.74682564
58.83875329
58.88602437
58.92049226
59.05615241
59.10168873
59.18545044
59.19259042
59.32390084
59.38614573
59.47488199
59.56689254
59.56816573
59.59486652
59.74834920
59.75596800
59.86069353
60.34862552
60.54253718
60.55155137
60.62848443
60.65308240
60.65701107
60.74799966
60.83065793
60.86615695
61.25190371
61.27383368
61.28637021
61.30597323
61.44546005
61.62149625
61.66015699
61.81690100
61.84125938
61.92492741
61.93495718
61.94102054
61.94395734
61.94876888
61.95691438
124.00000000
