0.02025286
0.11508203
0.25248155
0.27331102
0.32122922
0.42037892
0.53681517
0.76047895
0.77185949
1.17798986
1.22534396
1.35316261
1.53034378
1.56469561
1.68970646
1.72950183
1.77281988
1.80007166
1.84000486
2.01601783
2.39950081
2.41987822
2.63132882
2.68272553
2.83014919
2.92868023
2.93918040
2.94446171
2.95312947
2.97586377
3.41274667
3.59973255
3.65559942
3.79957071
3.88142147
3.98700149
4.04984359
4.16868559
4.17936170
4.25544823
4.26990068
4.28985850
4.31458958
4.31854526
4.36366367
4.44888100
5.06490386
5.09883352
5.16109087
5.20916268
5.25515045
5.29876053
5.31854237
5.44595462
5.58823971
5.59714675
5.59906996
5.66452897
5.70717455
5.76735226
5.81639084
5.88537098
5.96617993
6.01434766
6.05193182
6.32582803
6.40605354
6.41155996
6.44273756
6.48012956
6.53422591
6.60461292
6.67290559
6.68682879
6.74649735
6.76506935
6.77845193
6.92514053
7.13692659
7.16018425
7.20493087
7.27210756
7.35805716
7.36288698
7.45002541
7.48560359
7.60826502
7.86302121
7.93850003
7.98031413
7.99998724
8.00403257
8.09291153
8.23288674
8.24036979
8.27700231
8.28669334
8.31956307
8.58735358
8.69605120
8.71999269
8.81502643
8.95319904
8.95949799
9.06334602
9.09304783
9.10428812
9.14794303
9.26017540
9.27116017
9.52693846
9.55320565
9.64076582
9.70125084
9.70617184
9.79725676
9.82510614
9.91996008
10.46227837
10.66274327
10.81926013
10.90000459
11.12760792
11.13096914
11.33774644
11.58796294
11.59834090
11.71164557
11.72511601
11.74173164
11.87052928
11.91301301
12.17624611
12.20248960
12.22200603
12.31909234
12.39748823
12.41958599
12.47690221
12.50675426
12.57865275
12.69462944
12.79271419
13.01375083
13.05053544
13.12540080
13.14655559
13.20403965
13.22959245
13.35578275
13.36633564
13.39037588
13.43993887
13.60978660
13.78992519
13.86244700
13.95651097
14.33002877
14.46729720
14.51367907
14.51861039
14.52562040
14.69019317
14.78843994
14.98934004
15.01693538
15.04686555
15.19342154
15.28828663
15.30482067
15.41626638
15.50278297
15.55190970
15.57823948
15.67612543
15.69726129
15.69986822
15.74779684
15.89780470
15.91354547
15.91966557
15.93403674
15.94185004
16.06292510
16.10398482
16.18598148
16.27783252
16.43978492
16.48021416
16.50849476
16.54005044
16.76545722
16.83794639
16.95340418
16.96464735
17.06678006
17.07830716
17.12325650
17.19500857
17.39003114
17.43614948
17.57168199
17.75376595
17.83286811
17.84390807
17.87859205
17.88977395
18.01585253
18.10596247
18.12079153
18.17783184
18.18621119
18.21271497
18.34555530
18.41471613
18.44432676
18.49522915
18.52496220
18.53769832
18.54640260
18.66563733
18.68652504
18.69671508
18.90780393
18.93140494
18.93433226
19.03694855
19.06326374
19.07251990
19.34371723
19.54340363
19.66236873
19.90619387
19.92751628
19.97713199
19.98270802
20.01418143
20.06866337
20.08088372
20.12129164
20.26849101
20.34344213
20.35885415
20.36232698
20.44725826
20.46283990
21.03683581
21.05581855
21.07348376
21.11493692
21.12958850
21.24977716
21.28380106
21.30393831
21.31567100
21.32789905
21.67392043
21.67405228
21.72927918
21.74604588
21.75616426
21.82543465
21.84644179
21.91831298
21.93826455
22.05077832
22.10402311
22.31024828
22.33334720
22.35280809
22.35510587
22.35765168
22.47265705
22.52441763
22.58455934
22.70261620
22.78053545
22.80091292
22.97136022
22.97843446
22.98515846
23.09017978
23.25075738
23.31250157
23.34270625
23.45128885
23.54066165
23.55374720
23.63827842
23.81899390
23.84184737
23.88744054
23.92794069
23.95696675
24.12555461
24.15476079
24.17588429
24.30560768
24.37807585
24.42563896
24.52262326
24.52735671
24.58251832
24.66181217
25.02333207
25.14958842
25.21239208
25.21990503
25.56964815
25.64554045
25.65806781
25.67900480
25.76929007
25.83539579
25.85108761
25.88034554
25.95240935
25.97721140
26.05170129
26.26302947
26.33365676
26.48957000
26.50624024
26.56482544
26.93360413
27.02512141
27.17877379
27.51248068
27.55505268
27.88955616
27.90946604
27.91871168
28.03420424
28.09711240
28.26361662
28.42295205
28.46073915
28.61583182
28.74524829
28.76319996
28.81886400
28.90929111
28.98519759
29.01265446
29.10410754
29.13453101
29.38424947
29.44368805
29.57368747
29.59909519
29.60452919
29.63704921
29.72807684
29.74239358
29.81108149
29.86292441
30.21531587
30.31627826
30.40807247
30.43241442
30.47683736
30.57489500
30.57496833
30.57520402
30.59790441
30.71613354
30.94170806
31.10763293
31.12966529
31.13722369
31.18364563
31.24116175
31.45638612
31.70687807
31.85510608
31.93884771
32.10245244
32.15707679
32.30757617
32.51265313
32.66390120
32.69007175
32.70205669
32.79613895
32.79840379
32.95790961
32.99815921
33.00388531
33.14651571
33.23432354
33.28770121
33.41806335
33.52248004
33.57279648
33.78424125
33.81402080
33.88554619
34.01592505
34.02954586
34.04226048
34.04993880
34.18187551
34.20995166
34.22388563
34.33253400
34.38944044
34.46536000
34.47243856
34.52919571
34.65448236
34.68702661
34.77214966
34.86924014
34.98937403
35.04076196
35.05997329
35.15043049
35.20171449
35.23755961
35.48336391
35.49799917
35.53407254
35.63808703
35.78674205
35.94123026
35.97698737
35.99382051
35.99667795
36.08406419
36.23297939
36.41621342
36.49642024
36.52192013
36.52544688
36.60782456
36.61218039
36.66234890
36.67436511
36.81429482
36.81498896
36.98228361
37.17433432
37.37278566
37.48869508
37.53931526
37.56131988
37.67567182
38.24542911
38.24661716
38.30756565
38.38047660
38.44409168
38.49115862
38.61677362
38.69675729
38.76466449
38.89504704
39.19078740
39.25097104
39.29956626
39.44486925
39.57980177
39.63847839
39.68039476
39.75279046
39.79676553
39.79808564
39.80288065
39.84111186
39.84903307
39.88322775
39.91141068
39.93644307
40.25376496
40.28812574
40.32158843
40.32288231
40.39598402
40.41636808
40.55424702
40.59414753
40.59729102
40.60909692
40.65871227
40.67248658
41.10003747
41.23528721
41.42634607
41.44335048
41.51012069
41.52253299
41.53505233
41.65952523
41.85015529
41.86290812
42.01285972
42.13939378
42.25178149
42.38833899
42.62535469
42.69713164
42.75184313
42.80134913
42.89103984
42.91987783
42.96431643
43.04538889
43.10455561
43.16135015
43.21582729
43.27877127
43.41925761
43.68127632
43.69340643
43.73437326
43.74774735
43.82564775
43.88021318
43.89446034
43.92048682
43.96021281
43.98235978
43.98751551
44.13371542
44.25351214
44.26155935
44.47472031
44.47527918
44.50984581
44.69400518
44.69639846
44.69741042
44.74457459
44.82792812
44.98723272
45.00512186
45.12457044
45.12733998
45.33672759
45.44104351
45.56436438
45.69011623
45.70376426
45.74331954
45.85345037
46.03574885
46.04372908
46.10907156
46.10928937
46.25429180
46.29099588
46.60793030
46.63392450
46.66868811
46.68668840
46.83144416
46.88355804
46.96679856
47.03947928
47.13362018
47.23301255
47.30345647
47.30534189
47.30808079
47.40500169
47.47674311
47.68444696
47.71540615
47.75668503
47.97108985
48.05747561
48.06135778
48.13209056
48.24092156
48.34394118
48.34428240
48.41379467
48.41477756
48.43203911
48.69033104
48.72307580
48.77187320
48.79732493
49.00216084
49.06423039
49.15219292
49.21350073
49.27155092
49.48257027
49.53270120
49.57326692
50.05083257
50.17189862
50.22854080
50.37800811
50.45304340
50.47983599
50.64148860
50.77055127
50.79663541
50.81921963
50.94867424
50.95103542
50.99260124
51.07958979
51.17344148
51.24160910
51.31655452
51.41163783
51.50805812
51.65221297
51.69120392
51.77966280
51.82280618
51.86670753
51.87352676
51.90538627
51.92447385
52.33153625
52.38554440
52.52745734
52.64396554
52.66250722
52.76957558
52.78396505
52.92984670
52.93252031
52.95523382
53.16786954
53.21264928
53.28825191
53.30955302
53.31092820
53.33810025
53.43931150
53.46754255
53.60431963
53.67565811
53.72136526
53.73867301
53.74233149
53.79273325
53.87685125
53.93555209
53.95734040
54.00440879
54.04376064
54.04448619
54.15857721
54.20892859
54.25834472
54.39626506
54.39692768
54.49556199
54.51455788
54.52196744
54.62916775
54.65683610
54.67760195
54.74583327
54.81051589
54.99855748
55.01861659
55.04120429
55.10317448
55.20296748
55.28439648
55.32789336
55.32927955
55.39256703
55.42314594
55.48055043
55.57542815
55.61134353
55.71587090
55.83535896
55.99898523
56.01319598
56.07605126
56.08831768
56.14647988
56.15784603
56.27226757
56.28921592
56.31211255
56.56440516
56.57606809
56.61949673
56.63605283
56.74779266
56.76917397
56.88374566
56.88745404
57.08838096
57.09055072
57.20059381
57.31990532
57.50064898
57.64029521
57.73320796
57.75849111
57.77754642
57.81423008
57.89219671
57.90174830
57.91389548
58.26456399
58.37386795
58.55015384
58.58611332
58.65474868
58.76153900
58.78659390
58.79486501
58.96079020
58.96950957
59.01535847
59.11855930
59.19718254
59.22657271
59.40158521
59.54620574
59.78320962
59.96796874
60.14950367
60.15567974
60.29025850
60.40637441
60.49189517
60.53080420
60.62441856
60.63032715
60.73661725
60.74439698
60.80371740
60.81281160
60.83076877
60.92146990
60.98291064
61.00981676
61.04450381
61.15177577
61.17560721
61.19189610
61.42835664
61.46166511
61.49089719
61.49537128
61.61734547
61.66600688
61.75336439
61.83028731
61.99325757
62.04847265
124.00000000
