0.08609684
0.11206881
0.12046995
0.19210634
0.22907302
0.27331102
0.30298957
0.32166861
0.35407596
0.38556674
0.60176897
0.70170239
0.76983488
0.80771620
0.90547415
1.12651052
1.16940985
1.21732521
1.34561818
1.37142211
1.40399900
1.48164717
1.68296243
1.79578649
1.95855839
1.98055574
2.13226802
2.14449112
2.16709402
2.21009411
2.23147098
2.36141163
2.37498726
2.49933595
2.71061852
2.72498188
2.78689993
2.94676920
3.05230881
3.11391949
3.38757134
3.43531960
3.47534701
3.48308592
3.54345152
3.58825427
3.69991128
3.84852710
3.86752067
3.93486774
4.04831955
4.19460622
4.22518321
4.26854276
4.32833248
4.42442371
4.48506852
4.69678037
4.97269466
5.25002039
5.26292739
5.31767974
5.42132244
5.51607450
5.64833166
5.66715176
5.70006044
5.77575685
5.83300758
5.83780338
5.96112979
5.97986620
5.98256025
6.06998068
6.07094131
6.22685041
6.30446286
6.33951276
6.41024666
6.56976893
6.69996824
6.71392622
6.71555249
6.90031126
6.93431762
6.94173923
6.96116023
7.19269847
7.23052024
7.39467417
7.39984325
7.60515610
7.65743931
7.74767340
7.74927970
7.79723016
7.80392183
8.06689214
8.11197643
8.34048941
8.42141101
8.42289625
8.52839291
9.09148116
9.12000411
9.13830933
9.23102125
9.25394549
9.29786726
9.45215289
9.53190825
9.59098431
9.68343590
9.72001676
9.76680282
9.93217705
10.00281524
10.05407701
10.31171643
10.39388525
10.40606743
10.60636896
10.62118477
10.82655851
10.89663054
10.96958489
10.97112636
11.08436694
11.25611327
11.29905237
11.36337915
11.39569133
11.39746301
11.45817755
11.60404797
11.63267339
11.64223562
11.69588670
11.70327816
11.84616596
11.91444172
11.99967259
12.14753462
12.39199393
12.40034841
12.42131412
12.44609041
12.91967534
12.97339849
13.01594127
13.02046232
13.18011926
13.26292344
13.38124386
13.40315520
13.57634610
13.58439338
13.60445317
13.62549286
13.77978032
13.94537624
14.35791429
14.74372104
14.77940815
14.81595074
14.92575930
15.04433656
15.09661938
15.15954368
15.26187989
15.44373224
15.47036855
15.47411305
15.62803232
15.71630037
15.89743374
15.90082103
16.01479250
16.01558337
16.06717964
16.35803689
16.36938853
16.39138210
16.56182790
16.57118475
16.58580135
16.83178176
16.91270909
16.91499540
17.01247063
17.04878591
17.07947096
17.28145275
17.39677265
17.53680863
17.57226523
17.72976421
17.73751764
17.77622069
17.95292986
17.96711032
18.04686719
18.14462527
18.29556604
18.38662784
18.40138580
18.51273271
18.56933230
18.59381050
18.60366508
18.66439048
18.69650453
18.75705193
18.75860482
18.78940734
18.85602146
18.91860710
18.97769320
19.23724409
19.34878607
19.36064750
19.37658535
19.42144642
19.43620641
19.55367152
19.55513743
19.59968863
19.60290941
19.73621559
19.78638392
19.80059759
19.87911029
19.97035840
20.01828565
20.02409498
20.23984933
20.36431705
20.36996914
20.63996325
20.65240436
20.72176487
20.81349968
20.82963246
21.22876221
21.38328442
21.49647565
21.52219488
21.52561794
21.58347736
21.59644990
21.64640171
21.66318175
21.80015368
21.84315233
21.84930031
22.06962990
22.28769680
22.29613173
22.40596984
22.78118579
22.88241099
22.93887100
22.94921977
22.96071771
23.00444715
23.00913947
23.19324524
23.28635930
23.36071442
23.47816221
23.49377642
23.63163488
23.63375831
23.92508559
24.07205363
24.19239315
24.24711383
24.27626635
24.40180049
24.65824083
24.76299953
24.81500710
24.85239127
24.86611585
24.95298093
25.05894680
25.06988923
25.10173301
25.21750982
25.22105612
25.27563403
25.32611339
25.43346372
25.54632584
25.72106674
25.85879630
25.96029801
26.03187926
26.13439070
26.20515386
26.28812013
26.33086391
26.70708626
27.02088936
27.03661868
27.04471189
27.07703128
27.11949496
27.14197445
27.14704342
27.37695657
27.42888435
27.60824801
27.68283896
27.69858125
27.72941132
27.77631837
27.91836005
27.93715340
27.95922715
28.00561391
28.06956038
28.28527539
28.37619481
28.40138525
28.40803743
28.49493322
28.72245583
28.73953860
28.95560533
29.04302562
29.17480590
29.20314199
29.24484593
29.25316756
29.32018955
29.36624345
29.40809321
29.51997376
29.59011402
29.60855074
29.62169081
29.62617345
29.67537960
29.86806731
29.88850917
29.89471047
29.90881558
29.92987402
29.98873820
30.07401931
30.07800351
30.13294290
30.16732115
30.36708009
30.56994363
30.59382478
30.78796422
30.81989402
30.96257269
30.97647023
31.01776256
31.04985941
31.06106992
31.06864623
31.07414134
31.17737820
31.29523099
31.30880065
31.53621371
31.59144539
31.65734590
31.67088136
31.79288848
31.91833686
32.02831368
32.13145082
32.20164841
32.20223530
32.32083461
32.42188449
32.86228095
32.87143442
32.87317947
32.89980199
32.91017043
33.07804128
33.21652198
33.41751577
33.56998228
33.61782388
33.73607499
33.83784785
34.07821196
34.19986640
34.20564322
34.23294634
34.28167099
34.34730445
34.52919571
34.69469419
34.91357447
34.96231241
34.97676326
35.01293909
35.03915761
35.06973505
35.11046106
35.11523148
35.19986451
35.24592612
35.35480372
35.41361782
35.42631932
35.53172995
35.57503783
35.67491703
35.75861524
35.76482930
35.81604761
35.94736716
35.96270435
36.00353233
36.01545518
36.02087220
36.29350298
36.30245994
36.40084775
36.45678586
36.55168626
36.95668630
37.09015750
37.10222496
37.10918039
37.30591711
37.34672388
37.39999478
37.48598679
37.61537210
37.62625722
37.80585439
37.84061354
37.98362023
38.03441508
38.03754168
38.08410506
38.15619438
38.17888322
38.23035808
38.37051459
38.39437745
38.49952317
38.53182784
38.60494023
38.90187647
38.91373829
38.92690172
38.97469409
39.07372034
39.10863858
39.21617364
39.22753079
39.31538631
39.34508237
39.39069129
39.46808164
39.61835873
39.66551650
39.67013783
39.77251470
39.86307785
39.95397570
40.02075343
40.02148413
40.19957087
40.22516566
40.24086931
40.34520397
40.56007622
40.78383237
40.89479357
40.90385770
41.01233322
41.07447326
41.34826171
41.43118586
41.44035075
41.55069389
41.63669501
41.67695028
41.85013408
41.92281254
41.98763602
42.06115132
42.10076489
42.13908346
42.26941985
42.39419080
42.44068335
42.45861006
42.85346102
43.13045801
43.13824278
43.15259844
43.27778864
43.28179193
43.43833180
43.57376730
43.65532079
43.78910672
44.15015299
44.24300267
44.26496758
44.28128799
44.52188035
44.53039433
44.63979624
44.76824539
45.01278238
45.02598295
45.07921035
45.10002682
45.10379673
45.12600917
45.19802180
45.22034181
45.22478483
45.43864737
45.44643387
45.45674895
45.47164141
45.51134187
45.51575354
45.57872814
45.63338022
45.66077972
45.67468983
45.67574326
45.68021036
45.71285154
45.83980093
45.86199286
46.14478977
46.16338248
46.34277466
46.41956705
46.42016623
46.64563766
46.65535426
46.75845009
46.77832055
47.02035580
47.02632609
47.08334158
47.12208484
47.14706535
47.23764763
47.26929199
47.49122320
47.52169382
47.54961782
47.59988460
47.62504577
48.07359845
48.08839841
48.12014740
48.24689887
48.26836509
48.29012248
48.32274061
48.32685879
48.35361840
48.36185210
48.56348707
48.66600442
49.01214758
49.08957536
49.13975664
49.27155092
49.30397124
49.57686420
49.79259947
49.84478952
49.86803029
49.89067444
49.91411535
49.91895468
49.92306702
49.96582993
50.06862411
50.12401823
50.12539601
50.23826284
50.32216391
50.37324288
50.48249616
50.48515832
50.56439143
50.58784161
50.60929644
50.65302558
50.72550584
50.72569624
50.73020267
50.84072733
50.98106070
50.99076048
50.99260124
51.13098435
51.13154395
51.21334554
51.25547482
51.27114066
51.58655321
51.63476991
51.73470377
51.77636487
51.88072746
51.98397677
52.11131569
52.29471841
52.48296710
52.53635500
52.75930259
52.79235311
52.88093310
52.89060941
52.94654321
52.95689426
53.11629454
53.21563471
53.32441768
53.34588971
53.36311660
53.40462349
53.40785157
53.41597400
53.44173686
53.54878546
53.64294343
53.67574985
53.73876044
53.78432721
53.91576378
54.00017466
54.07897249
54.08877788
54.35244535
54.42797366
54.61766779
54.65792858
54.68722536
54.69055422
54.69835483
54.71516779
54.92702711
54.98531151
55.02446092
55.19764679
55.29980129
55.33367413
55.35583788
55.50269205
55.53867365
55.56362490
55.60622919
55.71587090
55.74181749
55.81861555
55.82284681
55.90854757
56.03313059
56.05943447
56.08111980
56.28955717
56.30383158
56.46108522
56.54888667
56.72716691
56.81211548
56.81667248
56.86304925
56.93860923
57.00957668
57.10708204
57.17834647
57.20059381
57.29440194
57.51605808
57.73051731
57.80740838
58.00781766
58.03962371
58.04253404
58.20145099
58.58489844
58.62163835
58.66132548
58.66334284
58.76118508
58.77944200
58.88691022
58.91958783
58.92049226
58.94570137
58.96636132
59.01253880
59.07296285
59.20145656
59.37504093
59.47117579
59.50241138
59.68364287
59.74834920
59.75737141
59.80998700
60.08096127
60.51884326
60.56429060
60.61918128
60.91850206
60.93885501
60.95464188
60.96680135
60.99106241
61.07903554
61.26095686
61.43709998
61.50412539
61.51656617
61.53389600
61.63032541
61.68387519
61.73684585
124.00000000
