0.02825441
0.13346523
0.32344444
0.37919490
0.37972787
0.47936214
0.50213260
0.56636908
0.77673224
0.88996685
0.95529907
1.07626081
1.11185164
1.18053238
1.28169629
1.30738757
1.36238669
1.41439841
1.67721296
1.78114037
1.79647229
2.04832031
2.12987603
2.14582398
2.27760411
2.39510253
2.45133340
2.52589143
2.60187048
2.89535651
2.95262367
3.03202707
3.05273680
3.16746860
3.30251373
3.34561524
3.45686752
3.49720463
3.55092111
3.55726905
3.76138227
3.83209504
3.93450523
3.99516067
4.13444135
4.19952738
4.69643101
4.79289379
4.84635141
4.97584577
5.12117314
5.40266040
5.41358464
5.56046339
5.72332741
5.73162470
5.77973569
5.78116210
6.19448169
6.26731101
6.37427676
6.49255424
6.52477290
6.66815404
6.92400095
7.10955173
7.25011969
7.25342798
7.26535780
7.30534158
7.33580025
7.48644460
7.51166771
7.92514110
7.94790765
8.07231990
8.07720769
8.19185609
8.38929282
8.51545001
8.60333654
8.74356002
8.76712771
8.84575647
8.87084881
8.96133422
8.98821859
9.04651933
9.05730482
9.10525854
9.30576319
9.36565333
9.49963790
9.50582987
9.56628403
9.56982807
9.59098431
9.65345756
9.67296744
9.71543897
9.71581489
9.89050086
9.89804736
9.98378013
10.03328858
10.08752005
10.09717607
10.37176745
10.50819718
10.73369174
10.76439317
10.88495505
10.94329007
10.97971694
10.99013021
10.99632848
11.07612068
11.08387962
11.12392425
11.15573272
11.21874727
11.25029842
11.34997741
11.45271474
11.50247030
11.59520530
11.60227493
11.67021359
11.67364998
11.72003410
11.79704904
11.82084301
12.05563198
12.07180660
12.32180361
12.41316593
12.43040438
12.51292122
12.51890497
12.59977025
12.65545961
12.70971405
12.74293213
12.79409038
12.84287349
12.86050726
12.95593935
12.96271575
13.01715144
13.09205422
13.14137367
13.23663191
13.27114662
13.34785141
13.39667349
13.40279447
13.42978144
13.47971277
13.49577104
13.76006264
13.77332004
13.81219286
13.83885090
13.90267668
13.91516382
14.11003253
14.12847642
14.15606282
14.34658104
14.42665704
14.49980656
14.54807380
14.64584602
14.66835313
14.71365665
14.73986632
15.04058831
15.24112529
15.25002761
15.33747930
15.44146634
15.61793756
15.73211968
15.85629890
15.98434083
16.27506792
16.39401435
16.52660529
16.53938161
16.54958679
16.56963203
16.70248998
16.72167631
16.72649067
16.75306116
16.83152735
16.89781677
16.97755328
16.99370351
17.03923192
17.11404171
17.27749409
17.41895518
17.44554834
17.57548552
17.66036710
17.77458892
17.85624620
17.99136845
18.03854948
18.11162215
18.11234812
18.21126967
18.27876277
18.33526141
18.43285987
18.45068715
18.51793022
18.51883379
18.55458283
18.73377575
18.75119089
18.77456918
18.81329423
18.81911147
18.88015846
18.94632662
19.02875315
19.04581106
19.12392484
19.15681809
19.22754222
19.23846870
19.27503209
19.29799472
19.34456838
19.35040226
19.42750198
19.63541761
19.67602891
19.79982585
19.86084255
19.99483079
20.06544713
20.06866337
20.15349500
20.29674109
20.31283979
20.32700240
20.48320689
20.56375197
20.68208743
20.70591559
20.80577384
20.81507318
20.92007953
21.09747121
21.18093651
21.25332421
21.28126068
21.31578259
21.36090854
21.45729277
21.51005044
21.56574383
21.61597278
21.65058977
21.70548425
21.81311178
22.00891150
22.07521886
22.21071323
22.27759235
22.29063300
22.32280279
22.49234134
22.53242724
22.58904237
22.69877789
22.79157691
22.86183143
22.98493657
23.16665657
23.30833736
23.35041002
23.42468702
23.60891117
23.72103174
23.72430840
23.74313132
23.85197007
23.94433561
24.10516967
24.11919936
24.14633878
24.20035165
24.21689334
24.33376083
24.48726446
24.54882986
24.57249480
24.73995906
24.79048707
24.79058379
24.80893144
24.96521903
25.01262439
25.02668694
25.18291992
25.19506951
25.22375874
25.25726571
25.28013835
25.37615343
25.38485256
25.38981759
25.51746999
25.64167351
25.67989343
25.76815143
25.77448492
25.78653519
25.83459160
25.88064223
25.92147986
26.01124083
26.25693864
26.34728182
26.38680239
26.39519193
26.53756326
26.61712081
26.63165192
26.79413901
26.88670468
26.97326384
27.05290520
27.50119217
27.62407269
27.73955552
27.79187457
27.80756277
27.93860638
27.95495419
27.96669308
27.96940907
28.07742024
28.17000604
28.29653749
28.35869142
28.35931939
28.74673946
28.80570866
28.85128172
28.85811632
28.94141956
28.99925422
29.18502292
29.22345375
29.37679533
29.38968248
29.62617345
29.65408360
29.66262409
29.86653372
29.87024310
29.91149290
29.95285522
29.97667809
30.04623769
30.11105798
30.11335704
30.32159257
30.44258209
30.63669473
30.75526423
30.97596609
31.14907886
31.22830049
31.29587505
31.42546497
31.42907749
31.47631742
31.48875538
31.48967257
31.53739033
31.54096987
31.54369832
31.55183721
31.57300538
31.59113088
31.64179305
31.67951099
31.71561169
31.80203649
31.98533673
32.09550679
32.38828506
32.41502962
32.73324869
32.86228095
32.91731748
32.93114413
32.96497335
33.00388531
33.13453724
33.20861326
33.29806750
33.30560160
33.33609200
33.34269798
33.37101980
33.40436427
33.42013927
33.61228237
33.73345106
33.74464175
33.91874828
33.95222200
34.04226048
34.05948614
34.06519630
34.20564322
34.27310491
34.37724008
34.57974763
34.66860395
34.72709663
34.82076139
34.97699751
35.04940964
35.10406523
35.12234701
35.15965202
35.23633661
35.23794348
35.44328159
35.56626129
35.61487641
35.68718482
35.79114306
35.93642387
35.99164195
36.09148502
36.26062087
36.26068476
36.28355883
36.44513936
36.51911308
36.53157135
36.56148589
36.71727443
36.81327294
36.84281996
36.86316873
36.89707056
36.97156120
36.98914619
37.00896639
37.10312582
37.14685756
37.20078354
37.36677858
37.38943106
37.51916205
37.56065364
37.61126704
37.80003558
37.91671961
37.94509023
38.01599889
38.06814474
38.09368735
38.21085360
38.39226883
38.50376744
38.51233953
38.63037833
38.64664051
38.75375240
38.87556945
38.91082252
38.92096104
38.93275529
38.94580235
39.19250693
39.31950420
39.41864202
39.46225147
39.55544600
39.58244801
39.61835873
39.77928803
39.80570969
39.85737928
39.96610772
40.19957087
40.29870843
40.55383537
40.58808096
40.64417257
40.75777424
40.81702204
40.87464535
40.90812777
40.91228893
40.96231469
41.07491367
41.15748989
41.16453155
41.17432327
41.23528721
41.30553319
41.43359564
41.54813167
41.60872111
41.72494665
41.80092503
41.82736237
41.86728986
41.94952007
42.03645925
42.11692063
42.18793724
42.20100946
42.38296149
42.53708852
42.70390057
42.77733118
42.82322063
42.84046138
42.92175639
43.00089979
43.09200192
43.16524988
43.24791408
43.25295212
43.55585303
43.65774510
43.75287425
43.91267445
43.95889202
44.10708194
44.42353879
44.53677067
44.54022842
44.56969239
44.58407973
44.59467757
44.86317451
44.86721355
44.90877070
44.94594359
44.96658972
45.01980479
45.02568688
45.07345805
45.12533244
45.24668921
45.46988306
45.59191988
45.60001213
45.60608258
45.75207888
45.85171686
46.09778652
46.10192022
46.16338248
46.24751003
46.28073464
46.58655263
46.64531643
46.70439474
46.73127962
46.99357063
47.17566112
47.21997336
47.24242734
47.24732281
47.45378828
47.49161760
47.53271460
47.67011570
47.71083100
47.77789213
47.79969267
47.85021509
47.90892066
47.91546458
47.96694986
47.98926889
48.07327929
48.09411585
48.20100208
48.29516418
48.35445109
48.36427135
48.64533343
48.64605668
48.71827405
48.72822132
48.75969636
48.80598834
48.93145570
49.29727939
49.36975812
49.80884063
49.88665914
49.92173576
49.93740335
50.01267614
50.19934848
50.26436907
50.31661385
50.33469518
50.34713932
50.39451556
50.69883303
50.77790996
51.15428152
51.21980000
51.34592203
51.38231551
51.43923666
51.56636339
51.59671221
51.60653742
51.66775844
51.67329059
51.71451389
51.82152698
51.82657941
51.93482038
51.96815011
52.16170969
52.16668433
52.28721647
52.31936503
52.31972298
52.37702100
52.37887410
52.39277055
52.41592865
52.68531452
52.80663757
52.84223895
52.90474082
52.91574415
52.93252031
53.11834526
53.15704410
53.23094663
53.28478024
53.28666690
53.41262576
53.60020968
53.61812853
53.96094490
54.04081443
54.14888445
54.21157699
54.26461448
54.33812032
54.44234250
54.69142703
54.75334655
54.89215250
54.89385652
55.01682125
55.17743207
55.22156887
55.38272734
55.38561900
55.38696916
55.56651538
55.59723346
55.64905857
55.75034492
55.75467756
55.98652192
56.00756441
56.01729231
56.05318131
56.05956996
56.16616248
56.21576281
56.52237038
56.60786586
56.70823375
56.88694580
56.90000288
56.90191942
56.94681618
57.13613486
57.25174655
57.26242058
57.37355665
57.50548306
57.50657374
57.52773609
57.59391298
57.68632181
57.72688489
57.74175050
57.87781302
57.94807828
57.97499792
58.00408254
58.20867465
58.24100249
58.27317607
58.61282333
58.63774466
58.65908879
58.66814273
58.80542866
58.84948541
58.89637008
58.97415299
58.98229085
59.00551615
59.18535541
59.18954592
59.44025735
59.63792023
59.69000821
59.69733814
59.73949683
59.78285000
59.88768728
59.89230213
60.00211470
60.09270832
60.33808313
60.50211295
60.58806256
60.60825332
60.66140524
60.70476100
60.82432185
60.93812060
60.94164162
61.03953400
61.06728436
61.08472979
61.19291682
61.24553300
61.26463621
61.31709884
61.35903592
61.36127462
61.41095402
61.54663494
61.76574352
61.81276212
62.11566243
62.12533250
124.00000000
