0.13843621
0.42132177
0.46425694
0.50257475
0.53681517
0.53943151
0.58326872
0.73905857
0.77821439
0.79487406
0.90850366
0.92262809
0.97845552
1.05318389
1.09942339
1.10518166
1.17117849
1.17521071
1.20553885
1.29822241
1.33520688
1.34185874
1.35289116
1.40873153
1.43154387
1.57560339
1.61414288
1.64005158
1.66724934
1.68296243
1.82359410
1.83319395
1.83488537
2.00402370
2.06801036
2.15205974
2.25202620
2.30492573
2.40207177
2.76080663
2.85355635
3.04669974
3.26351537
3.30951695
3.47880734
3.63548414
3.67295440
3.85891912
3.92216727
3.99271489
3.99556682
4.01508020
4.13119265
4.16625346
4.22542055
4.28971187
4.47886864
4.49361490
4.51688059
4.55878599
4.56209536
4.94914713
5.00595672
5.24331391
5.59288393
5.74994970
5.85675715
6.07957278
6.15965067
6.20301973
6.26714380
6.32108543
6.35559149
6.50236045
6.54980181
6.85113714
6.85755645
6.90526054
6.92317306
6.93589030
6.97046190
7.20910719
7.28843538
7.37317222
7.40366037
7.41788338
7.47026747
7.57609076
7.62381587
7.63821750
7.71615454
7.73049934
7.89332319
7.91360821
7.98031413
8.06208072
8.08275162
8.15504998
8.20635611
8.23575323
8.23748480
8.25688900
8.26686546
8.26736496
8.28810764
8.29411077
8.39573817
8.57696853
8.60217216
8.63874059
8.64436533
8.73110637
8.76434881
8.83372313
8.96760797
8.98631339
9.00263640
9.05908596
9.15096019
9.15612342
9.16524873
9.37515275
9.41196341
9.42917043
9.43484230
9.63377140
9.66604421
9.85915736
10.28952825
10.35850795
10.60093267
10.63437201
10.74155334
10.83919717
10.84811227
10.85219003
10.86633642
11.08477595
11.10875533
11.13591097
11.20082842
11.29495410
11.38914894
11.46147399
11.47966177
11.58283249
11.66143301
11.77054925
11.80511674
11.96149026
12.09627140
12.32180361
12.62231084
12.64634110
12.80768893
12.87225192
12.87785325
12.89117925
12.92135114
13.02435000
13.14129736
13.36046912
13.40910803
13.58633260
13.62131679
13.70052684
13.73145171
13.75377399
13.76138692
13.78726920
13.78935411
13.79090660
14.14223973
14.23051099
14.54978831
14.67883843
14.68598587
14.83525314
14.85608780
14.97073902
15.05290747
15.06855003
15.08359850
15.11112650
15.70944915
15.78757506
16.00114711
16.06673655
16.14092472
16.15784123
16.21783493
16.22259379
16.38542112
16.64903016
16.70316579
16.73171315
16.75240524
16.78669658
17.10790123
17.14433687
17.25430089
17.34877056
17.53379190
17.61333866
17.64859926
17.80956723
18.06966579
18.11521476
18.20931361
18.30432079
18.57558020
18.65768902
18.70781312
18.80504036
19.02338347
19.13426255
19.20967640
19.61940734
19.70363844
19.82137634
19.92282903
20.27686451
20.40299068
20.45747483
20.47632824
20.57294969
20.71187621
20.71740962
20.76851369
20.79405392
20.84067429
20.89315148
20.92430688
20.96784984
21.00233226
21.06264625
21.09747121
21.14703523
21.27837181
21.29179752
21.30853364
21.32836550
21.33872371
21.34982090
21.46234028
21.66820348
21.74001780
21.76054602
21.77364814
21.88117231
21.91594369
22.06420164
22.09115241
22.12927195
22.20220726
22.25132654
22.31115765
22.35226138
22.36073558
22.41411177
22.49077992
22.56892855
22.60926804
22.61808350
22.62770347
22.93056820
22.98153470
23.03646383
23.18776764
23.30546390
23.48385457
23.49265992
23.59893561
23.68669189
23.71411292
23.78618661
24.11429502
24.12552284
24.45160947
24.52767783
24.58940631
24.59042523
24.70848282
24.76454041
24.91369017
25.06841441
25.09762349
25.12598738
25.43359665
25.46307371
25.47205039
25.50618218
25.56354092
25.60397818
25.67984196
25.83789886
25.86664680
26.21842083
26.23678587
26.39130189
26.48740711
26.51427801
26.81942921
26.88227875
26.88331433
26.91409969
26.96571492
27.08857650
27.08923881
27.16891213
27.30381488
27.35096091
27.37006576
27.72771107
27.83952138
27.88998361
27.89207293
28.04623414
28.18852266
28.36057715
28.47719534
28.53019641
28.60943574
28.69724014
28.74647894
28.82989386
29.01287827
29.04842455
29.07005804
29.10456270
29.15976494
29.20488422
29.28436615
29.39903108
29.57032402
29.74242152
29.75507082
29.85511348
30.08623602
30.09063485
30.16144303
30.22709792
30.25585452
30.43603234
30.47798734
30.61598081
30.66540186
30.66699519
30.71271670
30.75620348
30.92328561
30.95793551
31.09842215
31.14317287
31.18834358
31.19021020
31.19594234
31.25181638
31.26931324
31.31513180
31.39433333
31.41017997
31.57188397
31.59517962
31.59746828
31.82574141
31.95089946
31.99139231
32.00812302
32.02480988
32.16364751
32.17062993
32.17527410
32.22191368
32.33866895
32.53325812
32.63718996
32.74849959
32.84381783
32.85292635
32.91762471
33.14201647
33.20323314
33.23741013
33.27631639
33.30745217
33.41296152
33.51635051
33.54662416
33.60374605
33.60388661
33.76403037
34.12073957
34.12785571
34.13960144
34.19808824
34.22330159
34.28414007
34.29320489
34.32861115
34.40174365
34.45719141
34.50127840
34.64028099
34.67103805
34.75708374
34.77277376
34.79239108
34.79934390
34.91834199
35.27979100
35.48655160
35.60659465
35.62371974
35.74432107
35.85842681
35.93755614
35.94940464
36.15734432
36.24258583
36.44998268
36.47833813
36.48810734
36.52715995
36.54695290
36.62029269
36.95335299
37.00630054
37.02898978
37.07167145
37.28401848
37.34623515
37.51594280
37.64194625
37.66405817
37.67086431
37.76794688
37.79666623
37.85716301
37.91302186
38.02387804
38.13143621
38.18117418
38.28610926
38.38626621
38.44441056
38.59708573
38.65562316
38.85717888
39.09747585
39.22626231
39.40527327
39.45713496
39.54928364
39.73253461
39.74150242
39.81779357
39.96246340
40.08905159
40.41974044
40.55170538
40.77328513
40.85036158
41.05973492
41.14307746
41.45853757
41.49467104
41.52039275
41.53056495
41.59428086
41.65127621
42.00372073
42.12378004
42.24333443
42.27859875
42.32964740
42.33316884
42.41972506
42.42760083
42.50663794
42.59038614
42.83838924
42.93403540
42.95752863
42.96085954
42.98531916
43.02293459
43.15771718
43.36309992
43.38006873
43.45535755
43.55594411
43.72177610
43.74113383
43.96021281
44.18322381
44.23719910
44.33168947
44.35850483
44.39228892
44.39477995
44.68993095
44.71787958
44.74953702
44.95993401
44.99882150
45.05507851
45.06745565
45.10788012
45.12190768
45.22624051
45.48388820
45.65603939
45.72848333
45.73122957
45.88153912
45.88739729
45.96293872
45.96318786
45.98057912
46.18758191
46.22756032
46.27930332
46.28740082
46.34815510
46.35592289
46.36098259
46.46499345
46.57373008
46.72339770
46.77217868
46.87028411
46.90248921
46.93281252
46.96801027
47.04681009
47.11378147
47.12068013
47.18083324
47.22282131
47.24325473
47.33192754
47.38657031
47.50853420
47.54532011
47.56080297
47.59232284
47.60564306
47.72970194
47.92503936
47.93248549
48.02966986
48.03182201
48.03577024
48.26476731
48.26514079
48.45421164
48.47389660
48.50997055
48.69753608
48.73717377
48.79737223
48.79782579
48.80365220
48.98144971
48.98925144
49.07984970
49.11038062
49.14614657
49.14912358
49.19347948
49.30012451
49.30597882
49.34346493
49.36637520
49.43149704
49.51804910
49.73345070
49.81498334
49.83548773
49.88108066
49.92358863
50.10559491
50.23939063
50.29858608
50.33469518
50.34450916
50.45414911
50.71333492
50.90150497
50.94655264
51.14670529
51.15040297
51.26385761
51.27205801
51.30198245
51.35402542
51.67898652
51.72054715
51.75883472
51.84211697
51.90790685
51.93910712
52.02048308
52.12298662
52.20825807
52.21935220
52.22710691
52.31413138
52.40673488
52.43198811
52.45040055
52.47715280
52.57744490
52.59348730
52.63004864
52.63297587
52.70386549
52.71594030
53.16056207
53.22043824
53.31092820
53.35379408
53.58273640
53.87255462
53.93161511
54.00021046
54.05823430
54.12430007
54.22684855
54.29935624
54.45745750
54.56641555
54.58566862
54.60662865
54.61422823
54.72938396
54.75717951
54.87541222
54.88027507
54.89585828
55.16321403
55.34797293
55.36737389
55.43613548
55.46751708
55.51680477
55.65438437
55.68700752
55.73030541
55.75273683
55.81702480
55.85855002
55.85928604
55.86731668
55.89769309
55.93453507
56.05375068
56.14247594
56.18288706
56.21306473
56.25433685
56.30062655
56.33151830
56.36119811
56.38764317
56.41671318
56.56062605
56.79910665
56.81392390
57.01206526
57.11381813
57.12277136
57.26806405
57.31095451
57.33441852
57.39979272
57.43231650
57.64124105
57.73762703
57.91799169
57.92599699
57.95962983
57.97963217
58.00171933
58.13363515
58.14829252
58.22785819
58.23194025
58.26358336
58.28735755
58.53348237
58.58573547
58.60563988
58.63746484
58.77873440
58.81816382
58.94257374
58.99668078
59.03428092
59.22742449
59.27731462
59.52244937
59.57317308
59.85612057
59.88793018
59.94647810
60.00445383
60.06932132
60.18608902
60.29330853
60.29891932
60.48993283
60.78573230
60.91152843
60.92066431
61.08495010
61.22535079
61.23037805
61.27539378
61.71968765
61.86907606
61.91987362
61.93745164
62.02780077
124.00000000
