0.09182676
0.09234897
0.14137713
0.32392231
0.83693788
0.92409520
0.99889283
1.01986062
1.26827642
1.41995919
1.68249523
1.86016620
1.96083279
2.04582487
2.20084166
2.29712107
2.30136964
2.32092906
2.32964235
2.47512016
2.61295245
2.64501051
2.79323972
2.83933668
2.85865612
2.90048302
2.90481918
3.02552942
3.10893943
3.27746214
3.42946610
3.51884525
3.54175201
3.58547931
3.67417447
3.69170166
3.78756377
4.10338395
4.11646350
4.12529946
4.15081694
4.16625346
4.18089914
4.22050346
4.47101158
4.60730894
4.81206166
4.95827440
4.96044898
5.06203585
5.19585949
5.24331391
5.37411060
5.42436884
5.42513678
5.51684161
5.64408246
5.70682394
5.73162470
5.74118471
5.89720229
5.96370618
6.20641456
6.23650801
6.28557155
6.32479134
6.74003477
6.80701879
6.92100803
7.04364471
7.20407715
7.40619807
7.69878293
8.13846274
8.22962610
8.30064397
8.30093201
8.35201536
8.45217903
8.46029604
8.48576267
8.55734450
8.64514399
8.65962456
8.72446041
8.80179535
8.84780684
8.89161004
9.02962566
9.07171205
9.12444397
9.13829461
9.14243907
9.24089834
9.34947301
9.36271043
9.57434347
9.60605663
9.67501750
9.75130686
9.83466610
10.00759545
10.05085416
10.13236889
10.14506723
10.32237307
10.32464831
10.45382650
10.45951893
10.61445589
10.67963953
10.68531894
10.75208337
10.78188677
10.83882168
10.88318337
10.98252684
10.98396629
10.98726562
11.15084627
11.18616885
11.19558556
11.41850629
11.44407407
11.57322598
11.65913970
11.81520983
12.10000277
12.19904854
12.26218665
12.32180361
12.49535306
12.70671166
12.81463045
12.83624494
12.95745302
13.06157442
13.10056695
13.18449662
13.25765983
13.33989722
13.37081424
13.37220978
13.46535203
13.56289759
13.78456793
13.84226937
13.84433064
13.87034288
14.03672131
14.07344891
14.07850775
14.11020092
14.14542733
14.16315006
14.16441685
14.32915872
14.37220737
14.43298912
14.55295438
14.60528308
14.69569449
15.09646854
15.30298671
15.49096247
15.68540779
15.85629890
15.88462096
15.88913215
16.12041085
16.15777247
16.27345233
16.39022833
16.43959024
16.76415645
16.76675226
16.78513348
16.86281916
16.88712091
16.89361931
17.07901409
17.24667532
17.33896463
17.46848531
17.57526136
17.61093612
17.64380726
17.67844209
17.68176390
17.73779698
17.78967418
17.82043942
17.87261345
17.98718531
18.01211005
18.14868907
18.14937727
18.29442836
18.31391198
18.36080656
18.37172903
18.44444623
18.44459754
18.46956119
18.52050519
18.58797942
18.61277460
18.69275775
18.85436919
19.07326723
19.08881271
19.20383539
19.22743509
19.32260092
19.35240435
19.37648838
19.46616809
19.56038422
19.80283306
19.82047266
20.06038562
20.06357095
20.09410504
20.15194387
20.21399549
20.66914344
20.75527369
20.84942848
20.86818992
20.93984087
20.97545541
21.15213859
21.32836550
21.33877221
21.34565715
21.40778847
21.47008485
21.54016588
21.54254571
21.64436749
21.72676902
21.76915424
21.77364814
21.96260066
22.14200207
22.16473527
22.17249858
22.23862233
22.29729612
22.30963582
22.38874152
22.41412441
22.41609881
22.51239177
22.51794279
22.54959281
22.58320553
22.65680842
22.76411105
23.19142716
23.29480200
23.44399385
23.80691324
23.83766931
23.98697863
24.03762485
24.05098526
24.10348605
24.29807102
24.63216438
24.63832583
24.74681277
24.74978895
24.79287506
24.81578378
24.82546647
24.98532866
25.02668694
25.04485792
25.14943350
25.23213448
25.42342052
25.56978887
25.66260436
25.69171077
25.74750327
25.80452954
26.06052625
26.11417221
26.16356729
26.43224996
26.53699013
26.54616523
26.59998622
26.65612534
26.67881007
26.70955284
26.71550270
26.76229959
26.79932259
26.87860476
27.00562553
27.05446907
27.06097703
27.06229834
27.07386475
27.14519820
27.25615051
27.30433120
27.33061827
27.35107049
27.48433604
27.64874742
27.66413505
27.67770641
27.69039879
27.88632550
27.88998361
27.94740951
27.97472650
27.98125316
28.01546032
28.02012784
28.02557369
28.09840053
28.19384565
28.35763031
28.36271872
28.41194694
28.41429110
28.45473191
28.47126649
28.56816981
28.61324379
28.64245558
28.80163805
28.87967864
28.94742597
29.12759702
29.16313512
29.22345375
29.35551857
29.36922729
29.45627287
29.52219512
29.55308938
29.60491808
29.69776905
29.80548842
29.83506839
29.84162315
30.05719339
30.12983750
30.27978801
30.29307723
30.31627826
30.34308533
30.37643824
30.50389553
30.51667108
30.53446327
30.56456612
30.58741278
30.79042559
30.88647350
30.89463287
30.97287017
30.98916688
31.00904185
31.10622662
31.21738033
31.54121551
31.84304178
31.86868703
31.93943965
31.97223376
31.99028424
32.05836188
32.29342429
32.43856042
32.61200876
32.71536708
32.87584372
32.90323826
32.92007108
32.99837543
33.10841220
33.21188139
33.23633816
33.24614007
33.29014477
33.43795493
33.47182415
33.92584532
33.99308706
34.10158391
34.21191663
34.23054224
34.31810778
34.53700053
34.61656255
34.87005770
35.09776048
35.10456240
35.23078900
35.33008079
35.40849981
35.49540554
35.51620168
35.53783463
35.57023743
35.78280978
35.82682526
36.02862148
36.10761947
36.37242796
36.46461426
36.51810934
36.54618155
36.58140263
36.60854954
36.62735622
36.66765194
36.68661408
36.69267093
36.74969827
36.77897532
36.98140975
37.24356486
37.28067303
37.32497394
37.36677858
37.61126704
37.68727269
37.69890145
37.85030841
38.01302948
38.21333978
38.25732979
38.28784786
38.35579501
38.41729050
38.43456208
38.43533102
38.69652469
38.93648140
38.94044908
38.94580235
39.31950420
39.37552428
39.41279383
39.41615225
39.47482151
39.48534403
39.53292194
39.53658018
39.57134753
39.63816820
39.63836570
39.74150242
39.75197304
39.85741317
39.99497553
40.18372785
40.18748036
40.24107213
40.27076579
40.35360805
40.48146257
40.49427868
40.79512162
40.84343210
40.94258866
40.96521933
40.98832953
41.02808463
41.06565610
41.07659062
41.12505720
41.16844521
41.25842246
41.26272324
41.72177105
41.72732545
41.78655812
42.13408157
42.20192730
42.20325812
42.48641324
42.65310016
42.69653012
42.86811516
43.26361223
43.26626461
43.31256266
43.31496120
43.33390511
43.47167653
43.68920326
43.85852925
44.07957978
44.21550619
44.29975974
44.35149760
44.44643501
44.50473601
44.54232136
44.54346273
44.57941433
44.60261284
44.67462668
44.72173598
44.79727755
44.94498907
45.00147138
45.12041776
45.26871909
45.34058346
45.35021925
45.49416064
45.49472748
45.54942194
45.60886916
45.75973332
45.86401935
45.88050628
45.98034758
46.14241441
46.18114142
46.37982027
46.51237918
46.58644170
46.80680004
46.93909206
47.13737512
47.16591856
47.25212588
47.38135284
47.52089846
47.52991676
47.70645927
47.71108436
47.77346091
47.84834063
47.88632373
47.90532051
47.94554756
47.94948035
47.98011918
48.14041151
48.31993217
48.54449867
48.61072400
48.63074558
48.69230806
48.74589832
48.79918487
49.06723496
49.21830654
49.23818797
49.38188879
49.43717057
49.77549468
49.82745719
49.87953053
49.88516413
49.96606989
50.09822931
50.16591765
50.17541483
50.19098372
50.24257908
50.35351099
50.48515832
50.54617496
50.68034234
50.68684506
50.95503988
50.96134307
50.99689292
51.04802498
51.10396630
51.18718294
51.29761079
51.30638202
51.69347290
51.69754928
51.70026450
51.76416514
51.77171481
51.87944887
52.00575359
52.13591260
52.19041133
52.25848605
52.43801607
52.45747667
52.68054723
52.82033961
52.82175543
52.84369283
53.02293390
53.15259072
53.18278323
53.23936182
53.35383752
53.43882383
53.53346266
53.54698409
53.60690504
53.66150647
53.66613392
53.74648555
53.76652405
53.77112048
54.01845469
54.06313495
54.06575986
54.18109309
54.23009341
54.24969975
54.25708914
54.27760023
54.28393790
54.89618918
54.89863712
55.00285861
55.09830303
55.11630608
55.11798024
55.13009231
55.32870189
55.42158931
55.43613548
55.43731371
55.47417928
55.48886218
55.61134353
55.72816844
55.77881232
55.82008410
55.83986282
55.93112225
55.93388519
56.01242982
56.04153897
56.10959736
56.35274007
56.36119811
56.46483729
56.58091448
56.59897431
56.62249838
56.65190073
56.76260787
56.88821810
56.89621269
56.93537610
56.98325852
57.07713532
57.20377104
57.28520860
57.39172236
57.43772362
57.56285969
57.78993568
58.17442228
58.18793645
58.31922813
58.36932456
58.45670533
58.68596475
58.72402897
58.76177178
58.96896719
58.97677195
59.26019346
59.26188665
59.30814670
59.32627320
59.35547420
59.45136720
59.46242421
59.84899523
59.85612057
59.87513270
59.89988374
59.94892013
59.97194466
59.98743258
60.02461869
60.10374360
60.31306933
60.52184046
60.57651888
60.79590887
60.80084437
60.82432185
60.86320435
60.87891603
60.93216359
61.16238760
61.25746947
61.26810779
61.27370433
61.29455643
61.30894812
61.36127462
61.52129322
61.53934879
61.54663494
61.60200432
61.71700926
61.76514037
61.79068556
61.84662310
61.89494486
61.89995770
61.92942017
62.01714547
124.00000000
