0.12342401
0.26021334
0.31435364
0.46809979
0.55413616
0.55495273
0.57418845
0.60396870
0.71643093
0.84330164
0.94073098
1.08358093
1.23592494
1.66724934
1.90937502
2.00663595
2.13061427
2.17873686
2.22087710
2.23147098
2.28128336
2.28422785
2.34418835
2.43783512
2.61610821
2.68125988
2.84237871
2.85912401
2.86227713
2.87021772
3.06056407
3.10158688
3.19006616
3.48356005
3.76138227
3.93440860
4.06386399
4.09261113
4.21845580
4.24937977
4.44888100
4.45719753
4.52432216
4.60695057
4.64329046
4.70437089
4.80017668
4.87345276
5.00115170
5.18650989
5.24873306
5.37320791
5.39430346
5.41305388
5.54149780
5.84782291
5.89022497
6.03895277
6.05833563
6.14517571
6.23494355
6.32178923
6.36591995
6.47373515
6.48234159
6.56447403
6.57810459
6.58045443
6.58778080
6.63883750
6.67916223
6.76013456
7.10357116
7.14518735
7.17009938
7.25001237
7.30786870
7.48875287
7.51922235
7.53899624
7.66197441
7.67589427
7.84087328
7.95373798
7.97693736
8.00758023
8.01527168
8.03892357
8.05247022
8.08020175
8.15271931
8.20235701
8.28138160
8.34488686
8.36164032
8.38604391
8.51945257
8.52649165
8.57871034
8.80146939
8.83421512
8.88564954
8.88644131
8.88935033
9.01375302
9.04863477
9.10201190
9.15704564
9.29147165
9.35616673
9.48546116
9.51669296
9.56460900
9.60502356
9.62037303
9.66816899
9.76119155
9.79152679
9.81738997
9.84342446
9.91716160
9.95712975
10.03594333
10.13977197
10.36254740
10.38382562
10.52388684
10.58251247
10.89560189
11.01233601
11.05228079
11.11878439
11.67965877
11.70373142
11.73840436
12.14888036
12.19213807
12.19515777
12.22856252
12.29950526
12.38360410
12.39879690
12.40719972
12.44640230
12.48295558
12.49508737
12.53388846
12.64108989
12.65801472
12.76071502
12.80456970
12.83505593
12.84432669
12.90664032
13.10056695
13.13881051
13.15051594
13.57806339
13.62156312
13.82390271
13.86993881
13.89368029
13.91516382
14.00344759
14.10016610
14.23051099
14.28103441
14.29843262
14.78101970
14.79855194
14.79906367
14.81595074
14.88372229
14.92734597
15.10086863
15.10653760
15.12907003
15.20110458
15.20313045
15.35714467
15.51373725
15.60363624
15.75139723
16.10467106
16.12488895
16.25484692
16.39474166
16.42800644
16.45271154
16.54370580
16.57081649
16.75388816
16.89897597
16.93019579
16.94656732
16.94727462
17.02278047
17.08584120
17.18382970
17.34347967
17.37416258
17.42743006
17.45447833
17.47268328
17.64380726
17.65675700
17.65944451
17.70100317
17.75849725
17.84650863
17.86872353
18.10637560
18.41396199
18.41448927
18.43385867
18.54662821
18.61107521
18.85869523
18.93681658
19.02505762
19.17306632
19.21640040
19.23567363
19.40885719
19.42725581
19.50078719
19.70448357
19.82232176
19.87315716
20.12559734
20.16079389
20.22106227
20.32023303
20.33561644
20.35019273
20.45021342
20.48832121
20.50657194
20.54603407
20.55601414
20.57393319
20.66467991
20.70678555
20.82963246
20.84942848
20.92773444
21.01712477
21.02769851
21.03564066
21.04625260
21.08710957
21.11313476
21.13017392
21.16320802
21.22022716
21.22088401
21.31274216
21.32340481
21.46650696
21.48496961
21.53614546
21.57463450
21.76159031
21.77658130
21.80166879
21.89074823
21.94703995
21.99609496
22.27798173
22.32983093
22.34956549
22.35355100
22.35365090
22.38952187
22.49648233
22.52459487
22.56074718
22.66324967
22.68466593
22.68778177
22.70954833
22.96558139
22.98784529
23.04205130
23.14704039
23.14891250
23.18536672
23.26844412
23.31654501
23.32929397
23.44530108
23.46142523
23.46173532
23.54066165
23.66539996
23.67426662
23.68568337
23.78578652
23.82522504
23.96487457
24.08475579
24.25528547
24.31689138
24.35175357
24.68482944
24.68882152
24.69229352
24.80502115
24.81699112
24.81720345
24.82883688
24.96360713
24.99725016
25.10198982
25.13173663
25.18235104
25.18291992
25.24068215
25.36187258
25.37615343
25.39302095
25.49727950
25.54010079
25.61043756
25.67900480
25.78927891
25.92818071
26.02333467
26.12448158
26.14570849
26.22555216
26.23145800
26.23250336
26.26937657
26.37825804
26.56966138
26.98235281
27.02927431
27.19865400
27.24403678
27.32243043
27.33962196
27.37296946
27.37522941
27.42147097
27.44335233
27.54145937
27.76293395
27.93380494
27.95181268
27.96509714
27.97196579
28.00391820
28.15919183
28.24272618
28.33940720
28.33970425
28.41183042
28.56612248
28.59818524
28.65801926
28.66065320
28.69675660
28.77559268
28.92853760
29.01167342
29.01682781
29.03920998
29.12964963
29.34024982
29.71896162
29.86431174
29.91604224
30.02113861
30.15311345
30.32528556
30.61758775
30.84805597
31.01413156
31.02286823
31.25911726
31.30728886
31.51556889
31.57121705
31.66843230
31.75875153
31.92621274
32.03119625
32.10134744
32.18159187
32.21092194
32.29248423
32.31359879
32.33584906
32.35540972
32.44497340
32.45059798
32.46706593
32.57638986
32.64240699
32.65327252
32.77966262
32.83684545
32.84101034
32.85106667
33.10201079
33.14201647
33.22236277
33.30365133
33.35595896
33.39598439
33.61623761
33.65401629
33.73135782
33.74929473
33.82903413
33.93256508
33.94787116
33.95159679
33.95606503
33.95902898
34.00429213
34.07650815
34.16318961
34.44153407
34.53700053
34.56965294
34.58244598
34.84722353
34.90773453
35.00810627
35.08409864
35.08940043
35.25980218
35.26914174
35.40725990
35.53393736
35.63606418
35.69657855
35.73890865
35.94736716
36.00399932
36.02862148
36.10986323
36.27092714
36.43085868
36.54502691
36.72488638
36.76651798
36.80426750
37.05640599
37.18538508
37.22363141
37.30232283
37.30426442
37.43740715
37.48598679
37.78643474
37.80463165
37.85716301
37.92182068
37.96484064
38.11180603
38.26978406
38.33628226
38.49770274
38.61077341
38.65767540
38.76968411
38.79932343
38.83153365
38.96151502
39.17867692
39.27479839
39.36835791
39.42423718
39.45015529
39.45627563
39.46087405
39.46219651
39.65530889
39.73037418
39.88603435
40.01724034
40.06223568
40.18015252
40.28138663
40.32459194
40.34415375
40.46632085
40.51178843
40.59592040
40.78514412
40.92915981
41.02733955
41.12789346
41.18765797
41.22493068
41.23569672
41.28175990
41.31121026
41.40789027
41.45023681
41.45926372
41.46134121
41.83362550
41.92169994
41.93187962
41.97649465
42.09079573
42.52865601
42.56189522
42.67353653
42.71315145
42.76634749
43.01456581
43.14506043
43.37495324
43.38006873
43.44526224
43.50432516
43.80321117
43.97189317
44.07458281
44.08794486
44.19162813
44.23967160
44.37665407
44.50764093
44.53227607
44.54452411
44.76824539
44.79584658
44.85070818
44.92144281
44.94698839
44.96588209
44.96590816
44.97735276
45.03495769
45.12600917
45.13750354
45.21377047
45.22034181
45.24205515
45.54721407
45.64389260
45.69823572
45.87997561
45.88050628
45.96007881
45.97961673
46.05452377
46.14577033
46.17886842
46.37119940
46.44857359
46.61120482
46.96155344
46.99566902
47.07223360
47.11001127
47.18907550
47.34292467
47.36621874
47.73520875
47.76855223
47.80345638
47.81036415
48.18314784
48.26465539
48.43240894
48.55891001
48.64880499
48.65069332
48.98905821
48.99032378
49.03989225
49.06723496
49.26726703
49.28053893
49.39155758
49.42197021
49.50624284
49.57132909
49.58565015
49.74955067
49.77875731
49.79158992
49.94976737
49.98679779
50.05419505
50.14776866
50.14832691
50.25621582
50.32001034
50.41782649
50.63144175
50.63775113
50.64812898
50.70291349
50.77328793
50.84275377
50.85109292
50.94954489
51.05177600
51.14378655
51.18222899
51.21200808
51.22780822
51.28698670
51.31836453
51.33998418
51.38502535
51.39858512
51.40941650
51.57493711
51.58568781
51.60687128
51.61849627
51.62446050
51.64171167
51.86754830
51.91951579
52.00676299
52.16888089
52.22777246
52.33821923
52.36837037
52.42544067
52.50480113
52.61245760
52.80240096
52.82033961
52.86046795
53.22043824
53.28094466
53.34405541
53.42145857
53.43268953
53.46071247
53.54825511
53.62520409
53.66550577
54.18105328
54.21375516
54.21667691
54.25103662
54.27383404
54.49420827
54.56123232
54.62889456
54.65792858
54.72953102
54.93185049
54.97464550
55.11660082
55.17486175
55.20909935
55.33310001
55.47895931
55.51680477
55.52206473
55.54132604
55.58196799
55.71941636
55.73996473
55.81702480
55.86536917
55.86731668
56.05510414
56.08731254
56.08831768
56.12775032
56.16210226
56.60488993
56.75781668
56.77483390
56.91689398
56.92875933
57.19573223
57.23094741
57.41978930
57.42839126
57.61414439
57.64958411
57.68948369
57.76398361
57.85813574
57.89836484
57.95142717
58.09002048
58.27822228
58.30040238
58.35434248
58.38276075
58.56841940
58.57775759
58.83348120
58.84641358
58.85680208
58.89258673
59.02721147
59.14110793
59.22772709
59.25607767
59.30393845
59.30427222
59.55663073
59.65773269
59.71725172
59.77154892
59.81109716
60.07907734
60.23516972
60.24537668
60.29176439
60.38090082
60.39831820
60.42996476
60.75274080
60.88123958
60.92324890
61.06503198
61.11918285
61.39835102
61.52317195
61.52809091
61.57058460
61.62619582
61.74586440
61.80711926
61.82248734
61.87097190
61.95027080
124.00000000
