0.17301315
0.17393710
0.28826603
0.33647783
0.39500262
0.45114328
0.57117843
0.65711744
0.67527491
0.74066529
0.77185949
0.89596805
0.92262809
0.98309347
1.07109917
1.07381713
1.18127494
1.23989717
1.29822241
1.31724331
1.38208180
1.41007796
1.58726810
1.70408088
1.82671818
1.87695433
1.90910342
1.93149710
1.96065478
2.28109081
2.40150286
2.56898152
2.66120762
2.67585816
2.79274344
2.89472055
2.96273944
3.06315191
3.15667338
3.29204843
3.42922212
3.45534700
3.58169633
3.62188713
3.64250146
3.66907031
3.67660430
3.68020567
3.68306142
3.69198057
3.74402183
3.83227472
3.84189155
3.94294119
3.98049377
3.98623848
4.22412802
4.22486157
4.37293559
4.38183947
4.38212075
4.38495898
4.51644020
4.52552547
4.56043711
4.67087438
4.72188341
4.78870173
5.14952967
5.24252353
5.30817034
5.46716251
5.55872852
5.58748785
5.92166826
5.94570116
6.01895032
6.07463474
6.49021015
6.58501460
6.91140955
6.92858463
6.93174020
6.95576651
6.97602068
7.03211188
7.03651826
7.10481936
7.14332889
7.21363652
7.24627930
7.25629905
7.33580025
7.38659102
7.48832974
7.57357463
7.63876355
7.64044919
7.72393312
7.89332319
8.04738391
8.24656267
8.25187046
8.28672195
8.36164032
8.41976929
8.46253535
8.49752919
8.52697430
8.54424450
8.58693152
8.77504475
8.85860677
8.96247797
8.97899896
8.98621823
9.12228129
9.15265260
9.24342203
9.27844089
9.57387237
9.60674596
10.10145527
10.14407675
10.14506723
10.27960376
10.29884371
10.54674247
10.59064207
10.59118003
10.61443933
10.71670432
10.83901391
10.90000459
10.94147019
11.05267850
11.07528343
11.22105326
11.27801279
11.30683877
11.37628955
11.48000586
11.52639354
11.53383813
11.77054925
11.82180869
11.82978542
12.12685988
12.64663633
12.67785658
12.87822359
13.05053544
13.44096855
13.48138465
13.48257538
13.54445355
13.64049625
13.98578192
13.98975078
14.28714483
14.36149524
14.37347408
14.42560766
14.51240312
14.56995210
14.57749110
14.72902136
14.93403151
14.97551770
15.16141348
15.17579466
15.44647587
15.63870443
15.69954162
15.88868206
15.97180216
16.04935416
16.09398074
16.09873444
16.21356729
16.22317352
16.36295238
16.37257166
16.41026463
16.47482906
16.57118475
16.69326704
16.77376441
16.78513348
16.81159436
16.85703138
16.89546583
16.96278147
16.98273447
17.01068303
17.25858379
17.27355975
17.29853964
17.33868313
17.41649433
17.42346286
17.83052652
17.84183285
17.96779187
18.02235710
18.02804005
18.05909647
18.21419617
18.22847746
18.46968643
18.48861966
18.50510175
18.55336947
18.58797942
18.65632271
18.66109311
18.69125788
18.72743774
18.89786925
19.08379769
19.26061667
19.29023473
19.30834761
19.36734555
19.43259676
19.62750747
19.67391751
19.71547118
19.82616419
19.83477176
19.92412354
19.96863636
20.04558018
20.51308823
20.63437101
20.67170356
20.71388650
20.80588184
20.80951255
20.97314781
21.16283152
21.21127894
21.23923010
21.34565715
21.35280914
21.37002567
21.37578003
21.37759558
21.38328442
21.54597041
21.60336990
21.62707915
21.62759205
21.67405228
21.80344417
21.86969051
21.95194182
21.98053046
22.08649517
22.09436960
22.18568919
22.31414255
22.53205163
22.56174791
22.59764770
22.67505538
22.71514705
22.75452892
22.81386532
22.84728772
22.87277445
22.89134743
22.99297042
23.00733078
23.16820941
23.20660656
23.36526291
23.52526982
23.58161350
23.77894874
23.78137453
23.84734270
23.87600214
23.93793683
24.11919936
24.14182942
24.17496049
24.21226337
24.21931496
24.29243784
24.31985644
24.47851457
24.60463417
24.69310407
24.73667059
24.81936604
24.84185734
24.88034906
24.94183989
24.96570675
25.01720090
25.05954307
25.08284163
25.23577644
25.29850883
25.30227114
25.32668840
25.36148895
25.37161790
25.37842315
25.49286647
25.53903016
25.56690258
25.63854474
25.76733752
25.76815143
25.81265228
25.89222679
26.01530681
26.06305551
26.10899623
26.16721770
26.28906635
26.32661478
26.44126588
26.49028914
26.51834158
26.58480153
26.71082428
26.71482542
26.83842606
26.93488186
27.05779266
27.06112356
27.11468340
27.11581563
27.28279502
27.50298958
27.50780724
27.54902289
27.67736993
27.71246077
27.83289617
27.86285544
27.89994209
28.05311944
28.07501952
28.11263578
28.13180863
28.23597753
28.27229322
28.35931939
28.36078093
28.37548396
28.37911067
28.47719534
28.47732320
28.57781887
28.59685800
28.62033513
28.62660893
28.64881527
28.90458554
29.02678364
29.03960013
29.11062476
29.12537888
29.17047828
29.17270443
29.33610700
29.36624345
29.37747541
29.38302165
29.38613589
29.41561219
29.43242920
29.49151060
29.49248725
29.53321217
29.54378342
29.56860349
29.80425950
29.85989979
29.98424835
29.98873820
30.07024678
30.42173014
30.42392449
30.58644786
30.75819224
30.88812459
30.92988366
30.97940159
30.97965227
31.00011421
31.07713160
31.24025327
31.35439357
31.47246521
31.49965257
31.52152828
31.57880515
32.24755442
32.31923442
32.74027969
32.82178364
32.92823530
33.04164120
33.12408913
33.40715197
33.45797498
33.46232983
33.50663182
33.70260989
33.71967920
33.88161418
33.88780439
33.98976240
34.00443629
34.04115279
34.05028960
34.15782881
34.20995166
34.27033671
34.41680044
34.47820403
34.52681977
34.56711668
34.58767682
34.60796565
34.61383499
34.64213392
34.72310350
34.73976563
34.79626759
34.96542542
35.07649485
35.13865858
35.32571123
35.46284922
35.51140196
35.51715839
35.66392260
35.66724142
35.72516148
35.78751491
35.83751849
36.05920326
36.09989390
36.11535865
36.47946367
36.49921685
36.55064979
36.59609579
36.90372866
36.97621093
36.98122978
37.02898978
37.12213311
37.14359449
37.14625975
37.22365289
37.28401848
37.45017734
37.53914853
37.61250426
37.67265166
37.76811247
37.98600719
38.06164653
38.14688868
38.15228190
38.39226883
38.44851067
38.45982306
38.55160199
38.56950534
38.59075409
38.72927497
38.76102349
38.77986253
38.92596711
38.95791363
38.97741448
39.04147680
39.15755646
39.17714826
39.17867692
39.19184311
39.22094376
39.30397683
39.40091279
39.43637016
39.58453825
39.67384541
39.80846688
39.82623548
39.83768311
39.89535380
39.97614238
39.98101139
40.11510900
40.24086931
40.25180972
40.28460566
40.50945912
40.51032693
40.51348622
40.71295119
40.85370111
40.87680020
40.88465662
40.93441695
40.95224251
41.01917494
41.18343692
41.37303790
41.43489379
41.73072216
41.76760380
41.79697572
41.80515526
41.91257365
42.12378004
42.13292291
42.25386289
42.41334758
42.42298282
42.69702982
42.72260242
42.73818580
42.79580823
42.82801227
42.83876835
42.84469245
42.93152096
42.95237423
43.08768509
43.24911044
43.26492558
43.48323517
43.50128809
43.57225845
43.64165171
43.65374520
43.73389109
43.85524852
43.98302418
44.22379128
44.23950914
44.30374343
44.33156329
44.44650390
44.59718871
44.83587342
44.85070818
45.16007557
45.18438768
45.24634457
45.52981052
45.69139114
45.78759009
46.00333405
46.03566212
46.04941261
46.07726534
46.18382158
46.23074371
46.36360322
46.39577753
46.41791384
46.65535426
46.72604026
46.72833615
46.93543029
47.22700657
47.29259860
47.29951449
47.30061731
47.44085215
47.49541164
47.64711771
47.79169266
47.80615695
47.85683743
47.92782895
47.94284143
48.18298958
48.40539532
48.44043076
48.46721617
48.46823331
48.60701155
48.69346936
48.78162449
48.80139935
48.87059946
48.92443723
49.02170562
49.14560377
49.14571333
49.19960773
49.41960783
49.43557212
49.47524092
49.49543176
49.57633252
49.92209984
50.00258966
50.16702069
50.19934848
50.37362871
50.39174121
50.41126606
50.42584213
50.55137769
50.58465773
50.60094113
50.60410523
50.62973724
50.65982553
50.72550584
50.74772618
50.80923542
51.06858669
51.09380021
51.12782680
51.14980411
51.25414084
51.43870298
51.45796591
51.51119388
51.60036737
51.60295276
51.67039072
51.68975834
51.76467347
51.82837918
51.93432445
51.99691767
52.13882411
52.22041288
52.25308460
52.35066232
52.39687700
52.41315291
52.45341695
52.51093743
52.62841750
52.64190871
52.69235679
52.70451329
52.82256912
53.02562288
53.11950268
53.12327038
53.20639140
53.23500903
53.24958711
53.28224168
53.28831525
53.34993314
53.46710003
53.54477435
53.65775974
53.75750209
53.79443798
53.82323280
53.85026370
53.88932667
53.94059654
53.94380504
54.02766622
54.05485100
54.09876334
54.14901658
54.37340029
54.41085349
54.58419731
54.59558717
54.74699899
54.75976668
54.78096172
54.80903091
54.96166335
55.03272647
55.05038550
55.05300693
55.20239626
55.22156887
55.31869978
55.43162095
55.48394497
55.72549289
55.83049204
55.83251163
55.85382008
55.95103874
55.97368031
56.00333449
56.01967780
56.08255456
56.17393792
56.36752724
56.62000702
56.63879004
56.76917397
56.81727013
57.00626862
57.03304529
57.10282511
57.11105640
57.22522516
57.24130745
57.27412806
57.32508261
57.35274460
57.48907402
57.54227462
57.60360948
57.61206573
57.63097845
57.64062788
57.76149313
57.81631760
57.82086385
57.84798594
57.86654292
58.02930184
58.04253404
58.06526491
58.07595555
58.09550879
58.22411211
58.29763720
58.44966740
58.45146176
58.67636640
58.75596223
58.93939693
59.05284999
59.05412968
59.10622372
59.11505118
59.17014952
59.41083651
59.44039828
59.48608393
59.57328796
59.66789087
59.75537770
60.32650977
60.73370405
60.79995609
60.84486575
60.90985312
61.00111523
61.00226186
61.03973974
61.06309635
61.10085515
61.12928501
61.17087230
61.19974578
61.25501554
61.28357245
61.35027355
61.41760684
61.49494273
61.52294590
61.57042640
61.57058460
61.95243542
124.00000000
