0.07268383
0.22689547
0.23429085
0.28702703
0.33060691
0.35059364
0.42037892
0.42847065
0.50985083
0.56108620
0.65250490
0.69117782
0.74864232
0.75311348
0.75870167
0.79518434
1.07258090
1.18053885
1.18409278
1.20850690
1.24863638
1.25955799
1.40873153
1.41305403
1.68296243
1.72427438
1.73049875
1.75412114
1.87324527
1.91036449
2.06385333
2.11090641
2.17128485
2.27380015
2.33375348
2.33560003
2.36021110
2.39723628
2.54732499
2.60787264
2.64491490
2.74534958
2.80173614
3.05938002
3.12350288
3.14532327
3.17199997
3.20027890
3.24447268
3.32364859
3.43922584
3.50059663
3.54175565
3.55177453
3.55726905
3.64238804
3.81550952
3.88618011
3.92777569
3.96243699
3.99239718
4.03206360
4.03914275
4.07138459
4.12748938
4.15019007
4.27939778
4.28080717
4.31451049
4.37445328
4.47017470
4.50082091
4.50849306
4.58738264
4.92353614
4.95728361
5.00995056
5.26090829
5.29103029
5.36309577
5.46266397
5.59696826
5.64623475
5.69796683
5.73374941
5.89571865
5.89842262
6.09963604
6.10813348
6.12717570
6.13349046
6.15740739
6.21078586
6.25136612
6.30169827
6.41114706
6.41677957
6.43879351
6.49485358
6.62234702
6.67715597
6.68949743
6.70591680
6.72848735
6.94987297
6.97608788
7.03516469
7.19306843
7.37666150
7.47436408
7.76789482
7.85342577
7.90811227
7.93325833
8.05247022
8.09041244
8.11893111
8.15863887
8.15982399
8.19306192
8.28294426
8.33068105
8.34060835
8.46956433
8.52233061
8.61374833
8.73850222
9.02639967
9.03114571
9.13119348
9.17105128
9.18206010
9.20324960
9.31170150
9.34035100
9.46125579
9.77426563
9.84304653
9.96839649
10.07829193
10.21304019
10.29069395
10.34383834
10.35192802
10.37176745
10.38229890
10.49498860
10.50248756
10.53912269
10.62789765
10.70994335
10.91108736
10.96396594
11.09434680
11.15927777
11.29526516
11.60826212
11.63585827
11.73329661
11.75267399
11.89930499
11.94127967
12.05563198
12.07702911
12.11129171
12.11340785
12.18188421
12.28249869
12.36390299
12.45547038
12.49508737
12.50486994
12.51591388
12.56435287
12.74132344
12.90254117
13.01594127
13.16671142
13.35099073
13.58633260
13.63982634
13.83595096
13.86747930
13.86895499
14.09241271
14.40539361
14.58673287
14.61594798
14.82612706
14.86771187
14.89390178
14.93578897
14.94392936
14.98807448
15.03518013
15.18950716
15.20687526
15.37127897
15.37776303
15.45839875
15.47586065
15.61159968
15.81584833
15.82541494
15.85321116
15.90989399
16.08204747
16.14920527
16.16738646
16.38765360
16.39313646
16.39731719
16.47545844
16.56917581
16.77312375
16.79026430
16.79905167
16.91283317
17.05205378
17.13999666
17.27355975
17.42320279
17.42743006
17.56332852
17.58935602
17.61836528
17.97361973
17.98707919
18.07979491
18.08319228
18.12734089
18.33696507
18.38723884
18.41159817
18.41396199
18.46204970
18.50866745
18.76300238
18.85110968
19.19890607
19.47548790
19.49644383
19.52773660
19.66387230
19.82976775
19.83872089
19.92282903
19.94513210
20.11887571
20.23717990
20.32711539
20.43881962
20.59352041
20.65652448
20.67408482
20.77522607
20.78316823
20.81935247
20.91535906
20.95245997
21.00825000
21.01989627
21.11262993
21.11470414
21.20841515
21.21513622
21.21995447
21.22753136
21.38325269
21.44070943
21.46650696
21.58327418
21.61278913
21.73270508
21.86256980
21.92302484
21.94848053
21.98332123
22.05026550
22.06519603
22.37991883
22.40878010
22.43073326
22.49659838
22.53112845
22.77736619
23.00328442
23.00895297
23.11446643
23.21549345
23.30327079
23.33291218
23.47280087
23.48532504
23.69444253
24.03354025
24.03638330
24.03705540
24.19059465
24.31868289
24.33207119
24.38060656
24.58154008
24.80071409
24.91473892
24.94289741
24.96521903
24.99725016
25.03441217
25.17407483
25.22232726
25.24700498
25.35344752
25.36987087
25.50618218
25.50822025
25.51731555
25.67984196
25.81883985
25.86734507
26.06228038
26.07616957
26.09855738
26.11771163
26.36935652
26.54294895
26.54616523
26.60772543
26.73384798
26.79971017
26.82913890
26.87501342
26.89518141
26.90919158
26.96620877
27.04845577
27.14499794
27.17494328
27.39273362
27.49789134
27.52077363
27.55280410
27.59319080
27.64158854
27.69915815
27.70617170
27.72890631
27.72941132
27.74704808
27.79292490
27.96663720
28.02290931
28.03472862
28.08940779
28.15165434
28.26015457
28.27229322
28.32012018
28.36402459
28.43794596
28.50115248
28.52721762
28.53154197
28.53521342
28.68757405
28.78064502
28.96003753
29.12259368
29.16926060
29.27032087
29.32629611
29.36187447
29.37376753
29.39935796
29.48702010
29.54799581
29.59301704
29.61380428
29.63157124
29.77954847
29.81108149
29.81911300
29.91149290
30.01158902
30.02525004
30.06442631
30.23142390
30.24245957
30.46401748
30.83199878
30.83767199
30.89463287
30.97596609
31.09312125
31.15924748
31.17632102
31.18247860
31.19017225
31.21595291
31.28770449
31.36145614
31.44317207
31.45831234
31.54123327
31.56788243
31.65797779
31.82278813
31.82988109
31.94773418
31.96952319
32.11483629
32.37095825
32.39099356
32.49343220
32.50551425
32.55343552
32.66768660
32.69949079
32.81270058
33.03963071
33.06336579
33.26682229
33.31017433
33.40590072
33.41296152
33.41523093
33.45220983
33.49088689
33.54483906
33.56880691
33.62233162
33.64038567
33.87776173
33.93652522
34.06792971
34.08555626
34.25991412
34.36409862
34.39751212
34.43337659
34.43780307
34.47243856
34.65504127
34.66308948
34.68145283
34.70682737
34.73319820
34.75929179
34.96010384
34.99761992
35.00837702
35.08516898
35.15784051
35.29148356
35.36597825
35.42454137
35.57593146
35.69845207
35.71469269
35.76325579
35.78541075
35.93102175
36.01317222
36.09346901
36.30684358
36.31018608
36.38503895
36.43229330
36.64784946
36.70995985
36.95232953
37.03060503
37.04908572
37.07862616
37.08555232
37.09352525
37.11301675
37.21116362
37.21226686
37.24356486
37.26793030
37.28499339
37.34623515
37.38182695
37.40434469
37.53324435
37.59017265
37.62990469
37.72033819
37.79368855
37.82600067
37.96941389
38.00577975
38.06760422
38.06775368
38.09410423
38.10199373
38.12127602
38.13867839
38.20562323
38.41528901
38.53988021
38.65046602
38.77660747
38.90861200
38.93111165
38.95348735
38.96425560
39.15205937
39.15755646
39.25097104
39.26805637
39.27444656
39.29956626
39.30877445
39.39069129
39.59394336
39.75625960
39.86246670
39.87171591
39.94836195
40.00852377
40.04778409
40.06758495
40.08913472
40.09032426
40.21226580
40.29534284
40.29586224
40.42341989
40.42905934
40.50459840
40.78514412
40.83605782
40.87885831
40.88791583
40.92410964
40.93505705
41.01795226
41.03978146
41.18631763
41.30559631
41.43503724
41.58335366
41.73072216
42.05051009
42.05744375
42.06921540
42.07913495
42.21329198
42.21680500
42.22816961
42.24556544
42.26061209
42.26866939
42.28077550
42.39057976
42.42218939
42.74260180
42.78974707
42.80921017
43.05272872
43.06430137
43.09200192
43.13622596
43.13779804
43.33073660
43.51327169
43.51999902
43.56634717
44.03206240
44.17904407
44.18903865
44.21344006
44.21431699
44.23898960
44.23967160
44.35634202
44.36433378
44.42243375
44.42353879
44.60131501
44.63465585
45.01064102
45.06383523
45.18129575
45.35096045
45.44400310
45.44907442
45.63629203
45.64111881
45.65824171
45.68360535
45.73092081
45.95517683
46.02762953
46.05483923
46.11210829
46.18758191
46.19650549
46.23933766
46.26104256
46.43748712
46.59158868
46.65708483
46.70792391
46.74063822
46.75476376
46.77591611
46.80408822
46.85573619
46.90629996
47.01566319
47.04421801
47.15440371
47.17176729
47.31109620
47.37659376
47.40699505
47.43513221
47.49657263
47.52867737
47.55699045
47.57847405
47.69405433
47.77595311
47.83349170
47.85158282
47.88310349
48.10426342
48.55547954
48.69103238
48.74016292
48.76069881
49.01845776
49.07897384
49.08155811
49.12900622
49.15613646
49.18563221
49.59756864
49.63819710
49.65952028
49.80884063
49.86601955
49.86688408
49.87839696
49.87950857
49.88516413
49.91742794
50.11387195
50.13372879
50.16941430
50.31551049
50.33429521
50.46156173
50.60362516
50.68034234
50.77790996
50.79311999
50.84381657
50.89120006
51.21334554
51.38607399
51.61934733
51.69437687
51.73177768
51.75044439
51.85434982
51.88281502
51.91797982
52.03598448
52.14036965
52.16006390
52.23137060
52.23291226
52.37356608
52.43881952
52.54755580
52.57018223
52.70807687
52.78417860
53.09520480
53.12318877
53.15677590
53.19021256
53.20639140
53.22555934
53.27328749
53.32066092
53.40556107
53.54698409
53.59574927
53.64089130
53.68038816
53.72037909
53.73871505
53.78137872
53.83358353
53.84051357
53.84092862
53.91756922
53.93402168
53.93829011
54.03502826
54.44836777
54.44880979
54.51262267
54.52685228
54.54722912
54.84100976
54.93187860
55.03965349
55.06403278
55.07460158
55.07788367
55.08674204
55.16739691
55.22727257
55.47473535
55.49607465
55.71478460
55.85985694
55.92564555
55.99879033
56.01705144
56.26771781
56.28728150
56.36832323
56.68969475
56.70085065
56.70970834
56.75900310
56.79125817
56.80007306
56.84818839
56.89458832
56.98201349
57.20101549
57.22906366
57.25613661
57.26303075
57.58996236
57.59202093
57.61414439
57.69252523
57.70680853
57.75927241
57.80421696
58.00319437
58.15506493
58.16135589
58.21398774
58.36631319
58.41100079
58.81537942
59.27547726
59.30917470
59.34595146
59.39508658
59.45641646
59.48796979
59.53839606
59.61113954
59.92514620
59.94840770
60.13399903
60.21554945
60.29546872
60.29550468
60.29637560
60.42515507
60.56871200
60.57872353
60.63099592
60.63887675
60.71179156
60.77982331
60.82432185
61.14127757
61.24602458
61.27090109
61.29704596
61.35027355
61.48475728
61.50320575
61.52020326
61.60713134
61.71968765
61.76180434
61.80927514
61.84455078
61.93046575
62.00788564
62.05627969
124.00000000
