0.05799500
0.08899600
0.20232913
0.35694943
0.36489561
0.42398753
0.75870167
0.89356010
0.99283063
1.06721666
1.15759654
1.22446928
1.27462073
1.36972030
1.40469671
1.50626564
1.52788917
1.57560339
1.62510184
1.79350910
1.89374750
2.04589262
2.12170042
2.13841875
2.15324627
2.17104724
2.26315059
2.29712107
2.30030148
2.52682917
2.52959122
2.53298972
2.55182814
2.67816551
2.67854280
2.69640206
2.72221409
2.96233239
3.04686415
3.04781707
3.05902764
3.06981469
3.11391949
3.13100557
3.17091262
3.19418992
3.32746348
3.33257460
3.48356005
3.78749049
3.93838505
4.04129005
4.12189281
4.27257401
4.58100185
4.69947589
4.85674035
4.95827440
5.04614020
5.07421172
5.09557826
5.22676531
5.29396145
5.41770580
5.60033464
5.70234571
5.88441344
5.98029537
6.01144080
6.02238236
6.02301284
6.05119902
6.12910673
6.14379872
6.16308583
6.20762134
6.24145502
6.28320821
6.29671762
6.36908634
6.37466377
6.47669649
6.49067322
6.50909961
6.52813562
6.53005355
6.54785441
6.91140955
7.01632484
7.05315607
7.13403103
7.41671302
7.58906425
7.65023805
7.66509485
7.70028769
7.72334443
7.84582307
7.85673944
7.90160625
8.01479945
8.16198435
8.19699931
8.32670941
8.33346459
8.36891870
8.65404513
8.70041567
8.80297623
8.85892974
9.04895229
9.27143170
9.29324908
9.38053472
9.69536239
9.80347843
9.93042832
9.93773024
10.00326998
10.00859496
10.05407701
10.14021048
10.25449063
10.43761973
10.62118477
10.66464174
10.68615288
10.80332828
10.85882011
10.93450740
11.00677155
11.06746840
11.11407565
11.18936979
11.37278310
11.39773061
11.43277188
11.54964375
11.79190819
11.83352910
11.87635131
11.93499487
11.94757930
12.17051040
12.17223085
12.21529063
12.43148136
12.48856321
12.65905304
12.66794455
12.73398766
12.73945429
12.84208052
12.90358168
12.91436767
12.95290620
13.05018857
13.10396507
13.12586946
13.18833389
13.19011192
13.19046470
13.21430525
13.38124386
13.55433364
13.56432049
13.57247871
13.58369392
13.69008366
13.78336317
13.84972846
13.87217098
13.93854913
13.94603547
14.03672131
14.06745793
14.20650526
14.22879817
14.32814074
14.33899759
14.45888289
14.46386269
14.47322720
14.55833046
14.80844580
14.82313892
15.06450713
15.08082669
15.09550420
15.33373240
15.42789758
15.55683466
15.65613865
15.95443301
16.02816360
16.13450935
16.13804942
16.18184388
16.33084672
16.57245503
16.73631855
17.02278047
17.21955498
17.32294086
17.36323557
17.37633916
17.42711756
17.43873550
17.48374832
17.58872732
17.93023161
17.95086629
17.97043712
18.08499927
18.23635782
18.39284162
18.47094297
18.47728980
18.57645446
18.65580923
18.65668851
18.67774817
18.74798218
18.84388584
18.98023819
19.15060419
19.20608023
19.21330210
19.23671561
19.27248011
19.34478687
19.37921004
19.44205626
19.58603648
19.65165987
19.65968669
19.66132164
19.69023260
19.98916031
20.00852820
20.17648696
20.32041975
20.38498576
20.40602865
20.46340845
20.54211271
20.58858051
20.75944055
20.80445023
20.80799807
20.83099707
20.84965321
20.87935192
20.89875476
20.96697185
21.15725884
21.18274431
21.29827079
21.42477266
21.47008485
21.82558389
22.16139085
22.36412549
22.39496453
22.57029228
22.66888732
22.74227234
22.98464017
23.01104685
23.15594745
23.16315948
23.19564887
23.20551436
23.20575967
23.29480200
23.40931107
23.52135635
23.54939673
23.61245034
23.61418457
23.64717477
23.77182621
23.83531164
23.97602237
24.04421641
24.08482150
24.09267890
24.17698084
24.23358386
24.25254216
24.26285511
24.30550361
24.40951488
24.45026560
24.46127234
24.65206490
24.74676120
24.79126989
24.80738513
24.87502308
25.08867180
25.09062050
25.23577644
25.31595579
25.47626114
25.60777577
25.88567783
25.89309176
25.91308666
25.99299075
26.05248767
26.06730955
26.11328378
26.24129056
26.40963545
26.51785415
26.57835385
26.58559897
26.59998622
26.62992144
26.69975875
26.74260846
26.79915213
26.82696872
27.02512141
27.14241687
27.19704870
27.26647756
27.39560979
27.51437037
27.75066542
27.90363259
27.92881327
27.93860638
27.95315177
28.17975823
28.25435616
28.35418762
28.36029818
28.54348198
28.73743792
28.76578815
29.15890038
29.20337520
29.26328971
29.50573834
29.52617979
29.60700907
29.67015736
29.67773563
29.90072555
29.93442201
30.14168637
30.18817000
30.31934700
30.44500126
30.53687166
30.55201347
30.57087332
30.71161889
30.86090541
30.93951990
30.95297684
30.98282400
31.45289558
31.49329520
31.53621371
31.55609735
31.57137312
31.75389203
31.84898526
31.96952319
32.00162136
32.16436432
32.18540205
32.20770047
32.25684699
32.41372042
32.46638526
32.61784993
32.69181254
32.69192327
32.76113890
32.84279444
32.97327872
33.07539562
33.08943483
33.09886165
33.18398892
33.19282745
33.22618637
33.23820357
33.24835217
33.48495398
33.81021413
33.91550289
34.16794823
34.25281439
34.27226714
34.28808275
34.32188546
34.40757341
34.43404863
34.63444744
34.72691870
34.75892160
34.82768404
34.87005770
34.89480663
34.95258289
35.03782591
35.11473216
35.21999823
35.28893229
35.33214495
35.33551431
35.33624791
35.38969969
35.46087282
35.48916628
35.53783463
35.58798650
35.60203898
35.60810997
35.63704538
35.73195071
35.74641372
35.98425271
35.98913879
36.06798086
36.15901189
36.27092714
36.29029520
36.34080940
36.44324073
36.60513452
36.61559815
36.86991168
36.91456587
36.96215477
37.25656995
37.27330072
37.42425195
37.43066800
37.52019443
37.58962411
37.66971579
37.69094334
38.30756565
38.41555574
38.49146982
38.69160264
38.72454195
38.80237747
38.86326573
38.94778868
38.97469409
38.98782401
39.01152090
39.02309453
39.07461475
39.15965790
39.32207220
39.33911339
39.48904543
39.64906686
39.65874516
39.70321334
39.75810599
39.76668704
39.77922784
39.78532256
39.95821952
39.98916904
40.02949838
40.07779028
40.07983387
40.25485144
40.37100445
40.42581770
40.49004929
40.56132422
40.65439426
40.81051759
41.45017036
41.48826926
41.50054525
41.60441182
41.61437294
41.61846849
41.61964639
41.75988478
41.82779563
41.84068351
41.86209237
41.88928136
41.95833817
41.97826010
42.13604712
42.18017557
42.24140767
42.44752450
42.50179873
42.64236840
43.12957335
43.27859660
43.29729628
43.32201478
43.39518625
43.43215588
43.54006191
43.69411424
43.71011426
43.74092958
44.03356639
44.20099055
44.22235557
44.31850563
44.32976161
44.33940058
44.35337359
44.42353879
44.55500165
44.57230180
44.61910980
44.62292071
44.64889867
44.68454645
44.70821446
44.76555126
44.77716920
44.79757105
44.91545048
44.99187843
45.23328255
45.27029435
45.31940693
45.34143190
45.44794118
45.51861256
45.71896736
45.86427068
45.98956462
46.05329692
46.10958029
46.13524109
46.21113560
46.25067945
46.41071456
46.56573001
46.63384661
46.64563766
46.68120606
46.81274756
46.84486011
47.01835905
47.03277864
47.04562932
47.09539231
47.14187393
47.14706535
47.14790851
47.31049056
47.32218525
47.41357762
47.65109514
47.97122289
48.14716383
48.27959562
48.31669859
48.38857395
48.46172585
48.47910623
48.49594469
48.69125964
48.78493997
48.82508696
48.83226434
48.88800858
48.89040724
48.89792429
48.92300220
48.98774627
49.00875385
49.20605304
49.22331730
49.25886912
49.30838871
49.36602839
49.45483951
49.53435169
49.76993618
49.79796815
49.80520575
49.86203914
49.86454594
49.97859672
49.99170472
50.18271464
50.33800465
50.40025503
50.46524236
50.75823144
50.85455059
50.91268037
51.05035188
51.11508419
51.17584329
51.32800158
51.45796591
51.53184371
51.56232613
51.56301645
51.56680813
51.61858587
51.63092192
51.70358953
51.73637632
51.91159659
52.00575359
52.09651515
52.11592025
52.15731867
52.16888089
52.35529577
52.37212880
52.37887410
52.40561831
52.46134108
52.55270088
52.64823015
52.66250722
52.99838036
53.03102485
53.04249666
53.11306282
53.16786954
53.22925570
53.32851644
53.35753686
53.40383949
53.49307522
53.54410029
53.65428193
53.66989059
53.69474176
53.73163985
53.85420492
54.05492898
54.21356565
54.27990398
54.37388786
54.38874808
54.42175608
54.47379427
54.52695413
54.56422243
54.58218245
54.58901371
54.79641736
54.85074597
54.93714005
55.09095126
55.20239626
55.20642932
55.26988716
55.36737389
55.38416181
55.46149031
55.48625637
55.51770275
55.55150492
55.79167626
55.82960653
56.07856873
56.14197968
56.17937396
56.41534734
56.48002778
56.53708143
56.82625425
56.88536711
56.91276955
56.92947986
56.97489016
56.98809530
57.16473045
57.20626492
57.31792853
57.32936954
57.33540106
57.39172236
57.46874723
57.54636686
57.55139645
57.74822451
57.77682966
57.84370815
57.98163980
58.32495233
58.37572610
58.48148295
58.53498895
58.66956245
58.67934200
58.70817275
58.73200788
58.74536425
58.80928378
58.92793413
59.13243408
59.16177297
59.17312017
59.26514098
59.32491975
59.33753171
59.34225307
59.40826842
59.56827894
59.59472146
59.76535338
59.99707944
60.13399903
60.13734678
60.22223786
60.37160304
60.43778206
60.44603724
60.50428806
60.65443749
60.73837863
60.74735389
60.81508254
60.87751027
61.12130948
61.30467960
61.30597323
61.42778275
61.60365914
61.64169532
61.67247705
61.81830112
61.87097190
61.88772174
61.90822107
61.92492741
62.00986289
62.04301888
124.00000000
