0.05777481
0.13228560
0.26243546
0.28584619
0.32208718
0.42174041
0.67555223
0.90275154
1.10518166
1.12548617
1.16349132
1.35895774
1.40448558
1.62705038
1.69684521
2.06486807
2.17104724
2.23283346
2.33893581
2.43466577
2.50535167
2.51168943
2.72149107
2.79707443
2.82571780
2.97883698
3.01636947
3.16969062
3.18669147
3.24967969
3.42251337
3.48452601
3.52224196
3.57449151
3.69608478
3.69688673
3.69973523
3.74402183
3.75596824
3.76160434
3.81320744
3.84309951
4.02055293
4.10596376
4.16853487
4.24496578
4.30300005
4.36721579
4.39626026
4.39931978
4.54341130
4.69333097
4.70843101
4.75507022
4.85958451
5.01452153
5.13543858
5.38911558
5.76225957
5.85675715
5.86514364
5.93686720
5.96792776
5.97681374
5.97859152
6.03261502
6.14379872
6.17390292
6.27071714
6.27573811
6.30909282
6.34699480
6.41960614
6.51273158
6.52113442
6.53854216
6.65987644
6.69581701
6.72607267
6.73047750
7.02404216
7.05179335
7.30786870
7.33603771
7.35509807
7.39007100
7.48744397
7.59420627
7.61744276
7.73312393
7.81984768
7.82052092
7.85407680
8.03831499
8.04290409
8.09958050
8.13050867
8.18850086
8.20451471
8.21877391
8.23575323
8.34594307
8.38243172
8.41657312
8.42014482
8.47572001
8.47653338
8.61959177
8.70202197
8.98031068
9.01867932
9.06551775
9.13830933
9.17727822
9.22717610
9.36579081
9.51564574
9.55424318
9.61232628
9.62235379
9.68486696
9.74241976
9.78195174
9.85548576
9.86210667
10.12585711
10.15388229
10.34612642
10.35539795
10.36555244
10.57495587
10.71078351
11.07433907
11.12514653
11.20021177
11.28482045
11.30703838
11.33592032
11.46286050
11.59834090
11.83401575
11.89672843
12.04885979
12.11526769
12.19904854
12.23067048
12.25227773
12.26583032
12.28249869
12.34003594
12.42744277
12.45210032
12.71158245
12.82837762
12.84208052
12.87434813
13.23537760
13.36033967
13.41260541
13.52131535
13.64160405
13.67185279
13.79090660
13.98237667
14.03837276
14.22903684
14.30594322
14.31124684
14.38636952
14.43982463
14.45132244
14.55430642
14.62536019
14.63413932
14.64234435
14.68268501
14.74060234
14.78462889
14.97462136
14.99345838
14.99611779
15.09857635
15.12807732
15.21618573
15.35428681
15.54086717
15.59961347
15.71562306
15.79073291
15.88868206
15.91617712
15.97132749
16.00458560
16.04076522
16.25150238
16.35179361
16.42013123
16.45459082
16.54127670
16.54619165
16.89324593
16.93109745
17.03146545
17.08423184
17.45942211
17.47970303
17.51131729
17.63932058
17.71033912
17.73779698
17.87228268
18.04686719
18.15655571
18.24484148
18.34929104
18.37001680
18.46632864
18.66109311
18.75119089
18.77456918
18.78910448
19.08379769
19.09311973
19.17243059
19.19603465
19.20761356
19.31726934
19.39100888
19.41160149
19.45347585
19.73523093
19.88401819
19.89141143
19.91832729
20.21730924
20.32223115
20.38351496
20.39762627
20.43664242
20.45059518
20.52709766
20.53892536
20.59005250
20.65458721
20.66148497
20.67408482
20.67652192
20.72276566
20.81295982
20.92787556
21.00825000
21.10973319
21.17012911
21.19318718
21.35400272
21.37503036
21.52133966
21.55122779
21.69956339
21.72536005
21.88189114
21.90902747
22.05875911
22.08756688
22.13707980
22.14965666
22.37446687
22.39426938
22.51952866
22.53273567
22.62737293
22.64793350
22.79686521
22.88959949
22.90313048
23.01894143
23.02056058
23.03220966
23.25182342
23.29538847
23.34458329
23.37120180
23.47537906
23.53451410
23.53557898
23.53728681
23.64160729
23.76578015
23.88177652
23.96186046
23.96709800
24.00423008
24.01679187
24.01752540
24.21497200
24.21600565
24.25555520
24.37584451
24.38350947
24.43309628
24.48711670
24.49840473
24.55155981
24.59644923
24.60885293
24.64681395
24.65681594
24.66835937
24.69229352
24.75242302
24.80961529
24.84050974
24.87087306
24.88931650
24.91617713
24.92696790
24.99750115
24.99901651
25.01811912
25.09062050
25.16124921
25.21821550
25.28987802
25.48846630
25.55293441
25.58933155
25.59768244
25.73224934
25.74748215
25.78018855
25.79042093
25.81778993
25.85505221
25.89829401
25.92191129
25.95667109
26.03045691
26.18057251
26.35999682
26.40943895
26.57263928
26.70714078
26.75503246
26.77855940
26.80889932
26.83344157
27.02088936
27.11413992
27.25800114
27.33631212
27.33867362
27.47919921
27.59783490
27.61316856
27.66467741
27.78331708
27.97630237
28.02425883
28.04725436
28.34296436
28.42104707
28.43310924
28.45536253
28.46802167
28.59818524
28.60080253
28.61741756
28.78535988
28.81548299
28.99765749
29.08458662
29.10522379
29.16336673
29.27057780
29.33608755
29.34980420
29.46754196
29.58974237
29.63263672
29.68425573
29.79137333
29.83315313
29.85044986
29.85900415
29.87344750
29.90299833
29.91146919
29.96009225
30.05207599
30.15811169
30.18020959
30.26839107
30.35190655
30.54071451
30.57272567
30.63113120
30.75046821
30.85221665
31.26489913
31.28779435
31.31882520
31.33307262
31.39727416
31.52884650
31.62357992
31.62912489
31.65734590
31.66307553
31.70394247
31.71306029
31.72435369
31.80066149
31.81859653
32.05381734
32.18795529
32.41517129
32.55754811
32.60596111
32.71991990
32.82806528
32.85106667
32.91288198
32.92524779
33.01677124
33.04280658
33.08989992
33.17198060
33.18535047
33.23556916
33.46113876
33.48801348
33.81614870
33.83556419
33.84650028
33.85613470
33.96762940
34.04741118
34.08542024
34.17051821
34.29681463
34.55411565
34.59876966
34.60965784
34.62733575
34.63469679
34.76593733
34.78352867
34.98916744
34.99493557
35.01759009
35.02382893
35.07134874
35.10412586
35.15070775
35.22865893
35.30882915
35.31284702
35.37699428
35.42519296
35.47270079
35.53471176
35.67088741
35.74641372
35.83021439
35.84978445
35.87252471
35.88606573
36.01051614
36.09834186
36.17585090
36.25926558
36.26674756
36.30514262
36.38240122
36.44884071
36.44900880
36.46601100
36.51366908
36.55064979
36.55387103
36.63252774
36.64756135
36.73393505
36.96871097
37.07052769
37.30312882
37.32241595
37.34382508
37.34529736
37.44436031
37.50452882
37.52935066
37.59759529
37.74773824
37.80779319
37.97797188
38.16651552
38.19364059
38.43528898
38.58419038
38.63755205
38.68206019
38.69822857
38.80332718
38.88143161
38.94044908
39.17867692
39.27554488
39.27845426
39.33497218
39.40594743
39.55707639
39.64666227
39.67763498
39.83001290
39.85737928
39.87377895
39.90864342
39.94586368
40.06575406
40.10160498
40.10940629
40.21058829
40.29610635
40.71734268
40.73318243
40.77756797
41.22136085
41.26828458
41.33271493
41.36487618
41.40118982
41.41707661
41.43874696
41.59182989
41.71133472
41.74248477
41.81623569
41.86441188
41.92164797
41.99064777
42.14156601
42.18458354
42.28899750
42.35790772
42.44981151
42.49208085
42.49760569
42.51789793
42.92071979
43.03623785
43.04169626
43.09448152
43.10231458
43.26201692
43.31256266
43.34288892
43.35688391
43.56916198
43.74382682
43.78295834
43.81184506
43.84548178
43.98851013
44.17751125
44.19162813
44.27647191
44.56204465
44.56723154
44.60579524
44.63740185
44.71413277
44.71673619
44.76250275
44.82489544
44.95878940
45.22915625
45.37541869
45.45410038
45.53245974
45.61417470
45.62470173
45.82444254
45.83415321
45.93187033
46.01733708
46.05628652
46.09576208
46.34909322
46.36020866
46.43052945
46.43909600
46.43955074
46.55871773
46.58025472
46.61194827
46.63915315
46.66509051
46.68632043
46.68887453
46.93133288
46.97000934
47.05983381
47.09585663
47.29478419
47.49935374
47.58102175
47.75382777
47.75687036
48.07506563
48.14927176
48.18543675
48.21752239
48.22150740
48.23349693
48.23854775
48.27551626
48.38857395
48.42201137
48.46984439
48.51405531
48.57617284
48.71718872
48.77425757
48.78583390
48.79782579
48.91864818
48.95679589
48.96026595
49.07984970
49.13902388
49.21703804
49.26182596
49.36238906
49.48320971
49.48425035
49.50979847
49.58522334
49.59687408
49.79059207
49.82942411
49.84408522
49.84478952
49.86608189
50.01267614
50.03544117
50.17455256
50.25868454
50.26392680
50.34652892
50.52206237
50.53498334
50.56653414
50.57705044
50.59140894
50.65302558
50.67319805
50.68545277
50.80644226
50.98678712
50.99164116
51.04882222
51.13375665
51.21616727
51.35729616
51.40740293
51.41192568
51.43151900
51.45032865
51.55299655
51.74052174
51.75862229
51.77270341
51.87465100
51.90582371
51.98554478
52.03032838
52.12878941
52.17756554
52.19089282
52.25000057
52.42571825
52.52306119
52.59048203
52.61512170
52.64190871
52.66564179
52.67763367
52.71071248
52.78516153
52.79403623
52.82950566
52.88538892
53.14542039
53.27387293
53.29675976
53.42370543
53.50406350
53.70095342
53.74333867
53.78432721
53.78696945
53.84057372
53.92032032
53.92793041
53.93829011
54.03785238
54.23212738
54.37149047
54.46284044
54.50718368
54.54317633
54.64031297
54.69055422
54.91981909
55.02903131
55.24434292
55.48089482
55.50861126
55.56687155
55.59740098
55.63781830
55.65432390
55.69446634
55.79243910
55.93458852
55.94263542
56.19691063
56.22456361
56.31583143
56.45326642
56.50015966
56.50774492
56.52047459
56.52830375
56.69291758
56.74983633
56.91910943
57.19003275
57.29946923
57.32359867
57.34875442
57.47936833
57.59858452
57.60946737
57.73759797
57.80232191
57.89096292
57.89413138
57.94511243
58.00307084
58.03364566
58.23656062
58.31313647
58.33567682
58.36932456
58.44582270
58.49989012
58.57274290
58.64957215
58.67516861
58.74682564
58.88235896
58.89292195
58.91284845
59.12093853
59.12286489
59.15413170
59.18313630
59.49232664
59.50241138
59.57654205
59.64321575
59.88517657
59.89037993
60.00211470
60.05436655
60.20425862
60.27685211
60.55822531
60.61790125
60.62092005
60.63058662
60.67945526
60.68107545
60.71670089
61.04804616
61.12484606
61.13077743
61.16377959
61.25737610
61.33096118
61.40001363
61.58162553
61.60566394
61.71968765
61.75084739
61.75316719
61.79909792
61.87378763
61.92168974
61.96321318
62.02130387
62.05482374
124.00000000
