0.02210148
0.07905021
0.25301568
0.26567769
0.40872087
0.69991371
0.73643628
0.76601042
0.95588379
1.08619357
1.18115066
1.21041321
1.24863638
1.39281939
1.45668875
1.47684121
1.63376706
1.70152168
1.80565559
1.87390716
1.89354841
1.91976038
1.94374533
1.95403985
2.10499612
2.32760716
2.34419315
2.46054034
2.47627876
2.55959037
2.63860101
2.73510846
2.75232080
2.94238502
2.98418611
3.15987404
3.27382036
3.36204611
3.39888824
3.51893143
3.53090099
3.70286798
3.75596824
3.78381996
3.93840175
3.97609829
4.02055293
4.10803924
4.14893179
4.31315311
4.53838200
4.55965765
4.61320319
4.73071830
4.78329641
4.90872163
5.02504769
5.21760062
5.59714675
5.60033464
5.75674821
5.86618933
5.90505719
5.93212250
5.95639347
5.96980811
5.98512477
6.02231149
6.18876842
6.19154741
6.20950941
6.21418008
6.28903965
6.32108543
6.36071134
6.42800313
6.43081052
6.48145043
6.61518788
6.63442923
6.63883750
6.68682879
6.72115461
6.78398500
6.85131487
6.89778304
6.94602731
6.95985635
6.97229456
6.98477910
7.08431453
7.27200958
7.27402924
7.32898690
7.35509807
7.40933556
7.48744397
7.57912672
8.00463884
8.04778711
8.17127327
8.23804988
8.27775381
8.46058237
8.47653338
8.68031316
8.82474978
8.90019975
8.92787319
9.17480934
9.20951162
9.24858534
9.31866675
9.34553797
9.35917201
9.36827849
9.39781536
9.79122608
9.99215491
10.09990876
10.15988806
10.32949719
10.43039159
10.52416474
10.55210349
10.58770647
10.78771386
10.81921336
10.87796477
10.92809731
10.94364602
10.99155661
11.20668214
11.62171218
11.68822200
11.71021982
11.84715035
11.85009494
12.03579101
12.05765485
12.30480977
12.51601346
12.56746391
12.87469053
12.92846537
12.93269633
12.96719823
13.03550950
13.16057248
13.16116804
13.35377714
13.44096855
13.48257538
13.60546527
13.86454392
13.90979010
13.91170573
13.91189459
13.94688141
14.19022362
14.43654665
14.47701611
14.64637166
14.67491292
14.69980198
14.72727974
14.87219376
14.97073902
15.00624544
15.19429873
15.37213938
15.39998218
15.64230104
15.69726129
15.79561038
15.80663251
15.86637475
15.87178776
15.91232383
15.92265870
15.92556901
16.02809526
16.09523204
16.16365858
16.33084672
16.39068497
16.42800644
16.48877689
16.63336701
16.71498967
16.78970356
17.13060097
17.15208103
17.20238915
17.26320191
17.33448708
17.33585965
17.51940114
17.57226523
17.70402999
18.00471316
18.07297054
18.08505431
18.12311161
18.19966518
18.21843588
18.22743975
18.36604202
18.43241545
18.53953631
18.54009532
18.67617088
18.81381011
18.93257047
19.00004492
19.06460990
19.12831979
19.18302132
19.45347585
19.67909682
19.79256412
19.81993108
19.94311268
19.95810950
19.99084508
20.08644792
20.24294613
20.32023303
20.32485451
20.34377630
20.52331505
20.54613002
20.68362423
20.73265199
20.86332095
20.89027639
20.91304686
21.07555442
21.11493692
21.37779741
21.39789526
21.41878553
21.47008485
21.52901100
21.59644990
21.61850877
22.02878715
22.09657333
22.16826475
22.19746926
22.20795767
22.32834234
22.36303422
22.88966326
22.98631179
22.99806463
23.01909007
23.33221157
23.46868333
23.69755877
23.79403762
23.90679145
23.96240705
24.01275398
24.11709551
24.12162973
24.13021271
24.25179679
24.46818171
24.47040133
24.55015964
24.65365556
24.65520262
24.84050974
24.99149840
25.04053613
25.13018536
25.23273900
25.23577644
25.27180180
25.52908971
25.68522936
25.80286450
25.80365099
25.85452014
25.92191129
25.94749724
25.95583744
26.18459537
26.29466001
26.49742222
26.57846964
26.60772543
26.61526416
26.63974258
26.64467367
26.79915213
26.88670468
27.00252866
27.10181812
27.22398744
27.24388291
27.29620108
27.50265996
27.56235427
27.66176037
27.74529067
27.77752811
27.87472541
27.88648926
27.97472650
28.04261463
28.04548035
28.11684101
28.15698053
28.18838274
28.40405997
28.64401703
28.68190537
28.70813695
28.70934367
28.74322875
28.78008872
28.79641520
28.84704516
29.07734794
29.63690853
29.80635914
29.81013646
29.82215601
29.89400591
29.90451442
29.94560630
29.99608913
30.06287456
30.12543606
30.21859237
30.36518356
30.54453340
30.58813390
30.62266034
31.21975398
31.33478648
31.40861752
31.41030967
31.45964392
31.50791972
31.53778332
31.70448105
31.71368034
31.80340001
31.84898526
31.88491679
31.90362781
32.00730320
32.20624965
32.21086366
32.22057771
32.28200025
32.43897938
32.50959505
32.57805217
32.58729145
32.69192327
32.81816954
32.82080793
32.82135429
32.83596997
33.13453724
33.19652818
33.20695088
33.23820357
33.25429011
33.63706255
33.73135782
33.74528879
33.98994083
34.01176721
34.05775381
34.16318961
34.24001308
34.30851859
34.41164845
34.49971603
34.58767682
34.60672201
34.83830184
34.84690721
34.90676421
34.97871614
35.23735104
35.28382714
35.36654395
35.38043799
35.42519296
35.48012385
35.49926153
35.53191774
35.54102320
35.57815174
35.63808703
35.86217619
36.12912871
36.13788376
36.25582978
36.28413436
36.31038179
36.38606077
36.40895571
36.66409125
36.75558873
36.80159484
37.11406623
37.27276206
37.38797447
37.49431396
37.53531870
37.61859058
37.73091982
37.80439264
37.82600067
37.90493603
38.09919184
38.14911934
38.15376404
38.31165521
38.36368309
38.49792271
38.65082408
38.67944122
38.68105455
39.03127418
39.03947357
39.08827518
39.12710603
39.24798782
39.28075144
39.36688258
39.49365580
39.52746703
39.53935107
39.55707639
39.56081256
39.70205556
39.76884856
39.81779357
39.85741317
39.86191186
39.87171591
39.87377895
39.95006780
40.03429130
40.10500076
40.13538978
40.25376496
40.60202493
40.62133240
40.70593600
40.85805045
40.86069343
41.00489969
41.15093444
41.23001398
41.30559631
41.31825232
41.37536577
41.60063584
41.69937375
41.78006855
41.86330948
41.97485425
42.02193632
42.14827613
42.15675323
42.34951993
42.40347704
42.56656653
42.65877202
42.70515459
42.73548462
42.77335401
42.90838944
42.96085954
42.99963599
43.00456455
43.06057518
43.18431722
43.27454665
43.27778864
43.41310822
43.50799252
43.52328148
43.56977258
43.64274441
43.66210384
43.68920326
43.69601701
43.77218632
43.78721087
43.81968023
43.82177687
43.86159503
43.89433083
43.91303882
43.91993893
44.02213436
44.19909931
44.28635316
44.49814702
44.67905898
44.73939620
44.75112424
44.88258116
44.93357292
45.03119109
45.16451479
45.19776235
45.30852788
45.36290991
45.52054776
45.55828185
45.56313367
45.59333423
45.78679643
45.78713968
45.81362983
45.81954572
45.82118138
45.96293872
46.27906170
46.29503665
46.30463351
46.37651834
46.40524488
46.41688159
46.52157646
46.54622629
46.67603943
46.77715186
47.04964154
47.05933096
47.23301255
47.30061731
47.33535232
47.43315757
47.43845635
47.46206030
47.66813499
47.95961796
48.00888073
48.07120196
48.15849503
48.19888702
48.26326435
48.27799255
48.30333339
48.31330055
48.32424253
48.71633547
48.88132591
48.99094511
49.01806620
49.20605304
49.25095563
49.45104521
49.56867698
49.57132909
49.73032552
49.77568581
49.86454594
49.91986443
49.95859209
50.01571809
50.06295434
50.41580086
50.46866042
50.51283852
50.52641097
50.62208880
50.69045304
50.87924310
50.99658911
51.05177600
51.13179743
51.20129219
51.21684181
51.22124546
51.32218558
51.40217112
51.42191076
51.63350856
51.77322864
51.88617503
52.00575359
52.09781928
52.13292317
52.27023335
52.29140636
52.33874555
52.34884339
52.39654045
52.47323453
52.53387400
52.58239171
52.63490391
52.73658566
52.79736531
53.07733696
53.08244326
53.28627464
53.28774369
53.33410017
53.35373154
53.46167681
53.50420098
53.50680328
53.52419046
53.56341443
53.65804344
53.72340250
53.73368076
53.82082497
53.82788382
53.89410851
53.90778842
54.04765866
54.05494977
54.21157699
54.21598108
54.31402379
54.38798042
54.43109097
54.44814106
54.55293804
54.56534463
54.60999237
54.78409051
54.81205696
54.82584128
55.04315004
55.17227343
55.22001375
55.34038916
55.38032249
55.51117798
55.51791475
55.54822734
55.59408146
55.60423817
55.65678753
55.70796651
55.76460418
56.04443144
56.14197968
56.24455875
56.27133522
56.27857504
56.30956781
56.35916090
56.51752213
56.71343005
56.81572060
56.92028853
57.03674825
57.12277136
57.19890589
57.30466820
57.46337070
57.46467914
57.52754707
57.57592285
57.58042916
57.58718658
57.66209717
57.71175610
57.82799518
57.83546801
57.89243647
57.90089850
57.98335852
57.99363474
58.00545952
58.21688782
58.27774606
58.36168288
58.42131415
58.48998744
58.54022973
58.72417517
58.92538805
58.95233464
58.95324968
59.09968660
59.29952404
59.31702121
59.33027447
59.33550426
59.50231666
59.52457023
59.55673849
59.57184262
59.78351425
59.78623527
59.80491956
59.81280884
59.92737303
59.97494561
59.97914941
60.04513972
60.09800154
60.36353326
60.48459798
60.60008062
60.62794524
60.63377289
60.70401357
60.72811313
60.82149246
60.84218612
60.92100836
60.96025218
61.20985718
61.24602458
61.28918379
61.60173321
61.61051856
61.70842411
61.71755069
62.09975170
124.00000000
