0.13373899
0.18602095
0.30318706
0.44317992
0.47864852
0.61697207
0.64164795
0.84945612
0.85372000
1.01507029
1.05310545
1.10626754
1.10763404
1.15183452
1.22446928
1.25492279
1.41238871
1.51278448
1.66982109
1.77403800
2.32964235
2.41178159
2.47129917
2.71536243
2.99398663
3.21203099
3.30195431
3.35637149
3.64250146
3.64508798
3.76721755
3.84903134
3.86220597
3.95385813
4.01417304
4.02831878
4.11168031
4.14363105
4.14578130
4.18467297
4.22587098
4.24081992
4.29301612
4.44384012
4.44888100
4.54342977
4.54981843
4.66744104
4.70335793
4.73098130
4.81834320
4.90535731
5.06220170
5.15229142
5.21026772
5.24252353
5.26740400
5.41028911
5.57111196
5.68559398
5.70234571
5.93136819
6.05119902
6.20596247
6.21485537
6.35447129
6.47143083
6.47148093
6.50945387
6.51117261
6.68636051
6.72728349
6.83455677
6.86376254
6.89922098
6.94025270
7.06190208
7.17747051
7.72087841
7.74286695
8.04298440
8.05049016
8.12778310
8.19692520
8.29001815
8.47572001
8.64797399
8.66438603
8.73816764
8.74185657
8.77022395
8.84962952
9.59442111
9.67608743
9.99726291
10.00889592
10.05241509
10.10360813
10.21771073
10.38767384
10.43853399
10.56904277
10.62319091
10.88318337
10.88720541
10.99423495
11.04620689
11.13234303
11.15429373
11.34056353
11.34315324
11.42301011
11.66903467
11.72297409
11.72320534
11.73303331
11.83422416
11.91958716
11.95088184
11.99618583
12.07181539
12.22582594
12.27161688
12.29090411
12.34316252
12.37346392
12.47002500
12.49239248
12.49334330
12.64349438
12.64542991
12.68107544
12.86050726
13.01375083
13.24842478
13.25559975
13.35055618
13.43835460
13.64182366
13.73053400
13.82049537
13.86454392
13.95839575
14.09744204
14.20692641
14.25002532
14.32915872
14.38368111
14.48275840
14.59014380
14.64971286
14.69980198
14.81847749
14.82310504
14.85598736
15.06198746
15.26471083
15.38961607
15.41177956
15.46864300
15.47071692
15.54831947
15.59175408
15.80180331
16.13235748
16.15078990
16.40970928
16.43205069
16.55217001
16.57727371
16.60981817
16.62741568
16.71847661
16.73777292
16.75526683
16.82142336
16.89819132
16.90222731
16.91685603
16.99480756
17.04193777
17.11256499
17.13614607
17.14433687
17.28707199
17.36858213
17.45490298
17.65675700
17.67707209
17.92115295
18.00506487
18.13399197
18.14937727
18.15256785
18.26477635
18.43920569
18.47209656
18.68948555
18.81453959
19.32847029
19.61539234
19.82997301
19.84555333
19.86454202
19.87993383
19.94513210
19.94658959
19.97167240
20.20097792
20.25895855
20.39579857
20.45633629
20.48598080
20.58153549
20.67170356
20.69979154
20.77658736
20.96365155
20.98478577
21.02240820
21.07580914
21.08725059
21.09885294
21.46656998
21.68830514
21.68837685
21.69577174
21.83585611
21.87636288
21.92406102
22.02667661
22.07854091
22.10425817
22.28976830
22.37701716
22.45797871
22.51859872
22.62310826
22.64039281
22.69515723
22.72567061
22.77248948
22.85448119
22.94730626
23.06220003
23.17838623
23.18776764
23.21024078
23.21178066
23.26425195
23.32743042
23.32929397
23.57894221
23.63919130
23.64160729
23.75745749
23.85096899
23.90751017
23.99110470
24.09233683
24.10171662
24.12451118
24.16239553
24.20035165
24.21068741
24.23905274
24.27875640
24.33755904
24.52978341
24.84050974
24.86688830
24.90905291
25.02438833
25.06841441
25.10111795
25.10261689
25.12959569
25.19605950
25.26635996
25.34387357
25.43006518
25.45748466
25.50314297
25.54504130
25.58462856
25.70144572
25.78063665
25.87120204
25.95808369
26.03887251
26.08424459
26.32700209
26.36539166
26.41886803
26.54616523
26.56215209
26.81151696
26.85724808
26.95029636
27.11499713
27.18386406
27.38704752
27.47895074
27.61851807
27.64017988
27.64339060
27.73011517
27.77778296
27.88848911
27.92372232
27.92882585
27.97298649
27.98976338
28.03960847
28.33629622
28.37753665
28.43794596
28.47956826
28.55982131
28.63361181
28.76098123
28.76356736
28.77170718
28.77606847
28.84704516
28.87484024
28.89151451
28.89154615
28.90065438
28.97171873
29.01943606
29.10456270
29.12132865
29.20689417
29.20975629
29.35461896
29.58033725
29.80144231
29.80548842
29.97719576
30.02159711
30.02304728
30.03958249
30.07988501
30.12897030
30.17993161
30.18817000
30.21688674
30.31297705
30.35518211
30.40312708
30.45126236
30.72012248
31.04278518
31.06106992
31.07288162
31.24025327
31.25485697
31.28823505
31.32521525
31.45062264
31.50201330
31.55648674
31.56351356
31.62453704
31.81474888
31.83283365
31.84321276
31.91032924
32.08232386
32.13615421
32.21402687
32.22188234
32.27859160
32.30396342
32.36229857
32.37260415
32.40264537
32.40408102
32.44497340
32.62550536
32.75327521
32.77008327
32.80013426
33.06018907
33.32667854
33.36921210
33.41467836
33.45308960
33.45501830
33.96230195
33.98329365
34.01480332
34.11563750
34.15067679
34.17161697
34.27348628
34.28167099
34.31195512
34.59738020
34.66548564
34.67103805
34.74556580
34.84815424
34.91715662
34.96545339
35.03949287
35.09527979
35.20171449
35.27982563
35.28005434
35.39219009
35.60557917
35.82243305
35.82904319
35.85239014
35.97743383
35.98631888
36.00307216
36.01172334
36.14061399
36.17277802
36.47605371
36.50589477
36.60040194
36.64155874
36.71309832
36.78042702
36.88866775
36.92195045
36.92749552
36.95584078
37.10253712
37.21116362
37.56317950
37.85541194
37.91002138
37.95311582
38.03951871
38.19760881
38.28753310
38.28861860
38.33494084
38.45782179
38.46786468
38.58195111
38.62204327
38.65602343
38.68523011
38.89181954
39.17863444
39.40585864
39.44754261
39.65332861
39.67763498
39.95080954
40.10869804
40.37100445
40.42830330
40.47762667
40.50722039
40.69465272
40.70438582
40.74051504
40.75559680
40.84481969
40.87853256
40.92410880
41.05684859
41.17058207
41.17484299
41.18848569
41.24534985
41.36087521
41.54611863
41.60992611
41.63994731
41.64064725
41.64898047
41.72141704
41.97179436
42.04807299
42.09381702
42.14154990
42.21057594
42.49765580
42.71678695
42.78827951
42.85346102
42.92239563
42.96345941
43.30454535
43.41744717
43.51999902
43.65777832
43.66432871
43.73441217
43.73508779
43.77930055
43.80097748
43.88960067
43.95560510
44.06387319
44.08121577
44.09497504
44.14963021
44.16568212
44.19958685
44.25952883
44.35603154
44.46096780
44.71054132
44.79912624
44.85410338
44.92978095
45.08642385
45.12119775
45.24936419
45.25704545
45.26151731
45.36846758
45.39551098
45.48502525
45.51095457
45.79869921
45.84775809
46.15732150
46.18792804
46.25070349
46.26984549
46.27139354
46.38145475
46.49490144
46.79328823
46.90340019
47.00972995
47.12894944
47.14037564
47.32113399
47.36897716
47.41726112
47.47983113
47.50183537
47.51307636
47.52867737
47.62463964
47.64154516
47.66162399
47.98011918
48.04553497
48.05649627
48.08681935
48.28256580
48.29727175
48.30221546
48.30603119
48.42201137
48.45927735
48.48468327
48.51405531
48.68103846
48.76298636
48.81470742
48.84524233
48.85343875
49.16950993
49.36211990
49.50765048
49.74649539
49.79059207
49.94579243
50.01841846
50.14610539
50.42352866
50.46571993
50.59692500
50.68895301
50.88444054
50.89958280
51.01066621
51.01538643
51.03482910
51.03516993
51.03622234
51.18042402
51.88411884
51.95163645
52.08589399
52.44707706
52.56407132
52.56428829
52.73199582
52.78564693
52.79403623
52.97476194
52.99663944
53.06349078
53.11178442
53.15385789
53.28672894
53.37187839
53.47209346
53.54331325
53.54436266
53.56942480
53.76325705
53.81003757
53.83109185
53.84468602
53.93482271
53.99351668
54.03309242
54.53413103
54.56231366
54.61916577
54.72834893
54.73247556
54.75564897
54.78780553
54.81095125
54.90342187
55.27258334
55.31828361
55.39521138
55.54294349
55.77881232
55.78333749
55.93090291
56.07006412
56.14647988
56.31175462
56.31876244
56.34341671
56.36717331
56.47168812
56.61073845
56.64235289
56.88005639
56.89362156
56.91574061
57.00390146
57.04522346
57.07151897
57.10282511
57.16615763
57.23429282
57.26242058
57.32848832
57.39318235
57.52715620
57.53373058
57.53746099
57.62530163
57.73822362
57.80719739
57.86035614
58.00171933
58.12107281
58.14608003
58.18793645
58.21922761
58.28154616
58.33168290
58.61683039
58.93144737
58.97415299
59.20865649
59.23659554
59.25302038
59.26498935
59.26817104
59.44588144
59.48765417
59.51868074
59.56693370
59.74384960
59.89285540
60.12915840
60.26544663
60.33620009
60.34312336
60.35381581
60.38422334
60.46210598
60.51469393
60.62041897
60.63043373
60.63255549
60.67945526
60.90391262
60.96431413
61.04168958
61.04870641
61.11918285
61.14127757
61.24335482
61.24602458
61.30935599
61.52844700
61.53684016
61.56475656
61.69437119
61.84133537
61.97540737
62.12932043
124.00000000
