0.00472600
0.06016908
0.06156644
0.08899600
0.15392811
0.17114204
0.60527200
0.76030360
1.09751479
1.21377860
1.30559807
1.42005082
2.18848516
2.65128601
2.92993523
3.00304357
3.05938002
3.10908404
3.12636725
3.43003402
3.51884525
3.51949880
3.66134236
3.72694515
3.79178247
3.84853997
3.98728555
4.15081694
4.16371737
4.25262978
4.29064027
4.31451049
4.43512802
4.47015746
4.83496411
4.86948094
5.06500627
5.12764390
5.18944621
5.24532362
5.35417858
5.38809915
5.46034203
5.64833166
5.68559398
5.75617760
5.92673655
5.94987117
6.04117060
6.19089890
6.20247163
6.23125101
6.32282495
6.35533585
6.41026150
6.49749450
6.54931416
6.55018734
6.62087289
6.75375123
6.87038470
6.88896210
6.94448092
7.09923508
7.22559385
7.23455343
7.37678980
7.44295701
7.61499070
7.64044919
7.68397932
7.89183538
7.89954028
7.92230857
7.92483718
7.94790765
8.07073004
8.12054853
8.13041838
8.22779757
8.28077902
8.33595397
8.33941385
8.34488686
8.42489790
8.54424450
8.61138752
8.64676280
8.66604182
8.93319652
9.06789248
9.14039388
9.17465787
9.60877714
9.61605158
9.80241205
10.15761987
10.18892894
10.32709972
10.43210445
10.43823805
10.56322319
10.74425704
10.78771386
10.82110024
10.89500029
10.92355513
10.92367302
11.18895872
11.21067037
11.28257957
11.36557690
11.48335479
11.52053412
11.58090051
11.73518437
11.73850799
11.78510372
11.85729666
12.02594342
12.10275903
12.49963871
12.52630909
12.63306327
12.76922802
12.87237045
12.87318613
12.88981801
12.97038101
13.19327143
13.22900587
13.24919891
13.27344180
13.33790711
13.35732213
13.40438172
13.44096855
13.52310478
13.54694211
13.59188011
13.78911870
13.95485983
14.01941507
14.08687388
14.15632125
14.36256934
14.37842986
14.50508171
14.53928088
14.60082108
14.62835683
14.68537026
14.77994291
14.83436865
14.91946534
14.98968247
15.02900846
15.04939790
15.18718314
15.28032563
15.32293426
15.37892900
15.39326500
15.39420662
15.40951606
15.48563763
15.56640855
15.59329650
15.63086420
15.64727130
15.89780470
15.92400953
15.94223163
16.09398074
16.51381483
16.51968850
16.71847661
16.78119548
16.86855855
16.89469197
16.90651944
16.96293943
17.00890472
17.27666704
17.49951911
17.50546217
17.60462721
17.66439327
17.67959330
17.84217628
17.84747475
17.86696772
18.05345277
18.11782671
18.13399197
18.18518229
18.21584298
18.23525309
18.42244745
18.50178586
18.58169915
18.62391074
18.66109311
18.67126243
18.73281833
18.79531770
18.85775833
18.93167365
18.99765396
19.02100030
19.38792881
19.41617249
19.43593224
19.56602177
19.73406807
19.74794132
19.75419434
19.86496247
19.86896988
20.12332476
20.20776791
20.26930405
20.27762215
20.31283979
20.35890333
20.48360325
20.49581005
20.57246496
20.65473978
20.72209962
20.75527369
20.88562534
20.89262718
20.93990649
20.96692034
20.97794633
21.01629295
21.11041691
21.15828588
21.23373435
21.25616125
21.43078558
21.60338628
21.70877667
21.70898048
21.71927180
21.72107209
21.79094305
21.88548358
22.05609498
22.10402311
22.13437448
22.21538258
22.44681513
22.48400371
22.53494485
22.75260397
22.85767330
22.87362069
22.87748987
23.03612432
23.03908681
23.18536672
23.30327079
23.45128885
23.49236702
23.54021648
23.64318767
23.75745749
23.79403762
23.79677425
23.94414077
24.05175677
24.06430102
24.15327234
24.16520376
24.36327771
24.49578140
24.60576462
24.62527423
24.64157428
24.65739214
24.66739923
24.67601006
24.73881951
24.87039991
24.88207790
24.91155642
24.98209775
25.06355931
25.17278796
25.18932088
25.19239015
25.31628430
25.33885956
25.41807808
25.49934107
25.51306228
25.51405663
25.64347243
25.71411802
25.97116294
26.42545133
26.47076755
26.60923612
26.68318987
26.71509444
26.75886940
26.81539895
26.96204733
27.23131677
27.25186286
27.29597774
27.40785049
27.41731114
27.53985672
27.59039176
27.65348454
27.65812969
27.71296640
27.80979982
27.91638644
27.96054206
27.99084472
28.07501952
28.09777238
28.11237179
28.17693474
28.19376152
28.19561550
28.38676885
28.40360312
28.51793324
28.57830126
28.62296068
28.63585384
28.64189414
28.72442404
28.88807190
28.99635441
29.00354949
29.00600551
29.20488422
29.30790635
29.37267333
29.41004976
29.48817917
29.57701205
29.63949829
29.69237662
29.72807684
29.74373375
29.81911300
30.13539031
30.71512831
30.87929206
31.08662789
31.17437586
31.19385916
31.49054444
31.51455079
31.56788243
31.64405873
31.65131423
31.66836456
31.85598345
31.91208196
32.06040959
32.06045568
32.09327030
32.30872342
32.31042960
32.32453328
32.37763325
32.40156933
32.44115299
32.47513191
32.57965555
32.71149502
32.90539374
32.96565551
33.40443664
33.60388661
33.65939258
33.69748137
33.74333523
33.77128782
33.90237304
34.01327280
34.06535155
34.07178605
34.18705827
34.35961647
34.38929667
34.38940004
34.40174365
34.45861337
34.55412971
34.58422655
34.66525011
34.70858655
34.84722353
34.92206821
34.97699751
35.22141179
35.31837591
35.60742099
35.65130617
35.70298316
35.84204219
35.94614286
36.06313859
36.09207229
36.14282151
36.18483844
36.18525649
36.31270154
36.44908635
36.54069349
36.59184081
36.59274567
36.65949810
36.87551513
37.21885056
37.22365289
37.29131561
37.39539610
37.42703866
37.53158275
37.55164911
37.85518192
37.88907917
38.00603489
38.08553666
38.12259743
38.14911934
38.29208197
38.29928823
38.36325923
38.37502963
38.46453381
38.60809036
38.68105455
39.17347012
39.18027354
39.20585900
39.36171632
39.55091769
39.55359064
39.60746379
39.74208495
39.81893243
39.84825566
39.89929453
39.94579702
39.95915296
39.99140436
40.06758495
40.09342037
40.09373722
40.14375924
40.20350546
40.24345391
40.24926549
40.26713365
40.28889914
40.30833218
40.33087421
40.41084651
40.46643675
40.54505876
40.54570342
40.56132422
40.59578993
40.59645129
40.62429291
40.73352696
41.03980265
41.08032068
41.18765797
41.25142811
41.53276397
41.63498313
41.64270865
41.72917955
41.76669725
41.92748636
42.02185468
42.06850649
42.07768162
42.28077550
42.49624896
42.53708852
42.58031335
42.85593370
42.85647682
43.00907977
43.07168265
43.07649816
43.26179858
43.29512514
43.34699791
43.46957590
43.53885659
43.73389109
43.77218632
43.79226995
43.80380878
43.82779819
43.90848923
43.93973408
43.96649421
44.01798645
44.04718292
44.06786922
44.08794486
44.34393800
44.42650297
44.44043917
44.53004086
44.56913151
44.62098966
44.78534170
44.88532569
44.90522597
44.96871699
44.97030958
44.97840079
44.98719434
44.99267294
45.01064102
45.05830855
45.16646218
45.24253973
45.33454711
45.36250302
45.36663108
45.51287638
45.57506240
45.58309866
45.59029393
45.77999710
45.87439447
45.89966062
46.10620302
46.15445474
46.24945546
46.49490144
46.64002846
46.66868811
46.86707954
46.92067550
47.04311994
47.06945961
47.07826174
47.11401989
47.33019458
47.45372054
47.49315773
47.52134666
47.57654339
47.60255295
47.62722319
47.76192640
47.85291658
47.87482962
47.90683728
48.02411251
48.08500296
48.13337516
48.14985038
48.16057774
48.25661181
48.33679718
48.40766609
48.42977366
48.46823331
48.61088817
48.64678282
48.71718872
48.89139849
48.97596155
49.13670691
49.15819723
49.19005401
49.23427825
49.28881337
49.46360288
49.49039577
49.58889101
49.67878211
49.74862015
49.77133637
49.82544442
49.86601955
49.91841417
49.92134356
49.96033443
50.01571809
50.03042417
50.03544117
50.06862411
50.21432827
50.21468435
50.40168977
50.48745627
50.58281305
50.58718310
50.63772574
50.68130086
50.71333492
50.86298701
50.89136809
50.97480684
51.01629828
51.05396238
51.12171548
51.24032768
51.24880804
51.29761079
51.65582702
51.75446329
51.79202059
51.85168372
51.98028013
52.08030872
52.11939190
52.16888089
52.54490803
52.63004864
52.87030790
52.97253277
53.08493720
53.09394744
53.10398365
53.19348098
53.44527009
53.47892148
53.52957496
53.54871701
53.65061126
53.66749953
53.67625988
53.67828634
53.70159724
53.73582364
53.84968562
53.93121770
54.07697027
54.16051869
54.18804244
54.27532420
54.27760023
54.31518949
54.61416252
54.68644308
54.71765371
54.72649044
54.75427610
54.75739743
54.98240427
55.10306894
55.11425780
55.18822409
55.21546261
55.35801168
55.51582575
55.76621652
55.85972545
55.91728684
55.95850894
55.96277858
56.03506146
56.05049651
56.08917637
56.11161942
56.27133522
56.57385666
56.58436842
56.60618623
56.63983068
56.64563878
56.71482197
56.71845582
56.72010753
56.84931223
56.88612867
57.00754720
57.05098906
57.08646610
57.09816307
57.34875442
57.41645089
57.45300574
57.52147794
57.63433540
57.72737885
57.76154202
57.98440078
58.11629722
58.16195792
58.25721989
58.33372976
58.40790349
58.48463657
58.58489844
58.63220840
58.69904651
58.71859014
58.72625660
58.75203143
58.84244560
59.00887624
59.17195886
59.29162046
59.32159570
59.48918742
59.54516264
59.56050485
59.61604889
59.69176702
59.72269776
59.93354930
60.04498656
60.05496069
60.11420820
60.14773743
60.15403769
60.30413236
60.32303603
60.45200742
60.46524513
60.66240304
60.66425197
60.71109599
60.87488002
60.93773227
60.96025218
61.08175857
61.25737610
61.33997884
61.44375535
61.44882902
61.47954802
61.78196103
61.89494486
61.98389118
61.99749247
124.00000000
