0.02025286
0.08853590
0.13353960
0.28675046
0.53658624
0.54784858
0.56719211
0.77352162
1.10626754
1.18903011
1.23771522
1.52627607
1.63101790
1.85173688
2.03047858
2.50282609
2.78295387
2.95274537
3.09365837
3.11186970
3.24088913
3.25386503
3.36591385
3.48452601
3.51893143
3.54533942
3.60764872
3.72954831
3.87289789
3.90209279
3.91932227
3.93380308
4.03645167
4.09104800
4.19090649
4.24238551
4.83109432
5.12806440
5.34876098
5.37308383
5.38415831
5.42132244
5.58823971
5.96792776
6.16327704
6.21188799
6.24476772
6.39497616
6.56447403
6.64762540
6.72086559
6.73080800
6.76724892
6.77547251
6.89512520
6.93429264
7.02827187
7.05315607
7.07920020
7.37317222
7.45754714
7.48875287
7.56480157
7.60266991
8.03397726
8.04548201
8.05102375
8.09291153
8.28831004
8.30949141
8.38243172
8.38726584
8.61694173
8.73613606
8.73950330
8.77181586
8.95605579
9.30796516
9.39828388
9.48832015
9.51019829
9.52490078
9.53602837
9.55466393
9.55895690
9.57988377
9.59865777
9.77313952
10.07115835
10.10856375
10.20105755
10.20915531
10.28743187
10.29035091
10.71529387
10.83205958
10.90629325
10.96308154
10.99155661
11.06345277
11.14198241
11.20778603
11.26003775
11.28332693
11.29743213
11.39314034
11.44448749
11.74568320
11.76798834
11.92557551
11.92849451
12.03057676
12.12454041
12.19455018
12.20055531
12.45882356
12.49508737
12.52222248
12.52630909
12.58524661
12.63962986
12.64594093
12.64663633
12.75757486
12.87837640
12.96649267
13.23440009
13.25866483
13.27814492
13.30917602
13.34952289
13.44461898
13.46118375
13.48439919
13.56432049
13.70337763
13.79090660
13.98531302
14.59513373
14.68537026
14.70869020
14.82310504
14.88183152
15.14042066
15.14672627
15.16990173
15.34378708
15.71242410
15.74843942
15.92225721
16.03691338
16.20233899
16.22674964
16.24361406
16.61979784
16.70267147
16.70781970
16.83570268
16.86191087
16.95988269
17.11404171
17.20774420
17.26061782
17.27139947
17.28177721
17.37416258
17.38712194
17.53653577
17.68346467
17.69191845
17.71023649
17.77102601
18.03428636
18.06214266
18.27146417
18.35474554
18.35603388
18.40115400
18.40601889
18.47623747
18.54583840
18.58533497
18.61527633
18.70540645
18.76848519
18.79460079
18.87490271
18.87899232
18.92702855
18.99951482
19.00447396
19.00668486
19.02925370
19.07326723
19.15681809
19.18006082
19.18322256
19.23846870
19.24248097
19.32467347
19.37044984
19.72508546
19.77840722
19.85009091
19.91457652
20.03545443
20.09138725
20.20749164
20.26672980
20.30715312
20.31741789
20.37168655
20.38098889
20.44093950
20.46749643
20.62053065
20.63105908
20.64788564
20.68437853
20.83686153
20.93902347
20.96446882
21.03564066
21.04307075
21.06419789
21.14030352
21.24424547
21.29198302
21.52701087
21.57238115
21.57670324
21.68957093
21.85187735
21.85355083
21.87096441
21.93703372
21.94848053
22.11279821
22.22165137
22.24010753
22.32605057
22.35255765
22.38517681
22.41714422
22.51670409
22.52421263
22.52761015
22.60681891
22.73754763
22.86875775
22.90043363
22.96188415
22.97272036
23.00830640
23.07869199
23.17392340
23.22720769
23.29072484
23.30327977
23.52797744
23.60149832
23.64311111
23.64318767
23.68639122
23.74687522
23.80181880
23.81217155
23.85594692
23.92302945
24.05059177
24.10056506
24.21359661
24.24038272
24.31959682
24.39247197
24.45995799
24.50661769
24.57789903
24.62201845
24.68277676
24.78212860
24.80046757
24.82883688
24.86341080
24.89946632
25.05472934
25.15072672
25.30348505
25.35995092
25.39024362
25.48789782
25.50106632
25.57227489
25.69708042
25.73293282
25.89297977
25.93899108
25.98864943
26.05172759
26.06029833
26.07616957
26.07754360
26.10775588
26.19103155
26.27032883
26.40048371
26.49161791
26.63226146
26.66196081
26.73365286
26.91945487
26.95599270
26.98614248
27.06905039
27.35992927
27.50465154
27.54326487
27.60292601
27.70962747
27.78652714
28.09430495
28.29645568
28.37619481
28.38952974
28.45090958
28.57078056
28.59970073
28.60114408
28.63577974
28.81885591
28.89035833
28.95388621
28.95397532
28.96697551
28.98640666
29.09448445
29.25881409
29.45166564
29.45627287
29.48418177
29.56198145
29.63294783
29.64677819
29.66207422
29.71761420
29.95412540
30.08053635
30.10001807
30.19678897
30.29371722
30.44911694
30.47837683
30.51287137
30.53906102
31.11214625
31.12966529
31.21513318
31.27651546
31.31882520
31.41549111
31.48537182
31.55609735
31.59338235
31.70066945
31.76321453
31.80935106
31.82871153
31.97303621
32.30089533
32.30456687
32.32331260
32.34775730
32.45630725
32.65897653
32.75327521
32.82620946
32.86418649
32.95402764
32.96476137
32.97775931
32.98375829
33.05469933
33.27842399
33.41467836
33.51271829
33.74333523
33.86691818
33.87034990
34.18870653
34.27226714
34.27721048
34.43460279
34.51039947
34.53100185
34.59429592
34.64063651
34.67775889
34.68039051
34.86974949
34.96254495
34.96402894
35.27131167
35.35690527
35.49540554
35.53928816
35.67088741
35.69392486
35.76325579
35.76967405
35.87017938
35.88096161
35.94669259
35.96688020
35.97319726
36.02701787
36.18253736
36.26718733
36.34080940
36.64756135
36.73626522
36.80162500
36.81296171
37.16642542
37.24521257
37.42703866
37.44137632
37.54134050
37.57138471
37.57565603
37.61655019
37.62806207
37.64764070
37.74219151
37.76066515
37.88236797
37.93223441
37.93969201
37.98835993
38.00244003
38.05530680
38.19407396
38.39531135
38.39548390
38.40012788
38.46801606
38.67877495
38.80398512
38.86326573
38.92524474
39.11719175
39.28966818
39.42517142
39.43412989
39.47932100
39.51123855
39.65909720
39.67859870
39.68039476
39.81940246
39.87160214
39.95080954
40.00547267
40.01050345
40.15222443
40.22999918
40.24086931
40.27324905
40.31571410
40.34415375
40.46914592
40.49672456
40.56377413
40.58783389
40.69760322
40.83065278
40.86593756
40.87128427
40.89511618
40.89692050
40.92390824
40.97763066
40.98493096
41.00489969
41.03622933
41.04907142
41.47415237
41.55521358
41.60542310
41.61664777
41.86056159
41.93187962
41.98148732
41.98488865
41.99610675
42.03807586
42.16320940
42.33644341
42.41403392
42.44173116
42.45861006
42.54605667
42.68087169
42.78435490
42.86288581
42.86684758
42.89715943
43.36006193
43.45672563
43.61774873
43.61794984
43.81184506
43.81241668
43.84437539
44.03356639
44.13799855
44.16558768
44.19783067
44.23950914
44.33703194
44.35643495
44.42751642
44.58319372
44.59982475
44.65468288
44.75452199
44.82222619
44.91382654
44.91993418
44.96658972
45.23140297
45.28043243
45.30324100
45.45186560
45.45410038
45.49155202
45.54437927
45.66976157
45.82619162
45.90176940
45.95837269
46.03049148
46.11773183
46.16352740
46.26347873
46.27442141
46.38145475
46.56677860
46.66868811
46.83087530
46.87848219
47.01484394
47.01845879
47.03499754
47.08418772
47.13646902
47.14790851
47.20714280
47.37669419
47.42632796
47.43953987
47.45778980
47.46616659
47.53271460
47.53372909
47.53415315
47.71124436
47.75814797
47.76154710
47.84893179
47.85188879
47.90280726
48.02966986
48.03302743
48.14422291
48.15810031
48.19933822
48.32424253
48.35361840
48.56787931
48.57154825
48.62124200
48.88699356
48.88960652
49.00677986
49.09265769
49.20042886
49.28103460
49.28483522
49.51529202
49.55662885
49.60769384
49.92429923
50.03164023
50.12347419
50.17087535
50.34372448
50.58639986
50.59288465
50.65982553
50.82910799
51.04851372
51.08012544
51.08105124
51.14758639
51.20321028
51.35180631
51.39914550
51.43644424
51.53129148
51.60641890
51.83777700
51.96815011
52.01462898
52.05323038
52.12461465
52.23847996
52.37153439
52.44210201
52.44347261
52.49988899
52.55968521
52.59881478
52.81445121
52.93637747
53.01054885
53.27972890
53.34047233
53.42370543
53.43235392
53.61470294
53.65150930
53.71434727
53.73360027
53.88652066
53.90634625
53.92432626
53.93467583
54.00382808
54.08599760
54.19135060
54.39391775
54.41858772
54.47136884
54.48065340
54.48339235
54.50427469
54.54202921
54.54762325
54.73460152
54.79888679
54.92710227
54.95683854
54.97515624
55.01423824
55.16321403
55.16657013
55.17946587
55.22287509
55.34127404
55.53455575
55.53818902
55.55909577
55.78577794
55.80267212
55.85928604
55.87250188
55.87826776
55.99576358
56.07227017
56.07277559
56.25305950
56.33326505
56.34267240
56.34469864
56.68502818
56.82101022
56.84614176
56.88151204
57.03230632
57.22179070
57.22662926
57.25196367
57.25239337
57.28677697
57.30723745
57.47484595
57.64029521
58.25721989
58.47279088
58.59210397
58.81647736
59.01050646
59.02222793
59.05636316
59.06134727
59.07669516
59.08583529
59.11012156
59.11028812
59.27221420
59.30970489
59.42231985
59.48410768
59.58891313
59.59766184
59.60326669
59.62990142
59.66883315
59.78932013
59.97482845
59.97861609
60.05287650
60.27685211
60.32132134
60.42189301
60.54948406
60.55842004
60.69611903
60.83858397
60.86615695
61.19189610
61.22550061
61.23029725
61.39325191
61.41781639
61.52932195
61.65439573
61.69204022
61.73684585
61.81647220
61.93426325
62.01392736
124.00000000
