0.03231218
0.06344986
0.10594195
0.15238974
0.18952381
0.45360929
0.49874101
0.51583435
0.62995505
0.68537087
0.73741721
1.36972030
1.41995919
1.47882898
1.57018171
1.57528834
1.60845638
1.73642348
1.77226091
1.95787756
2.19291671
2.21694876
2.38402751
2.55486225
2.66452386
2.70838167
2.71903836
2.74054436
2.75007683
2.82822087
2.91430098
2.99840144
3.16575548
3.24785198
3.60469244
3.76138227
3.84735838
3.86105294
3.94409181
3.96411304
4.01407849
4.06833735
4.09332752
4.19380127
4.22420188
4.37136753
4.37482397
4.49344236
4.50221805
4.58701068
4.97899113
5.00346867
5.01111690
5.04040567
5.05060465
5.09701346
5.25818595
5.37222362
5.40434263
5.44390027
5.45179053
5.59321343
5.71605266
5.99765330
6.15601492
6.16507749
6.17100666
6.20247163
6.29629365
6.32129189
6.33951276
6.41955445
6.48954713
6.61552185
6.61760721
6.68940094
6.69040149
6.69996824
6.76498348
6.77092914
6.92303510
6.93731757
7.14496610
7.34322903
7.48525807
7.50763799
7.66501736
7.74362635
7.78058023
7.82395904
7.87788971
7.93758913
8.05272116
8.09695236
8.09776719
8.22164590
8.41976929
8.63225493
8.94890248
8.96973981
9.04647351
9.16769322
9.34407071
9.36921143
9.79302151
9.86495968
9.88388489
10.18983555
10.43210445
10.49498860
10.51997617
10.52825330
11.02576569
11.02840352
11.07612068
11.16320799
11.67847736
11.91402343
12.38360410
12.39096133
12.47690221
12.54657303
12.62702156
12.67910891
12.71768447
12.81571377
12.91325976
13.04130758
13.04721551
13.06308517
13.07864783
13.13549355
13.16300463
13.17994339
13.25082447
13.45666953
13.47068235
13.48257538
13.57816830
13.80962390
13.82871023
13.86454392
13.89406679
14.15920815
14.30093337
14.32577330
14.37262768
14.38538229
14.46227353
14.53036534
14.65723995
14.67196692
14.92844323
14.97566093
15.10653760
15.14139750
15.20586924
15.21762249
15.53388326
15.55898780
15.69954162
15.87149965
16.03248465
16.04852445
16.06816165
16.09171284
16.30497889
16.32636672
16.34654965
16.47177657
16.59154916
16.66612287
16.68702451
16.77297593
16.80607263
16.83685150
16.86739292
16.87072079
16.90070151
16.96293943
17.06627977
17.24667532
17.26997752
17.27833539
17.41895518
17.52046666
17.67485653
17.83286811
17.86328818
18.10932971
18.41159817
18.43285987
18.45190374
18.73662793
18.80959348
18.81381011
18.82712669
19.49735778
19.58016227
19.63160160
19.64057265
19.72940783
19.73286362
19.87760276
20.10373116
20.15908191
20.27274618
20.34377630
20.46074278
20.56026738
20.57099690
20.69979154
20.79105018
20.92556657
20.96000139
21.03247427
21.03603176
21.04509457
21.08660137
21.09747121
21.10311509
21.29611612
21.39170009
21.39968400
21.48496961
21.60574711
21.72724529
21.74618997
21.78317826
21.78506457
21.78721877
21.79101273
21.81405864
21.86256980
21.91719280
21.93703372
21.95152718
22.08505281
22.16394698
22.48764192
22.53091854
22.54226418
22.62828336
22.74518740
23.00113579
23.00830640
23.04546234
23.09950295
23.10240908
23.19263568
23.26692722
23.31035965
23.35800571
23.40623413
23.45281275
23.51430910
23.54242006
23.60148846
23.66219005
23.69751800
23.81555390
23.81953140
23.88177652
23.91189359
23.94176190
24.03357100
24.05098526
24.08902405
24.14368202
24.15756253
24.21694379
24.39125133
24.43276684
24.51585585
24.57346865
24.63529351
24.79773773
24.83167139
24.83257376
24.90515908
24.91745878
24.91789132
25.08693877
25.09828189
25.22987269
25.34819022
25.35176793
25.38232191
25.46018636
25.72468776
25.76074757
25.97089347
26.01168623
26.07485279
26.08424459
26.10496753
26.20870231
26.22314062
26.25969184
26.42906996
26.45178273
26.60062914
26.61897194
26.71946290
26.83241059
26.87501342
26.88028147
26.88670468
26.95029290
26.95229034
26.95599270
27.13570311
27.16474349
27.19914941
27.39560979
27.52239851
27.65100958
27.65852598
27.75428032
27.82159408
27.89019101
28.05814454
28.06104765
28.06251431
28.12948795
28.20344852
28.30075128
28.53434141
28.59146859
28.74239701
28.78115098
28.79035166
28.81861100
28.82996300
28.95205985
28.96003753
29.09352857
29.13054733
29.53787014
29.58846975
29.82701371
29.86292441
30.04097778
30.07024678
30.16419279
30.16942393
30.22371634
30.28381614
30.37874775
30.44662507
30.71158438
30.76813368
30.80317305
30.84839298
30.96884378
31.01716345
31.03848908
31.11161869
31.12631846
31.38690117
31.51226354
31.54087789
31.73686002
31.79735407
32.04392201
32.10134744
32.16892763
32.19874093
32.26067107
32.27334467
32.39947541
32.46638526
32.48140236
32.50729875
32.52272485
32.55074289
32.74551761
32.81031232
32.81816954
32.84951127
32.92786359
32.99837543
33.04498426
33.07580136
33.12818704
33.14267762
33.22605801
33.22609769
33.24104275
33.26172158
33.26490393
33.38094637
33.43812993
33.53046646
33.56497793
33.59089068
33.60330950
33.74003911
33.99780198
34.00747623
34.20564322
34.26783631
34.36381475
34.37724008
34.49294564
35.12635475
35.31660248
35.49701209
35.50724187
35.61153364
35.72355496
35.90000701
35.99667795
36.08786708
36.10335665
36.12416839
36.17631004
36.18120113
36.20823986
36.45080554
36.55222099
36.70058989
36.84891052
36.95758697
36.99240775
37.08352085
37.10312582
37.13659348
37.13691174
37.20388371
37.25663919
37.34672388
37.35181275
37.56103553
37.65755440
37.71033702
37.75084347
37.79384864
38.01495351
38.19590121
38.38648607
38.42732161
38.69665043
38.88498033
38.93988621
38.94316721
39.18333574
39.36278353
39.38722140
39.53341722
39.53658018
39.57932246
39.72320647
39.79808680
39.85799219
39.95634897
40.04351436
40.13887956
40.19858106
40.25939671
40.33820402
40.35040991
40.46257893
40.46971424
40.47317028
40.48146257
40.54109354
40.57526363
40.61041295
40.98114737
41.03515527
41.05325339
41.17809561
41.21270447
41.23229306
41.30195040
41.30283885
41.38138294
41.42965559
41.52074826
41.72177105
41.88105861
42.01544616
42.22816961
42.28416955
42.34491198
42.76237750
42.79241191
42.94972212
42.97230958
42.98812333
43.00312060
43.17066511
43.18405618
43.23596617
43.31256266
43.33561921
43.34582017
43.47722969
43.49238318
43.50665383
43.51777320
43.54793465
43.59883659
43.72160503
43.78391531
43.81708182
43.83559134
44.03635000
44.11958279
44.27456308
44.36028703
44.63844267
44.76250275
44.77097670
44.90073649
44.97886249
44.99372665
45.13081456
45.28000695
45.51589312
45.59669597
45.59803525
45.60828734
45.63007617
45.67062195
45.81973641
45.82813677
45.84340136
46.04941261
46.13921300
46.24718229
46.27996724
46.34047495
46.44098950
46.56713806
46.91753817
46.95127510
47.13893810
47.41654627
47.46888877
47.56068394
47.56313511
47.57875406
47.72463944
47.74703317
47.85188879
47.90106294
48.05649627
48.07922666
48.37978834
48.38388473
48.43186140
48.47598815
48.52955802
48.68103846
48.69103238
48.74016292
48.74413958
48.88086053
48.94522575
48.95213821
48.95657648
48.99094511
48.99399800
49.04821611
49.10573842
49.14678946
49.21677249
49.23628560
49.26940848
49.27717991
49.32905752
49.33426882
49.42907410
49.47119406
49.56426278
49.58065984
49.67142643
49.67674480
49.72814021
49.73032552
49.80915542
49.87041379
50.01247787
50.13410188
50.34866711
50.40686478
50.41766040
50.50752699
50.50962701
50.62805135
50.64376489
50.67336456
50.69679683
50.69883303
50.71091307
50.76546473
50.94769599
50.96612525
51.00684800
51.02291729
51.06858669
51.23884917
51.26672016
51.28762161
51.42562426
51.46617465
51.66611192
51.87058693
52.15951338
52.19688661
52.26462928
52.28721647
52.32720081
52.39687700
52.41780140
52.51122215
52.71695600
52.74579091
52.75083376
52.81981939
52.89950618
53.21264928
53.43882383
53.49234168
53.78515951
53.81003757
53.82847942
53.84057372
53.88552500
54.00864966
54.09082378
54.13824718
54.20569758
54.20672209
54.27798299
54.51636046
54.59393073
54.59558717
54.60201842
54.61921081
54.68470921
54.90648597
55.03487865
55.08105131
55.43731371
55.52578165
55.56568659
55.69194784
55.70223207
55.75034492
55.78333749
55.84994109
55.98627995
56.11175141
56.16983069
56.26721196
56.49912858
56.53637759
56.59426604
56.59437303
56.69291758
56.72828920
56.77346257
56.81845217
56.90415601
56.91689398
57.11381813
57.18891717
57.19927028
57.26718493
57.27199531
57.38817997
57.47222033
57.48907402
57.50548306
57.61665058
57.61865114
57.77007972
57.84798594
57.89096292
57.94260114
58.04570590
58.29022124
58.41153150
58.48463657
58.58573547
58.60571293
58.71891504
58.91521558
59.01015090
59.09665960
59.12286489
59.25968255
59.33864331
59.55383475
59.66453842
59.87651810
60.02783076
60.07423666
60.13225120
60.36325463
60.38314449
60.48015076
60.51041014
60.51830102
60.51950962
60.55711356
60.58477867
60.62740302
60.70401357
60.78573230
60.92338392
60.93140904
60.94427881
61.00983065
61.01926938
61.13290792
61.16238760
61.17231510
61.24951906
61.28781131
61.38381228
61.46062480
61.47994460
61.60618485
61.67247705
61.70004577
61.70842411
61.75067561
61.77996922
124.00000000
