0.35672964
0.52468097
0.61842751
0.77914851
0.89996440
1.08864721
1.47578106
1.64124025
1.68510689
1.83924779
1.89528007
1.90937502
1.94123365
1.99053003
1.99566927
2.00904256
2.14782980
2.15787190
2.22742693
2.35260366
2.56145481
2.61093527
2.65172333
2.77424446
2.85912401
2.86339853
2.88158388
2.89461162
3.01389795
3.09719289
3.17900945
3.39557595
3.44151124
3.53162013
3.58825427
3.71676812
3.74903413
4.07809912
4.08149366
4.08860649
4.10972969
4.33230866
4.56621635
4.71317908
4.75902979
4.76749933
4.78877546
4.91123948
5.01281784
5.02843543
5.19175501
5.19325919
5.30443364
5.48437375
5.66279907
5.67548509
5.67966023
5.70682394
5.97859152
6.13855815
6.21004254
6.30446286
6.37223850
6.62165896
6.69081359
6.73795165
6.76498348
6.84522259
6.85882528
6.95038494
7.07875439
7.09886233
7.10416412
7.15088702
7.17229168
7.32423916
7.34488731
7.43387986
7.48560359
7.61704968
8.03997912
8.06971162
8.23739207
8.28138160
8.34809216
8.35506746
8.49426030
8.53858763
8.57390594
8.59178027
8.65160273
8.74834898
8.93482458
8.95949799
9.05461398
9.10804603
9.10837124
9.17256942
9.19415958
9.22278969
9.28860557
9.35264243
9.45078987
9.54236697
9.69747534
9.72353860
9.76680282
9.82610238
10.05417747
10.06683382
10.13854539
10.16434719
10.18085349
10.20231493
10.42067272
10.56321093
10.58474390
10.63648323
10.68103377
10.68726413
10.79636130
10.91081866
10.91758871
11.02921460
11.13386076
11.23950838
11.26783360
11.37432671
11.46038153
11.54255979
11.70927247
11.80505125
11.80616870
12.07024205
12.13864118
12.14422141
12.19101779
12.21529063
12.24664861
12.26289345
12.32029449
12.34073740
12.56053440
12.60423717
12.64567911
12.67216092
12.71813348
12.74744900
12.83494729
12.95059002
13.00330386
13.18449662
13.34095215
13.38358294
13.40052462
13.66738350
13.73567563
13.75893802
13.88249046
13.90695947
13.97893768
14.01504359
14.09677322
14.11917869
14.13473976
14.13598822
14.21150117
14.26528628
14.30760928
14.56100529
14.56117207
14.63130231
14.77543009
14.85598736
14.86749130
15.29737572
15.30104052
15.50106733
15.65068434
15.65289312
15.80454266
15.81374024
15.92556901
15.93287453
15.98706275
16.01272641
16.03248465
16.20635709
16.29234860
16.30811749
16.31449726
16.45781394
16.47524943
16.53887394
16.67270192
16.85467894
16.96694311
17.01908067
17.05175362
17.08622693
17.25149478
17.30867303
17.38726613
17.50769299
17.51165793
17.54484407
17.64224316
17.66439327
17.78047451
17.78522051
17.86406035
18.06548053
18.07856240
18.12320864
18.12836140
18.25190894
18.27491092
18.32584772
18.33802255
18.36604202
18.37601870
18.40115400
18.60380968
18.69715106
18.75860482
19.00707404
19.03016943
19.03525073
19.04325080
19.08344768
19.30397290
19.37452025
19.41810846
19.59339449
19.63316986
19.97502194
19.97573838
20.02554575
20.07581676
20.14445331
20.25013076
20.30943753
20.34264108
20.34516070
20.35578895
20.54613002
20.58952579
20.59251846
20.70723833
20.94969109
21.06250834
21.15026834
21.17089195
21.18279332
21.19412019
21.22210574
21.39215399
21.65688103
21.70430767
21.72047269
21.84081856
22.16331430
22.35736809
22.36186295
22.45741661
22.50156657
22.51239177
22.52387679
22.59754856
22.60771893
22.73945160
22.78056760
22.80054562
22.87527443
22.89739960
22.91104414
22.98207966
23.01728252
23.18536672
23.43586746
23.49015932
23.51361549
23.59310818
23.68218661
23.74709966
23.95519530
24.05113065
24.07675646
24.25495522
24.29454157
24.30560768
24.41258983
24.43614080
24.43951074
24.44313476
24.57484318
24.64705280
24.66067776
24.72237211
24.76588308
24.82826412
25.03275886
25.06905009
25.18932088
25.29315921
25.38069556
25.46835105
25.49483004
25.56110640
25.60011218
25.72142116
25.73204006
25.80692369
25.91952132
25.95583744
25.95808369
25.96835156
26.06457404
26.25360726
26.28424332
26.37378820
26.47815318
26.55877252
26.58153099
26.71083739
26.74499809
26.86255672
26.97862689
27.00562553
27.06734180
27.31790131
27.35990715
27.45583995
27.52442639
27.57171669
27.62744916
27.76167582
27.86285544
27.87435913
27.91574561
27.93890097
27.97036615
28.02997279
28.10865721
28.27798054
28.40624711
28.42030787
28.45536253
28.47956826
28.60984609
28.72484561
28.75297411
28.80426141
28.91136949
29.05968836
29.20337520
29.29918162
29.35803081
29.49254429
29.51475948
29.64983189
29.72795335
29.73297582
29.79421648
29.86992315
29.88847019
29.90958305
30.15406791
30.27978801
30.34898145
30.46204276
30.51142809
30.81547823
30.87717298
31.04985941
31.05663729
31.20022596
31.21890145
31.28362253
31.44916458
31.47188456
31.50294567
31.56725617
31.61837318
31.65734590
31.77584265
31.80475756
31.93144384
32.04951224
32.07553237
32.11090508
32.19443326
32.27859160
32.28101740
32.34036355
32.41353960
32.43797761
32.44976864
32.47513191
32.47947753
32.58936865
32.60647480
32.85112533
32.95295072
32.97885766
33.02711824
33.04142168
33.17778111
33.30679595
33.37479802
33.45108860
33.65401629
33.66823796
33.73819230
33.78994619
33.79137058
33.80115127
33.81525329
33.91206292
34.13557837
34.22330159
34.23054224
34.31768412
34.34257625
34.42277538
34.42836143
34.48283808
34.50100238
34.57800526
34.82714063
34.83271542
34.92556546
35.05969606
35.06122751
35.06687891
35.07296485
35.14124063
35.17007891
35.32571123
35.33214495
35.33685113
35.35906890
35.39083865
35.41103665
35.46847419
35.48780173
35.52363507
35.52648981
35.55462735
35.89890392
35.97298280
36.03911618
36.15617368
36.25037605
36.42339833
36.65156298
36.80159484
36.80857155
36.94806172
37.26253026
37.52626306
37.65424853
37.76066515
37.87945790
37.91254990
38.01723094
38.03027190
38.04853527
38.06886621
38.07648303
38.10932758
38.11988034
38.13044498
38.16389069
38.18058886
38.19460289
38.25044554
38.29208197
38.39381645
38.44597145
38.52243028
38.55572245
38.58874320
38.74436864
38.82720401
38.82783788
38.89122728
38.97650253
39.10309362
39.29309271
39.41089209
39.65672642
39.75074732
39.79145142
39.79670506
39.84056439
39.94242114
40.00945541
40.03555161
40.25126081
40.35966920
40.62533339
40.62709243
40.81056742
40.98603723
41.01173195
41.20522604
41.23264628
41.46950330
41.50391388
41.77938573
41.78055008
41.79565503
41.80950270
41.91669365
42.00581758
42.13604712
42.18184593
42.25370136
42.25377261
42.40333457
42.56879036
42.59845701
42.60574697
42.80738892
42.82322063
42.96925807
43.10175850
43.18237300
43.25110407
43.41762638
43.68555949
43.73521265
43.75031765
43.82355110
43.87046359
44.39995853
44.49918700
44.69329131
44.80362418
44.97361703
44.99372665
45.06745565
45.06927869
45.11596665
45.34377391
45.35944737
45.37272869
45.44752580
45.47127104
45.48388820
45.51134187
45.53253597
45.78052179
45.78501147
45.88466070
45.94730343
45.99065550
46.03670822
46.05278325
46.06745169
46.10848213
46.23367188
46.23540894
46.28341847
46.40916192
46.69702094
46.74102983
46.74645214
46.81342659
46.92067550
47.03113032
47.16481430
47.17437604
47.18861882
47.28075773
47.31633901
47.35320524
47.47183372
47.57483206
47.62950596
47.72040993
47.76636075
47.78347627
47.81150056
48.03963926
48.25760362
48.35181238
48.43242518
48.47031154
48.50197007
48.64992437
48.71747994
48.85247826
48.93638269
48.96324553
49.19095079
49.20007288
49.29153080
49.50307681
49.50421803
49.59372219
49.62129810
49.70237721
49.73587459
49.77156919
49.81850703
50.01454991
50.03879335
50.13710320
50.17189862
50.21670163
50.24077769
50.36630881
50.36860707
50.37084059
50.52987296
50.68034234
50.73588518
50.73741088
50.76546473
50.90830014
51.27608366
51.29761079
51.36709656
51.38777917
51.49266681
51.50387496
51.51071673
51.51793893
51.62317273
51.69347290
51.82657941
51.88059591
52.02997545
52.05979485
52.14768211
52.21933323
52.30297460
52.32511102
52.38877318
52.40430590
52.43198811
52.50958294
52.55569741
52.56759461
52.62748191
52.73155124
52.77108028
52.88576478
53.11105248
53.21380356
53.23500903
53.28303676
53.33790771
53.47428141
53.57339673
53.57373442
53.66150647
53.68738349
53.77195646
53.82057719
53.86050846
53.86763399
53.98662550
54.02847012
54.05590848
54.07525178
54.08240709
54.22817522
54.23942340
54.27205978
54.29918155
54.37562126
54.45834709
54.54317633
54.56896533
54.59745893
54.73449626
54.84891673
54.96280373
54.97711097
55.04266651
55.15633756
55.17744395
55.24136956
55.38749238
55.45284694
55.51873659
55.56346368
55.59702336
55.64919284
55.69194784
55.73230241
55.78340591
55.80900106
56.13821253
56.22577832
56.41226615
56.77404150
56.88005639
56.89606531
57.04172774
57.09858737
57.12824974
57.14090228
57.17402829
57.31280818
57.71364830
57.73662654
57.86875388
57.87119876
57.91931809
57.97499792
58.13035813
58.18793645
58.32013877
58.34338744
58.51276271
58.54667431
58.59912104
58.73002485
58.78979698
58.82561427
58.89258673
58.89292195
58.89750468
59.09810801
59.15093419
59.31402293
59.31533581
59.51493589
59.55383475
59.66507400
59.92820534
60.10160641
60.21784392
60.28075278
60.29103254
60.50952666
60.61596755
60.77445693
60.78945109
61.17118356
61.36505282
61.66797326
61.73802006
61.74412087
61.81716090
61.83922941
62.04301888
62.08105449
62.16860492
124.00000000
