0.03187452
0.14137713
0.35687727
0.42132177
0.47047312
0.47878495
0.55818671
0.60967175
0.61490143
0.62797455
0.65711744
0.71996615
0.73589363
0.76601042
0.81939765
0.86010811
0.86416698
0.90547415
0.90613014
0.94101339
1.09851675
1.11651265
1.15136380
1.16583201
1.18540405
1.31609612
1.34739622
1.40043139
1.55542642
1.77486493
1.83547820
1.87584433
2.00663595
2.04821982
2.08384910
2.15054019
2.16912323
2.22087710
2.26315059
2.29387259
2.46554639
2.48745922
2.49061292
2.51054181
2.61295245
2.65128601
2.66983737
2.71352288
2.72879309
2.82701798
2.88814679
2.88829967
2.91402756
2.93536975
3.07333637
3.15516878
3.29176583
3.30028705
3.32206566
3.38137999
3.44766528
4.03244284
4.12056803
4.17292357
4.27566418
4.29011151
4.29649828
4.41926282
4.74192646
4.86403410
4.90869726
4.93627907
4.95510134
5.44442123
5.46461495
5.58748785
5.74285049
5.78868556
6.07863046
6.20925659
6.23835043
6.35447129
6.37375494
6.43389107
6.50319250
6.56374214
6.68117449
6.72534570
6.90433279
6.96885221
7.03841518
7.13446585
7.17280869
7.20493087
7.22512042
7.23688578
7.54947476
7.56740727
7.58002768
7.58882829
7.74094933
7.76770194
7.77115269
7.90811227
8.13050867
8.15516086
8.16011205
8.17452365
8.27247375
8.33996845
8.34401876
8.36464775
8.36734994
8.41423519
8.46029604
8.48064737
8.55809746
8.68109385
8.77437833
8.82661780
8.98756354
9.01957746
9.08220364
9.13568470
9.27143170
9.29287843
9.29324908
9.42470218
9.47161439
9.61584544
9.71303479
9.75615643
9.80247588
9.93011505
9.99726291
10.03506335
10.26372296
10.29983664
10.45012288
10.50420854
10.51821251
10.52054415
10.54657796
10.61074917
10.65291111
10.76738286
10.78162979
10.87796477
10.97259745
10.99423495
11.01727128
11.04439966
11.06794009
11.14991182
11.15057293
11.21874727
11.27801279
11.28945179
11.29200801
11.41919431
11.43174852
11.50314983
11.66953395
11.74819247
11.89054383
11.90429783
12.04428897
12.20470401
12.33514828
12.37346392
12.56947262
12.62425809
12.66795401
12.75472347
12.76071502
12.85958334
12.96601111
12.97339849
13.04641604
13.06932742
13.08914090
13.19544472
13.21787162
13.22457057
13.30440993
13.35880872
13.43412888
13.46521916
13.56930544
13.61708151
13.71023506
13.72603223
13.99832744
14.03059332
14.09677322
14.10396162
14.12954799
14.23207333
14.24708193
14.27059273
14.42368164
14.43168941
14.58425672
14.71803563
14.73217703
14.83225705
15.00836655
15.02591464
15.13997526
15.25721801
15.27279668
15.37182468
15.57357035
15.70938576
15.77610665
15.79639363
15.79830760
15.85294697
15.86298366
15.87214832
15.89492411
15.93082139
15.93403674
15.96802812
16.09381612
16.15777247
16.20740212
16.53984021
16.57219726
16.58600801
16.58682284
16.73803528
16.87463848
17.08595311
17.14433687
17.38077676
17.39677265
17.40535277
17.49182878
17.59424445
17.61701853
17.66447848
17.72814515
17.93138393
18.33045531
18.34413899
18.53953631
18.59734365
18.60417359
18.74763679
18.87150813
18.88015846
19.20481246
19.35277833
19.45347585
19.52849652
19.53656380
19.58165057
19.65658698
19.75717314
19.93694253
20.06441066
20.17106771
20.31668470
20.32336498
20.36334838
20.49163866
20.64546461
20.82622187
20.86603168
20.88397034
21.00272282
21.01712477
21.04670403
21.30035500
21.32161636
21.34193412
21.48948108
21.49415328
21.55408483
21.57085390
21.60458377
21.64640171
21.73991928
21.75946203
21.97985035
22.04501979
22.04715342
22.16057311
22.27671108
22.31024828
22.32548736
22.42795471
22.54846539
22.62044306
22.80104005
23.03646383
23.17873337
23.53502450
23.54033527
23.69800660
23.74503618
23.78804847
23.80200931
23.80691324
24.07205363
24.09275605
24.10254668
24.19065137
24.19438023
24.24620292
24.26782401
24.27938349
24.32691908
24.42248610
24.48495158
24.48539361
24.54882986
24.55283457
24.63026513
24.63122380
24.74676120
24.78216242
24.80349617
24.99901651
25.02812958
25.06268226
25.18829210
25.24921381
25.46307371
25.47314196
25.50452621
25.51143858
25.60476653
25.63864594
25.68460970
25.78733771
25.82432291
25.85760724
25.88189598
25.97445389
26.09241520
26.19055532
26.25706601
26.26773759
26.35749456
26.37389126
26.39201414
26.54112567
26.56482544
26.61820434
26.62372287
26.65716860
26.68318987
26.95422348
26.98586298
27.07317780
27.15036180
27.15189826
27.24639537
27.30368253
27.53599306
27.62636575
27.89019101
27.89137738
27.91988615
27.92372232
27.93860638
28.01720953
28.07548559
28.07969130
28.08940779
28.16820036
28.21502276
28.45808303
28.45996727
28.61583182
28.63008609
28.65038768
28.68099294
28.79910584
28.85231291
28.87767360
28.90519601
28.98604806
29.12275649
29.14193233
29.38209833
29.63125942
29.63378703
29.75524282
29.84285716
30.05972011
30.08420902
30.13999060
30.29064507
30.39811181
30.49653678
30.60319438
30.62075787
30.63348119
30.70645161
30.72461585
30.85416236
31.06864363
31.16653272
31.19711578
31.20768128
31.23242710
31.24745129
31.62473987
31.65364219
31.75355045
32.07515826
32.11791156
32.13831547
32.15736567
32.28828679
32.31247735
32.57495937
32.62859839
32.66166498
32.75445777
32.78056538
32.93235945
33.04699385
33.16883101
33.22145303
33.31621633
33.45955412
33.63171936
33.76509088
33.83326514
33.83556419
33.85740822
33.94058681
34.17142836
34.39422285
34.44727442
34.46933060
34.53025951
34.78806274
34.97871614
35.01738310
35.03433914
35.12635475
35.13985414
35.16554627
35.21821669
35.32630516
35.33551431
35.43181726
35.47033215
35.51620168
35.60312810
35.62798548
35.63167991
35.77926430
35.89377905
35.90492168
35.94738937
36.18261132
36.44324073
36.49005372
36.54771235
36.65668107
36.67287792
36.88449637
36.90972922
36.95434669
37.17204973
37.21300752
37.30426442
37.33278474
37.45544340
37.57627979
37.64725184
37.89858328
37.92715158
37.95540468
37.96755864
38.13853266
38.15559643
38.24738804
38.25044554
38.26886067
38.36616309
38.37562338
38.60158727
38.69160264
38.74298600
38.76108823
38.78771690
39.06061826
39.07081050
39.09161265
39.10071406
39.15205937
39.19654025
39.27993454
39.40347980
39.55707639
39.60746379
39.63291907
39.72308064
39.80093969
39.86816170
39.91672414
40.04778409
40.05889325
40.29057613
40.54092933
40.54864127
40.59645129
40.77445325
40.90808751
41.00111572
41.02050716
41.06388334
41.18263094
41.42535470
41.43716144
41.64913127
41.66231283
41.66566082
41.69472750
41.70701389
41.84712214
41.84924672
41.94206042
41.96237192
41.98707486
42.02153715
42.02927120
42.10197137
42.14692457
42.22356520
42.28275054
42.30702689
42.30742480
42.52068689
42.62965893
42.86848108
42.92782936
43.05177531
43.18405618
43.26194930
43.34206442
43.48046075
43.62375551
43.71307368
43.95439255
44.08877927
44.14950134
44.17904407
44.19828891
44.28534722
44.34940103
44.39182908
44.42751642
44.63979624
44.82615033
44.87407495
44.96588209
45.01980479
45.03764180
45.16852921
45.23772362
45.26958621
45.32111342
45.32332483
45.43675609
45.44397979
45.45298729
45.65603939
45.83509858
45.87948861
46.03670822
46.06770984
46.14129269
46.24064050
46.42786855
46.44866714
46.51201659
46.59055525
46.68716833
46.81818903
46.85457203
46.85911626
46.87136990
46.99420301
47.03014400
47.05086467
47.10367266
47.15124362
47.23969685
47.26058096
47.46402593
47.49889038
47.62502328
47.66813499
47.70645927
47.71015334
47.79758449
47.80615695
47.87376250
47.88847275
47.97892741
47.99496107
48.05649627
48.09615288
48.11442374
48.11660443
48.13008547
48.17402380
48.27799255
48.37089938
48.38388473
48.41379467
48.43730999
48.43758152
48.45668506
48.46896573
48.47063623
48.55795728
48.60081417
48.68103846
48.68713081
48.69125964
48.76327935
48.92438699
49.01214758
49.25112369
49.25600756
49.27694009
49.28103460
49.39448984
49.41206261
49.45603169
49.49928261
49.57633252
49.65970064
49.67792709
49.80085577
49.80527050
49.91619050
50.08493228
50.11333006
50.22700476
50.23447586
50.25154998
50.29128605
50.30132245
50.32289032
50.38971593
50.51270499
50.54513440
50.59692500
50.60807776
50.77472906
50.90150497
50.97043553
51.02018173
51.09088574
51.18959351
51.39702536
51.51544984
51.62700582
51.68298577
51.70444407
51.78442430
51.99787312
52.08030872
52.25146800
52.30974119
52.36692779
52.42066307
52.47323453
52.50136661
52.64107158
52.66986787
52.78791155
52.81394571
52.87030790
52.89674529
52.91749509
53.07923947
53.41336753
53.44348090
53.58889567
53.63846315
53.66758028
53.69322422
53.70789632
53.71969094
53.85417303
53.85627992
53.99137832
54.09577156
54.31621940
54.40110509
54.45745750
54.47136884
54.52196744
54.61387521
54.64123475
54.66983097
54.69496483
54.76818069
54.77428942
55.07271056
55.07325397
55.21146000
55.22224045
55.23741712
55.24067276
55.32789336
55.38032249
55.54374495
55.54440883
55.55856832
55.60300137
55.76621652
55.79380409
55.91430436
55.93038176
56.08897420
56.30436630
56.32152013
56.37624114
56.37952806
56.40319397
56.43428399
56.49991504
56.51721633
56.62314682
56.62483956
56.81572060
56.93623892
56.95301802
56.96358022
57.06305929
57.11192647
57.13416323
57.31240520
57.34110202
57.47253200
57.48648284
57.61511149
57.61832226
57.68102783
57.68777904
57.69971045
57.85653744
57.92934268
58.15382823
58.24600064
58.52078857
58.61683039
58.67516861
58.71859014
58.74512218
58.78195334
58.79428781
58.80322233
58.91029910
58.96636132
58.98312566
59.08147282
59.12054097
59.13848374
59.15777562
59.26019346
59.26473301
59.48437956
59.49105849
59.50741730
59.68364287
59.87871683
59.89504085
59.89831907
60.06812643
60.15505543
60.19441353
60.29555324
60.41023823
60.41425065
60.67049236
60.67299617
60.82067416
60.92062440
61.13374575
61.28637021
61.32332398
61.43184824
61.59068930
61.59481117
61.59522613
61.62180538
61.71855043
61.74586440
124.00000000
