0.10270618
0.42132177
0.62491823
0.75079784
0.81423123
0.87920510
0.94010530
1.13932926
1.20850690
1.28867097
1.31429726
1.32245431
1.33578866
1.34236332
1.65843776
1.80565559
1.81677222
1.81764594
2.06230154
2.14449112
2.20474856
2.30136964
2.33734762
2.39810950
2.61493695
2.63011599
2.63219040
2.69921234
2.75256337
2.77491423
2.88651434
2.91100270
2.99615088
3.01505722
3.05902764
3.09575401
3.21365999
3.38404886
3.48356005
3.49077164
3.57636090
3.57680324
3.60670692
3.66134236
3.85854258
4.41582089
4.42122486
4.44450665
4.55839190
4.66172973
4.78870173
4.90095595
4.93179460
5.30815427
5.33141360
5.35823800
5.51478905
5.53521485
5.65096997
5.74277234
5.77056385
5.84428967
5.88152053
5.98771959
6.14044090
6.18141732
6.19277266
6.19399635
6.20377985
6.28897802
6.30718608
6.37140179
6.53111030
6.58177261
6.71806577
6.89004525
6.94900189
6.99095948
7.05559425
7.08707719
7.18252349
7.32291990
7.36317664
7.37861439
7.38447172
7.41325119
7.63212898
7.63373385
7.64854814
7.76470150
7.79014558
7.98031413
7.99352434
8.03798568
8.12198539
8.15629672
8.38726584
8.40717913
8.50278596
8.55168405
8.61101740
8.68109385
8.69309272
8.69465450
8.71663925
8.84401721
8.87244552
8.88974471
8.91547407
9.00129387
9.05893423
9.13799130
9.14944048
9.25236417
9.29324908
9.32650997
9.51224526
9.85192287
9.88291175
10.15778489
10.21477568
10.23834508
10.56598358
10.74607408
11.07567301
11.07624595
11.13591097
11.15603321
11.19296395
11.29171232
11.29275731
11.43225904
11.46862010
11.63193064
11.74168073
11.74649538
11.80512730
11.82512124
12.03875399
12.04428897
12.39879690
12.41986023
12.44966843
12.92992332
12.93269633
13.10689466
13.25073095
13.27697715
13.31578847
13.36471727
13.43746691
13.47118811
13.57967775
13.62217816
13.63747460
13.66618536
13.67932470
13.69391196
13.70060463
13.81127651
13.87732687
14.01019366
14.02326142
14.13545904
14.15745251
14.19460157
14.31297320
14.34252859
14.38280746
14.48161773
14.61275307
14.67047050
14.82510227
14.89694501
14.95529900
14.98400519
15.22241266
15.33020173
15.33799654
15.41966885
15.42412711
15.47036855
15.49093391
15.58285019
15.87898302
15.98964995
16.08304202
16.21880199
16.22631964
16.32743010
16.41165541
16.46448223
16.50538356
16.57336375
16.72844846
16.73684718
16.80607263
16.85696125
16.91754014
16.96694311
17.03923192
17.07872483
17.08902642
17.18056204
17.41649433
17.43372391
17.55174974
17.78233529
17.78894358
17.87385682
17.87859827
17.94159450
17.96711032
18.11234812
18.39825465
18.67707339
18.72486510
18.79046579
18.87074193
18.98099235
19.35277833
19.67198239
19.69256013
19.75610672
19.86090473
19.90166370
20.04701521
20.05087752
20.09269793
20.20776791
20.58153549
20.61024669
20.80835666
21.05736334
21.05796411
21.18274431
21.47282582
21.57986280
21.83248269
22.04895717
22.06405739
22.14647692
22.15629153
22.25973159
22.32719403
22.40006011
22.62770347
22.66327754
22.74149141
22.75667750
22.95193197
22.99521082
23.14481943
23.17466724
23.31681379
23.40232527
23.46641450
23.67699554
23.69276329
23.91190353
23.94372302
23.95009175
24.10343913
24.12540449
24.19933160
24.20133723
24.23860678
24.29454157
24.31311688
24.33728011
24.36123458
24.36369342
24.56761995
24.58147382
24.64705280
24.74271200
24.75185249
24.96186496
25.22987269
25.26635996
25.27661644
25.35995092
25.67844579
25.69236408
25.88007408
25.88277814
26.10326859
26.24198297
26.26730272
26.26913902
26.28317993
26.29399318
26.30975755
26.41182916
26.41500638
26.56389026
26.62754469
26.65090699
26.78196677
26.91623042
26.95944591
27.07546663
27.09849627
27.33178460
27.60404959
27.73938892
27.95315177
27.96565079
27.98604445
27.99951986
28.07761352
28.25865986
28.25982451
28.39540297
28.43625802
28.43794596
28.51365019
28.57830126
28.69323982
28.74361938
28.85607819
28.87767360
29.17047828
29.32025110
29.38302165
29.41543350
29.45909167
29.58974237
29.64951808
29.68559108
29.70595979
29.71567214
29.80506197
29.87074322
30.14445026
30.33307332
30.41869935
30.44662507
31.02339863
31.25638216
31.26102840
31.49461236
31.50124583
31.50305657
31.61837318
31.77007638
31.82378118
31.99018944
32.03985933
32.04392201
32.27372868
32.28959094
32.38453634
32.40214397
32.61163635
32.69627318
32.72128824
32.80250489
32.84603674
32.89517661
33.04807286
33.10596267
33.14877729
33.20430140
33.33717563
33.57299278
33.63171936
33.76629554
33.90264559
33.99381265
34.05124805
34.11035334
34.38944044
34.41490769
34.47550170
34.57099045
34.70012812
34.73319820
34.76898536
34.77100140
34.80317454
34.88357471
35.05417276
35.11473216
35.20372248
35.21448661
35.22578621
35.33214495
35.35382768
35.35580282
35.38049724
35.40135049
35.41291632
35.78313616
35.94123026
36.03955125
36.14754331
36.23540928
36.25091433
36.30245994
36.31704608
36.88935070
36.92840206
36.99570885
37.00811661
37.06036912
37.14034688
37.23096026
37.51509871
37.51841522
37.61021554
37.71954491
37.77205513
37.94588420
37.98506591
38.02409732
38.04934041
38.25860840
38.36873592
38.40765299
38.41528901
38.46792369
38.94044908
39.00901533
39.23475866
39.35400704
39.40527327
39.52360731
39.54019188
39.80966879
39.91979834
40.03740965
40.20540649
40.24495301
40.28492614
40.56792338
40.80483711
40.82106891
40.89845752
40.91461272
41.01795226
41.04032406
41.34422442
41.35279174
41.43380213
41.51110817
41.59061846
41.62801156
41.77538429
41.84157538
41.86957039
41.87946858
41.89137081
42.00371628
42.01796551
42.09253202
42.19181786
42.31513370
42.48192768
42.48622296
42.50723375
42.53371883
42.57225495
42.64236840
42.67140181
42.78299255
42.85954910
42.96925807
43.13384353
43.13654539
43.30319023
43.52929625
43.54520254
43.70315887
43.73978042
43.83018802
44.01315160
44.04411357
44.15427152
44.36433378
44.48466757
44.54535718
44.74110314
44.74360221
44.76555126
44.86140037
44.88700618
44.91363262
44.91789977
45.07529692
45.19887554
45.27946926
45.37284599
45.40071842
45.44464158
45.51287638
45.54751741
45.58514990
45.59430573
45.64443927
45.68745997
45.87297861
45.92900506
45.93096690
45.95984324
46.00339655
46.05078986
46.05823465
46.18043941
46.23006891
46.23367188
46.37618035
46.38170378
46.40839973
46.43799179
46.45141382
46.45165883
46.57615430
46.61120482
46.62747104
46.64506188
46.81081248
46.83374151
46.87190505
46.87483155
46.91891266
46.92607234
46.94073853
47.10999092
47.14911321
47.18429033
47.20547051
47.21099675
47.23454765
47.24733988
47.27898851
47.31867159
47.60560329
47.67338093
47.71540615
47.79456978
47.84140388
47.85333998
47.88214051
47.99721855
48.00087273
48.04814598
48.06041949
48.07389087
48.14355568
48.19336982
48.19399170
48.19699420
48.26357468
48.27321137
48.29273223
48.42163022
48.54449867
48.61015778
48.63472526
48.66275555
48.69125964
48.81608303
48.90116873
48.93278322
49.01309431
49.09941579
49.12300695
49.14560377
49.14837585
49.38786326
49.40774852
49.49576678
49.56426278
49.73278246
50.07799497
50.21955122
50.34450916
50.35072848
50.49414377
50.68034234
50.68813019
50.73859311
50.81000629
50.81173729
51.01295940
51.08358171
51.30441326
51.34574610
51.36510116
51.36635194
51.45393685
51.46986629
51.49472409
51.58751770
51.62447901
51.84601035
51.92227207
51.94962389
52.00034999
52.02048308
52.02108539
52.22698954
52.24752642
52.24934671
52.33942345
52.45669910
52.47896287
52.49124701
52.64823015
52.80663757
53.07923947
53.10479809
53.28774369
53.34205351
53.48025971
53.54942907
53.64284063
53.79427233
53.89227010
53.91134361
54.06033714
54.36989116
54.39025759
54.39692768
54.47294972
54.57551827
54.70579416
54.85791515
55.02573471
55.10858959
55.11535632
55.15047319
55.18168015
55.29942702
55.41264829
55.49576551
55.51757561
55.58389103
55.83726111
55.85985694
55.90497732
56.03339875
56.07307187
56.19657363
56.34747115
56.42866909
56.48130862
56.63779030
56.64073922
56.64610820
56.68222380
56.68547104
56.68806150
56.77671379
57.04522346
57.10866040
57.13409651
57.31692652
57.36164632
57.40282189
57.61606517
57.81825014
57.98875301
58.06975618
58.07921908
58.09163571
58.21857613
58.34034086
58.43242177
58.61147271
58.62231312
58.63853246
58.70286455
58.77466644
58.87440632
58.88889756
58.89100204
58.95612439
59.03300714
59.04158926
59.07703354
59.28430126
59.29316585
59.47117579
59.48427558
59.61056079
59.62431317
59.67242858
59.67944406
59.76537635
59.76851715
59.78822069
59.89711071
59.99707944
60.03760946
60.12548095
60.45200742
60.54832072
60.61393883
60.72936259
60.87454763
61.04168958
61.05231040
61.12901086
61.20081976
61.26249943
61.40628034
61.44882902
61.66600688
61.76930308
61.79119906
61.86095222
61.91550537
62.08611829
124.00000000
