0.21386874
0.23429085
0.38591571
0.53687460
0.81292827
0.98611395
1.04748771
1.10013129
1.11125681
1.19914616
1.37712484
1.41928249
1.44279060
1.51342174
1.52201581
1.52584000
1.89528007
2.03800447
2.10405295
2.27913399
2.39182355
2.43370916
2.51036678
2.62770007
2.63546006
2.69676285
2.75007683
2.75256337
2.75543189
2.85865612
2.89519498
3.03262753
3.17105549
3.25386503
3.25828043
3.28104543
3.29204843
3.30062744
3.35876201
3.37056132
3.54477243
3.61959861
3.67682725
3.74305593
3.78924031
3.79698543
3.87940738
3.96243699
4.05307431
4.08296831
4.09104800
4.10401195
4.27344556
4.35094278
4.39737356
4.43833713
4.67642330
4.84761629
4.87842668
4.91307966
5.02843543
5.30665443
5.32022157
5.36476919
5.59835607
5.70657659
5.71768726
5.93623380
6.02619903
6.13777418
6.22841404
6.31396198
6.35355981
6.35559149
6.37390826
6.45070657
6.48885596
6.49376839
6.49878210
6.57553228
6.66815404
6.71806577
6.76013456
6.79356299
6.85565281
6.92307774
6.93174020
7.07675968
7.10832350
7.16707539
7.21797983
7.23399595
7.28859469
7.34166520
7.34703282
7.36295327
7.37889509
7.40351320
7.47463863
7.53468995
7.58880199
7.64285474
7.71408441
7.71615454
7.79111041
7.96364212
8.09388033
8.11079354
8.17906005
8.21877391
8.25330672
8.62102602
8.63276495
8.66885657
8.77026788
8.82916419
8.91965096
9.06978511
9.11560829
9.18756602
9.23121493
9.24984969
9.27166327
9.37511459
9.43232342
9.44265903
9.49401847
9.51669296
9.64814789
10.05803831
10.13492237
10.24586788
10.41778079
10.43000240
10.44461223
10.45621619
10.51642968
10.61630630
10.81630367
10.87161261
10.90535055
10.91333003
10.96582335
10.98252684
11.04539172
11.22299327
11.23120968
11.38920756
11.58016682
11.78088181
11.82084301
11.89903812
11.90860320
11.92040546
12.06234425
12.25614168
12.27480172
12.42403377
12.56294229
12.62357058
12.63283408
12.65538598
12.72849641
12.73081794
12.80184828
12.87326258
12.91683178
12.99886824
13.17003805
13.17273358
13.21787162
13.36034274
13.45540195
13.65270463
13.75767481
14.19175286
14.20174107
14.36720799
14.53325833
14.66204369
14.74308492
14.80844580
14.95059631
14.95510063
14.97566093
15.01891289
15.14672627
15.23193910
15.46025806
15.47616573
15.65251399
15.67358655
15.73211968
15.81144384
15.89639270
15.96723870
16.01126114
16.23700320
16.24633862
16.32743010
16.40748978
16.46063506
16.47181269
16.63336701
16.75449423
16.78268641
16.80117546
16.94975829
16.96335554
16.98483240
17.23524112
17.26871963
17.28240083
17.31901957
17.32144733
17.33302612
17.33937944
17.40021590
17.43644044
17.53763874
17.62622946
17.72557082
17.77102601
17.77458892
17.82511928
17.90362667
17.90593511
17.96013516
18.13264010
18.23833854
18.25609275
18.29126034
18.32740665
18.37017938
18.43920569
18.47111168
18.51354746
18.68578732
18.69604192
18.87842197
18.93261090
19.09717487
19.11705340
19.19494142
19.32138806
19.37044984
19.43778686
19.67909682
19.68676385
20.01008350
20.08439555
20.11994458
20.13666013
20.32460787
20.35055072
20.50314146
20.50848428
20.56727257
20.64476143
20.69869508
20.70553844
20.70587359
20.77298556
20.83002792
21.05150929
21.07457524
21.16502579
21.30092332
21.31057013
21.37162030
21.41169975
21.68806866
21.82796835
21.92722969
21.97847902
22.06869987
22.07261986
22.11639383
22.17249858
22.20963262
22.27200832
22.38308467
22.48420747
22.51833220
22.56174791
22.56892855
22.69431732
22.70509820
22.94150014
23.10885391
23.15717818
23.16665657
23.17008095
23.23927642
23.28863128
23.31313025
23.42548848
23.58729984
23.58769660
23.66847050
23.69300170
23.69504876
23.71179841
23.74583867
23.78491307
23.90045278
23.99396440
24.06671523
24.12162973
24.20609619
24.29324263
24.36662639
24.83013623
24.84963843
24.90689896
24.95816814
25.07906598
25.14943350
25.19257866
25.25763145
25.32706751
25.36355829
25.73490956
25.83789886
25.84540253
25.93303783
26.10529133
26.16699453
26.23250336
26.27642551
26.29399318
26.37151739
26.37731831
26.39643357
26.52686243
26.61556251
26.70638208
26.72577171
26.75435671
26.80598183
26.86322845
27.31373751
27.60122094
27.72941132
27.74009470
27.79292490
27.95315177
27.95760158
28.05617957
28.16959833
28.22496951
28.25263031
28.29271336
28.45483017
28.78064502
28.85842630
28.91136949
28.92399813
28.99645953
29.11437749
29.13377790
29.35287256
29.49545004
29.56974489
29.72807684
29.72918074
29.75255589
29.77530271
29.86561800
29.91749229
29.94336228
30.08892092
30.16399094
30.32506218
30.54422526
30.71568829
30.81667980
30.87537354
30.88397811
30.90413159
30.96240051
31.14158757
31.17205606
31.20114357
31.21513318
31.52060802
31.55381872
31.68657029
31.70846553
31.71631657
31.77251166
31.96911785
31.98695171
32.31261577
32.31954884
32.32674164
32.36459009
32.36525101
32.55916750
32.60409939
32.82828331
32.93555920
32.95328465
32.96293562
33.01469359
33.37897565
33.42639360
33.44520398
33.54136688
33.68771130
33.76921503
33.77622264
33.78424125
33.89234393
34.04287480
34.18011225
34.22859421
34.28805553
34.44363021
34.48116233
34.58254661
34.62151122
34.66401125
34.66516169
34.67426149
34.75769355
34.79249508
34.94821266
35.02123039
35.06201650
35.07441702
35.08022804
35.18816932
35.23349359
35.31284702
35.33315842
35.37278486
35.39507327
35.41006250
35.47033215
35.58102904
35.66722985
35.71830510
35.77631494
35.78510875
35.88096161
35.88945612
35.91055588
35.97368900
36.07194695
36.07546322
36.17696268
36.35741467
36.57998531
36.69341424
36.88935070
37.32237601
37.36870535
37.56934978
37.61169737
37.62634592
37.92235121
37.99353251
38.00773173
38.01835973
38.02387804
38.08393621
38.09341976
38.20480413
38.28833209
38.33148533
38.33991962
38.36734521
38.36863701
38.39437745
38.41327419
38.50435311
38.56950534
38.67000507
38.79281304
38.86728331
38.96972399
39.11400914
39.15235234
39.37357854
39.50344491
39.88312097
39.89362442
39.90178488
39.90864342
39.97897889
40.11708432
40.25815773
40.30192918
40.31628402
40.39378419
40.41459107
40.41823595
40.49672456
40.56377413
40.71266482
40.85805045
40.87128427
40.89070038
40.90490883
40.93521840
41.09342212
41.12604176
41.12845753
41.13695261
41.30778039
41.31587945
41.32867065
41.40118982
41.41956693
41.69560178
41.70947149
41.80950270
41.94563243
42.03124804
42.26187800
42.35044269
42.41403392
42.46805758
42.73548462
42.75406848
42.76400683
42.79791997
42.95004973
43.01109225
43.15727668
43.17283126
43.19220491
43.30319023
43.33630332
43.35276938
43.37622226
43.45535755
43.48118271
43.48522324
43.70225916
43.89446034
43.93725296
43.95284437
43.97627760
44.14227326
44.15553030
44.50862993
44.57274307
44.76224754
45.09614914
45.14536245
45.23617599
45.42031357
45.43189007
45.65526647
45.82447853
45.93975966
45.94413150
45.97069667
46.14613893
46.16659151
46.30619775
46.31603404
46.37882636
46.54231216
46.59283122
46.75543208
46.87774777
46.89230019
46.91859892
46.95578676
47.00972995
47.06636893
47.08554928
47.15158671
47.22219483
47.23764763
47.27608353
47.31640446
47.36698747
47.46944083
47.51754268
47.53113643
47.61888323
47.71540615
47.86628832
47.91499844
47.97336643
48.04346388
48.11533753
48.13209056
48.13986817
48.44043076
48.57037619
48.68713081
48.71619067
49.15262288
49.20194281
49.46811371
49.56114184
49.60254403
49.68027908
49.77692620
49.88927898
49.92027441
49.92362495
50.07175403
50.08287938
50.12784152
50.30516278
50.43454328
50.45805257
50.47337104
50.60362516
50.76106518
50.88902791
50.98807205
51.02291729
51.25100417
51.27967148
51.28762161
51.29771001
51.62256289
51.70231147
51.71251647
51.71744183
51.74929786
51.80166607
51.83190967
51.90818552
52.01367781
52.12298662
52.17910127
52.23046207
52.29969888
52.39497814
52.47733388
52.47959719
52.53339247
52.53791750
52.53959176
52.54666788
52.57078617
52.58350514
52.66381497
52.75083376
52.75245213
52.80405484
52.80674476
52.82792556
52.93772666
52.99940848
53.10479809
53.20124759
53.24563401
53.26454517
53.28803049
53.36707270
53.45970470
53.50307402
53.61470294
53.76563665
53.85499029
54.02237517
54.04631963
54.13824718
54.21375516
54.27543284
54.31310512
54.33894110
54.34482788
54.36137965
54.66714485
54.75163942
54.85169481
54.92053539
54.97598553
55.05571473
55.17415105
55.22156887
55.74122705
55.78094293
55.86940483
55.96427890
56.32551354
56.34614306
56.40274484
56.42217561
56.53758813
56.66663977
56.68806150
56.69061533
56.72178577
56.98381493
57.12460425
57.16615763
57.21324616
57.27385220
57.36777131
57.38651638
57.61573448
57.62530163
57.71743397
57.73245235
57.84691224
57.85718221
57.93321825
58.16428010
58.19737055
58.22785819
58.33069622
58.47602818
58.57296927
58.64294460
58.70558884
58.71934558
58.74297311
58.81315024
58.92335720
59.01371123
59.12541298
59.15659169
59.34433989
59.67511124
59.78479010
59.89223870
60.01831107
60.05627846
60.34767118
60.41220418
60.49930190
60.50367162
60.56670380
60.57048918
60.66907544
60.67435175
60.73170947
60.77591952
60.81711509
60.97610236
61.03973974
61.08639131
61.21697403
61.44385368
61.56068876
61.56387988
61.63274350
61.69632036
61.74107344
61.97171899
61.98273621
61.99299761
62.03421600
124.00000000
