0.00071282
0.13188887
0.23073988
0.61026981
0.62491823
0.66459820
0.69496280
0.74367005
0.82014650
0.87067097
0.88661510
1.02036641
1.07386335
1.08078653
1.11237589
1.12282159
1.20932473
1.42573299
1.44527013
1.52226782
1.81677222
1.95732873
1.97708089
2.16709402
2.18011309
2.23147098
2.25883627
2.34604351
2.50129113
2.94238502
2.94450594
2.94742170
3.06958743
3.19080644
3.26117658
3.39440555
3.54175201
3.57423424
3.57997142
3.68020567
4.02408399
4.03030817
4.09004187
4.31248646
4.38862893
4.40895185
4.48784532
4.60352649
4.63743112
4.77211395
4.84494296
4.84819838
4.87930619
4.93241100
5.17790451
5.26345166
5.45076065
5.52066861
5.74277234
5.77415115
5.81419922
5.86053884
5.92988979
6.05856792
6.14517571
6.15073686
6.22129079
6.30446286
6.32479134
6.37858168
6.46738488
6.54404463
6.74003477
6.84823001
6.85626645
6.87183163
7.03516469
7.08431453
7.27767920
7.34385005
7.49487892
7.56322775
7.58002768
7.63876355
7.68912449
7.73158193
7.86740163
7.91381619
8.04298440
8.19042780
8.22459006
8.25640737
8.48905548
8.50303478
8.61098755
8.61959177
8.68216829
8.72773905
8.75649206
8.77181586
8.90558883
9.04651933
9.08704822
9.09626809
9.10777272
9.13710156
9.16948457
9.24976544
9.33923967
9.38880787
9.49862826
9.53247719
9.57691401
9.65221020
9.71331527
9.72948268
10.02536701
10.06972018
10.12015174
10.21748904
10.49664901
10.58003264
10.87440079
10.90152502
10.94103033
10.96089801
10.96308154
11.05353040
11.21626671
11.27407572
11.43413768
11.50913611
11.67189765
11.82535947
11.96964942
12.11515007
12.15838335
12.18629813
12.27472152
12.28391859
12.34096017
12.34239331
12.34614931
12.36909101
12.41170766
12.57549167
12.79089405
12.95964365
13.11305047
13.25854379
13.29366822
13.39656875
13.61081760
13.64160405
13.66066323
14.02977917
14.07344891
14.13536888
14.18607727
14.18826762
14.22631356
14.38256169
14.49558879
14.51807715
14.80844580
14.84966988
14.88507677
14.96810816
15.03120621
15.03181594
15.12907003
15.18249569
15.27026722
15.37702146
15.42472535
15.43403527
15.46533959
15.48885361
15.54288612
15.61528546
15.65090564
15.75232240
15.84553180
15.91492989
15.92321828
15.95837532
16.03183452
16.35893710
16.42294931
16.50538356
16.54016576
16.57901679
16.73777292
16.85505669
16.90605467
16.91539435
17.09705859
17.26173296
17.40891866
17.59070537
17.61473207
17.63311995
17.73402275
17.91080756
17.95313043
18.08885774
18.13629961
18.29653858
18.31074507
18.42607822
18.73605664
18.85593623
18.87490271
18.95232916
18.97096438
19.13730243
19.19694849
19.33034839
19.49690512
19.51540741
19.52811686
19.60541032
19.72290249
19.74587274
19.76412105
19.87993383
19.96192825
20.00032173
20.02252039
20.03098264
20.03571051
20.14249272
20.15135169
20.24117124
20.28435949
20.29614579
20.32035462
20.35055072
20.36093000
20.54242795
20.57181708
20.67091049
20.74225089
20.87315243
20.89865557
20.95351106
20.99532354
21.01687574
21.01726993
21.01901846
21.03163926
21.04093196
21.05150929
21.19412019
21.28462560
21.34899532
21.37058358
21.43896714
21.44875773
21.45877650
21.74038713
21.86328170
22.22453092
22.43240224
22.49437135
22.58494568
22.62828336
22.66923145
22.67669303
22.78238436
22.91632668
22.91901762
22.97498901
23.25334136
23.34717475
23.42988542
23.51481093
23.58208073
23.63644335
23.66188593
23.68640809
23.69444253
23.76009203
23.80688131
23.93102359
23.94430233
23.97082998
23.99441502
24.00305604
24.09868087
24.10056506
24.20423170
24.28660644
24.32780947
24.35828959
24.36045294
24.38250945
24.39510424
24.40893912
24.45723675
24.52241003
24.71185533
24.83050391
25.10670142
25.16623802
25.20133473
25.35142124
25.43332326
25.45626370
25.60476653
25.62867759
25.68522936
25.71158731
26.20686144
26.21134130
26.23482945
26.30598575
26.38370202
26.42719925
26.63153948
26.69801882
26.85130642
26.96620877
27.00252866
27.04124181
27.07986405
27.09466311
27.15420529
27.31024202
27.52500617
27.73614139
27.74445026
27.75045942
27.87214752
27.98213031
28.05856219
28.11305973
28.12601842
28.14211311
28.15996942
28.21189102
28.25881155
28.32178138
28.43723652
28.44624287
28.53521342
28.55952248
28.81901370
29.17270443
29.20314199
29.52219512
29.70326183
29.77270642
29.78115855
29.84361452
29.91604224
29.91825921
29.92033124
30.10001807
30.23032217
30.26776272
30.28876844
30.47499708
30.47932396
30.52114661
30.58644786
30.62126594
30.67312317
30.80542036
30.90371071
31.00774483
31.05320685
31.11087454
31.25485697
31.28416013
31.40880069
31.42818300
31.50655441
31.67750523
31.70806226
31.81825144
31.83549907
31.85820672
31.87487754
32.16986380
32.33543987
32.59456777
32.60057476
32.82926109
32.86889263
32.91231242
32.92549511
32.92741041
33.04624484
33.12239361
33.22145303
33.32982043
33.43314641
33.64299749
33.76954868
33.80146301
33.88827924
33.90115542
33.98976240
34.00284406
34.01331185
34.01902261
34.07821196
34.14445110
34.27792984
34.30540349
34.33422407
34.43460279
34.48885261
34.50918400
34.53100185
34.54831838
34.58851696
34.65116901
34.74046259
34.82382812
34.95959864
35.01293909
35.09275434
35.22189123
35.24241051
35.31031661
35.33436004
35.39308469
35.42481967
35.49620010
35.59139799
35.60208772
35.83995534
35.88497807
35.88945612
35.88991821
36.03677242
36.10802499
36.16862788
36.19001750
36.23182919
36.29097400
36.30823555
36.38658487
36.44908635
36.45396437
36.56710265
36.58209961
36.58640105
36.66504569
36.81589278
36.94943261
36.97612190
36.97644389
37.01488429
37.04799285
37.16642542
37.58498533
37.64868570
38.01879663
38.02387804
38.06840434
38.27195699
38.44717323
38.47230537
38.52760893
38.61605544
38.63127576
38.85907722
38.86490188
39.03343574
39.08799267
39.20593026
39.31917695
39.35819496
39.37132265
39.46225147
39.67487065
39.73652908
39.76980298
39.91406044
39.98446889
40.06631788
40.24646914
40.26713365
40.27790027
40.29094763
40.41371507
40.41734365
40.53544425
40.55170538
40.59482484
40.68228798
40.75383490
40.80326194
40.83549048
40.86900511
40.88324806
40.91331862
40.97079453
40.97219586
41.03978146
41.10771336
41.20191345
41.22420176
41.25172186
41.31881808
41.43937833
41.58229733
41.59507349
41.61964639
41.63326018
41.76847872
41.78006855
41.81082172
41.94102111
42.01591951
42.09386636
42.15837945
42.24155929
42.41782058
42.41922028
42.50723375
42.55539236
42.58432308
42.63043242
43.05365809
43.23368077
43.25433168
43.35496907
43.48752531
43.56634717
43.65870694
43.82779819
43.91448324
44.07804696
44.15457015
44.20738314
44.23184521
44.23831448
44.37606896
44.45143408
44.47816048
44.48969629
44.49740410
44.80255193
44.84382713
44.91559673
44.95053452
45.03467899
45.17246034
45.26413295
45.27305158
45.29832980
45.30852788
45.32374520
45.38083039
45.40594931
45.51197295
45.56976508
45.96298650
46.15914730
46.16442524
46.17045535
46.34909322
46.49625149
46.58644170
46.68835747
46.69702094
46.80091130
46.82449294
47.01143029
47.03516678
47.11555361
47.12770623
47.17176729
47.45080948
47.48572413
47.51455200
47.51690966
47.53271460
47.69437260
47.71540615
47.79745080
47.84728911
47.93248549
48.04756874
48.21689313
48.24470457
48.24689887
48.31311983
48.40457863
48.44004969
48.87460010
48.94907320
49.26551958
49.35996055
49.41895447
49.59687408
49.67052301
50.21633678
50.23916045
50.34641293
50.40025503
50.40283241
50.49764365
50.50047828
50.57951710
50.60207360
50.64194907
50.70550887
50.73020267
50.82026636
50.87871866
50.99394527
50.99658911
51.31610617
51.32267330
51.51237571
51.54245398
51.60898266
51.68601667
51.78010634
51.79512301
51.83803402
51.85012703
51.90582371
51.91694559
51.97966051
52.02677827
52.03243782
52.04277830
52.10137438
52.27463076
52.34850477
52.37682096
52.41418001
52.45631941
52.51466847
52.59499876
52.73462260
52.74639966
52.88257444
52.95890056
53.02086914
53.09364837
53.25152787
53.27387293
53.30022938
53.31884248
53.32841165
53.33852611
53.40580081
53.42415581
53.47539875
53.54995021
53.66925097
54.00434048
54.05590848
54.52468241
54.75943175
54.81000278
54.84125438
55.01423824
55.01682125
55.13692351
55.18957395
55.19885484
55.20480783
55.21421414
55.35478777
55.36052932
55.38222182
55.39813532
55.44515375
55.53073574
55.66845383
56.03131591
56.04845601
56.21699070
56.25092914
56.25305950
56.30362124
56.31583143
56.32358196
56.65978436
56.67623966
56.78470169
57.05083728
57.15470626
57.45947775
57.50453250
57.52308905
57.61665058
57.65981395
57.76154202
57.77088751
57.79238192
57.84355915
57.86654292
57.92115864
57.96536705
58.05756024
58.35696423
58.36855680
58.48150699
58.51293752
58.55526917
58.64957215
58.68452154
58.69974667
58.80221847
59.02311370
59.08819501
59.33163116
59.33864331
59.42145438
59.44480040
59.47990694
59.61095651
59.62270659
59.67225517
59.91377969
60.16145642
60.29103254
60.31819886
60.41704354
60.62794524
60.63670516
60.70241813
60.77445693
60.84978158
60.85896665
61.01360460
61.03666922
61.03892038
61.18527236
61.54289310
61.61858960
61.94395734
61.97540737
124.00000000
