0.01625348
0.04359035
0.10507827
0.21385426
0.29356688
0.41802794
0.42196180
0.49874101
0.51459391
0.54865858
0.64164795
0.82836954
0.83056312
0.88298839
0.99571857
1.05222403
1.07381713
1.08485900
1.12058234
1.26208195
1.36527522
1.63225796
1.73485518
1.82595861
1.90493164
1.90500615
1.97708089
2.13150277
2.29387259
2.39852608
2.51036678
2.60787264
2.74766020
2.91075552
3.00864439
3.10158688
3.10337954
3.24447268
3.34769277
3.39497512
3.51306450
3.70263785
3.94965878
3.95243394
4.02265313
4.13097354
4.17572290
4.32291751
4.35163902
4.43749461
4.49967347
4.51688059
4.63443581
4.70428975
4.71416555
4.73678234
4.74688379
4.75043564
4.76421619
4.81206166
4.93259401
5.04040567
5.10141096
5.20971894
5.24632790
5.25588754
5.42436884
5.51403541
5.58922234
5.64833166
5.65572582
5.66246520
5.71546407
5.79785589
6.00283061
6.02976692
6.13796415
6.18346315
6.22158492
6.24644167
6.26512445
6.27026107
6.38970511
6.41895558
6.42517857
6.55493746
6.61518788
6.68608572
6.80893139
6.82978712
6.90526054
6.97229456
7.19306843
7.23704260
7.37251170
7.40733638
7.42841150
7.47367116
7.50803293
7.54085444
7.70853616
7.85718088
8.07453281
8.09041244
8.13497779
8.30064397
8.42489790
8.46714509
8.54104521
8.58543290
8.66625062
8.68109385
8.68695795
8.79202741
8.88083671
8.95585340
8.95929163
8.98350116
8.99956086
9.08704822
9.26017540
9.30784827
9.35068090
9.50892271
9.59241882
9.60779364
9.64076582
9.68683256
9.79113035
9.79483807
9.80290014
9.81302366
9.83466610
9.87787460
9.89050086
9.89565140
10.13750283
10.17394816
10.37051117
10.38139231
10.40081756
10.42139751
10.44134747
10.45804793
10.50429109
10.50545475
10.55569625
10.91081866
11.00991263
11.02576569
11.43363528
11.55536528
11.56136721
11.94251852
11.95788582
12.05105091
12.14835948
12.19101779
12.24664861
12.26192286
12.29090411
12.35830096
12.42403377
12.44677522
12.51170965
12.56435287
12.60135237
12.63891884
12.64594093
13.10396507
13.26214748
13.27301393
13.27963935
13.40909083
13.46674047
13.48680732
13.57630735
13.65438113
13.73567563
13.75087366
13.78992519
13.95464750
13.97653368
14.03333122
14.05231721
14.10036796
14.22879817
14.29148827
14.38100751
14.48275840
14.53624906
14.60703284
14.63086270
14.72610423
14.73445705
14.78253435
14.80402643
14.81253841
15.00947117
15.12907003
15.25721801
15.27201373
15.34362614
15.46533433
15.48056745
15.70343897
15.98251993
16.04289394
16.09339844
16.14092472
16.18501299
16.26256189
16.27378525
16.58682284
16.72397516
16.85622434
16.90493229
16.91386902
16.96221405
17.08282280
17.30028400
17.47120258
17.58872732
17.83911482
18.05909647
18.08788555
18.11234812
18.62129426
18.62928458
18.73386773
18.75495183
18.76352037
18.80959348
18.86055405
19.02843586
19.15255335
19.15352578
19.26161472
19.42326400
19.67777286
19.82137634
19.82581273
19.84863125
19.98593480
20.02409498
20.02845315
20.04701521
20.06052498
20.32423231
20.34434479
20.38498576
20.45491676
20.45806249
20.48677915
20.59970952
20.92638183
20.99749829
21.05490553
21.09220170
21.18208097
21.18228385
21.22876221
21.30001507
21.30363867
21.50256039
21.70409457
21.71734039
21.88317690
21.88433566
22.06869987
22.07241718
22.11633503
22.34217579
22.40712466
22.46255416
22.51818976
22.77909627
22.79131765
23.05231317
23.05920784
23.07714434
23.10482985
23.23665521
23.24345562
23.39009577
23.51206161
23.53052263
23.53557898
23.60009222
23.84423623
24.06067937
24.13451230
24.41096279
24.43951074
24.45723675
24.52802215
24.60119753
24.69177896
24.85651613
24.91473892
24.91745878
24.94183989
25.01455796
25.02132754
25.05472336
25.13690941
25.14943350
25.16623802
25.22375874
25.31383386
25.64344553
25.66260436
25.76988233
25.81753990
25.94391562
26.07033176
26.19564336
26.29827905
26.36935652
26.47641957
26.61884976
26.86358296
26.88382919
26.94507210
26.96241850
26.98586298
27.02367668
27.03112220
27.04098838
27.04689869
27.07723704
27.15507331
27.16425741
27.19402365
27.21210939
27.35493367
27.51248068
27.62861573
27.63568252
27.70322754
27.70998771
27.80911317
27.82193319
27.95083662
28.05454603
28.12801447
28.38937275
28.56842485
28.63164381
28.66646505
28.75734005
28.78076604
28.90288275
29.05331541
29.08950873
29.10818512
29.12985696
29.18843567
29.20488422
29.21230580
29.24718388
29.32084495
29.38134304
29.50858800
29.63294783
29.86908979
29.90947172
30.03083473
30.05559179
30.14168637
30.15811169
30.21531587
30.22902733
30.32199548
30.37859396
30.44280414
30.61788521
30.71609716
31.04604113
31.14317287
31.15279290
31.15813940
31.27473135
31.65777804
31.76597827
31.82090272
31.83549907
31.89002179
31.90443537
32.04038210
32.09894555
32.11257546
32.17191441
32.20249642
32.28200025
32.40156933
32.54910696
32.68166111
32.75687459
32.76301773
32.83908321
32.84279444
33.17523742
33.23184891
33.24239235
33.27572803
33.53323771
33.55554319
33.78273801
33.80673697
33.93578095
33.94275184
33.95229241
33.97362034
34.21807400
34.28708503
34.33637875
34.35486229
34.37275573
34.51835885
34.54231789
34.64213392
34.86924014
35.14581796
35.15883251
35.16277566
35.26342367
35.45609091
35.55955044
35.59363071
35.66663978
35.74973687
35.76482930
35.93755614
35.93884031
35.97072928
36.20525018
36.24443724
36.30881479
36.33479951
36.35155491
36.35800777
36.35848539
36.45510548
36.48864242
36.48967871
36.79449557
36.85148425
36.96127890
37.10483841
37.25011862
37.42884318
37.54489951
37.64047903
37.75796758
37.80499259
37.98457399
37.98727445
38.01835973
38.04513243
38.06110185
38.19533897
38.24896661
38.39531135
38.42768669
38.53813549
38.67728061
38.70413530
38.72414443
38.74436864
39.08748931
39.13627256
39.34209682
39.40050099
39.63416772
39.64906686
39.71623600
39.83314747
39.94379468
40.30528077
40.47809433
40.51756068
40.61041295
40.65191930
40.70593600
40.71266482
40.88040267
40.94289762
41.02050716
41.03622933
41.28208569
41.40368841
41.66676594
41.72708651
41.73167437
41.75197010
41.75535817
41.76030373
41.77059016
41.79565503
41.80671339
41.93410547
41.98831788
42.04063575
42.10423457
42.32940732
42.57566806
42.67478681
42.70341553
42.73818580
42.89014061
43.04109226
43.08070326
43.21883773
43.31560254
43.40034732
43.50575058
43.60596120
43.68381862
43.76870199
43.81285257
43.85334670
43.87046359
43.98751551
44.04511375
44.13307109
44.13799855
44.25351214
44.30958655
44.34880597
44.42576147
44.42714381
44.42964819
44.74360221
44.75933071
44.87766940
45.03905900
45.04692886
45.12041776
45.25343855
45.39335687
45.43307818
45.45787248
45.53778527
45.63007617
45.64528926
45.94685125
46.03265534
46.23473342
46.24536720
46.25310413
46.29252473
46.38170378
46.43404335
46.57898303
46.77118968
46.80091130
46.82149590
46.84101819
46.91762708
47.00114981
47.11401989
47.37909959
47.39778803
47.50418607
47.51171735
47.56131092
47.72529435
47.76106797
47.84976804
47.88639916
48.11607948
48.16741256
48.23166584
48.30944750
48.37519066
48.39577919
48.49560988
48.54296185
48.74715568
48.83577441
48.88051040
48.98335367
48.99928998
49.00820019
49.01806620
49.05898657
49.10262787
49.32301381
49.38786326
49.39748315
49.40815369
49.49543176
49.50242770
49.54996249
49.65482237
49.77150114
49.78460480
49.80925160
49.84408522
49.92362495
49.95791749
50.07799497
50.09075589
50.11129330
50.25087997
50.30544419
50.40141885
50.58389337
50.59514993
50.59692544
50.74561398
50.77991923
50.94421338
51.11922797
51.14032163
51.21980000
51.37284574
51.38057308
51.39188235
51.45753344
51.49591029
51.51885642
51.54805181
51.75044439
51.75991017
51.83960477
51.86173826
51.97755639
52.11895121
52.21194128
52.34168134
52.42942202
52.43437028
52.94120279
52.95523382
52.96610485
53.08598087
53.08703988
53.10858837
53.22685001
53.27854712
53.27925917
53.27926113
53.29056275
53.59094764
53.70616835
53.83216610
53.89641181
54.10737887
54.14313777
54.28458679
54.28767278
54.31120236
54.39340543
54.42327778
54.46659019
54.48795226
54.50763309
54.52246910
54.52447753
54.55191146
54.60227837
54.63811981
54.72513330
54.74583327
54.78436868
54.95607850
54.97445738
55.03487865
55.12358856
55.14042199
55.16452962
55.18914103
55.19446232
55.33557957
55.34918008
55.52924149
55.54912552
55.57147218
55.64351560
55.65456699
55.74010965
55.75335469
55.79983707
56.02683717
56.03313059
56.05761875
56.08379608
56.08927315
56.27049382
56.34299868
56.43041846
56.59850132
56.64409181
56.66920473
56.85458878
56.86653166
57.04304083
57.13781767
57.60977047
57.71533366
57.88107738
58.00794235
58.01198906
58.22800226
58.28888919
58.37540978
58.39259065
58.55226831
58.56606651
58.64274051
58.65908879
58.71934558
58.83521852
58.90010053
58.93241921
58.98510028
59.00627404
59.25983422
59.28220980
59.29265196
59.33467941
59.34595146
59.43879668
59.52984796
59.64615105
59.68759366
59.73619084
59.78351425
59.78479010
59.80491956
59.99716551
60.07423666
60.13122812
60.17528187
60.31783978
60.33836920
60.39639750
60.43962277
60.46335600
60.56429060
60.58312290
60.59508015
60.91850206
60.98265099
61.04168958
61.38615327
61.77541091
61.79119906
61.83922941
61.94985574
62.06784548
124.00000000
