0.04682495
0.24757898
0.31738696
0.58600037
0.72442416
0.88193269
0.93294388
0.99378578
1.00929498
1.19923688
1.21229830
1.28908624
1.37245781
1.39336931
1.62238117
1.62740449
1.70795319
1.71041940
1.77165131
1.79702500
1.93455296
1.95496029
1.96802665
1.98122485
2.34335402
2.40026799
2.41152040
2.50535489
2.51892533
2.56995389
2.63546006
2.69772305
2.69816222
3.05173912
3.08091613
3.15896550
3.21830691
3.35471283
3.44274229
3.49227534
3.74610401
3.81701829
3.93302125
4.03067072
4.07385603
4.25510008
4.41105528
4.63889784
4.69196775
4.84494296
4.89827041
4.94153498
5.02013175
5.02533078
5.03746743
5.30292492
5.34136268
5.35952175
5.38456661
5.43794929
5.57154010
5.75628322
5.80994127
5.82511777
5.83388691
5.98169790
6.10050660
6.18346315
6.22505138
6.22898919
6.28845533
6.42804332
6.43389107
6.83953813
6.96377092
7.02029319
7.16220206
7.47854549
7.48123177
7.54532652
7.63821750
7.64975352
7.67259392
7.79245069
7.99702522
8.03892357
8.06905861
8.13541824
8.53048878
8.61777110
8.67798054
8.82882235
8.83021761
8.85896970
8.86507876
9.05461398
9.33906288
9.35709133
9.56512567
9.60502356
9.62037303
9.64832327
9.71184133
9.73614943
9.87719897
9.91113439
9.99959692
10.06623986
10.16318872
10.22463424
10.26897782
10.40081756
10.47139697
10.50471101
10.52825330
10.65291111
10.74313241
10.84384321
10.99048980
11.08584196
11.09692322
11.10308744
11.16748028
11.20778603
11.26786288
11.39789263
11.40653028
11.50247030
11.52068135
11.52496371
11.58980914
11.60690538
11.64591008
11.68237829
11.72107217
11.97012875
12.00010967
12.01713437
12.07116134
12.10324871
12.15573376
12.35687720
12.41220797
12.54628831
12.57379658
12.62727347
12.72158532
12.76965670
12.85075555
12.96652974
13.00772988
13.14129736
13.19317219
13.23427358
13.30917602
13.45908475
13.51330579
13.52461542
13.64304237
13.65148861
13.68534736
13.83595096
13.95039865
13.99999929
14.09718105
14.40348499
14.47582188
14.48913035
14.50108670
14.73005299
14.83724944
15.01205016
15.05579370
15.29944076
15.36649022
15.38133213
15.43080698
15.47923015
15.48669369
15.56983201
15.85471836
16.05811151
16.07276293
16.31398161
16.44339666
16.67109227
16.75240524
16.81256606
16.88981657
16.92395447
17.04512773
17.22507093
17.27037179
17.30115950
17.32116895
17.38915641
17.43388692
17.44752142
17.48291815
17.49881410
17.70781377
17.76329298
17.80860760
17.92587966
18.03136659
18.04843608
18.28670788
18.41851808
18.46776233
18.52515369
18.55336947
18.57647455
18.59853040
18.88529006
18.92480505
18.94235975
19.02410774
19.04337202
19.18203662
19.22612125
19.41998197
19.52743119
19.59968863
19.75575840
19.90773716
19.92471905
19.98344565
20.21692641
20.24397346
20.42863519
20.47676644
20.63492132
20.70678555
20.71187621
20.72249905
20.73272421
20.74225089
20.78958527
20.81552999
20.82550455
20.86538516
20.94662175
21.06485620
21.19919103
21.23515421
21.32201637
21.37168908
21.43252706
21.61278913
21.66679998
21.70362868
21.72273319
21.78250428
21.85294520
21.94312533
21.98109700
21.99644083
22.14005152
22.26188995
22.30072425
22.30266328
22.35280809
22.46068712
22.48420747
22.50367334
22.80740605
22.81078918
22.84185150
22.99521082
23.01236822
23.04993817
23.18509788
23.18827640
23.23694245
23.35154607
23.63477010
23.63644335
23.72808845
23.79611315
23.82005011
23.83789245
23.84379610
23.84776565
23.92590031
23.93013090
24.05951974
24.53460912
24.56883577
24.65267451
24.69839084
24.84430295
24.84884917
24.88000818
24.88034906
24.94654694
24.98009230
25.19061168
25.19142189
25.27251437
25.32443505
25.39527021
25.40963061
25.41770428
25.46088165
25.47062631
25.64384088
25.71171175
25.78733771
25.83539579
25.88136076
25.88277814
25.92922764
26.00368423
26.11097837
26.12740795
26.22160145
26.28812013
26.35763946
26.85949664
26.89676171
26.91475182
27.22689739
27.32993288
27.36391289
27.39317639
27.42527104
27.49199761
27.53846200
27.80331052
27.87302905
27.88947838
27.93860638
28.10258973
28.20622816
28.38313765
28.53019641
28.53109667
28.57417705
28.75750075
28.97171873
29.35665806
29.36187447
29.36510457
29.45909167
29.51953890
29.78310078
29.81486337
29.83190060
29.86609688
29.86908979
29.99165737
30.03127670
30.07782232
30.12133302
30.18910486
30.21688674
30.22071488
30.26839107
30.34854967
30.36259740
30.43804109
30.50727812
30.51797463
30.80516804
30.80542036
30.83237070
30.83767199
30.86350137
31.00044014
31.09842215
31.48842619
31.49034056
31.77705426
31.82630089
31.88911154
31.90901494
32.33217131
32.52272485
32.53344205
32.65070987
32.73995736
32.87143442
32.88377210
33.07126030
33.07490831
33.09426737
33.12501736
33.13221792
33.20018449
33.21190689
33.21556997
33.37965112
33.39858947
33.40375290
33.40715197
33.48801348
33.65361751
33.74333523
33.80564680
33.87109104
33.92931723
33.93138358
34.03372514
34.09640358
34.13960144
34.17716470
34.21281060
34.23161224
34.27101593
34.38828352
34.50896807
34.51998949
34.87285665
34.91551012
34.92206821
35.01259747
35.03763249
35.05548469
35.05641055
35.07462890
35.08175178
35.34497896
35.34899623
35.43333947
35.51620987
35.64985961
35.75334060
35.85504992
35.89399187
36.00929295
36.19914844
36.25852770
36.33651591
36.47946367
36.48327496
36.48417195
36.52970922
36.53834257
36.55372309
36.59184081
36.70274175
36.71727443
36.87923428
36.87935413
36.91583921
36.95256284
36.95434669
37.01441359
37.07638206
37.09002232
37.13259846
37.67395210
37.77816570
37.78617126
37.84122033
37.84200133
37.88956963
37.90844408
37.95066979
38.00842225
38.19533897
38.39381645
38.45651442
38.64819334
38.68895937
38.71283517
38.95692963
39.03127418
39.17867692
39.26986953
39.29327580
39.34415221
39.37666588
39.38038659
39.45161960
39.55544600
39.56582025
39.68596634
39.98483698
40.11945307
40.18599047
40.24367098
40.25263990
40.32909754
40.36458500
40.44650340
40.49172038
40.54640585
40.62865211
40.63600916
40.65543855
40.69688675
41.19963610
41.42175765
41.45829841
41.54813167
41.66620665
41.81075528
41.96292852
41.99610675
42.08571482
42.14858020
42.17657437
42.28899750
42.31513370
42.43840359
42.49947337
42.72333838
42.78435490
42.90503169
43.00528183
43.02060065
43.16392078
43.17818643
43.46548275
43.51777320
43.62705761
44.02751986
44.14523122
44.19891045
44.28804362
44.40759750
44.56850436
44.59246621
44.62314274
44.67389079
44.68580788
44.77716920
44.83237732
44.87511779
44.92388211
45.10797928
45.13266877
45.25411583
45.29554252
45.38111697
45.45298729
45.46623830
45.55919259
45.70143965
45.77480251
45.91088144
45.92623153
46.18043941
46.20792516
46.27996724
46.36367818
46.59018320
46.63194311
46.66155784
46.70279742
46.72424983
46.86341411
46.89230019
46.94073853
46.95127510
46.96422457
46.99983516
47.01642067
47.04445800
47.05203651
47.08540933
47.28124536
47.53784253
47.73654069
47.81950679
47.89589456
47.93870701
48.07598375
48.15849503
48.40766609
48.41555355
48.54074893
48.61852008
48.69033104
48.74613575
48.74746162
48.80598834
48.87867396
49.08957536
49.17667010
49.18490305
49.22253744
49.28890106
49.32257716
49.50107155
49.70813268
49.77150114
49.82674455
49.88100150
49.88306985
50.06955222
50.09538787
50.28329352
50.62965034
50.66905924
50.68175258
50.73517588
50.79386428
50.89342328
50.89955188
50.96134307
51.15428152
51.18959351
51.27608366
51.29753789
51.42191076
51.45562048
51.69722909
51.97583618
52.24101478
52.25000057
52.25955655
52.31704438
52.32622483
52.45957425
52.64437386
52.73658566
53.05513675
53.13301131
53.22925570
53.24958711
53.30124491
53.33908396
53.40532526
53.43691867
53.45342341
53.82921984
54.08047092
54.20531604
54.36181274
54.39391775
54.49177985
54.50731678
54.69856951
54.82320978
54.85866087
54.89891574
54.97515624
55.18914103
55.55528371
55.64259522
55.74010965
55.74121755
55.85051513
56.05680724
56.12375367
56.13349345
56.26701050
56.31358902
56.33295708
56.33871689
56.54107582
56.59325540
56.63047130
56.76129812
56.82924813
57.04304083
57.09197662
57.21976026
57.33441852
57.33765930
57.36631031
57.41645089
57.71712937
57.73662654
57.83952304
57.85106344
58.00200154
58.13041232
58.30076794
58.37494414
58.43623283
58.56038691
58.69572109
58.71829881
58.72768509
58.76033444
58.85758381
59.05594829
59.11790978
59.17014952
59.23087857
59.23323598
59.23444684
59.25425754
59.25780705
59.27716503
59.30990300
59.41607742
59.51869693
59.54850714
59.58787840
59.60158065
59.76026960
59.82148511
59.86036515
59.87477785
60.00804795
60.04705790
60.08666887
60.19294106
60.30851601
60.33620009
60.39163461
60.47751425
60.48666597
61.13246813
61.14421123
61.37966502
61.44882902
61.63951983
61.69071492
61.78398710
61.79564249
61.80927514
62.03267620
62.08611829
124.00000000
