0.49126737
0.50533673
0.51459391
0.62177900
0.66686080
0.80801008
0.90877001
0.91662631
0.94010530
1.11185164
1.15743982
1.28590094
1.53252463
1.61717621
1.63866354
1.90500615
1.98055574
2.07344511
2.10625304
2.15089949
2.29386033
2.37434557
2.40142158
2.40696567
2.49609181
2.73401474
2.77424138
2.95071541
3.00696061
3.06892113
3.16971355
3.18963446
3.35383985
3.39964267
3.49625547
3.57327531
3.62461248
3.81885113
3.83481385
3.90351973
3.93440860
3.95758364
4.04558920
4.45511685
4.45941201
4.53072536
4.53249982
4.54142251
4.59334911
4.65723107
4.69947589
4.85312206
5.04887458
5.09233918
5.09883352
5.11037492
5.19079815
5.31683300
5.36309577
5.42960617
5.44987178
5.60612724
5.61213624
5.67821193
5.69969055
5.74686356
5.76122005
5.95569426
6.16603249
6.35678829
6.41926618
6.47776838
6.58122518
6.60727152
6.62368667
6.85107412
6.99152831
7.11035508
7.18224421
7.25272200
7.35301521
7.37874405
7.39017119
7.58882829
7.60793094
7.67377745
7.74691286
7.77270401
7.82280578
7.92514110
7.99523670
8.08516406
8.25688900
8.27041313
8.52398868
8.61446634
8.72392001
8.84053423
9.03777742
9.15612342
9.27238344
9.54016924
9.81046192
9.85548576
9.97307911
9.98119252
10.02401129
10.17341238
10.31527662
10.37301315
10.42139751
10.45783247
10.49696532
10.56114993
10.60283588
10.68103377
10.68364362
10.81926013
10.84931980
10.95635865
11.09636945
11.15057293
11.27757390
11.28257957
11.62156187
11.71931046
12.30295208
12.31133882
12.33110374
12.33573558
12.47542246
12.49239248
12.68721571
12.70486606
12.75757486
13.03320031
13.03453901
13.15882738
13.17470860
13.40438172
13.42678443
13.44216589
13.52866501
13.85175751
13.86454392
14.02316686
14.12954799
14.13311242
14.15175088
14.15451051
14.18355929
14.20102201
14.20692641
14.32680723
14.34357628
14.49647582
14.50296811
14.61704267
14.63086547
14.68063270
14.73048869
14.79906367
14.81797254
14.81921354
14.93279260
15.01581634
15.30796952
15.45240913
15.57859527
15.63904458
15.66480463
15.68540779
15.71009477
15.92963423
16.04416557
16.09873444
16.29851260
16.34671332
16.51483872
16.61185614
16.64639858
16.65947358
16.66612287
16.76545028
16.82201894
16.85525371
16.85566628
16.87072079
17.01791222
17.16596153
17.20205768
17.29656273
17.39929607
17.60929402
17.64687594
17.70670184
17.74036769
17.79811233
17.79852272
17.89446502
17.89896475
17.89953253
18.00873369
18.14369082
18.18621119
18.18991296
18.24746183
18.27491092
18.38420424
18.40426340
18.42998648
18.44249960
18.46329894
18.54344191
18.81890161
18.89444937
18.96343475
19.08839388
19.14551567
19.17985352
19.18026375
19.20481246
19.24669507
19.47082656
19.47185242
19.86207244
19.94513210
20.10422229
20.13397476
20.18100719
20.24907035
20.51112466
20.76621941
20.92556657
21.25540127
21.27837181
21.37672948
21.37939150
21.39726865
21.40914485
21.48403123
21.49529784
21.83607467
21.86761825
21.89817379
21.98506067
22.03206227
22.07241718
22.21427641
22.31532832
22.49856053
22.52633315
22.54480995
22.55765363
22.77650410
22.78053545
22.81386532
22.93887100
23.00328442
23.05290506
23.41360727
23.42863100
23.42988542
23.57744757
23.58786972
23.59673258
23.66568520
23.91573017
24.15527077
24.23358386
24.29452933
24.37311727
24.45551851
24.49367614
24.52539997
24.59801837
24.70995798
24.76263643
24.77968800
24.79441879
24.90515908
24.94422979
25.04310923
25.06379755
25.06988923
25.31779522
25.39527021
25.40590237
25.43006518
25.43725596
25.44463838
25.46321136
25.55122927
25.68648045
25.71043640
25.82232250
25.84630421
25.88064223
26.10394567
26.10825021
26.22200164
26.27728530
26.28000424
26.34592958
26.43772253
26.71083739
26.71600906
27.07057558
27.11673742
27.38704752
27.39203253
27.40355476
27.47895074
27.51316005
27.55133026
27.58968785
27.63411926
27.70796257
27.72184950
27.84307331
28.02402792
28.13142470
28.16128325
28.41429110
28.51365019
28.57047304
28.76098123
28.79312949
28.80570866
28.98640666
29.01265446
29.12449467
29.16343606
29.22659575
29.27352548
29.39543488
29.49765692
29.52181113
29.62380249
29.63145366
29.70595979
29.74968309
29.78287587
29.78375164
29.78523279
29.86294208
29.90473018
30.05399310
30.12962052
30.21309626
30.22918240
30.50182694
30.57272567
30.70498207
30.76127036
30.79146016
30.80961121
30.85077003
31.04399904
31.18364563
31.19385916
31.25485697
31.28362253
31.33829025
31.37433482
31.38132465
31.59214948
31.67522210
31.78213646
31.78770683
31.89857583
32.20538358
32.22806266
32.25458798
32.35540972
32.43673133
32.51851440
32.76977802
32.81031232
32.87378858
32.90374943
32.97448193
33.11149386
33.12381191
33.36221908
33.41725939
33.46020062
33.50607041
33.64038567
33.65358108
33.99011188
34.01327280
34.04401765
34.13298474
34.45410664
34.50448132
34.50918400
34.60510579
34.61711690
34.71229493
34.79934390
34.94821731
34.97815456
35.07375375
35.08878079
35.14112098
35.15411870
35.32630516
35.68459175
35.70711945
35.76277833
35.86126728
35.97732582
36.03914897
36.29779737
36.31283553
36.33580070
36.59609579
36.95856874
36.98228361
36.99570885
37.11261432
37.16480151
37.20933795
37.28590631
37.33278474
37.33917732
37.37703968
37.64291114
37.73211788
37.77567866
37.79279165
37.81744611
37.81787117
37.90542138
38.06070287
38.29153798
38.44717323
38.51233953
38.54797265
38.71194886
38.90532535
38.91249656
38.94316721
38.98048762
39.04519880
39.09161265
39.17714826
39.19250693
39.37222415
39.39379499
39.49865352
39.75002274
39.76302359
39.88616633
39.90536238
40.04998350
40.22160897
40.24279419
40.25180972
40.64712598
40.69665883
40.88409036
40.95856225
41.19826087
41.26272324
41.31451447
41.41561798
41.56924684
41.57447605
41.59017163
41.64563603
41.69553588
41.70659933
41.80092503
41.80258664
41.80585570
41.86016028
41.88024953
41.90016856
42.01983734
42.07302524
42.10139486
42.18710222
42.24839120
42.35114067
42.50502019
42.56879036
42.60427086
42.63127727
42.63961464
42.66096369
42.75092099
42.86769015
42.87468606
43.13961134
43.16701609
43.19360748
43.31314059
43.34508819
43.34942455
43.41231770
43.44979696
43.53175511
43.88019260
43.93080185
44.05968930
44.07539840
44.24300267
44.38059138
44.42751138
44.49740410
44.77974393
44.82697360
44.91746784
44.95103634
45.17838965
45.20849622
45.34431292
45.58151560
45.61031232
46.03148166
46.05129886
46.18758191
46.36172583
46.41930129
46.43238297
46.50152031
46.99168808
47.00725628
47.13916886
47.19261972
47.24325974
47.24834154
47.25756330
47.39151464
47.39217978
47.40734906
47.46059631
47.51825731
47.54767301
47.71023791
47.81172713
47.89481330
47.96114598
48.05063869
48.05302100
48.09620613
48.37849678
48.45927735
48.50047902
48.59759399
48.68573470
48.74332011
48.80129695
48.81432961
48.88584102
49.09929464
49.14357925
49.17824043
49.18921836
49.26503908
49.28664545
49.41779087
49.42330099
49.49928261
49.56258004
49.57989743
49.65970064
49.91328537
49.91401480
50.09075589
50.09450579
50.13211674
50.32588011
50.39045050
50.42463484
50.47717127
50.68175258
50.68562200
50.68813019
50.69613931
50.73836558
50.79311999
50.81879257
50.91850485
50.98133916
51.07927581
51.09706238
51.10246513
51.11141278
51.17728898
51.25815343
51.30445398
51.38007014
51.53462395
51.56397777
51.67520394
51.73639704
51.74779665
51.83063538
51.85641037
51.92627697
51.92849512
52.13612192
52.24127972
52.46210707
52.68146187
52.82796617
53.08524818
53.12921446
53.18108436
53.22322998
53.31577903
53.40390908
53.50715965
53.51080486
53.78515951
53.83888455
54.08232558
54.20569758
54.21969079
54.27798299
54.30210089
54.38577794
54.43960040
54.44643370
54.68409473
54.79771415
54.82907268
54.83649399
54.88619423
54.89399627
55.08160799
55.13473638
55.17743207
55.35751784
55.46336495
55.57805843
55.58734687
55.59408146
55.73904767
55.85569650
56.25098547
56.28177146
56.28955717
56.32763543
56.49912858
56.69475484
56.71464356
56.90407771
56.94990460
57.05366390
57.17674681
57.19200534
57.23280130
57.31692652
57.32936954
57.33639637
57.52083906
57.60360948
57.68254374
57.76392559
57.77100006
57.79073390
57.80311049
57.98875301
58.05808909
58.06824640
58.28782195
58.32609265
58.37139249
58.42019591
58.45941816
58.58435647
58.62985295
58.64164026
58.66814273
58.78127171
58.81200048
58.85365236
58.87201636
58.92164994
59.02175103
59.06084989
59.11028812
59.18525703
59.31702121
59.34881407
59.37833314
59.49232664
59.50215990
59.53720888
59.55733967
59.60334765
59.62948290
59.63578009
59.69000821
59.89223870
59.98107577
60.00804795
60.12137461
60.15110412
60.23929821
60.37349949
60.38068526
60.49930190
60.79995609
60.89534706
60.98120856
61.04143103
61.06313872
61.21590256
61.24553300
61.26131388
61.29931930
61.38615327
61.46310022
61.54175650
61.57259917
61.69071492
61.73509869
61.76458248
61.78757734
61.79068556
61.90421879
62.14924921
124.00000000
