0.02632013
0.07436593
0.12342401
0.18321483
0.36719534
0.45360929
0.47936214
0.48678065
0.64829766
0.74555207
0.80140924
0.81237284
0.87403799
0.88450604
0.94836048
0.98761811
1.02401453
1.06467783
1.14485947
1.18409278
1.18582069
1.19032143
1.50861842
1.51066847
1.56483166
1.63101790
1.69090549
1.73467084
1.82748265
2.04300125
2.25202620
2.29041912
2.34335402
2.60696505
2.63510817
2.63744344
2.69113308
2.72187243
2.73052428
2.76414132
2.85476296
2.86339853
2.91430098
3.16575548
3.16746860
3.28554906
3.60469244
3.68197062
3.76191732
3.86751638
4.01750423
4.09261113
4.15019007
4.20544972
4.31727787
4.41582089
4.44622038
4.57864015
4.61713916
4.62400132
4.65709200
4.68345212
4.74951417
4.81256502
4.82356680
4.98559642
4.98646303
5.28067355
5.28634010
5.46266397
5.48516783
5.49872847
5.53213370
5.58476162
5.63641389
5.68116378
5.76840300
5.98455659
6.03457435
6.08069860
6.13877861
6.20845445
6.20950941
6.28889006
6.34681441
6.65593789
6.66325353
6.70778759
6.75896264
6.92360740
6.93288778
7.08116714
7.38298846
7.47811725
7.65705049
7.73686660
7.84250578
7.88635293
7.94285568
7.97087859
8.09803175
8.13945741
8.19763369
8.22785164
8.28927268
8.36381135
8.50824584
8.60245538
8.61446634
8.74075536
8.77176142
8.94121628
9.04711089
9.20052105
9.21554973
9.35981282
9.46124337
9.66083916
9.76890902
9.79042498
9.79253969
9.86531656
10.00822883
10.21788666
10.39653092
10.44759138
10.51062083
10.61443933
10.62174515
10.81630367
10.83393729
10.87796477
11.12392425
11.13399018
11.15749889
11.30156274
11.36337915
11.37002313
11.62135939
11.77013653
11.81977977
11.83220365
11.93632648
12.01918846
12.12111807
12.16887096
12.23592494
12.39146463
12.53134916
12.55663393
12.76158762
12.76207282
12.83170664
13.16455779
13.25164770
13.55792199
13.64433654
13.72129950
13.80372413
13.83629592
13.89758180
13.95184869
14.23328511
14.41616076
14.74971053
14.75499658
14.95364799
15.03324988
15.07699588
15.10256610
15.17070764
15.18923909
15.23114662
15.33339160
15.41177956
15.48340687
15.48885361
15.51328709
15.59262170
15.62829275
15.79639363
16.03234602
16.34455604
16.41165541
16.47080090
16.50813020
16.57366656
16.69859134
16.71758110
16.71946409
16.79491056
16.96293943
16.96694311
17.03099988
17.07930338
17.08902642
17.17577779
17.39449513
17.42498098
17.43388692
17.52086264
17.59568275
17.63750906
17.67648593
17.84183285
17.86678986
17.94039870
18.01601191
18.07833182
18.19726791
18.21831879
18.24028627
18.24746183
18.30432079
18.37674617
18.54662821
18.68041528
18.69604192
18.75265612
18.82712669
18.88777592
18.90992901
18.94533320
19.08344768
19.26061667
19.32764967
19.48944054
19.49644383
20.09562171
20.25731176
20.34494756
20.35885415
20.41938004
20.45408127
20.54977785
20.57723867
20.65982509
20.68612903
20.70078919
20.83099707
20.84895507
20.93622744
20.99532354
21.10698903
21.20263189
21.55942714
21.61278913
21.62683047
21.86761825
21.88548358
22.05438356
22.12262607
22.12525816
22.13792822
22.16473527
22.18372393
22.27204489
22.33934956
22.35088590
22.60616109
22.67380464
22.83203542
22.83426329
22.94913873
22.98515846
23.07551503
23.09403754
23.11998248
23.18138820
23.19619418
23.26801911
23.39009577
23.49236702
23.53170850
23.63555951
23.67066560
23.74884479
23.90045278
24.05079252
24.10267380
24.38380939
24.61741651
24.92409566
25.03517471
25.12380370
25.17059646
25.35183484
25.40499635
25.50452621
25.67124097
25.79762732
25.85331686
25.90687288
26.04091682
26.04875217
26.10589836
26.15418484
26.21434999
26.47165307
26.58153099
26.73887535
26.91955291
26.95090110
27.03502728
27.04438495
27.12434200
27.23022928
27.25344587
27.35327850
27.41598929
27.41675973
27.61115563
27.61915079
27.69472336
27.71246077
27.76678187
27.92125463
28.05866855
28.14338776
28.20238149
28.36689747
28.39945299
28.55207380
28.61246671
28.64401703
28.70404019
28.72535771
28.76009491
28.94114830
28.96314436
28.97940241
28.98670024
28.99143678
29.01072444
29.24302907
29.41003727
29.46689922
29.55082381
29.72312380
29.78879049
29.90081225
29.97734281
30.13867233
30.14874693
30.16476811
30.28335850
30.29359150
30.49617318
30.51044565
30.53096570
30.60453030
30.70741046
30.75206260
30.76743283
30.78196305
30.85409183
30.95960527
31.04258582
31.49054444
31.51342318
31.61125123
31.66836456
31.92242617
32.03662088
32.13888445
32.32453328
32.34994506
32.38162605
32.86347210
32.90827624
32.91291732
32.97448193
32.98557913
33.24994242
33.26178700
33.30951099
33.32542405
33.43314641
33.45108860
33.60029943
33.69047985
33.70087614
33.72392643
33.72547361
33.80673697
33.81402080
33.82456308
33.83672174
33.89614879
33.95902898
33.99534033
34.00275898
34.00748634
34.08398403
34.28672851
34.34035787
34.56989450
34.67232693
34.73617628
34.76710818
34.86907514
35.00837702
35.01128157
35.07902244
35.08935339
35.12615825
35.13865858
35.14904914
35.16359422
35.24560171
35.31255866
35.38019320
35.44997289
35.46935665
35.47490494
35.48309426
35.54765602
35.57189237
35.59437374
35.59617259
35.65155147
35.65979928
35.77063123
35.78541075
35.89178348
35.94210277
35.94212315
35.94952901
36.01051614
36.02318343
36.05339262
36.37112689
36.38114852
36.41593899
36.48864242
36.53834257
36.55372309
36.62155565
36.64155874
36.81446566
36.82398721
36.88558639
36.92840206
36.95856874
36.99888484
37.10796873
37.15289305
37.20078354
37.24199125
37.25656995
37.25715777
37.27252834
37.27731927
37.28170355
37.36622844
37.47752754
37.52845013
37.59578141
37.70661878
37.82687156
37.90542760
37.91671961
38.31563363
38.34167985
38.40964901
38.42525285
38.48209526
38.66307038
38.75675082
38.79181738
38.93217948
39.03907388
39.33283275
39.36915597
39.41122071
39.45875693
39.47377025
39.59014937
39.67321293
39.78532256
39.81940246
39.84756424
39.91437655
40.30727329
40.32288231
40.35306322
40.37867057
40.49441940
40.54427241
40.54687199
40.61039818
40.73352696
40.96050832
40.97088636
41.05126489
41.14437162
41.14609764
41.18263094
41.24407950
41.27774117
41.31466420
41.32486387
41.61258629
41.63241289
41.73414248
41.73976385
41.89714798
42.16890724
42.38083630
42.38153252
42.41403392
42.41999505
42.46517595
42.48405262
42.54338102
42.58031335
42.87238384
42.95762846
43.12222874
43.22789833
43.31946652
43.41777357
43.45123718
43.48305989
43.80321117
43.92710059
44.07223035
44.09224994
44.14989484
44.30549964
44.34880597
44.46029959
44.48673782
44.49879935
44.54316212
44.57230180
44.70829288
44.77716920
44.89266204
44.89421381
44.95896383
45.09700390
45.15967409
45.25511520
45.28755980
45.41105607
45.79522665
45.96873869
46.06025394
46.20726555
46.21529940
46.24671875
46.27139354
46.31528670
46.35146229
46.36320683
46.47242733
46.75476376
46.84122303
46.98007057
46.99114027
47.01642067
47.04596486
47.05127841
47.06469093
47.07826174
47.13140421
47.16915364
47.45802820
47.49337641
47.55345036
47.76922848
47.79014379
47.79379269
47.82239204
47.83833414
47.94562656
47.96235624
47.99721855
48.20356921
48.25230443
48.28843724
48.30004443
48.49354204
48.62542466
48.65814315
48.85168752
48.89206033
48.99695447
49.28976009
49.29322285
49.45634181
49.46424744
49.48320971
49.71552718
49.75410962
49.87126895
49.87992884
49.91841417
49.96606989
50.14462464
50.41375437
50.43049078
50.74772618
50.76195760
50.83411109
50.91995617
50.96804738
51.10222565
51.11957596
51.18159773
51.18408081
51.34592203
51.34906164
51.46394680
51.49783580
51.50805812
51.65618294
51.65632717
51.67824767
51.68770703
51.70026450
51.74929786
51.75593843
51.83161226
51.89487608
51.91159209
52.11592025
52.17538917
52.18611894
52.31372043
52.47323453
52.48332804
52.54787997
52.62116955
53.13067705
53.21927908
53.38417134
53.38547851
53.39463833
53.41336753
53.48697313
53.60817388
53.62581471
53.76735444
53.96796684
54.03567095
54.19296579
54.27918623
54.43275028
54.44882725
54.46340658
54.52934144
54.66903868
54.67053548
54.70196646
54.81502399
54.91228688
55.23067519
55.25843070
55.27603494
55.28114508
55.39521138
55.42314594
55.49584245
55.54279887
55.70006295
55.72000012
55.78457392
55.81573420
55.89011447
55.97876056
56.15307903
56.21364499
56.28718545
56.38483298
56.42818815
56.50311269
56.61299014
56.62816090
56.69610513
56.70693193
56.71417945
56.74779266
56.76617247
56.92374567
57.03501760
57.14001663
57.23183431
57.28677697
57.44731121
57.48269171
57.49801745
57.52715620
57.56223351
57.65924516
57.66007194
57.70982402
57.71849935
57.79073390
58.12920357
58.17442228
58.23760558
58.33500857
58.57817975
58.61850311
58.64164026
58.64762015
58.65428730
58.85758381
58.88635469
58.88889756
58.99303363
59.02311370
59.05842455
59.07296285
59.14294852
59.20927012
59.23634026
59.49788591
59.70446096
59.73554553
59.77367191
59.86307341
59.91220438
60.04705790
60.09352883
60.24388001
60.29549477
60.40501794
60.41425065
60.67771889
60.73661725
60.85323279
60.91923269
60.92338392
61.04168958
61.08612738
61.08639131
61.12901086
61.15418401
61.22103683
61.28391754
61.34225241
61.35740175
61.66697750
61.75067561
62.02780077
62.11031328
124.00000000
