0.18948136
0.41330643
0.42879889
0.46185593
0.47388048
0.49106452
0.59909940
0.69955409
0.84339883
0.98611395
1.04011255
1.09149454
1.55343832
1.63363896
1.72627950
1.77149155
1.89692941
2.01963981
2.04146889
2.32827909
2.93897695
3.09365837
3.10893943
3.12891235
3.14053545
3.14092038
3.26955597
3.31021419
3.43553366
3.45391249
3.45540949
3.59529368
3.62626285
3.65851886
3.72954831
3.80703190
3.87118818
3.89820466
4.22518321
4.67803942
4.69998856
4.75260382
4.84496390
5.09419693
5.31412186
5.33208840
5.36239975
5.39430346
5.45335721
5.49305187
5.53694921
5.58415700
5.59548321
5.63544854
5.77114685
5.78532205
5.89647122
5.90151420
5.90590801
5.94934949
5.95191318
5.97376831
6.11991841
6.19415403
6.28845533
6.49255424
6.60912484
6.62505861
6.95413567
6.99683928
7.01882054
7.07582844
7.10699259
7.25171280
7.27767920
7.27885553
7.31121554
7.32323276
7.45241058
7.49531121
7.65205867
7.74927970
7.90704911
7.91360821
8.03748322
8.30824503
8.33941385
8.54131021
8.70103573
8.78404022
8.85356817
8.97591534
9.06585686
9.10777272
9.20740742
9.29706567
9.52929635
9.65392204
9.79427852
9.83178149
9.85864467
9.87928336
9.88396750
9.91933715
10.02070840
10.05861193
10.13711362
10.20456442
10.24099417
10.28282996
10.39568899
10.57228217
10.58858711
10.68364362
10.86199853
10.90872892
10.98036665
11.06007424
11.21228324
11.30746007
11.31015448
11.41412943
11.48746047
11.56286070
11.64512763
11.79704904
11.99028395
12.08121143
12.25995066
12.74744900
12.79831278
12.91158619
13.01629533
13.04291060
13.33491061
13.44700420
13.51593581
13.66929745
13.68210101
14.03333122
14.04202664
14.05042066
14.20692641
14.24142515
14.25562564
14.31497637
14.41298972
14.42138466
14.50568023
14.64423273
14.64724714
15.00120802
15.13863619
15.18114540
15.18309765
15.47071692
15.47448431
15.50078940
15.77591680
15.91053431
15.94473259
15.98251993
16.02023169
16.12854780
16.16649060
16.26019717
16.34048895
16.40975570
16.43205069
16.44419904
16.49679270
16.55732585
16.70719355
16.80449847
16.83106052
16.83377656
17.05958712
17.07229173
17.24884924
17.43644044
17.46968551
17.50121948
17.61140021
17.68420290
17.90025232
17.99235342
18.01859796
18.03941195
18.05472582
18.10932971
18.26194675
18.35631643
18.49715203
18.57745833
18.77501291
18.77596686
18.79336039
18.82735038
18.89278009
18.92583835
18.94533320
18.98651765
19.34000851
19.35176537
19.43137873
19.45100421
19.53463452
19.70723046
19.79670511
19.82983166
19.88902809
19.98270802
20.34973430
20.63586390
20.65180363
20.78091380
20.99688631
21.01492445
21.03844883
21.09525406
21.26673603
21.33406829
21.37001477
21.41878553
21.41896083
21.43242456
21.45444845
21.57840158
21.67252948
21.67534875
21.72724529
21.74111825
21.75975024
21.76159031
21.82418711
21.83517667
21.87153532
21.91047697
21.99391176
22.05077832
22.21927517
22.23333309
22.27005377
22.50902697
22.53091854
22.65605621
22.86714216
22.86774861
22.98706050
23.01894143
23.03539050
23.11202049
23.47358268
23.97082998
24.00556105
24.11781384
24.20312965
24.24038272
24.25725642
24.27654939
24.33837805
24.42151762
24.43256259
24.48711670
24.61965752
24.63376076
24.67245383
24.75160957
24.79594972
24.91455731
24.95298093
25.00820155
25.19496100
25.30749677
25.36187258
25.36850745
25.46766152
25.64095035
25.78733771
25.85868682
25.91570593
26.00412585
26.02521039
26.25028399
26.37825804
26.48820572
26.50714480
26.50761844
26.58078690
26.62792981
26.72489197
26.73343553
26.73365286
26.75756048
26.91079146
27.05256502
27.11581563
27.25851253
27.29836756
27.35992927
27.42207193
27.44407219
27.67584614
27.74514845
27.86310677
27.88832129
27.92881327
28.06927654
28.12801447
28.13439496
28.15958557
28.27150326
28.32268729
28.34839411
28.35567371
28.41480081
28.44898947
28.54703377
28.90006327
29.02994277
29.05378110
29.10022846
29.33719823
29.41805447
29.55188381
29.56025227
29.65270327
29.67389267
29.92068124
30.09038826
30.12670036
30.22909392
30.29038570
30.41293918
30.45319745
30.52682707
30.68155679
30.75819224
30.84107788
30.89951804
30.93334268
30.98489821
30.99427381
31.00646567
31.04147850
31.04985941
31.26051926
31.31662309
31.32660119
31.54774247
31.87974949
32.35253348
32.39522429
32.43172401
32.45478589
32.54544961
32.62489316
32.66825877
32.78215510
32.83788818
33.04663867
33.13805170
33.14017375
33.17386782
33.20440081
33.27898983
33.32214705
33.36387189
33.39600714
33.51283765
33.52259420
33.53046646
33.57725006
33.68264986
33.74939742
33.77128782
33.79112497
33.88161418
34.02370611
34.10013458
34.14445110
34.15646688
34.30265788
34.35486229
34.37679360
34.41680044
34.41922716
34.57761740
34.82654721
34.82997198
34.95444510
34.95955356
34.97871614
35.07348727
35.17129536
35.18006670
35.18876899
35.23085910
35.60557917
35.63582152
35.67610130
35.81821736
36.06164296
36.10490152
36.17614331
36.37242796
36.43229330
36.72329898
36.82818580
36.86097962
36.90372866
36.93355397
36.93767708
36.99330056
37.42448345
37.49581007
37.56669784
37.73143391
37.76811247
37.88956963
38.00320235
38.00842225
38.10019140
38.13044498
38.13630282
38.14069783
38.30967095
38.37175537
38.39548390
38.47946286
38.51335512
38.58078660
38.70413530
38.77893396
38.80237747
39.02717388
39.06077025
39.17235805
39.24798782
39.31853276
39.33647898
39.37280218
39.38890189
39.64593083
39.73229330
39.84709776
39.87636160
39.91803512
39.96370485
40.03859142
40.25996438
40.34853171
40.37706207
40.40436472
40.51348622
40.59645129
40.63856381
40.81128481
40.82727225
40.86478420
40.87228263
41.08332136
41.13277407
41.25125629
41.26896016
41.29734761
41.34206394
41.46854002
41.47619164
41.60829361
41.64144318
41.76879243
41.81531402
41.89180414
41.89772254
41.95827666
42.06597536
42.09939332
42.22900089
42.25370136
42.34261113
42.42875053
42.44729438
42.52831721
42.64200238
42.71126138
42.77663359
42.85254673
42.89362860
42.91987783
43.00022816
43.00628577
43.03248658
43.13654539
43.27871641
43.32863473
43.38701630
43.55399157
43.56492689
43.60515437
43.63853687
43.73389109
43.85166241
43.94852295
43.99633562
44.17904407
44.20380628
44.26940279
44.44753836
44.48702344
44.50918596
44.56364289
44.57008313
44.57102685
44.59518414
44.76211853
44.88532569
44.91021097
44.92272421
44.97330712
45.02871821
45.05507851
45.12190768
45.16646218
45.19579054
45.27777417
45.31257695
45.38876103
45.44907442
45.54082333
45.64750451
45.74317711
45.79715239
45.88904662
45.90227353
46.04209727
46.06960530
46.11162725
46.21228834
46.35362028
46.38338026
46.40516015
46.44000175
46.44597264
46.50853022
46.51268883
46.63581795
46.64383058
46.66401528
46.80339844
46.81759458
46.84411415
46.91753817
47.04129201
47.08334158
47.24107865
47.30399503
47.32773056
47.48612803
47.49657263
47.91529385
47.99235521
48.04368782
48.04659985
48.23166584
48.30107917
48.46896573
48.52955802
48.56787931
48.69753608
48.70833964
48.73164054
48.81425565
48.81432961
48.82853520
48.83019176
48.96159164
49.04584614
49.24427088
49.29835029
49.34879710
49.34932769
49.35677944
49.44829055
49.47524092
49.54454790
49.55647849
49.56114184
49.58522334
49.59054007
49.70493850
50.03462059
50.12322419
50.22870884
50.31711885
50.32964057
50.35977758
50.39981455
50.49764365
50.66263253
50.72415850
50.77022861
50.84065596
50.95197026
50.97750096
51.01755292
51.01928778
51.31655452
51.45635006
51.58844840
51.83569440
51.91159209
51.92063605
52.11193086
52.11592025
52.26828076
52.28402810
52.38877318
52.45010337
52.51391202
52.54490803
52.65204944
52.79065924
52.79736531
52.89724793
53.05975354
53.07150381
53.18430382
53.25518284
53.28333423
53.32278811
53.37492819
53.58732814
53.77599489
53.78587652
53.81579865
53.82055958
53.83074281
53.92449126
53.96846130
54.00506545
54.03785238
54.04336262
54.05684659
54.12940263
54.26610119
54.28214332
54.28433520
54.31928305
54.32977988
54.33812032
54.38798042
54.42085735
54.52038789
54.54316044
54.59562054
54.65924485
54.66454257
54.66604154
54.87749679
54.88922797
54.89215250
55.11593197
55.35883494
55.57474949
55.64268786
55.75335469
55.77780975
55.81880657
55.89257568
55.90044478
55.91292326
56.03110032
56.03841460
56.04353033
56.07605126
56.52214050
56.62591114
56.63243893
56.72667224
56.74088256
56.75394345
56.78601087
56.78665519
56.83871082
56.88717201
56.97640458
57.02711163
57.44410451
57.47741471
57.54875983
57.56234116
57.56953259
57.58188611
57.58609845
57.61346354
57.66276131
57.73822362
57.74553942
57.94402654
58.17092541
58.17549112
58.30725352
58.46200198
58.55731397
58.60873056
58.63853246
58.68797894
58.70453311
58.81567663
59.08531102
59.09250945
59.16177297
59.22387211
59.23819651
59.39544948
59.62149379
59.64058246
59.70464455
59.71029957
59.72869814
59.87537507
59.92987110
59.97331762
60.07782329
60.12922918
60.34935218
60.39499407
60.44884831
60.45863248
60.47686948
60.51972934
60.59080260
60.59508015
60.70360434
60.72110638
60.74685968
60.79115433
60.89885290
60.96992674
61.00113660
61.03023304
61.15273963
61.19499012
61.36505282
61.39130052
61.48834248
61.49136890
61.49341276
61.54867987
61.77403213
61.91056070
61.91980854
61.93871799
62.00376731
62.06062985
124.00000000
