0.06156644
0.31885598
0.42497798
0.62820711
0.68544338
0.68937018
0.68981721
0.84356165
0.85303656
0.90850366
1.04511555
1.11196660
1.21756195
1.69130919
1.78088153
1.87709397
1.91119546
2.02103299
2.07687359
2.10393868
2.47512016
2.47965015
2.82819507
2.83383770
2.93746346
3.06393399
3.26079834
3.26525513
3.27200249
3.39814796
3.54345152
3.61312330
3.75594417
3.81200282
3.82122155
3.93558864
4.02520256
4.03192399
4.08970573
4.10288416
4.18005798
4.27566418
4.45719753
4.48217032
4.49361490
4.60549142
4.68819698
4.69608443
4.75507022
4.78886476
4.80712455
4.89884141
5.01506914
5.11298169
5.21711837
5.33433494
5.51579908
5.51607450
5.55321114
5.74367163
5.79437275
5.80859864
5.81380696
5.82760996
5.85002381
5.86793800
5.90862266
6.17940986
6.35614763
6.41776869
6.58045443
6.70039878
6.81254851
6.82612917
6.83538635
6.84906266
6.93429264
7.00601375
7.14816108
7.23563840
7.30831507
7.32715444
7.36317664
7.43272175
7.47854549
7.48525807
7.49531121
7.55905317
7.56669405
7.58880199
7.63814345
7.76470150
7.77004746
7.79152134
7.83647087
7.91086330
8.24865660
8.63808551
8.66779373
8.76683220
8.92383798
8.93319652
8.93930602
8.94980418
8.97649268
8.98821859
9.04086606
9.14718900
9.15704564
9.27238344
9.63351825
9.70125084
9.82523789
9.97470833
10.13094521
10.36702979
10.54674247
10.83816685
10.87258716
10.90164702
11.01233601
11.01756780
11.19661752
11.41873892
11.60210876
11.77094176
11.95938737
12.07470781
12.15027377
12.16726825
12.48614510
12.56294229
12.74819631
12.95290620
13.08851733
13.13701084
13.30440993
13.32664314
13.37474374
13.64376661
13.69577397
13.77741139
13.84336227
13.88131247
14.09718105
14.26981373
14.28395841
14.32577330
14.49488867
14.56741595
14.68221823
14.81448620
14.82974235
14.90645262
14.91756256
14.92782127
15.21742515
15.23915897
15.38606367
15.38961607
15.44424237
15.76955719
15.86637475
16.00045560
16.08980147
16.11378186
16.15675968
16.28751110
16.42142407
16.45992384
16.48745779
16.50376330
16.61393472
17.04878136
17.06574995
17.07082874
17.13060097
17.17790777
17.28240083
17.33302612
17.38687041
17.41954978
17.44554834
17.52451475
17.55038586
17.55998373
17.64348230
17.69741233
17.70586766
17.71672622
17.94302939
18.01967555
18.02103544
18.03033220
18.10596247
18.26424673
18.36193970
18.51717537
18.57458391
18.67617088
18.86311188
18.93167365
18.93353703
18.98320981
18.98899018
19.02468068
19.04969478
19.29110571
19.47261131
19.63612417
19.67198239
19.70862487
19.80283306
19.82157878
19.89591880
19.92124505
20.07026639
20.08588020
20.11634865
20.18328769
20.18333667
20.29232940
20.30639669
20.33089612
20.33118111
20.47883344
20.49589040
20.49591781
20.54299957
20.56723143
20.69294054
20.92787556
21.09005935
21.28380106
21.31578259
21.40693186
21.59401992
21.61234511
21.66318175
21.84753116
21.84930031
21.92009172
21.92594149
21.99452153
22.09115241
22.11045522
22.26790294
22.40823465
22.42235921
22.50924214
22.52186738
22.52459487
22.53332510
22.56386437
22.66720169
22.73754763
22.75119167
22.82607546
22.93992515
22.99508733
23.06962525
23.08537684
23.17020956
23.34321785
23.40623413
23.59036361
23.59241580
23.63763791
23.66473874
23.67781170
23.69806104
23.76632863
23.81063162
23.81380856
23.84477211
23.93061537
23.97923417
24.07693453
24.22113620
24.32325587
24.33728011
24.52391364
24.62719218
24.66004063
24.72769381
24.74629304
24.80502115
24.82826412
24.90335409
24.99120599
25.06880985
25.16528694
25.56964815
25.58528723
25.74806262
25.78063665
25.80416537
25.89981125
26.02841210
26.03706030
26.15214678
26.16750999
26.25980367
26.39201414
26.46164220
26.56389026
26.78870291
26.83701677
26.84605368
26.86554907
27.17315533
27.18999859
27.21111453
27.27478433
27.36190827
27.40129929
27.44918028
27.63411926
27.69039879
27.93002712
27.96565079
28.07810092
28.09872246
28.28057006
28.44442672
28.45536253
28.64390551
28.73743792
28.80163805
28.88950756
28.95397532
29.18810152
29.22443565
29.23783160
29.27117096
29.30702237
29.41519627
29.45441937
29.54552299
29.60197759
29.67612475
29.75488657
29.76523241
29.78023722
29.78523279
29.82294806
29.88847019
29.92830047
29.94826835
29.99871511
30.03482284
30.05195869
30.08420902
30.20037813
30.22363421
30.36588730
30.49086969
30.71624505
30.81032162
30.90225056
31.12995611
31.17437586
31.17441909
31.25638216
31.31471674
31.35744605
31.37575977
31.42631758
31.55473729
31.62433291
31.68961416
31.71378687
31.72332060
31.72708871
31.73709542
31.88941396
32.07870350
32.15707679
32.22635972
32.23718806
32.34748603
32.37046487
32.39199006
32.55283753
32.86797307
32.95773338
33.08471958
33.13032287
33.35803942
33.53856659
33.54769164
33.61898542
33.69080812
33.73295031
33.98329365
33.98728817
34.27033671
34.30106708
34.30540349
34.32188546
34.40166509
34.53466133
34.83723368
34.83836875
35.02983882
35.07458170
35.10375780
35.23332155
35.24241051
35.31062376
35.49795178
35.53127222
35.64690324
35.81821736
35.82427764
35.83402986
35.85399730
36.43947327
36.54578113
36.54757063
36.74125748
36.90486176
37.16991024
37.26308223
37.28564758
37.53158275
37.56972038
37.90529257
37.91503267
38.02757708
38.09045247
38.13931590
38.15559643
38.18388553
38.39437745
38.41227208
38.45980287
38.48818032
38.51059467
38.57717350
38.69722599
38.72414443
38.74176578
38.80354824
38.82881384
38.84145241
38.93567743
39.07081050
39.07372034
39.08787648
39.16762978
39.26171073
39.35400704
39.37280218
39.40078443
39.42483173
39.44478675
39.52504823
39.64666227
39.65024169
40.10440809
40.10853975
40.15129432
40.33943512
40.41670180
40.50663977
40.60202493
40.64678714
40.66515148
40.92390824
40.93505705
41.38179200
41.39369519
41.50115329
41.58854597
41.63349925
41.69510527
41.76934791
41.86359783
41.97647364
42.07913495
42.12378004
42.30315950
42.30337230
42.33202122
42.35634279
42.44347286
42.53118655
42.72991489
42.78467373
42.84050486
42.89771963
43.00456455
43.06057518
43.07346434
43.15092908
43.16555768
43.18135692
43.30512865
43.32721309
43.48046075
43.54520254
43.55547967
43.55585303
43.57371856
43.62454517
43.77047002
43.80613027
44.25196412
44.34894687
44.44003263
44.45346090
44.47606294
44.69738499
44.78155395
44.86140037
44.88755211
44.97886249
44.99187843
45.02038412
45.04393928
45.05507851
45.06593288
45.15259031
45.19776235
45.25694805
45.40975572
45.63185499
45.84833520
45.88466070
46.01052079
46.03367855
46.04482281
46.06090990
46.08690733
46.22187081
46.32354483
46.45146150
46.46121909
46.53739432
46.81715690
46.85904169
46.89647187
46.99107884
47.01384744
47.03114811
47.04129201
47.14948500
47.16252403
47.23162190
47.29259860
47.31810449
47.34435771
47.34783151
47.57046019
47.75346450
47.82311625
48.14869814
48.14872618
48.17291411
48.17723005
48.29172813
48.48625389
48.52038349
48.54737957
48.56415816
48.64407359
48.66952425
48.71527596
48.79737223
48.81470742
48.92748467
48.92882759
48.96365462
49.08570295
49.24616570
49.28890106
49.29568445
49.64854690
49.83499478
49.83548773
49.85556163
49.87839696
49.88245622
49.90547844
49.96033443
49.99942274
50.09503957
50.13046271
50.13798605
50.34450916
50.58481725
50.81000629
50.94389632
50.96458180
51.03170080
51.13033815
51.14000241
51.14730444
51.21953681
51.30445398
51.40341408
51.46726037
51.48941546
51.51807836
51.56754337
51.73536347
51.79818311
51.85804250
52.11207153
52.19660048
52.21415277
52.27733194
52.72576819
52.73279614
52.77446168
52.85540539
52.97993890
53.02293777
53.04809695
53.05029932
53.13962983
53.17464362
53.21137593
53.36219703
53.37080946
53.46071247
53.47213299
53.48012535
53.86763399
53.93197404
53.96416478
53.97532072
53.97765703
54.18748040
54.26045810
54.27358693
54.45932841
54.48875580
54.72973031
54.73308974
54.74708597
54.88619423
55.00687383
55.05205540
55.10866962
55.33871899
55.35569342
55.38815365
55.46281838
55.46319302
55.67261993
55.69646970
55.70738520
55.77665158
55.78158809
55.84338085
55.88226637
55.90584909
55.94842607
56.03885029
56.07227017
56.23416424
56.54107582
56.54950503
56.56541273
56.66287972
56.68969475
56.71845582
56.76652658
56.77850130
56.81845217
56.86304925
56.93537610
57.04658142
57.13051352
57.19200534
57.33884498
57.34395487
57.48361630
57.54178980
57.62835336
57.66392839
57.68254374
57.68738500
57.89957385
57.91614239
58.03091490
58.03456769
58.09550879
58.10475569
58.11545450
58.13979255
58.17677843
58.23763481
58.24833055
58.37386795
58.38866042
58.40987020
58.42161051
58.58177501
58.62212700
58.71998082
58.75109110
58.82311439
58.86498348
58.89805224
58.98383545
59.02879542
59.05487858
59.12252325
59.21732768
59.32478158
59.37756151
59.49118903
59.51489559
59.52763598
59.83231383
59.84899523
60.00804795
60.09270832
60.24537668
60.24880363
60.28654858
60.40247548
60.47619700
60.83065793
60.83289549
60.86786975
60.98965811
61.12155893
61.13342744
61.28384593
61.33096118
61.58726506
61.64377439
61.68431996
61.76792535
61.77452624
61.78196103
61.81964636
61.85172030
61.87743608
61.93616171
62.10362273
62.21225785
124.00000000
