0.12046995
0.14096497
0.40715948
0.50445449
0.53607941
0.63040782
0.69007083
0.70299491
1.04147212
1.08358093
1.14734322
1.19242763
1.26827642
1.34282609
1.35551437
1.36680680
1.45105802
1.53062603
1.56061732
1.64558413
1.67888818
1.76967052
2.07566693
2.15058852
2.43007127
2.45178856
2.57560696
2.74093582
2.74194111
2.74534958
2.74766020
2.75074262
2.81374655
2.91402756
2.98937287
3.01674473
3.11951057
3.15896550
3.20549948
3.22193088
3.26721005
3.27148657
3.29235601
3.36204611
3.40032632
3.56357714
3.62214720
3.63348356
3.64362405
3.64508798
3.66085597
3.82808844
3.94657342
4.38107128
4.39737356
4.49606812
4.51410565
4.65679912
4.74097705
4.75433622
4.77472955
4.78683516
4.94115634
4.95691071
5.02086638
5.07802491
5.09233918
5.18370213
5.20095219
5.21110064
5.29006526
5.34207508
5.38088024
5.38415831
5.38581005
5.41793051
5.46553144
5.55085326
5.78532205
5.89939500
5.95639347
6.18876842
6.19533266
6.31767224
6.36493405
6.41776869
6.70118325
6.75604945
6.75682197
6.85882528
6.86634753
6.99957005
7.04953609
7.06302337
7.14518735
7.23688578
7.52279031
7.65705049
7.68805868
7.74819746
8.05189558
8.12626193
8.22785164
8.27059409
8.33595397
8.59054126
8.59455518
8.59683290
8.68454948
8.77048105
8.78494452
9.02054806
9.07299868
9.10332236
9.16890413
9.17023364
9.18650325
9.31460168
9.59565629
9.65942781
9.67501750
9.77243141
9.79048966
9.84903743
9.86442798
9.98378013
10.26578388
10.35003903
10.38345745
10.56639415
10.58888860
10.70944355
10.93380675
11.11407565
11.27971850
11.40080515
11.59136821
11.81169511
12.01465422
12.08541628
12.30135670
12.40131567
12.40430132
12.41220797
12.55663393
12.72219348
12.77070289
12.84287349
12.95749547
13.02148854
13.04187317
13.07061404
13.11982288
13.22951546
13.29467659
13.31578847
13.32014625
13.32443987
13.33051368
13.35377714
13.51302372
13.62416566
13.77397745
13.83000171
13.83843483
14.01563902
14.11243674
14.12363594
14.25156155
14.36588990
14.44358209
14.61647099
14.61883708
14.63528593
14.80133093
14.88318011
15.01368016
15.08564563
15.18114540
15.20476977
15.27272980
15.38426850
15.51048784
15.52485980
15.61547667
15.73998873
15.76721563
15.82784845
15.88913215
15.89520448
15.89743374
16.03664058
16.19963853
16.37218676
16.38765360
16.41026463
16.41285937
16.42294931
16.50773824
16.73735850
16.75929201
16.81288327
16.85696125
17.02251093
17.06678006
17.26954049
17.29961559
17.38915641
17.39449513
17.47388677
17.54423410
17.68007368
17.75148502
17.75499706
17.75525965
17.76614585
17.78522051
17.86009172
17.93312750
18.03846393
18.12639845
18.19010516
18.45917067
18.54693319
18.80959348
18.96515191
18.98640092
19.00277710
19.06266005
19.22502560
19.26028530
19.34496463
19.46994055
19.48344556
19.56038422
19.71547118
19.76947186
19.82701398
19.85194263
19.90566670
19.97502194
20.00255460
20.03931125
20.09199430
20.14027900
20.20719205
20.21146899
20.23984933
20.24907035
20.36662213
20.46674999
20.74967784
20.82670978
21.06701629
21.17388625
21.28614687
21.29705816
21.38285275
21.42259090
21.43413591
21.45097089
21.46697159
21.59644990
21.63684910
21.74596866
21.74813606
21.78107715
21.91596775
21.92302484
21.94230401
21.98559305
22.00574113
22.04501979
22.05438356
22.09432486
22.10819613
22.20074183
22.28961166
22.41020991
22.62981331
22.96276389
23.08173902
23.10033330
23.10908556
23.12059649
23.12134432
23.14392976
23.36868736
23.38776646
23.72735735
23.79793372
23.80957776
23.81980307
23.87577376
23.96186046
24.13691588
24.23012900
24.35677728
24.41893248
24.64529248
24.65604340
24.69860005
24.75738222
24.83013623
25.00844304
25.02668694
25.07078615
25.07400493
25.07691811
25.11084367
25.26278517
25.37360582
25.38084335
25.40963061
25.42470864
25.49943996
25.53139582
25.55293441
25.62874392
25.71224652
25.72106674
25.75586085
25.83630115
25.91237243
25.94853042
26.08597001
26.11497514
26.14643245
26.40190941
26.67364060
26.71600906
26.72122938
26.80598183
27.08171518
27.09849627
27.12653782
27.25770396
27.37811275
27.46267994
27.64845927
27.69268384
27.76196999
27.84259018
27.92910768
27.93960901
28.05866855
28.06208169
28.08902594
28.27805547
28.30119241
28.43625802
28.46442479
28.47756767
28.54212510
28.55171152
28.58041941
28.71211842
28.74673946
28.82111450
28.84271985
28.90562207
29.23191572
29.37272632
29.38209833
29.61647546
29.72795335
29.74968309
29.86271347
29.89224054
29.98698406
30.09919519
30.27398282
30.27746031
30.28381614
30.28453486
30.35619699
30.42793393
30.52781404
30.54215057
30.74823960
31.03104193
31.07438582
31.28823505
31.32077179
31.37401504
31.38448860
31.49215279
31.61393346
31.65466991
31.78213646
31.81474888
32.03515802
32.20490900
32.31582881
32.32305262
32.42217657
32.42496210
32.86961779
32.91724339
32.97285191
32.99528911
33.04015553
33.17081159
33.39734385
33.40590072
33.51760204
33.57159222
33.65939258
33.72932182
33.83596449
33.87109104
33.89411986
33.97930425
34.01867743
34.02033939
34.07178605
34.15532285
34.30851859
34.50833439
34.60140931
34.60796565
34.69039769
34.72424401
34.91730937
34.95338783
35.11245255
35.16344725
35.32077430
35.41219106
35.41291632
35.59692923
35.59845590
35.64179474
35.68984921
35.73634418
35.79375877
35.81976105
36.11092922
36.40466767
36.41427522
36.42339833
36.42611388
36.43557889
36.48119295
36.52970922
36.53157135
36.58937836
36.59274567
36.69333058
36.72123680
37.03868866
37.10253712
37.11608285
37.14034688
37.22196778
37.29058131
37.58498533
37.80585439
37.88954452
37.98998123
38.03626895
38.06105786
38.09410423
38.15228190
38.20562323
38.20922747
38.26110109
38.28847401
38.44801379
38.49952317
38.55563392
38.55906105
38.74334644
38.84145241
38.93473932
38.97943467
38.99057735
39.05286258
39.17076993
39.22808000
39.28164626
39.35819496
39.40594743
39.46335076
39.47377025
39.52223747
39.52616569
39.65530889
39.66069283
39.95289405
39.95793155
39.96718850
40.16913889
40.26400579
40.28572963
40.34899379
40.44492025
40.84221371
40.88625722
40.96206489
41.11839255
41.14078074
41.27446763
41.43385404
41.45834466
41.46685495
41.50113935
41.52107186
41.64064725
41.67048619
41.67658469
41.69907376
41.92748636
41.95024674
42.17443474
42.21057594
42.43413402
42.63043242
42.70558998
42.71043720
42.83384366
42.90349408
42.90735475
42.95533424
42.99700883
43.01933296
43.02144306
43.43622868
43.60515437
43.60596120
43.63963635
43.66776935
43.73307178
43.83018802
44.10192363
44.58058353
44.59454655
44.75136033
44.82697360
45.05827494
45.30654555
45.36403857
45.42625771
45.46988306
45.52054776
45.56313367
45.72231925
45.77553356
46.12077517
46.26838205
46.49625149
46.63335511
46.70464323
46.70806732
46.94046860
47.06454622
47.17209558
47.18590673
47.32517232
47.75413227
47.80602577
48.07477647
48.07674923
48.14676207
48.29273223
48.30221546
48.61015778
48.75350202
48.83126880
49.01394188
49.08685974
49.11742514
49.19347948
49.21350073
49.34091820
49.41206261
49.53491592
49.59131977
49.70507379
49.70509532
49.83427272
49.84531861
49.85350025
49.87985321
49.91132313
50.06327259
50.12666837
50.21779302
50.31749838
50.39727761
50.41782649
50.46571993
50.57775578
50.60362516
50.63288292
50.74194940
50.74391093
50.84381657
50.86071368
50.98678712
51.14935601
51.15555186
51.16207148
51.25815343
51.34348172
51.38854598
51.39881760
51.42539910
51.47414202
51.50947675
51.76243765
51.78403184
51.86586029
51.89610076
51.92063605
51.98055118
52.02412405
52.16668433
52.32287315
52.47959719
52.59474356
53.05915682
53.10993623
53.11105248
53.14437552
53.15663668
53.24958711
53.66157527
53.74333867
53.76652405
53.82921984
53.83582566
53.94528315
53.96094490
54.01799432
54.09174885
54.11527803
54.16115840
54.16939457
54.35244535
54.45096889
54.54152262
54.59133634
54.67273086
54.76932466
55.08160799
55.11015713
55.19446232
55.38255713
55.38517464
55.64411231
55.67397180
55.73940285
55.92690932
55.96277858
56.02631202
56.05722272
56.06368283
56.27049382
56.35775746
56.38764317
56.43763462
56.49098775
56.50774492
56.63285403
56.69561557
56.73850023
56.75168789
56.81667248
56.85633997
56.99190622
57.00069713
57.02711163
57.02754519
57.25436912
57.61206573
57.78120065
57.94221709
57.97114135
58.07224584
58.10596164
58.16188303
58.18790614
58.23910692
58.32939352
58.42392711
58.82298157
58.92749415
58.99872589
59.15490877
59.43874615
59.51868074
59.53298296
59.58720173
59.75610100
59.79102832
59.87871683
59.88342896
59.92428378
59.99653527
60.00634942
60.22612043
60.26351526
60.30800806
60.36510822
60.44951357
60.51830102
60.54948406
60.59629823
60.63919486
60.73380866
60.79499484
60.83258596
60.92188880
60.96685187
61.16048521
61.16377959
61.24275663
61.42778275
61.55216435
61.55904134
61.64559868
61.89090571
61.95078081
62.12704850
124.00000000
