0.04649321
0.35026576
0.40117150
0.40523251
0.64910778
0.66594367
0.68981721
0.72992017
0.79669620
0.85303656
0.85951924
0.98071022
0.98339824
1.04464635
1.17235196
1.18092203
1.18540405
1.29896114
1.31609612
1.62353130
2.13150277
2.38585034
2.49609181
2.54728382
2.57560696
2.60787264
2.81845599
2.84202375
2.90753775
2.93766895
3.00304357
3.04016333
3.13847545
3.18114505
3.25558418
3.43685911
3.45686752
3.47156648
3.48826805
3.57423424
3.67417447
3.77660683
3.86159997
3.92576827
3.96379112
3.98693975
4.11597841
4.19380127
4.32708635
4.46023342
4.60352649
4.65634305
4.78048987
4.98013356
5.33321362
5.34065707
5.38581005
5.54631111
5.55980053
5.57941220
5.78436149
5.90482516
5.96580169
6.31192614
6.32088907
6.34699480
6.35614763
6.37131089
6.48954713
6.50574228
6.68588200
6.69040149
6.73749023
6.79356299
6.85720303
6.92541814
6.98013716
7.24662314
7.27662688
7.51166771
7.53222808
7.71123081
7.82185081
7.83126640
7.84016074
7.85246516
7.92582253
8.03613538
8.25940169
8.29411077
8.30696236
8.44923225
8.46681179
8.55809746
8.56168339
8.63759462
8.65968757
8.77504475
8.83445772
9.02293841
9.06551775
9.13953091
9.15256617
9.20097253
9.25394549
9.29324908
9.43778007
9.46384843
9.62653094
9.72309840
10.04801351
10.09893030
10.55804107
10.59104614
10.72944657
10.74889796
10.89663054
10.95413550
11.04337668
11.05272657
11.08497456
11.22081682
11.31668471
11.42534624
11.52142025
11.58090051
11.87961921
12.08789984
12.11014406
12.12431471
12.12958087
12.27605406
12.34316252
12.36540870
12.58550999
12.60195485
12.72705877
12.81380317
12.96869271
13.00400487
13.10352559
13.16224437
13.19672831
13.21234619
13.25164770
13.27789330
13.28614379
13.34952289
13.42585456
13.45878551
13.54694211
13.66159795
13.70717263
13.80192326
14.25220108
14.26897652
14.32814074
14.45319344
14.51398015
14.58425672
14.61883708
15.15582429
15.18114540
15.29859641
15.37992231
15.51762315
15.62922530
15.64861078
15.71437305
15.88717038
15.88893857
15.97402218
16.06174466
16.06816165
16.09361294
16.10766097
16.15622428
16.16062584
16.37854171
16.54351794
16.56363209
16.58898318
16.66213761
16.68702451
16.69722565
16.72131118
16.73803528
16.84000890
16.89324593
17.09193548
17.29552529
17.38263464
17.41118277
17.42175167
17.78967418
17.86422791
17.99797242
18.01711944
18.03941195
18.11346968
18.18508227
18.19520148
18.19764849
18.25073145
18.48559561
18.48793197
18.53544247
18.58379028
18.61264254
18.69667891
18.72820982
18.86660314
18.89710838
18.91972079
18.93635277
18.99342162
19.19494142
19.21516354
19.23123921
19.33564305
19.42750198
19.46535365
19.77744453
19.81993108
19.91457652
20.00577295
20.05683142
20.08547482
20.17902137
20.38340994
20.58952579
20.88405887
20.91304686
20.96076649
21.03893410
21.07580914
21.08822973
21.20111217
21.48551434
21.53881213
21.59728261
21.93311597
22.09436960
22.13526547
22.35600868
22.47383663
22.49437135
22.67505538
22.71761423
22.78056760
22.87362069
22.96374488
23.02445138
23.03013101
23.17102985
23.28194184
23.58194616
23.70594595
23.74249468
23.76229289
23.97923417
24.01275398
24.04745001
24.06870599
24.07675646
24.20616167
24.31361442
24.31825950
24.42835733
24.64529966
24.66073241
24.67109445
24.75215974
24.93020337
25.02383655
25.10807070
25.17407483
25.27942714
25.30222000
25.30882147
25.36987087
25.44710921
25.76940626
25.80692369
25.91406320
26.10825021
26.11514395
26.39599824
26.40943895
26.44675703
26.48877358
26.57363673
26.58650275
26.60062914
26.68696307
26.73233531
27.12658116
27.48304069
27.50298958
27.52632715
27.69079693
27.70021412
27.93560166
27.96940907
27.98178274
28.00654563
28.04856820
28.11166722
28.13113783
28.27229322
28.28983714
28.30866877
28.33400113
28.43050022
28.55952248
28.60549307
28.85231291
28.89369602
28.96201642
29.10456270
29.11516613
29.17513446
29.33305978
29.36195298
29.42661532
29.52304834
29.57520962
29.65865643
29.71478545
29.82467861
29.88844357
30.12420807
30.12670036
30.20037813
30.21859237
30.22071488
30.27859061
30.35796783
30.63932785
30.85251903
31.02528791
31.03844874
31.11161869
31.18861188
31.19385916
31.24482882
31.41866446
31.55278119
31.64105669
31.69357035
31.95915339
31.96021862
31.97281501
32.17117058
32.24540572
32.36924016
32.84327698
32.86633144
32.94799141
32.95128746
33.01565244
33.02837291
33.07765579
33.28308033
33.36921210
33.42639360
33.45108860
33.46232199
33.47306329
33.48801348
33.53226466
33.97681598
34.04287480
34.16895332
34.17010972
34.34988622
34.38960823
34.56989450
34.65179986
34.87768007
34.96856713
34.97699751
35.12782045
35.13048502
35.14095901
35.18590547
35.27751445
35.38969969
35.59139799
35.60203898
35.65155147
35.69217354
35.82779225
35.83479391
35.84686064
35.85876666
35.89178348
36.11535865
36.22698208
36.30410669
36.46461426
36.49587133
36.50953023
36.51019448
36.52353280
36.55686119
36.58299420
36.93183894
36.95335299
37.33917732
37.46951201
37.53531870
37.77184364
37.78768067
37.85541194
37.86854013
37.88473172
38.02387804
38.14911934
38.22446377
38.22683080
38.24896661
38.26048758
38.44784437
38.50641188
38.57949556
38.63127576
38.79396179
38.95348735
39.02629096
39.09826672
39.15833970
39.30569784
39.30990874
39.44724848
39.55783726
39.63955553
39.64258499
39.75829194
39.95986194
40.02797379
40.19874727
40.26986449
40.27548202
40.29094763
40.56019645
40.63771749
40.66515148
40.73333653
40.87680020
40.88234382
40.88792451
41.14097399
41.26982237
41.33022308
41.36175898
41.38616684
41.47530547
41.51331809
41.60542310
41.64144318
41.69564582
41.91349826
42.04870128
42.13196469
42.17471852
42.21542862
42.46517595
42.47655142
42.55442770
42.59038614
42.69062314
42.72509847
42.75110873
42.78628368
43.13118291
43.14047220
43.17283126
43.24675298
43.49039489
43.51146607
43.52859189
43.60418206
43.76804054
43.77509063
43.81708182
44.03009059
44.04511375
44.25426848
44.44391540
44.55804215
44.76421249
44.77109562
44.79727755
44.91363262
44.98719434
45.28844910
45.36149837
45.39504386
45.51733620
45.78195454
45.79088285
45.99710747
46.11210829
46.23388663
46.37686078
46.38878915
46.52157646
47.03113032
47.34292467
47.46916443
47.47062307
47.47674311
47.64401494
47.70339216
47.73337332
47.81159227
47.90515365
47.98836327
48.11935696
48.19155825
48.42454586
48.60435580
48.65271232
48.67324719
48.71899214
48.86365818
48.87638235
48.92973197
49.05290218
49.25553712
49.57247593
49.70703585
49.84138479
49.91785862
50.24750984
50.27773351
50.51428225
50.55982810
50.66372794
50.72415850
50.74772618
50.78266413
50.91995617
50.93845905
50.96804738
51.01629828
51.07509790
51.11187101
51.12956964
51.25167781
51.36510116
51.44923942
51.47926371
51.61934733
51.63614428
51.67898652
51.71816674
51.77966280
51.91638111
51.92447385
52.00783252
52.02048308
52.25823969
52.26248036
52.30355367
52.45621928
52.54121375
52.61473416
52.65395942
52.76605205
52.80405484
52.87030790
52.89068334
52.89672352
52.95643872
53.16124651
53.20012169
53.25989288
53.41147610
53.47585663
53.47806396
53.56395778
53.58732814
53.67574985
53.71969094
53.82034050
54.01158078
54.10560749
54.13959146
54.20483310
54.36033023
54.59393073
54.61328365
54.63587809
54.93544072
54.96769642
55.00643760
55.19143096
55.21394769
55.21547273
55.31869978
55.33766449
55.33925301
55.34038916
55.35010728
55.35801168
55.53003910
55.54374495
55.55150492
55.62483244
55.63980400
55.65425324
55.66018076
55.80465579
55.86731668
55.96277858
55.97710443
56.08358382
56.08927315
56.18003944
56.22951654
56.29399297
56.29517745
56.48488131
56.68327631
56.68547104
56.71845582
56.82403468
56.84374632
56.91795595
57.03131218
57.04668016
57.10866040
57.13836293
57.15576579
57.18891717
57.21586556
57.26404980
57.31521703
57.38630006
57.52069767
57.85878040
57.89453500
57.90472481
57.97876861
57.98633876
58.00556475
58.09016329
58.20840028
58.25319585
58.34670224
58.35061235
58.36482439
58.36784686
58.65638964
58.68277492
58.76575305
58.89084044
58.95801361
59.00669734
59.10092351
59.10168873
59.10241032
59.11694157
59.22931552
59.48862929
59.57886531
59.75737141
59.93022973
60.07423666
60.11420820
60.21984087
60.48903092
60.51799886
60.52607321
60.78868478
61.10209500
61.17713737
61.20412970
61.21832939
61.23029725
61.28211501
61.43593667
61.43781383
61.65593365
61.76841321
61.77999858
61.84125938
61.84952274
61.96993407
124.00000000
