0.09229888
0.13772169
0.18927468
0.19328337
0.56449264
0.63066154
0.73778853
1.00123912
1.01455640
1.05204360
1.14580893
1.14846771
1.30342379
1.32358897
1.43931040
1.50806765
1.60003946
1.60845638
1.64664845
1.67057116
1.69762563
1.98635930
2.03817338
2.12825145
2.16897561
2.25295125
2.40190045
2.47627876
2.47836102
2.56101962
2.75577261
2.78763798
2.80653388
2.85049978
3.02835281
3.12350288
3.23045640
3.39207117
3.39985561
3.43884887
3.57449151
3.63827241
3.99821801
4.01105650
4.08375578
4.23845357
4.37172049
4.38212075
4.39625764
4.52687685
4.59936430
4.66172973
4.80420459
4.84965152
5.05350986
5.13035330
5.19989868
5.35823800
5.37126130
5.38758832
5.51731303
5.52318540
5.58848682
5.83755258
5.89353835
5.89788128
6.19471299
6.36908634
6.37858168
6.39036772
6.44930234
6.45372185
6.53252974
6.53422591
6.55007609
6.57115109
6.82978712
6.83455677
7.03357065
7.17360903
7.17999173
7.23178980
7.32323276
7.33590198
7.37889509
7.38961976
7.57437618
7.74845084
7.99702522
8.00617329
8.12530250
8.24661482
8.33393012
8.33783357
8.37629677
8.40718444
8.49425322
8.60333654
8.61535282
8.67335168
8.77948965
8.82358856
8.82885002
8.90883583
8.95617444
9.15774823
9.37428104
9.40261897
9.58006331
9.60877714
9.68962590
9.77805846
9.81927781
9.92061641
9.92484074
9.99253755
10.02680462
10.07520098
10.08005213
10.09372046
10.24125357
10.26257191
10.37312162
10.48236010
10.65635926
10.67662011
10.68103377
10.71670432
11.08119739
11.08502615
11.28555147
11.32174904
11.35673663
11.37414664
11.43672359
11.43939003
11.44295337
11.46699191
11.60657404
11.67886748
11.68705030
11.68787414
11.68822200
11.78855935
11.87498418
11.91402343
11.95689169
11.96901954
12.10227780
12.15389098
12.18123676
12.19195033
12.36981801
12.40510376
12.54293564
12.57841444
12.85958334
13.13562878
13.25082447
13.27730427
13.35377714
13.39926286
13.47135595
13.51465599
13.54445355
13.54956468
13.57247080
13.64938231
13.72268346
13.88917811
13.91919094
13.96721654
13.98531302
14.03891905
14.36177658
14.39879044
14.53046655
14.55877088
14.60660130
14.63086270
14.89036991
14.92180159
14.92607681
14.95446117
14.97647480
14.98690060
15.08473700
15.13332074
15.19427233
15.20110458
15.38667916
15.40149643
15.58049679
15.64662526
15.65919802
15.67011608
15.67555873
15.83516084
15.86879289
15.87930904
15.87957712
15.94676486
16.13764541
16.27904574
16.68702451
16.79053079
16.89353102
17.08533515
17.12959580
17.13614607
17.16588276
17.16596153
17.32905541
17.40024359
17.43911409
17.48191008
17.51741675
17.52004719
17.69670910
17.70276813
17.70554026
17.71471147
17.74906256
17.87955600
17.95932192
17.96097883
18.15135437
18.15550202
18.50341801
18.56173905
18.64844488
18.69667891
18.86864539
18.89094029
19.04115981
19.05175570
19.40190127
19.57365088
19.59968863
19.65747890
19.72618980
19.73256966
19.88611124
20.02007475
20.10780976
20.22641688
20.30768467
20.43664242
20.62308751
20.74967784
20.75940950
20.83385125
20.89615359
20.93990649
20.94607417
21.02769851
21.10961307
21.12681631
21.36090854
21.38951140
21.43413591
21.44334545
21.46580210
21.48347713
21.60452008
21.67534875
22.05818680
22.08070468
22.10964434
22.18223887
22.18568919
22.21927517
22.24471230
22.25326728
22.26266369
22.37349585
22.40999088
22.48742671
22.52632239
22.62523737
22.69585644
22.77192405
22.89947450
22.97386928
22.99405598
23.20173440
23.35084183
23.36693056
23.52135635
23.54631159
23.69048581
23.75404793
23.78804847
23.92575065
23.98073999
24.09340550
24.24636076
24.25343534
24.37585475
24.78384102
24.84430295
24.97525178
25.00788143
25.02333207
25.02546930
25.09700385
25.19257866
25.25508896
25.26836456
25.27276620
25.29251338
25.32668840
25.53105158
25.63924747
25.65489019
25.75627952
25.79729834
25.85505221
25.90796691
25.91601626
25.94838964
26.00830499
26.29287469
26.50781017
26.59138155
26.59490825
26.63226146
26.63552514
26.68075008
26.80889932
26.94460214
26.94550214
26.97196250
26.99638186
27.01203693
27.01868275
27.07491995
27.10932169
27.11581563
27.16474349
27.22583379
27.27032267
27.32555650
27.46922522
27.51266520
27.61403286
27.77783890
27.84837894
27.92428366
28.00457018
28.31457714
28.33109705
28.40386780
28.43517839
28.79093987
28.79974686
29.12469717
29.13905978
29.17270443
29.23191572
29.29022986
29.29791915
29.32535787
29.46353958
29.48876859
29.65946632
29.67103698
29.88998036
29.89308017
30.02304728
30.19727257
30.32012749
30.36618829
30.37167636
30.39099027
30.42183178
30.50074774
30.57950599
30.64694158
30.65896665
30.66368033
30.79570449
30.92786806
30.96257269
31.00863768
31.04985941
31.30728886
31.53778332
31.55291242
31.67792081
31.81087206
31.87522663
32.02050337
32.02463924
32.10135317
32.18540205
32.22628418
32.35806721
32.40214397
32.42274546
32.49969850
32.51150690
32.52628736
32.58669511
32.72238532
32.79753881
32.81529542
32.99827519
32.99978352
33.14599611
33.32226259
33.32479370
33.37403357
33.39291244
33.40679317
33.41399663
33.44585550
33.67938852
33.67970653
33.80171253
33.81771776
33.90099292
33.97375038
33.98911237
34.14525837
34.16318961
34.35751082
34.35958866
34.45293109
34.46888092
34.50592239
34.51236286
34.62429302
34.70421697
34.83830184
34.89406530
34.92703687
34.94749508
35.25672769
35.27751445
35.31889130
35.37843102
35.38049724
35.41140866
35.46082346
35.48410039
35.60810997
35.61367798
35.67610130
35.71801983
35.78885063
36.09472620
36.15557782
36.18735707
36.25928924
36.26608808
36.34472930
36.41336506
36.43344981
36.53978053
36.92494358
37.16244334
37.23940745
37.47762269
37.59507244
37.68651429
37.70941409
38.03830817
38.39029228
38.46083508
38.64664051
38.65562316
38.67570339
38.70851734
38.70898225
38.75712424
38.87545315
38.93360189
38.95027801
38.95348735
38.96068859
39.13469620
39.16019796
39.25439208
39.27211156
39.29102848
39.43962384
39.56057851
39.59460297
39.73023437
40.01050345
40.01276292
40.02949838
40.05889325
40.28460566
40.30778775
40.32431395
40.44650340
40.54839701
40.62092115
40.65560923
40.67029328
40.70895367
40.81241717
41.08185050
41.14498399
41.19984558
41.30283885
41.34671723
41.36480337
41.40118982
42.17399368
42.21834630
42.31434978
42.42205143
42.71904162
42.72237521
42.73432207
42.80385383
42.80786403
42.92526854
42.95708515
42.96085954
43.29115225
43.36433347
43.56412986
43.56916198
43.62504612
43.62519065
43.72530784
43.87882856
43.98302418
44.08877927
44.14074572
44.21725609
44.32596177
44.37077215
44.51913390
44.52603130
44.57903651
44.86806024
44.86968538
44.90354369
45.03467899
45.07345805
45.19923988
45.27313750
45.31753670
45.37128418
45.37953573
45.45674895
45.61136674
45.87359140
46.24639368
46.26765231
46.27060599
46.69207568
46.90340019
46.92463913
47.04895397
47.13325493
47.35262538
47.51873055
47.52669455
47.53405405
47.73255715
47.76192640
47.79014379
47.96433717
47.98836327
47.99542885
48.24416056
48.28852765
48.30852636
48.42707023
48.45246931
48.58990372
48.84914706
48.88132591
48.88699356
48.88986976
48.95180809
49.07979556
49.48553283
49.49458076
49.73140015
49.79125636
49.83354471
49.89701873
49.90744917
49.99728949
50.09641254
50.27112950
50.28450536
50.33544871
50.34403836
50.34855215
50.35270927
50.35890656
50.41766040
50.51428225
50.58974101
50.63288292
50.78878192
50.93396696
50.98513457
51.21492169
51.22124546
51.24648794
51.26850704
51.26910481
51.32696758
51.37263548
51.39170857
51.41634322
51.50055169
51.72858746
51.79113919
51.96880722
51.98177930
52.19041133
52.19542461
52.26248036
52.28222242
52.47054756
52.48372485
52.48867670
52.54267014
52.58871885
52.65033887
52.74072971
52.77037348
52.78039574
52.81114886
52.94654321
52.97285427
52.97490138
53.09932937
53.11834526
53.43235392
53.46787339
53.47203741
53.51902700
53.56536772
53.58889567
53.61812853
53.63948542
53.72048466
53.74243829
53.77112048
53.95690438
54.02766622
54.08547707
54.09928252
54.28956707
54.34193037
54.37913565
54.42556891
54.54225731
54.57840335
54.59634507
54.66459253
54.90878734
54.90882815
54.93254127
54.95683854
55.01568747
55.04315004
55.13005309
55.13804596
55.16471746
55.16657013
55.25095668
55.37257294
55.37353260
55.39109611
55.58389103
55.69414607
55.73976666
55.90765196
55.91583118
56.07502678
56.29962648
56.31667867
56.34648511
56.37354885
56.42226081
56.62554538
56.62816090
56.71167812
56.88151204
56.88780245
56.90112997
56.92229604
56.97522184
57.06305929
57.16875417
57.17056815
57.23350972
57.26110197
57.33314913
57.34751041
57.46104429
57.71930151
57.90945005
57.93438726
58.03247011
58.07265240
58.42261603
58.45546516
58.50569155
58.53430674
58.53498895
58.57779874
58.61120601
58.96950957
58.97577840
59.04404766
59.10241032
59.11539483
59.30122774
59.43109474
59.60411880
59.65367090
59.89843322
60.02461869
60.31783978
60.43791318
60.44624616
60.44681116
60.52521926
60.56404181
60.69406976
60.88775585
60.90938359
60.95123836
61.10583303
61.13710579
61.36786944
61.42422464
61.45414205
61.48696162
61.76157433
61.92814575
124.00000000
