0.04978452
0.05238313
0.10766192
0.24855420
0.36011743
0.56636920
0.57418845
0.58211126
0.69012888
0.72450388
0.79669620
0.92262809
0.99442194
1.02131841
1.09309983
1.12548617
1.31056912
1.32030428
1.35705677
1.56353848
1.59664815
1.59714265
1.68510689
1.97201241
2.37498726
2.43783512
2.59976935
2.60945993
2.77583182
2.84202375
2.88829967
2.93318894
2.98922220
2.98954273
3.22871199
3.30951695
3.47119514
3.48478649
3.50356432
3.51585769
3.52224196
3.70263785
3.82352490
3.99418128
4.02512228
4.12969845
4.23410161
4.33230866
4.36080083
4.43728573
4.69998856
4.79394600
4.88293229
5.09531051
5.10831378
5.11834606
5.13731881
5.47375115
5.51197176
5.53037774
5.63062804
5.85341329
5.96792776
6.07437475
6.12910673
6.17154201
6.25136612
6.36908634
6.46797990
6.53691898
6.70167191
6.72607267
6.86701905
6.95038494
6.98747955
7.05179335
7.05222716
7.09925573
7.17920855
7.18519801
7.23499543
7.32716801
7.47782890
7.66896228
7.68912449
7.75595510
7.90799937
8.35851965
8.36235904
8.40766472
8.47229828
8.61101740
9.07631497
9.12616975
9.14243907
9.19110581
9.32816634
9.37219033
9.37328583
9.58178629
9.63087063
9.70836884
9.80614254
9.96208002
10.05134304
10.11873310
10.18025608
10.31300067
10.36359611
10.36834328
10.57036548
10.58282093
10.59857471
10.65498698
10.84931980
10.87707389
11.00711576
11.13933392
11.18868936
11.52396892
11.58563380
11.58973831
11.60404797
11.61509152
11.67965877
11.76145503
11.77298306
11.82512124
12.12958087
12.28040084
12.29484962
12.40021979
12.43538710
12.51346086
12.63962986
12.64149207
12.70455715
12.70598500
12.96041965
13.02901544
13.11998460
13.23240009
13.23286511
13.26709127
13.33035731
13.42886717
13.42978144
13.62416566
13.63547562
13.71191471
13.79635421
13.86745556
13.94688141
14.11740897
14.18165539
14.18355929
14.24997778
14.54710743
14.55450466
14.65288338
14.74145573
14.82310504
14.89457428
14.89902169
14.98868985
15.00624544
15.09857635
15.14551940
15.17579962
15.21222076
15.22429659
15.32317856
15.63266236
15.75288659
15.76681730
15.93393380
15.94223163
15.95081530
15.98251993
16.03664058
16.23300161
16.25013679
16.28276973
16.51186519
16.51869394
16.81993697
16.88576819
16.88983121
17.23258353
17.25592537
17.32824827
17.42743006
17.45777028
17.51966966
17.56013607
17.62678027
17.64892717
17.65677361
17.76875264
17.77635553
18.02200325
18.05909647
18.14776959
18.16973277
18.46676231
18.49650172
18.52856803
18.57458391
19.06348319
19.12386394
19.12392484
19.14807387
19.15962021
19.17972681
19.18934531
19.43423072
19.45104521
19.49242161
19.53948534
19.79075823
19.84640087
19.89924247
20.00852820
20.18570572
20.32963645
20.34434479
20.41215946
20.54242795
20.57901025
20.64398793
20.70587359
20.75006521
20.88562534
20.88908365
20.89371326
20.97404015
21.13767764
21.14507515
21.15469240
21.48828066
21.64098438
21.68190854
21.76974679
21.86904425
21.94032326
22.14647256
22.18662583
22.26322535
22.33296221
22.34123065
22.37699693
22.42084387
22.42236767
22.68906837
22.69515723
22.72598428
22.76353106
22.81327719
22.89700207
23.03081971
23.06510687
23.11954846
23.19018064
23.19567061
23.20684567
23.27289678
23.47960868
23.50721449
23.54451465
23.57366851
23.59254372
23.70484760
23.86370501
23.91035544
23.98073999
24.00580854
24.04273777
24.31985644
24.65676386
24.66900786
24.69603004
24.76548667
24.77977058
24.83965136
24.87425477
24.89261177
24.90473974
24.98879838
25.02546930
25.14958842
25.18042772
25.18750639
25.24544977
25.38007408
25.58301388
25.72779060
25.82842807
25.95074566
25.95240935
25.97445389
26.02603279
26.05887028
26.06708332
26.08761090
26.13018560
26.16518263
26.18459537
26.19428918
26.47878930
26.48508711
26.48877358
26.67930986
26.75672253
26.78901703
26.87029054
26.89518141
26.99663678
27.06283925
27.10401984
27.22650248
27.25758899
27.29811560
27.38704752
27.54902289
27.58084363
27.62238851
27.63412866
27.64065827
27.64158821
27.66650416
27.72941132
27.83722344
28.01850642
28.03306340
28.07286958
28.19921628
28.26374620
28.39073419
28.41480081
28.44383747
28.44489013
28.48095721
28.80163805
28.90519601
28.93571865
29.04839743
29.34834636
29.48162657
29.52617979
29.54851656
29.64951808
30.07401931
30.10076616
30.12572701
30.15195058
30.22078908
30.23032217
30.29064507
30.31534484
30.36485746
30.39544327
30.45765105
30.55578802
30.65232784
30.65707052
30.70498207
30.75336759
30.75599606
30.77241104
30.85077003
30.94170806
31.18364563
31.19017225
31.21367758
31.25979800
31.52657426
31.54369832
31.57121705
31.66254507
31.70696116
31.78284880
31.79069242
31.79735407
31.80154064
31.87189894
31.88506837
31.97097643
31.98957488
32.03315978
32.15820083
32.19738501
32.24026076
32.31968358
32.39789871
32.48140236
32.62489316
32.78716449
32.84101034
32.88178151
33.07603208
33.21720179
33.22609769
33.27706330
33.46595998
33.48793404
33.61231087
33.68581529
33.69269669
33.75660537
33.78641017
33.82472434
34.09278017
34.15381615
34.28628157
34.31768412
34.65050396
34.68770657
34.83104764
34.95360000
34.98155285
35.17317620
35.23078900
35.26052090
35.45151032
35.53471176
35.64052534
35.74973687
35.91319480
35.93071141
36.05348772
36.12272770
36.25237647
36.29779737
36.30245994
36.35633819
36.37311982
36.39686640
36.47274147
36.54771235
36.57251988
36.72789128
36.82036555
36.91456587
36.92522989
36.99343402
37.12212462
37.12644397
37.28901211
37.36450712
37.59714969
37.62304932
37.68314887
37.81954207
37.87945790
37.89168849
37.98928392
38.23626649
38.27034840
38.28850673
38.30756565
38.34205348
38.34393284
38.36734521
38.37502963
38.63259222
38.87535533
38.92596711
39.21608974
39.25570316
39.26413829
39.27506250
39.28181929
39.28694892
39.37310391
39.48702602
39.50075998
39.51576942
39.53146383
39.55544600
39.59376344
39.68255274
39.83906065
39.92350253
39.98033584
40.02729049
40.11966712
40.17578562
40.31401484
40.38484936
40.44492025
40.49329384
40.49599755
40.61041295
40.61594791
40.69005620
40.98920792
41.10301892
41.22846847
41.25842246
41.28076478
41.40162457
41.42175765
41.62627281
41.85013408
41.89658319
41.96612862
41.97649465
42.04063575
42.24256065
42.36600497
42.39419080
42.45641292
42.51632948
42.87238384
42.92472315
42.98030689
43.00846986
43.04109226
43.08264220
43.18135692
43.33528300
43.33689099
43.42294053
43.44640055
43.44974901
43.46746639
43.68882129
43.69530777
43.82567413
43.88395273
44.03587797
44.06824193
44.21537957
44.21889420
44.23967160
44.39182908
44.48542204
44.56993949
44.59718871
44.65349274
44.73704969
44.78778016
44.85675868
44.93580192
44.97657941
45.19294289
45.29667795
45.30852788
45.33439558
45.38661529
45.44794118
45.63936788
45.66964651
45.68104479
45.70950977
45.87439447
45.87720933
46.00782067
46.02918595
46.39342621
46.42814477
46.51887355
46.62721009
46.77542922
47.05933096
47.07205838
47.13737512
47.23515301
47.30061731
47.35338204
47.41900385
47.51127702
47.51754268
47.58590761
47.67973013
47.74658850
47.81616340
47.86342516
47.87259600
47.89481330
47.98011918
48.15267838
48.16057774
48.20147843
48.23595707
48.52877958
48.59862531
48.65032877
48.73089215
48.75880734
48.79302507
48.86438447
48.87658620
48.95131918
49.09070680
49.11274747
49.12034952
49.16290304
49.16950993
49.25600756
49.35919811
49.39448984
49.49381810
49.58240371
49.68395298
49.75229448
49.77037985
49.79059207
49.79158992
49.80884063
49.98625401
50.21670163
50.34925849
50.50752699
50.56439143
50.61569346
50.84901007
50.96115651
51.03482910
51.03984693
51.15903068
51.20359785
51.37905470
51.46466973
51.62230014
51.74456503
51.94296856
51.97417332
52.14662535
52.19277830
52.32653383
52.38016876
52.40307789
52.40885862
52.46931968
52.47313738
52.55944992
52.66250722
52.78417860
52.88653384
52.93637747
52.95034462
52.97917191
53.05036756
53.07836342
53.12751906
53.28175868
53.38137961
53.41268414
53.47550037
53.50468488
53.80768378
53.82227473
53.90265756
54.21384481
54.22684855
54.27240003
54.27990398
54.31948462
54.33421417
54.43890925
54.59393073
54.90559212
54.91981909
55.01245161
55.01765325
55.13094326
55.17980274
55.24197454
55.31488474
55.33871899
55.39772200
55.43278734
55.44162347
55.51370529
55.51521943
55.51873659
55.56758069
55.57909082
55.59723346
55.67397180
55.84039289
55.93887463
55.94842607
56.07812612
56.11586706
56.16852024
56.17310578
56.17393792
56.19697923
56.22480188
56.22722872
56.31151033
56.32450897
56.40240898
56.48687431
56.73927425
56.89098579
56.92229604
56.95407792
57.18752264
57.23587648
57.33860768
57.48907402
57.56783654
57.87045299
57.87460410
57.90769093
58.23656062
58.33760926
58.36942701
58.46027383
58.48189332
58.49209123
58.50569155
58.59104818
58.64396041
58.69454308
58.72820114
58.74696094
58.89255311
59.02311370
59.04942067
59.22417447
59.32240974
59.33409622
59.37361450
59.40749500
59.55292875
59.56329064
59.74794309
59.77522576
59.80160055
59.89294746
60.00153722
60.11105778
60.38842931
60.53009830
60.70054070
60.71065026
60.75096806
60.81711509
60.99455638
60.99718030
61.01435299
61.16377959
61.17255666
61.25959878
61.40628034
61.56782078
61.68543292
61.70173421
61.73509869
61.84662310
61.94876888
61.97948276
62.13614968
124.00000000
