0.06850372
0.21807208
0.23176422
0.23193780
0.25252819
0.27466722
0.33419280
0.51964566
0.53889288
0.67528671
0.69266956
0.76519499
0.77185949
0.84945612
1.02317171
1.11621115
1.14922759
1.32939410
1.37723154
1.39877326
1.64847680
1.76691230
1.82748265
1.86550634
1.89335178
2.09341825
2.30492573
2.56995389
2.57601661
2.79653506
3.01082957
3.05665057
3.39207117
3.42551158
3.58547931
3.60604829
3.62214720
3.64419139
3.69192139
3.69555496
3.76116291
3.96009076
4.03061901
4.04984359
4.05892960
4.06229893
4.13900655
4.13917077
4.16875106
4.20011207
4.21845580
4.23410161
4.30269921
4.33299550
4.36054734
4.44384012
4.57954318
4.78493201
4.84737070
4.98208577
4.99608321
5.20919284
5.34639935
5.52077450
5.56607843
5.71276125
5.82837435
5.94281131
5.99221619
6.00213887
6.03137434
6.18688231
6.28897802
6.34013111
6.59912915
6.64390940
6.68540024
6.70370134
6.76235459
6.84481677
6.84962732
6.93698709
6.94602731
6.95337962
7.01965760
7.07914655
7.13106080
7.25442394
7.26980138
7.32424752
7.40550594
7.57609076
7.78013909
7.97691782
8.10277885
8.17452365
8.21021783
8.26736496
8.60367052
8.68109385
8.69309272
8.73332773
8.78154400
8.88026732
8.99685225
9.00129387
9.12621429
9.16690386
9.16990427
9.18542527
9.21682074
9.24984969
9.26551504
9.35068090
9.35967520
9.49662176
9.62503382
9.64076582
9.69233281
9.72650982
9.72652145
9.86345867
9.87382339
9.90320370
9.91301489
10.01018061
10.05806786
10.06972018
10.11923046
10.34748919
10.48872228
10.50555455
10.54357680
10.57244091
10.62298049
10.62319091
10.64096245
10.79636233
10.91539082
11.00711576
11.01677251
11.05871812
11.06945982
11.13247168
11.14377490
11.27909314
11.28653558
11.62593014
11.64940949
11.68822200
11.87404219
12.02732893
12.07913200
12.10096193
12.18168566
12.29090411
12.31748152
12.33091437
12.34073740
12.39890725
12.41029694
12.42447395
12.52630909
12.53357730
12.65023184
12.65340222
13.04187317
13.05264784
13.12168277
13.15522253
13.16300416
13.25155488
13.48525350
13.59819948
13.61708151
13.64160405
13.69723353
13.69882113
13.72996662
13.89115452
13.90102231
13.91516382
13.95028875
14.10521622
14.28624039
14.38368111
14.39056051
14.57666881
14.65119342
14.65136003
14.68935236
14.74043835
14.99611779
15.06198746
15.14831193
15.18750346
15.23451681
15.27201373
15.32508896
15.39147045
15.41056853
15.41221614
15.51148057
15.65363383
15.75232240
15.81571275
15.87125385
16.03183452
16.38853927
16.40990723
16.47926556
16.54016576
16.60647285
16.62911276
16.70921010
16.77221827
16.80441091
16.83015892
16.86322428
16.89301402
16.90233126
16.91270909
16.98873361
17.03146545
17.07229173
17.08902642
17.14554968
17.17632298
17.20628494
17.21110870
17.35059351
17.52340588
17.52628144
17.54018256
17.58661370
17.83810374
17.90969918
18.03544638
18.18266700
18.30331546
18.51046155
18.57097250
18.65215544
18.66109311
18.66747498
18.80289719
18.93261090
18.99980448
19.02338347
19.18302132
19.23992367
19.36264219
19.44205626
19.52849652
19.54529661
19.54707501
19.59968863
19.63316986
19.68951913
19.70356842
19.73441496
19.78293737
19.93386718
19.99084508
19.99432019
20.02845315
20.06420292
20.10384356
20.12654019
20.26115525
20.28546240
20.30987559
20.35678662
20.56992677
20.64989669
20.68511945
20.72315722
20.87359654
20.96428975
21.02013354
21.13017392
21.38138446
21.42999136
21.48347713
21.61198558
21.80296785
21.84715679
21.89720798
21.93233000
22.08649517
22.13437448
22.15939217
22.21955921
22.25836661
22.31685802
22.32203292
22.36941618
22.61714504
22.70186833
22.79686521
23.02456167
23.05754223
23.07551503
23.30237088
23.32412736
23.38032507
23.50951310
23.60763723
23.63644335
23.65378681
23.69262680
23.69300170
23.69800660
23.83695721
23.93752477
23.95441103
24.14759604
24.16239553
24.17784742
24.39486014
24.54133350
24.63440600
24.74681277
24.80289813
24.98373847
25.00152096
25.02367434
25.04391470
25.22105612
25.31208084
25.37781953
25.38613642
25.50869602
25.65516841
25.72779060
25.79729834
25.95595998
25.98538413
25.98746539
25.99009625
26.00007220
26.26999701
26.28391729
26.35528183
26.37378820
26.47431188
27.01963181
27.04336719
27.08857650
27.12004871
27.13887131
27.14948207
27.19675167
27.28481854
27.30381488
27.31024202
27.44188807
27.63424078
27.72353206
27.78331708
27.82199707
27.83289617
27.97436391
28.01350977
28.08106541
28.12989211
28.14672265
28.25881155
28.27748159
28.27863266
28.46977057
28.52859651
28.72146441
28.90749795
28.94596737
28.99438919
29.10959694
29.19100758
29.28158022
29.33305978
29.40482059
29.41814844
29.56974489
29.62169081
29.67727430
29.78457915
29.80144231
29.83802108
29.85150289
29.86909865
29.89596606
30.07519686
30.13614149
30.25889297
30.27396005
30.39099027
30.42484533
30.55741324
30.72461585
30.88424102
30.94186404
31.16982277
31.21974732
31.28770449
31.36210387
31.49056757
31.53997857
31.73342200
31.78770683
31.81801428
31.82018757
31.82438386
31.83283365
31.87189894
31.98601790
32.04402399
32.20164841
32.28828679
32.29215290
32.33871171
32.60390482
32.61285846
32.61381225
32.76113890
32.99720011
33.02975449
33.08943483
33.13996170
33.20244624
33.21652198
33.32226259
33.40668828
33.41697545
33.53271836
33.61782388
33.64756896
33.74098645
33.79444905
33.84947178
34.17674981
34.40302300
34.44727442
34.45452680
34.48168138
34.71227718
34.89931619
35.06555333
35.21448661
35.24963746
35.43449263
35.52934447
35.52938421
35.78674205
35.83533626
35.85480976
36.12932594
36.14251478
36.17844007
36.30286197
36.35925444
36.43787459
36.46595681
36.60040194
36.62425269
36.80228153
36.88184640
36.93767708
37.02454622
37.13259846
37.27884104
37.29620921
37.39684826
37.45729331
37.50809379
37.55638126
37.56119021
37.59723780
37.62904398
37.65236231
37.92267451
38.32837680
38.36616309
38.53605814
38.53691105
38.53988021
38.54818209
38.71224945
39.03178864
39.08410667
39.08748931
39.15693553
39.26155176
39.29068489
39.54416239
39.55225052
39.62514264
39.68678577
39.87274889
39.90729596
39.93033174
39.98353790
40.03740965
40.09342037
40.29730502
40.39378419
40.75383490
40.78767485
41.01841232
41.13641718
41.23528721
41.25973304
41.27735668
41.35448680
41.68613603
41.72118883
41.79134806
41.85013408
41.85277451
41.86637203
41.87065963
41.87844342
41.90606028
41.96032667
42.00746736
42.27376155
42.69318890
43.01738703
43.08176236
43.18493520
43.19360748
43.23368077
43.37243513
43.40410931
43.77505777
43.95439255
43.98075736
44.04766830
44.07642055
44.19783067
44.21003566
44.37162513
44.54232136
44.62098966
45.03497262
45.22478483
45.26436625
45.33543406
45.36846758
45.44794118
45.60904925
45.76674025
45.81344663
45.85206422
45.85342007
45.89854010
46.03195100
46.09137396
46.11477432
46.30244404
46.42062116
46.45622368
46.47804175
46.66537490
46.68304679
46.80680004
46.95480581
46.99524406
47.00750635
47.04428972
47.14458624
47.20547051
47.27027739
47.28401971
47.31127908
47.40085858
47.45198428
47.57847405
47.60724806
47.69202068
47.82803132
47.88632373
47.91711835
47.94666411
48.18048141
48.32685879
48.52515706
48.66275555
48.66281786
48.71899214
48.83168690
48.88086053
48.90715704
48.94963509
48.95213821
48.96335986
49.10966338
49.19095079
49.22248604
49.34932769
49.34986832
49.43930291
49.54084235
49.83802016
49.84552492
50.05998766
50.09538787
50.12246998
50.13884618
50.27342511
50.47771041
50.74772618
50.75823144
50.86988991
50.88902791
51.06014850
51.21186888
51.25815343
51.36327725
51.37200646
51.46501818
51.49526327
51.58779503
51.68797411
51.71194276
51.79479406
51.82554370
51.83803402
52.00436373
52.09305246
52.13781882
52.13792843
52.23693255
52.33898576
52.46134108
52.51436537
52.52139193
52.57987481
52.58239171
52.62723440
52.81161456
52.83234409
53.17884027
53.20799251
53.36668967
53.47202050
53.57864247
53.59044766
53.67954304
53.72858637
53.91737075
54.09799773
54.25965106
54.41867625
54.43468240
54.60253632
54.61916577
54.86754986
54.90779485
54.96091871
55.11796368
55.15076363
55.25883797
55.42158931
55.42314594
55.48394497
55.53344824
55.54373768
55.54896847
55.59702336
55.84008018
56.12775032
56.25131482
56.26079759
56.30436630
56.38362940
56.42061415
56.46122474
56.62211517
56.82625425
57.05098906
57.11423124
57.20953020
57.38170372
57.48892904
57.69459050
57.84994354
57.89957385
57.93305379
58.03091490
58.08065703
58.10522710
58.10784107
58.19021344
58.20687692
58.28735755
58.32410323
58.35266798
58.39475794
58.43886314
58.47517243
58.55759847
58.56601975
58.59781756
58.59919708
58.60212047
58.92944482
58.95332063
59.01535847
59.01737303
59.02222793
59.07225373
59.15659169
59.28842024
59.32521275
59.33401519
59.40272919
59.41607742
59.49665467
59.54147388
59.55506614
59.68759366
59.72263707
59.83231383
59.85465905
59.92207156
59.92768356
59.98244881
60.07351118
60.09800154
60.29328651
60.50409415
60.60860786
60.63353454
60.72936259
60.73370767
60.74875260
60.78945109
60.80999989
60.81508254
60.81613033
60.82619945
61.22917308
61.26249943
61.27539378
61.37687026
61.49255821
61.49441590
61.53642181
61.75283278
61.76841321
61.79244259
61.84127688
61.92121669
61.99517328
62.06188722
124.00000000
