0.01813064
0.06115170
0.07108197
0.09273205
0.13353960
0.22932059
0.26266408
0.67089130
0.86776613
0.86819111
0.93839550
1.15267290
1.15585061
1.15904438
1.17798986
1.19150328
1.36360686
1.40076743
1.41104559
1.42749307
1.46578410
1.54018488
1.60452661
1.65478671
1.90757232
2.06892402
2.08846160
2.16700171
2.24476545
2.30717911
2.44587074
2.56941669
2.61972387
2.68023931
2.75577261
2.75687757
2.85827849
2.90181517
2.97461677
3.00304357
3.04781707
3.12618156
3.27406226
3.39985561
3.47157868
3.47546367
3.53802939
3.59760852
3.65023640
3.66178909
3.66571922
3.68205687
3.77689497
3.80388235
3.98975320
4.18089914
4.67786957
4.71423096
4.84590191
4.88432270
4.89091519
4.92235008
5.09165458
5.10001037
5.16744292
5.29876053
5.38809915
5.70230949
5.76442927
5.79818413
5.95723567
5.99759425
6.02619903
6.36591995
6.62234702
6.68940094
6.92303510
7.03952529
7.13771913
7.26940589
7.32715444
7.42660625
7.48644460
7.67259392
7.70118328
7.73873752
7.74970327
7.82710200
8.16276902
8.19040502
8.19185609
8.20195827
8.24338621
8.32311692
8.52649459
8.73126511
8.80305122
9.04086606
9.11290668
9.12616975
9.14003919
9.34035100
9.59999799
9.62037303
9.68494182
9.71826365
9.90021464
10.00731266
10.09990876
10.12804913
10.13628575
10.13999019
10.14021048
10.18721321
10.27436028
10.29271304
10.45675737
10.52281970
10.53929996
10.54357680
10.64750207
10.76499474
10.92041190
11.13591097
11.16576125
11.20127014
11.50818550
11.55831726
11.67599244
11.70030073
11.83862217
11.84616596
11.86694582
12.03493533
12.10967285
12.13765863
12.15175302
12.18723799
12.20485257
12.27476505
12.28469597
12.34792801
12.42412102
12.56435287
12.74132344
12.77328516
12.80239699
12.87841415
12.88899499
12.91436767
13.01933635
13.19011192
13.20695645
13.28694820
13.30185614
13.31194146
13.33746507
13.42411887
13.52268103
13.65268620
13.75377399
13.80433730
14.02387497
14.23168550
14.43442891
14.48855986
14.51164722
14.79906367
14.88947302
15.03324988
15.15954368
15.16142107
15.23638602
15.27312852
15.30425797
15.67358655
15.79079423
15.87125385
15.91354547
16.09804217
16.14062126
16.47451332
16.49968392
16.56899912
16.93943013
17.04193777
17.04878136
17.09314145
17.42346286
17.75148502
17.76030257
17.77242110
17.82878472
17.84402718
17.86422791
17.88297191
17.96390579
18.00066055
18.07554747
18.12320864
18.22755283
18.41983499
18.55147143
18.65185029
18.75114907
18.76874431
18.79531770
18.85868046
18.86380307
18.99470392
19.01922716
19.09474755
19.18006082
19.26182170
19.26713324
19.49858910
19.52849652
19.72618980
19.73523093
19.83872089
20.09791813
20.17229738
20.23829435
20.49074969
20.58889703
20.63649031
20.66326613
20.78103201
20.78661508
20.80794724
20.84434534
21.03897987
21.11903758
21.16110002
21.23097793
21.43896714
21.44070943
21.46698932
21.60782644
21.64070010
21.78107715
21.79101273
21.80677402
21.91445191
22.04014334
22.05439933
22.13575634
22.22453092
22.32280279
22.43699486
22.47545157
22.57249548
22.57629666
22.59320590
22.75501088
22.85634339
22.96638789
22.99857289
23.05242696
23.27490630
23.29395379
23.40975663
23.51666061
23.57141207
23.57149653
23.61209510
23.62672767
23.66479668
23.66897630
23.73240298
23.81014773
24.15126767
24.26831995
24.38453647
24.39517910
24.66900786
24.72380036
24.83160276
24.88962896
24.92296079
25.05637296
25.15556328
25.26741177
25.52778647
25.53984771
25.56026004
25.56516884
25.58561644
25.65516841
25.82656506
25.85318769
25.90985195
26.09172204
26.44072751
26.61540568
26.67490213
26.71182457
26.71550270
26.81570583
26.86255672
26.88272389
26.89825979
26.94230082
27.02382618
27.10401984
27.10937566
27.15189826
27.17315533
27.19675167
27.25344587
27.29620108
27.34824154
27.49804398
27.61699925
27.65100958
27.78062215
27.79494157
27.80086107
27.93558009
28.13281762
28.20238149
28.24703389
28.27229322
28.30273557
28.30286656
28.53260376
28.56487014
28.63361181
28.77170718
28.84682761
28.84926971
28.85227980
28.85637097
28.87362336
28.99894690
29.01122828
29.13324833
29.13453101
29.18495076
29.20232754
29.24486397
29.41658364
29.50089235
29.51232109
29.56974489
29.72921588
29.76463634
29.78801142
29.81501746
29.84977180
30.05399310
30.11105798
30.12348309
30.13939976
30.16732115
30.37643824
30.39886712
30.43241442
30.52168688
30.64713587
30.68823723
30.77869013
30.91595007
31.11052122
31.11623058
31.15099788
31.26537338
31.28915477
31.33002183
31.36300120
31.37433482
31.57962918
31.62912489
31.70492243
31.71493483
31.73686002
31.75875153
31.84386715
31.87659812
31.89505911
32.05381734
32.12110863
32.23908263
32.52310301
32.55519626
32.69181254
32.81031232
32.83591418
32.87725723
32.90298931
33.30099615
33.37479802
33.43348987
33.52741397
33.53510304
33.60637541
33.78667210
33.85224294
33.91544639
33.93791605
34.22330159
34.23943878
34.46732578
34.53700053
34.53996031
34.58422655
34.62599063
34.66157763
34.66424915
34.88171532
34.96871365
35.02969947
35.04104121
35.13418980
35.15965202
35.23381751
35.32755924
35.33944239
35.35458613
35.35863442
35.41786674
35.43868617
35.55849673
35.66281360
35.77243936
35.80701818
35.82096813
35.85172061
35.85701234
35.88079253
35.89219081
36.05920326
36.21431155
36.28100153
36.36132831
36.39631481
36.58344903
36.62646477
36.84477786
36.85148425
36.96210372
36.96372937
37.04570268
37.06883363
37.12378424
37.13844094
37.23940745
37.55778983
37.65708999
37.77411534
37.84567235
37.87325006
38.02902896
38.06105786
38.12408695
38.18970510
38.20836519
38.22730379
38.28774065
38.36831519
38.46641647
38.46792369
38.53461333
38.59708573
38.64581978
38.65304033
38.84928324
39.00577558
39.02403559
39.04315746
39.10844961
39.15129394
39.15598099
39.17347012
39.23775797
39.32094510
39.37961611
39.39695071
39.41442221
39.43052540
39.51576942
39.53146383
39.57912852
39.63847839
39.67013783
39.75279046
39.84381653
39.98165150
40.25746261
40.36458500
40.50820035
40.62840227
40.64664641
40.64712598
40.64872934
40.85370111
40.86684877
41.07233790
41.11247680
41.31330698
41.40789027
41.47288372
41.50113935
41.64898047
41.67181107
41.72708651
41.77059016
41.80433359
41.81069134
41.83735826
42.00667052
42.03160470
42.04172303
42.05744375
42.20261918
42.32701906
42.40973439
42.46159119
42.50663794
42.58705369
42.69759237
42.75734505
42.76703496
42.79059275
42.89704539
43.07892857
43.09540535
43.36437898
43.68072272
43.69144202
43.83122241
43.87268389
43.88019260
44.00990938
44.03587797
44.10918040
44.14802626
44.24134061
44.25989771
44.29274379
44.33233993
44.47976561
44.66256166
44.66807978
44.77354693
44.79584658
44.89443142
44.92632667
45.22722815
45.65526647
45.82389231
45.95837269
45.99990985
46.08217380
46.19819814
46.23397075
46.25879467
46.45146150
46.50152031
46.50190001
46.53514610
46.64482146
46.66379100
46.69893450
46.74432668
46.77471176
46.85536864
47.01939041
47.04060498
47.09560381
47.19703806
47.30645502
47.33535232
47.40349004
47.42572075
47.48203210
47.56345309
47.57847405
47.59323715
47.65068805
47.74561774
47.88639916
47.93377210
48.04553497
48.05610934
48.13986817
48.30712058
48.36023981
48.61619832
48.70018339
48.72267496
48.72272914
48.73717377
48.75880734
48.77021671
48.77187320
48.78170623
48.93278322
48.97484506
49.02616486
49.04713523
49.14607996
49.19095079
49.19336921
49.22026260
49.29450496
49.31042351
49.33583318
49.47119406
49.78587833
49.94804049
49.96033443
49.99504576
50.13442907
50.34519448
50.45601448
50.52641097
50.63244607
50.71520969
50.80647600
50.85455059
51.03950320
51.04641615
51.14032163
51.17157973
51.35129202
51.40168240
51.48831619
51.72561768
51.96767327
52.28142965
52.35011438
52.45272470
52.46207977
52.53976375
52.77192249
52.79133501
52.79893255
52.99211820
52.99663944
53.03442029
53.14327627
53.15157549
53.20264255
53.27926113
53.28672894
53.28825191
53.34405541
53.42146353
53.46992926
53.47872621
53.66989059
53.67524429
53.71528947
53.77599489
53.79000374
53.82735522
53.88325704
54.01483401
54.04336262
54.05063202
54.10842256
54.11217937
54.22577808
54.25834472
54.39544432
54.46030671
54.61430440
54.74869838
55.04926005
55.07211615
55.10619375
55.22727257
55.35569342
55.37352549
55.39332720
55.57413505
55.58974320
55.62483244
55.65678753
55.73996473
55.75997756
55.96314459
56.08111980
56.19425386
56.22496458
56.24720881
56.24892561
56.36717331
56.37864667
56.38851100
56.47168812
56.47632718
56.59897431
56.80934641
57.13781767
57.17407192
57.23429282
57.30466820
57.30723745
57.32359867
57.58736489
57.74175050
57.78120065
57.86473327
58.12997516
58.34119423
58.46641193
58.46911436
58.80542866
58.81343304
58.83039104
58.89292195
58.90076847
59.01888104
59.07225373
59.13327105
59.14691878
59.19296075
59.44711615
59.64989683
59.80696606
59.88342896
59.93654650
59.98743258
59.99361611
59.99716551
60.15950133
60.20050951
60.24317644
60.25225802
60.27097363
60.39630892
60.41894893
60.51972934
60.73413294
60.79403796
60.80504904
60.84539046
60.92722843
60.94369080
61.02723488
61.23410320
61.43781042
61.46677609
61.48554823
61.54175650
61.54867987
61.63434324
61.74903797
61.96952561
61.98311617
124.00000000
