0.02441148
0.13819320
0.29913905
0.32250509
0.34152691
0.36391779
0.38113794
0.44105482
0.56265306
0.65039507
0.65429341
0.67555223
0.73694872
0.77407467
0.78983263
0.88591718
0.88661510
0.96261143
0.96910402
1.07544773
1.09274802
1.30289832
1.33044176
1.42673069
1.60003946
1.63101790
1.65843776
1.75542507
1.77165131
1.97469731
2.02413293
2.02938540
2.07516245
2.21009411
2.25203488
2.28015678
2.45178856
2.45914304
2.48078855
2.54577396
2.58260433
2.62335992
2.80207994
2.81234760
2.84600435
2.86339853
2.94301250
3.14053545
3.15337033
3.28104543
3.28233687
3.69876339
3.87810407
3.92016540
3.93938404
4.02265313
4.21549148
4.22050346
4.29184867
4.34101696
4.51794750
4.62474785
4.66297005
4.90381111
4.91527198
4.99436100
5.11426089
5.12909822
5.19190709
5.21455766
5.26220343
5.30292492
5.32519166
5.45270582
5.49541141
5.51197176
5.60757352
5.61213624
5.69761878
5.76579521
5.92786421
5.97757622
6.07919626
6.09341279
6.12307390
6.15740739
6.19399635
6.41575185
6.43300824
6.48012956
6.48045455
6.49971884
6.52113442
6.58128760
6.59912915
6.68083287
6.70118325
6.72836046
6.73583907
6.76450953
7.06671812
7.11618512
7.13804010
7.24233293
7.25885505
7.37666150
7.39224428
7.47673767
7.61953715
7.65205867
7.71726763
8.01738928
8.05102375
8.09443264
8.12167319
8.14782738
8.22164590
8.23208265
8.24519227
8.26104408
8.28927268
8.37114522
8.40151635
8.41793622
8.62114220
8.75364582
8.79132567
8.80305122
8.84623596
8.89057478
8.89099148
8.99205339
9.00234026
9.14316726
9.18542527
9.31767423
9.43778007
9.62372384
9.72353315
9.72948268
10.41565637
10.42859441
10.45333802
10.45621619
10.53527737
10.59742567
10.84407621
10.99735405
11.08387962
11.22548459
11.23081454
11.30703838
11.30749771
11.35680864
11.37107183
11.41091313
11.51489166
11.52902810
11.67423955
11.72520273
11.74118549
11.74246557
11.81282778
11.91596395
12.10784756
12.15665459
12.20078695
12.26365176
12.27476505
12.29277449
12.41926995
12.44609041
12.59074567
12.61421831
12.68364365
12.71139962
12.73148255
12.75724900
12.77234163
12.77328516
12.86145917
12.91740695
12.92164061
12.94076256
12.98500889
13.11038385
13.20851411
13.35099073
13.51036615
13.55714866
13.60606935
13.65242675
13.74810003
13.95591869
14.11911734
14.15175088
14.31727697
14.33264930
14.34258909
14.38480033
14.40473995
14.42332032
14.85857115
14.90341853
14.97566093
14.99619807
15.01120646
15.08071982
15.29086462
15.44262797
15.51148057
15.55432620
15.64237873
15.65363383
15.85248339
15.86353446
15.89864772
15.92448248
15.95081530
15.98781541
16.01980326
16.08160718
16.29234860
16.47524943
16.67202063
16.67936555
16.67982882
16.77221827
16.79905167
16.83178176
16.90587595
16.96464735
17.01684948
17.13828497
17.18295906
17.31814367
17.34040552
17.38021170
17.39666776
17.58524624
17.70161752
17.95313043
18.05086187
18.14369082
18.18646129
18.24028627
18.29156955
18.30129212
18.41414130
18.41851808
18.46239370
18.47332983
18.56185068
18.71063206
18.76831721
18.76891512
18.82055633
18.84182701
18.84504902
18.92447638
19.06348319
19.06362461
19.31637398
19.34496463
19.39702593
19.43672551
19.48880422
19.61940734
19.74234560
19.83388570
19.83581287
20.06027034
20.06038562
20.38351496
20.56723143
20.69303602
20.87219493
20.92556657
20.96276935
20.96541352
21.08984312
21.17012911
21.21731372
21.25047188
21.52561794
21.59728261
21.66756271
21.67418428
21.72288556
21.72724903
21.89720798
21.91719280
21.95208709
21.98614138
22.03341853
22.07235528
22.20790791
22.21934387
22.66626314
22.70261620
22.71761423
22.77650410
22.90183476
22.98335386
23.04205130
23.08466319
23.08491739
23.14883219
23.16258995
23.18827640
23.20946770
23.23525503
23.27490630
23.31651534
23.43368156
23.72952839
23.78756264
24.06430102
24.06843245
24.20312965
24.22728675
24.30556018
24.32644799
24.40645059
24.52023699
24.65520262
24.70540950
24.93601955
24.97886644
24.98449349
25.05418898
25.06996475
25.22896564
25.26125309
25.30152678
25.33899852
25.35142124
25.36187258
25.51037261
25.62867759
25.65588239
25.75586085
25.80553369
25.85879630
25.93355923
25.93539421
25.94801827
26.25147594
26.41853830
26.63906194
26.83757718
26.87423717
26.95094418
26.99314340
27.01381419
27.01568157
27.05198510
27.16903215
27.17223720
27.17952434
27.22971493
27.24741956
27.26593458
27.44861304
27.56369904
27.57345923
27.64092184
27.74831235
27.88755806
27.92592980
27.99277843
28.04856820
28.07003065
28.17026077
28.17351696
28.21836575
28.26361662
28.28017063
28.52645877
28.54016025
28.55661858
28.56179773
28.66963638
28.78608386
28.81896742
28.85168796
28.92213471
28.92652195
28.94114830
28.98554483
29.01072444
29.04380005
29.04930450
29.12275649
29.28215430
29.28410815
29.32286367
29.36385178
29.41814844
29.42332090
29.62335080
29.72795335
29.77974571
29.88789735
29.92033124
29.94560630
29.98093383
30.02366024
30.02737939
30.03380649
30.18845632
30.27524567
30.58530628
30.64949815
30.71512831
30.78944676
31.00490935
31.15649378
31.19523543
31.21513318
31.23363853
31.24033895
31.28668702
31.30363067
31.35734735
31.38711782
31.43618764
31.48983753
31.49869331
31.59338235
31.59517962
31.76379616
31.81216567
31.84564308
31.90192155
31.97822516
32.01090730
32.05087732
32.13532190
32.16836329
32.27859160
32.29342429
32.30089533
32.30395704
32.72128824
32.78178029
33.09025353
33.14929127
33.45346122
33.47892549
33.53323771
33.69301516
33.84668497
33.93039046
34.04302832
34.18856693
34.18927007
34.32188546
34.39058461
34.49053965
34.57974763
34.75984301
34.95166921
34.98439176
34.98719606
35.04175780
35.15953487
35.31335862
35.46935665
35.53065953
35.57282201
35.62476329
36.01086424
36.03900177
36.12659914
36.25237647
36.25592309
36.31018608
36.33180471
36.37294192
36.39631481
36.69089006
36.82581681
36.84477786
36.87363450
36.90579403
36.94142185
36.98810575
37.04337295
37.14167598
37.14625975
37.49893198
37.52127602
37.82198411
37.97529801
38.07144923
38.10096465
38.10575531
38.23101852
38.32347895
38.32493822
38.42518385
38.43057320
38.48249954
38.60568428
38.63688959
38.73210176
38.74020107
38.87885587
38.96255066
39.08978244
39.09747585
39.31853276
39.44486925
39.52142073
39.52920234
39.58656551
39.65911858
39.73904065
39.88373358
39.94662609
39.97718991
39.98446889
40.15111779
40.19452952
40.20350546
40.29451265
40.34853171
40.41732783
40.46206361
40.49292121
40.59482484
40.64572152
40.78050444
40.86254310
40.90321471
40.96330047
40.99000862
40.99036984
41.02259845
41.04032406
41.08332136
41.19455181
41.25474773
41.39253139
41.47288372
41.66628823
41.75819081
41.87792487
41.88235009
41.92281254
42.09381702
42.18793724
42.27315128
42.38833899
42.40431159
42.59328224
42.63961464
42.73134639
42.84894266
42.85912282
43.00862009
43.15727668
43.20931934
43.31946652
43.34295195
43.41058091
43.42490691
43.42704042
43.48773742
43.53885659
43.55407275
43.74577613
43.88960067
43.94366405
44.07957978
44.15332325
44.19958685
44.21970281
44.31488259
44.41557921
44.42964819
44.46596562
44.58325002
44.71158365
44.80779367
44.97657941
45.10469498
45.14776630
45.17685372
45.19579054
45.36397631
45.37913846
45.39190437
45.41105607
45.42534839
45.73584335
45.87720933
46.03513623
46.09778652
46.23006891
46.34837906
46.41792649
46.82125195
46.90760696
46.99700076
47.03947928
47.19261972
47.44839598
47.49029170
47.66708417
47.82688777
47.85736717
47.91399237
48.10929944
48.14491259
48.73128803
48.81485554
48.84607974
48.92748467
49.00677986
49.14571333
49.26560565
49.27910850
49.33112131
49.35256493
49.41364139
49.45231108
49.58065984
49.59935126
49.64260711
49.65113829
49.69882253
49.70703585
49.86366954
49.89448172
49.92306702
49.92605368
50.00084199
50.09393507
50.10659822
50.11653935
50.14734522
50.33544871
50.34641293
50.48272926
50.63928328
50.65686428
50.65786778
50.68175702
50.81968854
51.03139917
51.10094750
51.23046738
51.40763153
51.43829742
51.55311744
51.57208129
51.57223562
51.59962505
51.64728723
51.72497563
51.82637752
51.87645885
51.96540771
51.97931314
52.09032971
52.14768211
52.16088847
52.17296887
52.19350888
52.21987554
52.37356608
52.40342206
52.55569741
52.60895334
52.66361715
52.67222506
52.72783485
52.75526211
52.90838317
52.97805634
53.08579588
53.15259072
53.15808705
53.25284024
53.34707257
53.40598864
53.47806396
53.48255190
53.50367752
53.67753415
53.97659253
54.04265336
54.10550594
54.23616610
54.26610119
54.32115475
54.32371648
54.42864059
54.42892878
54.46659019
54.75016854
54.97240201
55.16471746
55.25782717
55.26466963
55.34189699
55.34496827
55.37665838
55.54083382
55.87253016
55.93503473
55.95694958
55.96856831
55.98675308
55.99576358
56.16121523
56.38620081
56.59365214
56.62036080
56.62554538
56.69610513
56.76549106
56.89604470
57.23688310
57.30702885
57.50665806
57.54636686
57.56783654
57.58465799
57.60946737
57.63676559
57.80651720
57.80740838
57.95840120
57.97171368
58.05472704
58.07070069
58.07089826
58.11327986
58.20867465
58.30046248
58.32630289
58.33276706
58.37690549
58.47438452
58.51493204
58.69115419
58.81214541
59.00596303
59.08819501
59.43718849
59.69706343
59.93021675
59.94313324
59.94313781
60.00808942
60.07907734
60.19447765
60.29328651
60.34541599
60.35464961
60.54044748
60.57872353
60.61333922
60.66214191
60.75271507
60.98471343
61.00325684
61.14274430
61.26665887
61.27318765
61.36140926
61.52932195
61.53535052
61.56068876
61.56475656
61.63286953
61.63830978
61.64643504
61.74107344
61.87193499
61.95511021
62.08271066
124.00000000
