0.07744447
0.35267823
0.44105482
0.48531860
0.59278200
0.77185949
0.89674227
1.15364127
1.19032143
1.20064870
1.41502988
1.68970646
1.85615108
1.87390716
1.89051558
1.89111623
1.89692941
2.00803853
2.05205380
2.17423409
2.25126079
2.41281173
2.50535167
2.61972387
2.64153599
2.72769609
2.81374655
2.90836753
3.14719555
3.22664178
3.25016091
3.25303132
3.43003402
3.44792674
3.57680324
3.66134236
3.72359164
3.97609829
4.01407849
4.05307431
4.07299998
4.19090649
4.24707083
4.32531037
4.59509267
4.66170239
4.70606426
4.72190695
5.09626000
5.15401236
5.17790451
5.19756662
5.21260822
5.27186977
5.44861251
5.47526818
5.53213370
5.65803302
5.80859864
5.82144096
5.83350800
5.85228335
5.87773032
5.88778747
6.13526074
6.13763190
6.16608899
6.19154741
6.21476413
6.24025198
6.29849692
6.30175069
6.46219228
6.48148213
6.56512661
6.71806577
7.12585733
7.16220206
7.19245751
7.21363652
7.25001237
7.26058004
7.27172169
7.36308835
7.71846637
8.02874111
8.03142129
8.28235048
8.28810764
8.29049753
8.49734848
8.50439294
8.53212737
8.57520937
8.58016444
8.66386691
9.08388235
9.10201190
9.11478662
9.18678124
9.22084513
9.23121493
9.30181318
9.49401847
9.50493687
9.59347123
9.71331527
9.73614943
9.74461067
9.86269901
10.09372046
10.13854539
10.18229160
10.33926482
10.37104887
10.37193406
10.39388525
10.45202662
10.70656852
10.81798909
10.82031144
10.84017709
10.90535055
10.95413550
10.97088239
11.01859931
11.09752473
11.11947932
11.12514653
11.15573272
11.30703838
11.31994078
11.56137193
11.56454060
11.61173508
11.68316496
11.68818429
11.70237687
11.79624224
11.93482816
12.00131648
12.24046488
12.25227773
12.27480172
12.29408258
12.39096133
12.61948338
12.67305677
12.81463045
13.06038274
13.08914090
13.43412888
14.20692641
14.28008145
14.41448281
14.80844580
14.86242132
14.88797600
15.08982379
15.57639961
15.74969641
15.75651959
15.80739700
15.95821302
16.07617909
16.30188818
16.30756982
16.36540650
16.52548767
16.55346353
16.62625037
16.78513348
16.90493229
17.17577779
17.21988435
17.24061420
17.32317361
17.39449513
17.43876668
17.53653577
17.59070537
17.67241054
17.69670910
17.71962163
17.72319986
17.76302812
17.85323907
17.93110899
17.95705006
17.96390579
18.05030475
18.05470257
18.09154029
18.18991296
18.31179150
18.66260163
18.84429285
18.90557816
19.11357317
19.16051837
19.19144901
19.22185039
19.30028969
19.31726934
19.52811686
19.62223193
19.87569012
19.99995535
20.17026656
20.26586436
20.32877682
20.36215606
20.86950625
20.94201264
21.01989627
21.08843055
21.10882774
21.20841515
21.95333016
21.99644083
22.12069850
22.15963039
22.16776737
22.25194511
22.54925159
22.57629666
22.66404296
22.67505538
22.80391549
22.96185681
22.98775734
22.99821615
23.15705230
23.21637745
23.28194184
23.43711411
23.44867288
23.48385457
23.56856181
23.56982685
23.57278176
23.61685957
23.63163488
23.90751017
23.93102359
23.98846012
24.06424704
24.08482150
24.10114387
24.10387055
24.13224534
24.21292642
24.42248610
24.48515641
24.50352582
24.51206946
24.54681350
24.59264297
24.66165755
24.76402001
24.77632102
24.92409566
24.93920395
24.94861423
24.95777661
25.06195784
25.06268226
25.14904536
25.31240409
25.46964493
25.48692439
25.52880590
25.58933155
25.61112333
25.64339713
25.66000141
25.78731349
25.79640591
25.80888744
25.86613219
25.89309176
25.96732454
26.02237787
26.02654708
26.72090872
26.79548179
26.82200706
27.02153812
27.08518319
27.11852064
27.19272656
27.27678555
27.54790964
27.57061127
27.61022102
27.62744916
27.89666665
27.89813245
27.94090378
27.94548802
27.97274967
27.98443458
28.03013730
28.19591177
28.31792179
28.37548396
28.40954137
28.54348198
28.67609159
28.81887271
28.84682761
28.91151946
29.07554067
29.19272345
29.26217226
29.30279298
29.38968248
29.41658364
29.53321217
29.58033725
29.67078202
29.77507333
29.80221242
30.01788381
30.03127670
30.03839101
30.21355308
30.40019921
30.42391640
30.57087332
30.59946342
30.69058948
30.76738865
30.80961121
30.82938491
30.91240191
31.15331977
31.35737805
31.43425800
31.46964311
31.56725617
31.70352544
31.80475756
31.92242617
31.92283927
32.03119625
32.09327030
32.20349425
32.26573505
32.50308987
32.60384647
32.76903551
32.83684545
33.28308033
33.32214705
33.43409997
33.51414400
33.67354635
33.68382068
33.69695364
33.70256688
33.71753679
33.74528879
33.87034990
33.90339403
33.95502035
34.06535155
34.46732578
34.49034172
34.57800526
34.73412327
34.77466351
34.87978769
34.98719606
35.01010063
35.07625953
35.34111318
35.37278486
35.41034448
35.47761580
35.77073984
35.92669359
35.94801870
36.02977881
36.10607929
36.12346732
36.18525649
36.26241833
36.28561403
36.30410669
36.34409699
36.36364534
36.48100980
36.48743205
36.49005372
36.57333723
36.99199086
37.07207351
37.13348767
37.20124526
37.20910167
37.27090900
37.28590631
37.43749067
37.53960944
37.61537210
37.67316486
37.96082883
38.04934041
38.08188112
38.12288724
38.30752186
38.35307582
38.38956057
38.65437383
38.67877495
38.84647269
38.91972306
39.01059257
39.03098376
39.17560980
39.20677525
39.23475866
39.29157914
39.32404112
39.33181271
39.52616569
39.67061910
39.72933939
39.75625960
39.81127046
39.89613084
39.91166753
39.92666046
39.96144039
40.09534541
40.20035672
40.24495301
40.39932054
40.56718876
40.59645129
40.60338621
40.63771749
40.71295119
40.96521933
41.01197322
41.01678651
41.07962831
41.16666829
41.21829949
41.25125629
41.26406337
41.34138512
41.52533597
41.62627281
41.76948058
41.79240573
41.81732598
41.99179771
42.04614081
42.06850649
42.07928407
42.22900089
42.32519055
42.33175918
42.44897585
42.48622296
42.55996937
42.61273311
42.63829462
42.69713164
42.90844909
42.92526854
43.13001381
43.15092908
43.16831218
43.18276513
43.20363552
43.23570567
43.28270649
43.29317045
43.33073660
43.52162055
43.59184665
43.97861838
43.98935265
44.12889342
44.22085442
44.39974685
44.40708804
44.42176832
44.42538941
44.50060864
44.59720122
44.68105701
44.68198961
44.91993418
45.18513637
45.23468083
45.35021925
45.36250302
45.43189007
45.50365931
45.54729847
45.56868925
45.69011623
45.79088285
45.82389231
46.01052079
46.03207978
46.08712098
46.15649429
46.18485713
46.23695352
46.36320683
46.46777391
46.50860634
46.61611403
46.71493450
46.87244022
46.90760696
46.96476768
47.04428972
47.16591856
47.19399417
47.33051277
47.41060074
47.46956557
47.49144477
47.50301166
47.54557331
47.61275783
47.74044950
47.83393226
47.96277337
48.20100208
48.23834757
48.41379467
48.41394705
48.56787931
48.57158468
48.57692920
48.60656216
48.62898038
48.65069332
48.67629378
48.86644478
49.00875385
49.02213824
49.03908163
49.12412477
49.25626459
49.27593848
49.56389668
49.56630392
49.73209399
49.82693752
49.88651296
49.92899583
49.95202309
50.01757987
50.06955222
50.12078189
50.17541483
50.25087997
50.41126606
50.41766040
50.43454328
50.45601448
50.57144855
50.59166503
50.77118312
50.79906751
51.01295940
51.17114965
51.23046738
51.30638882
51.32627787
51.36396442
51.37985663
51.42001224
51.45796591
51.70362748
51.75421418
51.77636487
51.77872627
52.03061898
52.06949879
52.16006390
52.26462928
52.30955627
52.35226116
52.44129711
52.49883657
52.55545266
52.58459638
52.91918538
52.97771721
53.02653930
53.13076250
53.15385789
53.28851206
53.36349007
53.38137961
53.45048729
53.52821607
53.60818587
53.81805782
53.83888455
54.17935322
54.23846328
54.25873440
54.26233871
54.58965874
54.64123475
54.70204859
54.75976668
54.83479286
54.90356825
55.02206656
55.06350550
55.07190984
55.08512450
55.43162095
55.45637223
55.45937265
55.55416913
55.64905857
55.69960297
55.70644925
55.71771741
55.72432706
55.80984076
55.96856831
56.03885029
56.05784351
56.05947972
56.07856873
56.12033969
56.30326316
56.34176819
56.46195874
56.46728347
56.47459350
56.54092688
56.63505949
56.66287972
56.74166339
56.86500346
57.29643783
57.34325329
57.39936990
57.48002089
57.48019280
57.61653095
57.63778749
57.77474448
57.80740838
57.83952304
58.00408254
58.01026070
58.02601219
58.10448714
58.11545450
58.25202967
58.28356449
58.46956967
58.47187252
58.63601194
58.69395001
58.81343304
58.91230078
58.93704880
58.96782090
58.99398592
59.04264410
59.06303662
59.23444684
59.24445436
59.26817104
59.28746913
59.32491975
59.46660322
59.69909148
59.76535338
59.78479010
59.79444049
59.83605277
60.11556338
60.13515979
60.23597036
60.28429157
60.34312336
60.46592265
60.58593227
60.58669120
60.61596755
60.79586301
60.83574534
60.87182011
61.02589840
61.10334103
61.38649165
61.46062480
61.54801950
61.55387483
61.77403213
61.80047043
61.81244175
61.85740905
61.88772174
62.00885096
62.10839580
124.00000000
