0.10893634
0.13843621
0.13997833
0.14804181
0.23431501
0.46154411
0.50754752
0.53607941
0.62409938
0.66258095
0.82255580
0.90528071
1.25722593
1.33578866
1.35952609
1.43258278
1.50861842
1.51653283
1.56385031
1.58758529
1.59664815
1.91852865
2.01747671
2.11090641
2.34604351
2.44587074
2.46003314
2.55897112
2.62280998
2.63400417
2.64593671
2.72085033
2.74987118
2.90836753
3.01904865
3.02835281
3.17900945
3.39843449
3.45391249
3.64780441
3.65310974
3.76434183
3.82998253
3.85109185
3.94850978
3.95385813
4.10288416
4.13881593
4.16295320
4.37482397
4.42442371
4.43838149
4.46858457
4.54299648
4.56584491
4.78877546
4.79247560
4.80525514
4.86024800
5.11037492
5.28981830
5.30803231
5.32760504
5.34305889
5.61638092
5.70717455
5.71622429
5.71796368
5.74994970
5.75202383
5.82415874
5.84428967
5.85170440
5.88364866
5.96580169
5.99765330
6.06182687
6.17707002
6.22613152
6.28557155
6.31853677
6.38193433
6.59107862
6.68083287
6.72607267
6.76041649
6.77209005
6.94390003
6.96407015
7.02827187
7.03537576
7.08116649
7.14629928
7.17037487
7.22922472
7.24545561
7.48355036
7.74194006
7.88328029
7.94244985
8.32311692
8.39989510
8.46714509
8.52814002
8.54244870
8.62981436
8.70765812
8.75195480
8.77745778
8.78154400
8.88814476
8.98471984
8.99792692
9.00029971
9.00446312
9.02014683
9.06915440
9.16022092
9.18650325
9.23799562
9.39992827
9.42518519
9.68744080
9.69104969
9.70090853
9.83380902
9.90320370
9.94665228
10.01632354
10.03113594
10.25977839
10.30118451
10.33926482
10.37312162
10.41670770
10.54674247
10.61445589
10.66408675
10.84229137
10.88431955
10.91278346
10.96042469
11.00874101
11.05637042
11.18481830
11.20021177
11.45004508
11.47362018
11.70951087
11.79871093
11.95629146
12.04606947
12.33120488
12.37346392
12.52222248
12.53696894
12.54628831
12.57865275
12.72158532
12.89982068
12.93283685
13.13920681
13.20644698
13.48138465
13.48713519
13.50785359
13.51711631
13.61144805
13.69577397
13.75392009
13.76138692
13.79090660
13.95485983
14.05070814
14.05142535
14.11055689
14.13674393
14.17736295
14.18471718
14.18531482
14.28646508
14.28962979
14.61495821
14.61691690
14.64496067
14.87556285
14.88086915
14.92427565
15.06971697
15.22945280
15.31038568
15.52861930
15.55401208
15.57357035
15.64861078
15.77599358
15.93709109
15.95316442
15.97732320
16.18969121
16.39681258
16.48432387
16.72099153
16.73631855
16.78119548
16.99322886
17.02251093
17.16169045
17.24568991
17.26165912
17.32306018
17.33663487
17.47283569
17.47847652
17.58487753
17.60571872
17.63094615
17.71306409
17.80945700
17.81032986
17.92287590
18.04588599
18.04851811
18.06423053
18.08885774
18.35386036
18.41396199
18.46239370
18.55615435
18.61753234
19.17905945
19.25711787
19.43526715
19.48846198
19.51540741
19.67198239
19.67804064
19.80641023
19.92866283
20.08088372
20.08393720
20.17320058
20.23568520
20.27448931
20.34932774
20.41293300
20.70723833
20.79105018
20.85732405
20.87315243
20.90329567
20.96408803
20.99532354
21.00071825
21.07185523
21.19446304
21.23886338
21.26673603
21.27530556
21.61630622
21.62494821
21.70660805
21.78093812
21.82525545
21.99034916
22.48610065
22.57249548
22.64615420
22.90904207
23.15762411
23.35087951
23.42629393
23.44530108
23.48593036
23.61015336
23.76009203
23.77252785
23.78444283
23.93803500
24.02433172
24.04163349
24.09882539
24.12175544
24.16553709
24.39517910
24.43316449
24.48495158
24.51031274
24.53583404
24.64529966
24.66165755
24.76288412
24.91155642
25.20947530
25.22665703
25.23917550
25.33125436
25.38319673
25.64493060
25.66851771
25.76773546
25.77735436
25.78629685
25.93158281
25.93600689
26.15474896
26.20445215
26.40963545
26.42221319
26.45325773
26.82047872
27.04470065
27.10053069
27.14476465
27.32243043
27.35607761
27.36677227
27.55259172
27.75575362
27.80857792
27.82123913
27.83459858
27.94059169
28.09177618
28.13281762
28.15135371
28.24072549
28.32255547
28.41797244
28.62120373
28.77143059
29.01072444
29.18138990
29.20254764
29.20410286
29.34883219
29.35009936
29.48086102
29.69196031
29.92830047
29.98419833
30.11813298
30.20857547
30.29821146
30.31404830
30.31434837
30.43929625
30.60319438
30.61598081
30.64713587
30.67798881
30.88107768
31.15496943
31.34507433
31.45560076
31.53299503
31.55381872
31.62357992
31.80467106
31.81880607
31.85510608
31.94287376
31.94773418
32.05378817
32.09631610
32.16309465
32.20559784
32.34977750
32.41545997
32.43633275
32.43897938
32.61285846
32.89720184
32.93235945
32.95546471
33.03480031
33.06103489
33.15242989
33.18953536
33.36145048
33.38588163
33.41296152
33.42639360
33.44557089
33.51062172
33.54403301
33.58314360
33.64158312
33.75818715
33.82074022
33.85613470
33.88161418
34.00621713
34.21127878
34.25793438
34.33631517
34.52126130
34.63469230
34.71685928
34.72586175
34.73217170
34.79239108
34.80317454
34.89970837
35.21726202
35.26540084
35.33944239
35.45543743
35.53718875
35.64690324
35.71225423
35.89399187
36.05864095
36.05920326
36.14434560
36.19803971
36.36592659
36.40364671
36.50067228
36.51210296
36.74670838
36.89020860
36.96210372
37.24459723
37.30845540
37.35172580
37.40180196
37.40547805
37.40947245
37.42714098
37.46688512
37.47515908
37.52935066
37.56119021
37.59010867
37.62683295
37.80342847
37.87798098
37.95456622
37.99114163
38.03441508
38.04356930
38.05542688
38.11599058
38.18316852
38.44547167
38.55333506
38.58073827
38.73273682
38.76434046
38.87777272
39.00861494
39.13627256
39.30397683
39.36688258
39.73197449
39.74270149
39.74762697
39.83001290
39.84762301
40.04464370
40.07897722
40.11000308
40.23392204
40.27429054
40.29136048
40.30991459
40.41745046
40.52385645
40.66612322
40.69760322
40.91046862
40.92621495
40.95860772
41.04588298
41.07962831
41.12804068
41.14498399
41.16844521
41.16985211
41.19509056
41.41561798
41.50831163
41.50883646
41.52719632
41.58655246
41.58854597
41.86680892
41.89772254
42.00093023
42.00746736
42.02759392
42.21750276
42.24226147
42.27002855
42.44868696
42.53118655
42.59355200
42.76980786
42.84819195
42.87088739
42.90063396
43.10517863
43.21092348
43.25503002
43.43890051
43.54385473
43.61527086
43.71922600
43.77125117
43.86178491
43.87882856
44.09963891
44.18322381
44.22397822
44.34756742
44.41170360
44.59720122
44.62484165
44.64870108
44.66807978
44.67455954
44.74482166
44.80888204
44.84450486
44.99758924
45.07651174
45.08781017
45.15727056
45.18015006
45.20649797
45.23617599
45.25889239
45.39634859
45.40071842
45.46706605
45.51589312
45.52901381
45.57950347
45.66962739
45.84665321
45.87497111
45.91088144
45.91180145
45.97844014
46.11162725
46.19020389
46.42785765
46.54510478
46.61588798
46.83772157
46.84538355
46.92213976
46.99074099
47.15124362
47.21153817
47.31086585
47.46956557
47.47847413
47.55709774
47.56454258
47.66813499
47.77346091
47.84351934
47.89239490
47.92869695
48.02101783
48.10426342
48.10621890
48.16629210
48.35966627
48.47355085
48.59797451
48.69353789
48.72822132
48.85144677
48.87460010
48.95161066
49.13902388
49.23285501
49.24693110
49.31780706
49.32851768
49.47429955
49.78349087
49.83548773
49.88100150
49.91242864
49.91641859
49.92190717
50.11740204
50.37076524
50.37324288
50.50047828
50.51778806
50.61146467
50.66320591
50.99070480
51.07500057
51.07694943
51.14229036
51.26837959
51.39881760
51.40779091
51.49141264
51.59348328
51.59392796
51.65159103
51.69261647
51.72579775
51.72806935
52.20131108
52.46931968
52.47183466
52.54154031
52.55920826
52.74352537
52.75388934
52.76772937
52.85154218
52.92381887
53.27217800
53.40532526
53.41902402
53.69153381
53.83215175
53.85484403
54.02357324
54.04336262
54.27383404
54.28240220
54.34668736
54.37329884
54.46340658
54.54212504
54.59528936
54.59916092
54.81095125
54.84502454
54.89385652
55.26633526
55.34807017
55.38568630
55.51295272
55.56884440
55.59790733
55.62233435
55.69194784
55.81573420
55.89769309
55.91890108
55.96314459
55.98533889
55.99006825
56.28074964
56.30541331
56.32551354
56.35841766
56.35916090
56.42226081
56.43888013
56.73075576
56.77637860
56.80048436
56.84614176
56.85633997
56.88535120
56.91342494
57.04358759
57.20250777
57.22554390
57.31521703
57.36187574
57.42982561
57.45300574
57.72843788
57.80814894
57.91409155
58.04680575
58.13089459
58.16217879
58.21059796
58.25260982
58.26862411
58.30938713
58.34057504
58.39753051
58.58637362
58.61131480
58.79486501
58.83637820
58.89100204
58.93704880
59.08531102
59.40075651
59.59892661
59.64321575
59.68364287
59.70959026
59.75997803
59.79141769
59.80998700
59.87651810
60.00065790
60.00153564
60.25081012
60.28184826
60.38576235
60.38842931
60.51065041
60.57619245
60.58716112
60.61315648
60.78161944
61.00332163
61.06655048
61.13670219
61.20078695
61.20095538
61.53299040
61.68864372
61.79005496
124.00000000
