0.04229297
0.08157910
0.14609493
0.33232200
0.58326872
0.69653957
0.73793161
0.75278840
0.80844135
0.92724211
0.93168838
0.94824002
0.99619062
1.06467783
1.20244370
1.21514527
1.43742890
1.56163764
1.61894239
1.85524439
2.25207613
2.33252611
2.38389960
2.41064793
2.43849612
2.52035311
2.54997374
2.76414132
2.78832303
2.79707443
2.80173614
2.98537563
3.00050505
3.03131221
3.19613226
3.24827047
3.39416630
3.45448546
3.48223991
3.54175201
3.58007328
3.87940738
3.92681187
3.93011176
3.96009076
4.14140953
4.21734336
4.29560185
4.40836807
4.43097856
4.58738264
4.64256602
4.71977961
4.73904325
4.86024800
4.97038399
5.10001037
5.12659213
5.38268183
5.39110853
5.40430390
5.43213686
5.54926450
5.79342736
5.80747632
5.89602351
5.90255210
6.02619903
6.07957278
6.42517857
6.53691898
6.55132418
6.66486231
6.68472795
6.71374742
6.76013456
6.93552297
6.96885221
6.99074096
7.01719451
7.16057031
7.19869993
7.21143790
7.26980138
7.42283928
7.42841150
7.47075557
7.48832974
7.56669391
7.57912672
7.63734643
7.79906697
7.81798336
7.84474175
7.90268581
7.91002637
7.93409687
8.06914221
8.06971162
8.18564809
8.28082061
8.38800875
8.43711427
8.65404513
8.66615763
8.80936277
8.97591534
8.98228296
9.07235493
9.11992358
9.44365321
9.54474507
9.55608290
9.65920759
9.66136983
9.71184133
9.74698787
9.77934988
9.83770063
9.86807920
9.89173191
9.99747888
10.06972018
10.08003553
10.15254538
10.15778489
10.18229160
10.43706625
10.66232018
10.89058807
10.92367302
10.98849456
11.09692322
11.10965705
11.17359275
11.30881197
11.40187609
11.41991557
11.54034297
11.68544173
11.69767636
11.76002817
11.85972587
11.93445021
11.95059087
12.25811110
12.26886414
12.34263134
12.37560073
12.53875857
12.56265002
12.57203046
12.61284355
12.83340595
12.94200866
12.95187946
12.97063338
13.04641604
13.37968620
13.54528300
13.60606935
13.60747904
13.62416566
13.79121151
13.90921664
14.09713721
14.18355929
14.21463668
14.25622731
14.33734684
14.34258909
14.43149635
14.43366723
14.57799898
14.91934089
14.92427565
14.99742506
15.06130041
15.15582429
15.32509047
15.45998991
15.72288929
15.90338436
15.94223163
16.03489412
16.06063656
16.10914290
16.26687575
16.30231455
16.33175103
16.33881930
16.38765360
16.39501659
16.46630558
16.52937540
16.68647894
16.75335114
16.82976358
16.84305964
17.02278047
17.27457189
17.30028400
17.38024379
17.43908868
17.46074779
17.53379190
17.86009172
17.89309563
17.99397397
18.12734089
18.16595461
18.21775122
18.21989225
18.33447604
18.40996544
18.58287493
18.72194781
19.24683874
19.50666676
19.54116431
19.72696925
19.76034090
19.82505561
19.89470865
19.94146426
20.06962106
20.47854504
20.50314146
20.51613502
20.69979154
20.83564214
20.94819627
21.06432652
21.13973826
21.43687839
21.55942714
21.59401992
21.66598481
21.82993273
21.84550259
21.97847902
22.22813651
22.45360461
22.55730940
22.58256125
22.60450368
22.62423849
22.62604809
22.66923145
22.69725791
22.85448119
22.87099157
22.94329526
22.99528787
23.11641723
23.16747753
23.31537203
23.31651534
23.43832720
23.59321037
23.59600304
23.96517494
24.04163349
24.11233799
24.11416325
24.11905546
24.12162973
24.15936558
24.19059465
24.30257634
24.33437526
24.40645059
24.41308395
24.63376076
24.77009039
24.83350294
24.96091949
25.12334749
25.26022360
25.54010079
25.61265416
25.75921282
25.88790636
25.90523514
25.91570593
25.94683681
26.02793079
26.03871257
26.06029833
26.08424459
26.17197985
26.21356714
26.48333157
26.66196081
26.71082428
26.74701448
26.81113593
26.81334074
26.89318537
27.00562553
27.06968362
27.23131677
27.30368253
27.59846876
27.65348454
27.70113621
27.75836464
27.79494157
27.83450686
27.83904878
27.98534482
28.03960847
28.12527959
28.18040617
28.20706441
28.30112640
28.31740923
28.36801126
28.39505518
28.66953961
28.75593443
28.75831084
28.86233437
28.88015424
28.91151946
28.99925422
29.02696339
29.09460487
29.12103007
29.13147774
29.19272345
29.22194841
29.26217226
29.32494575
29.39000978
29.48614138
29.67612475
29.69514427
29.82876835
29.89033819
29.98251521
30.05261962
30.12962052
30.38799103
30.65496271
30.82683382
30.84868990
30.97214273
30.99212974
31.00646567
31.02341571
31.15230298
31.38962265
31.49631017
31.59746828
31.61741117
31.81096567
31.92678280
31.94115351
32.04038210
32.06045568
32.06999004
32.08668607
32.13831547
32.16394051
32.16787405
32.23782770
32.68564724
32.71036518
32.74849959
32.80250489
32.81816954
32.82619014
32.88520812
32.96126500
32.97947841
32.98335883
32.98596887
33.03798514
33.09945562
33.10316400
33.38028611
33.40641558
33.49546630
33.51062172
33.56647659
33.66823796
33.74024716
33.78822576
33.84149855
33.84395124
33.93256508
33.95902898
33.96711625
34.12860655
34.20725435
34.24021172
34.25726893
34.26778795
34.39598491
34.65050396
35.05997329
35.08516898
35.11556276
35.17981946
35.18816932
35.19201307
35.19775362
35.24150112
35.31602885
35.37814175
35.37827870
35.41786674
35.47259385
35.58819449
35.60747954
35.87076156
36.01264145
36.01845307
36.02213573
36.14149206
36.16470132
36.17614331
36.17631004
36.48235458
36.48861229
36.56020135
36.57021446
36.58209961
36.80505635
36.88616149
36.91262554
36.94493257
37.06786926
37.07442103
37.12254701
37.22196778
37.22235941
37.26680532
37.30695379
37.38378641
37.74219151
37.74773824
37.86255760
38.05375013
38.24813128
38.29718065
38.38868183
38.46083508
38.47164173
38.67503765
38.67800376
38.89446850
39.13469620
39.15299160
39.19078740
39.25907651
39.30065355
39.58149556
39.63473494
39.78175346
39.88312097
39.95634897
39.97298514
40.14951798
40.16991868
40.19874727
40.27315667
40.38644762
40.56718876
40.60877207
40.79305527
40.83954977
41.13641718
41.22387385
41.29301551
41.51914343
41.63241289
41.70778573
41.90692967
41.96612862
42.13114119
42.13763348
42.27115506
42.28909886
42.34789030
42.52780600
42.71132452
42.78974707
42.91949889
42.94858619
43.09743010
43.11625804
43.45123718
43.52929625
43.53401828
43.56916198
43.57622984
43.62705761
43.73441217
43.86159503
43.88960067
43.98075736
44.34756742
44.35924128
44.43698426
44.70437319
44.72100640
44.77885104
45.18117296
45.19689995
45.27760147
45.28290887
45.40422647
45.63476810
45.70376426
45.73711465
45.79532100
45.90974553
45.95189483
46.04691564
46.05150942
46.05278325
46.26604202
46.28963504
46.43389040
46.63915315
46.64482146
46.67691306
46.69830396
46.70279742
46.85092299
46.89835131
46.91784246
47.03262102
47.13362018
47.15056488
47.22622878
47.24325473
47.29308882
47.47691187
47.54463370
47.61597294
47.76636075
47.86479710
47.90939480
47.92823178
47.93248549
47.97836405
48.09089172
48.13755048
48.35966627
48.48625389
48.54108181
48.58380685
48.75379725
48.75448686
48.77344496
48.83708416
48.83991796
48.90715704
48.94858888
49.01589766
49.03271087
49.12670589
49.14571333
49.37469141
49.38975297
49.41215834
49.44970934
49.50421803
49.70813268
49.85956082
49.87712016
49.87882274
49.91895468
49.92134356
49.96582993
50.06301207
50.09203269
50.13510856
50.18271464
50.21534697
50.44774411
50.57439144
50.85718637
51.01725637
51.02291729
51.07567882
51.08012544
51.10112769
51.12217485
51.12913097
51.15319552
51.16689107
51.19672424
51.22938084
51.24603784
51.35327755
51.39914550
51.40514777
51.41139437
51.43923666
51.44923942
51.46617465
51.73981562
51.77545536
51.90818552
52.31413138
52.36820448
52.40430590
52.45662626
52.49982392
52.52473946
52.55920826
52.67135215
52.72348021
52.83234409
52.93395736
53.14427747
53.14432914
53.15663668
53.24626973
53.24883528
53.41092267
53.50715965
53.67564563
53.72340250
53.81579865
53.82620782
53.88969250
53.93979175
54.00150915
54.03567095
54.03631568
54.27080393
54.28579210
54.34245960
54.42697145
54.73789854
54.77224995
54.84073717
54.90648597
55.04115309
55.09450687
55.18168015
55.29023964
55.54374495
55.61879046
55.62678170
55.81771600
55.82964013
55.88228899
56.07605126
56.15808930
56.40805246
56.47526027
56.56176615
56.61329619
56.66663977
56.69315596
56.91653643
56.91825404
56.92145763
57.00390146
57.02933007
57.09542142
57.15141172
57.15592935
57.19986199
57.21528787
57.33397791
57.35718608
57.42376663
57.43951304
57.56453183
57.75760786
57.76817941
57.77061177
57.93879301
58.09550879
58.13627354
58.60331245
58.79696635
58.81214541
58.83146824
58.88999193
58.94423080
59.00509135
59.06768890
59.09662143
59.15405909
59.15413170
59.19296075
59.21937106
59.52877986
59.56329064
59.89294746
59.90523751
60.02461869
60.03039267
60.03553336
60.07941798
60.20012833
60.47768914
60.56995617
60.60564970
60.63919486
60.75274080
60.80837408
60.81188116
60.83815918
60.84226184
60.87258764
60.92146990
61.03600242
61.06074859
61.08469823
61.39438103
61.54647055
61.61051856
61.68086514
61.71464839
61.76792535
61.95483811
62.08105449
124.00000000
