0.09779043
0.77629486
0.84478193
0.90233865
1.03162722
1.12290036
1.18409278
1.36313481
1.66876299
1.98122485
2.01711335
2.18004040
2.21640623
2.30030148
2.31892439
2.40103465
2.50546705
2.54787647
2.66434374
2.69243965
2.75074262
2.77206534
2.83621326
2.85355635
2.95945581
3.02879396
3.04358375
3.05273680
3.10909858
3.15029550
3.15207974
3.22871256
3.30068236
3.51256413
3.71167661
3.73005903
3.86220597
3.87988940
4.06462348
4.06910973
4.47028321
5.02290912
5.09391743
5.11117511
5.11298169
5.28800623
5.45152325
5.49266835
5.50978926
5.62827155
5.77525089
5.81423508
5.87710156
6.07919626
6.13170265
6.27720991
6.29207723
6.39398412
6.41895558
6.43239084
6.62505861
6.78147427
6.78431889
6.94025270
7.04874931
7.15088702
7.16435192
7.17264959
7.33489061
7.33548557
7.39817462
7.43387986
7.52876532
7.54576852
7.55188396
7.67589427
7.69726823
7.98305777
8.00642896
8.02467437
8.04290409
8.05049016
8.39588933
8.40718444
8.44923225
8.49519501
8.61334226
8.64115790
8.71939679
8.91547407
9.03134730
9.06686193
9.81085932
9.96184079
10.15548886
10.34757974
10.54268436
10.58719748
10.59622930
10.63971228
10.83797310
10.86718388
10.95573078
11.06746840
11.23183209
11.28257957
11.28632506
11.37243127
11.41873892
11.44346796
11.47266421
11.88714222
11.96964942
12.04889772
12.32009183
12.32744479
12.36909101
12.47690054
12.57038215
12.60686803
12.81380317
12.90451670
13.18701084
13.24353051
13.63982634
13.69268821
13.77609043
13.83000171
13.96375119
13.96629279
14.00344759
14.08980506
14.10042069
14.30645243
14.35629987
14.41674956
14.79070250
14.80353012
14.89731551
14.91946534
14.96696642
15.19817042
15.19970040
15.23933236
15.36069265
15.66695960
15.78046471
15.79989616
15.89798974
15.92424510
16.02761710
16.04127649
16.10732342
16.20170945
16.32414492
16.40990723
16.59184862
16.65247011
16.70483109
16.75064864
16.75983215
16.80117546
16.89819132
16.90404072
16.91539435
16.98326810
16.98877591
17.08595311
17.10273477
17.11109392
17.13828497
17.15208103
17.17742962
17.20521775
17.23258353
17.31568276
17.44067624
17.49991599
17.63823868
17.68722079
17.84580254
17.93328207
18.08985915
18.12127097
18.18604965
18.23776433
18.27331147
18.35674229
18.48793197
18.55233393
18.57129718
18.59108404
18.71042232
18.71063206
18.71108961
18.78366431
18.79460079
18.88529006
18.88654683
19.18031739
19.18213150
19.19144901
19.23123921
19.28219561
19.29220098
19.30177223
19.30317948
19.42090171
19.42901201
19.48846198
19.55677927
19.66144336
19.66912519
19.74200590
19.81993108
19.83594552
20.01418143
20.14015075
20.26288874
20.27762215
20.36662213
20.51277120
20.58153549
20.63381100
20.65578981
20.68995705
20.69038802
20.74225089
20.81507318
20.95031487
21.00316894
21.07075597
21.11389605
21.50940997
21.86666538
22.05026550
22.05818680
22.10581479
22.25087819
22.28976830
22.34674039
22.40712466
22.46844905
22.59749123
22.64289557
22.83203542
23.04180356
23.17873337
23.39494123
23.44273978
23.65214400
23.86121651
23.87627112
23.99438658
24.04616181
24.29097445
24.31311688
24.43568841
24.45245201
24.50636901
24.59264635
24.61870674
24.76611667
24.88931650
25.09700385
25.10198982
25.38981759
25.66682159
25.72105214
25.76955275
25.80214346
25.85192937
25.91419318
26.03172112
26.07085612
26.09148471
26.21669018
26.22627090
26.32423059
26.34772765
26.41736501
26.44390845
26.50624024
26.51965063
26.54850351
26.56966138
26.71482542
26.76705413
26.77250312
26.78005304
26.82705564
26.90556460
27.00456052
27.03502728
27.33499053
27.43464953
27.51643916
27.59202869
27.68152152
27.79292490
27.80079662
27.83516291
27.90339153
27.97150515
27.97948139
28.25071588
28.39399690
28.42104707
28.63807003
28.72213552
28.75831084
28.81799516
28.98521518
29.03500455
29.04078306
29.10471267
29.26683205
29.30279298
29.30790635
29.32430020
29.45750528
29.83877440
29.87894476
30.24245957
30.25974678
30.42391640
30.50727812
30.56104511
30.69098102
30.85251903
30.87508507
30.94124378
31.08630291
31.36454251
31.45103561
31.47529467
31.79288848
31.84205610
31.93893542
31.94050699
31.98867248
32.03985933
32.13615421
32.18527098
32.25674875
32.44802405
32.45059798
32.53038571
32.54274089
32.55310707
32.61101593
32.68564724
32.71991990
32.78438245
32.87725723
32.90131576
32.96912050
33.41951436
33.47361261
33.54819443
33.59035626
33.60744469
33.69650062
33.71728575
33.75215392
33.76124057
33.77622264
33.80564680
33.84607463
33.89828492
33.96929028
34.04115279
34.04802035
34.16638474
34.17316825
34.18804701
34.31218857
34.58422655
34.59551526
34.63440714
34.74311151
34.82017926
34.87936438
35.02058441
35.03726988
35.06741986
35.14701894
35.17564506
35.25825924
35.29958452
35.33584659
35.49701209
35.55849673
35.67960770
35.68252436
35.80365874
35.88956785
36.10919068
36.22774779
36.32083284
36.48119295
36.60862655
37.12588880
37.13916692
37.24003722
37.30312882
37.30646425
37.34615535
37.39535334
37.42293683
37.57001334
37.61126704
37.66660691
37.80041494
37.84431673
37.86908256
37.87373222
37.88956963
37.95225247
38.01297772
38.04189024
38.09490766
38.21065973
38.30756565
38.35771540
38.39531135
38.41264421
38.71210838
38.87130623
39.04998132
39.07656304
39.11099343
39.20198792
39.24035891
39.36197464
39.41065378
39.42875334
39.45246999
39.56555588
39.57932246
39.70516211
39.84210059
39.84536273
39.88058463
39.95151320
40.10399571
40.11199567
40.16743421
40.24646914
40.26812595
40.28460566
40.37741595
40.41075379
40.57657396
40.58394620
40.60411477
40.63713361
40.68861167
40.76853199
40.93332854
40.94643962
41.13947308
41.25447389
41.31178167
41.37632750
41.44180985
41.61015388
41.70517361
41.81102383
41.81732598
41.94255239
41.95534548
42.20504933
42.25573920
42.31639157
42.34530142
42.36013205
42.76094682
42.85591006
42.93754127
42.97928414
43.04557015
43.22581814
43.22940491
43.28100529
43.28606001
43.44607213
43.56598382
43.67793887
43.72530784
43.77773778
43.86461011
43.86828927
44.16047257
44.33664727
44.35904205
44.39995853
44.40701370
44.51913390
44.68580788
44.78846326
44.81542260
44.84773963
44.93112595
44.96841508
44.97006081
45.05507851
45.20685800
45.21402019
45.22717203
45.26627807
45.27647547
45.27735772
45.40955812
45.51887715
45.59587327
45.63166083
45.90460382
46.05218378
46.10738387
46.20735146
46.24639368
46.65949083
46.70668726
46.89145465
47.04012128
47.06966271
47.08540933
47.36403660
47.49404746
47.56708944
47.62722319
47.72596831
47.82982905
47.86479710
47.90444379
47.92869695
48.03583494
48.10227942
48.10765722
48.16540092
48.23834757
48.34123334
48.43298627
48.43972102
48.76978776
48.81178703
48.82213327
48.98837932
48.99032378
49.08570295
49.12454399
49.17446446
49.36963198
49.37716292
49.40094214
49.47128246
49.47754435
49.47787205
49.58065984
49.69882253
49.79125636
50.24077769
50.29532999
50.36589733
50.64839820
50.66643563
50.77022861
50.78557531
50.84624986
50.98471248
51.14730444
51.16318613
51.21616727
51.37284574
51.42001224
51.46626111
51.47672303
51.48602244
51.49917187
51.52851835
51.54856655
51.59253370
51.66041438
51.72614224
51.77270341
51.96468627
52.03032838
52.05380170
52.12662771
52.37887410
52.47799101
52.53387400
52.55247270
52.66473984
52.87522441
52.93010104
52.94619545
52.98783277
53.19021256
53.28175868
53.36992037
53.41597400
53.46474358
53.62062572
53.62839239
53.66067642
53.67954304
53.80081688
54.05485100
54.11217937
54.33167055
54.43468240
54.94779591
54.95683854
54.96017176
55.04081785
55.10690196
55.18430775
55.23366269
55.30460006
55.50308175
55.53867365
55.56391569
55.69046226
55.81617196
55.97710443
56.02154761
56.05023489
56.12333411
56.22192532
56.41025207
56.49307738
56.53637759
56.70231424
56.77404150
56.77535889
56.82403468
56.92493719
57.12006220
57.19927028
57.20036784
57.62867766
57.69252523
57.78474737
57.90818470
57.90945005
57.92115864
57.99819106
58.04983785
58.10045707
58.11598674
58.16188303
58.20633873
58.28667778
58.34629625
58.40367068
58.44068397
58.47240952
58.54381487
58.55294603
58.61850311
58.67362086
58.86863288
58.94067974
59.01888104
59.05594829
59.09662143
59.22931552
59.62626992
59.63792023
59.68869663
59.77154892
59.77416992
59.88612753
60.08832614
60.12548095
60.12922918
60.14092659
60.19277635
60.27096265
60.36410190
60.44083328
60.56867655
60.58304653
60.65352512
60.84249907
60.94059349
61.21697403
61.30605101
61.30746126
61.35027355
61.44258776
61.63032541
61.63874426
61.72613755
61.74726575
61.74882618
61.80961374
61.84125938
61.96420426
124.00000000
