0.13545204
0.18186821
0.18224867
0.40715948
0.50754752
0.55405930
0.94756358
1.22350472
1.44891271
1.55332176
1.68220745
1.68593425
1.84273905
1.95718899
1.97456731
2.01747671
2.06323319
2.17524361
2.18115228
2.27673437
2.33999584
2.36666661
2.53029364
2.59366057
2.67662484
2.73919392
3.05173912
3.06981469
3.26538064
3.42551158
3.47921531
3.48725796
3.51543720
3.52410274
3.52486966
3.59973255
3.73137356
3.78211034
3.91756500
4.07298959
4.10821981
4.13097354
4.16130255
4.32426090
4.40852468
4.47119605
4.62733265
4.63557764
4.70079297
4.87930619
5.00745042
5.12247897
5.20485349
5.31855137
5.52066861
5.53279175
5.53521485
5.59514188
5.73843889
5.74994970
5.75745982
5.75775231
5.77114685
5.83388691
6.00679243
6.19611110
6.29900575
6.30973705
6.36302082
6.50236045
6.67275261
6.69040149
6.71673656
6.74038590
6.76054167
6.78759352
6.99683928
7.02029319
7.08502470
7.15036644
7.16381798
7.23469869
7.24627930
7.32423916
7.32664100
7.55544504
7.59422197
7.72334443
7.73986581
7.84582307
7.91381619
8.14958149
8.23365482
8.23804988
8.25640737
8.32669841
8.45879491
8.57797403
8.59522413
8.59683290
8.60522925
8.62320056
8.65767615
8.77130434
8.80117551
8.82124024
8.84575647
8.96973981
9.06585686
9.14316726
9.18704253
9.23623271
9.27943855
9.29706567
9.38971959
9.52490078
9.75862540
9.83419137
9.92551273
10.22982977
10.35611105
10.63322925
10.73898355
10.75393759
10.78301862
10.82107038
10.91049620
10.92355513
11.06634237
11.34888369
11.36148170
11.54352053
11.96818592
12.17671935
12.20899065
12.28040084
12.45539462
12.56835714
12.64066355
12.65634823
12.69234648
12.70225041
12.75750086
12.79674755
12.90053614
12.92302601
13.09908337
13.30978233
13.31978957
13.36046912
13.44951879
13.47520995
13.59424700
13.62217816
13.64602745
13.73399167
13.73714561
13.75830017
13.80197448
13.81617641
13.83885090
13.84446974
13.93800153
14.05658632
14.14542733
14.20171351
14.37842986
14.41545007
14.45935773
14.61594798
14.68868711
14.85857115
15.06130041
15.06993182
15.19763192
15.21618573
15.27636916
15.33561996
15.43643273
15.47071692
15.77891735
15.89095563
16.13694861
16.25127052
16.47524943
16.49007213
16.53585853
16.57781185
16.62408493
17.06067244
17.38559399
17.44067624
17.60011814
17.70771497
17.71905724
17.72319986
17.99575638
18.17231269
18.42762354
18.43966169
18.49487967
18.53322636
18.62251323
18.67532859
18.69743782
18.73624359
18.80289719
18.88030534
18.91171131
19.01965412
19.13491890
19.14247467
19.45524129
19.52953229
19.54190333
19.54661095
19.84162299
19.91756392
19.99154412
20.03364586
20.18378770
20.31283979
20.35055072
20.35508202
20.35569268
20.36691240
20.37768960
20.38429261
20.47037990
20.49178926
20.60295575
20.79522760
20.82723669
20.86174393
20.91583389
20.95722536
21.02269864
21.06051037
21.06264625
21.13767764
21.14686295
21.18743564
21.21731372
21.23283802
21.27982474
21.53849708
21.57813977
21.79456141
21.85305658
21.89487172
21.98553668
21.99452153
22.13960676
22.30656735
22.32624612
22.48610065
22.51246267
22.71925640
22.75667750
22.76190130
22.77909627
22.95614155
22.98153470
22.99414759
23.03646383
23.05920784
23.34118570
23.34515882
23.39817490
23.48837138
23.59087473
23.60149832
23.81417810
23.81603102
23.91552212
23.95605656
24.07205363
24.10516967
24.19445962
24.20609619
24.52953185
24.65520262
24.66181217
24.91987316
24.96232428
25.33990306
25.36603934
25.39684397
25.46428443
25.49479038
25.64095035
25.72319510
25.73138277
26.06206890
26.10775588
26.15214678
26.19445927
26.31201733
26.35749456
26.38234471
26.49873348
26.58480153
26.63906194
26.79140444
26.97462969
27.11283456
27.23031564
27.23131677
27.27700645
27.36701252
27.45714433
27.60122094
27.75458655
28.07196960
28.07357145
28.12800708
28.13142470
28.19921628
28.46448090
28.48501946
28.60114408
28.75696251
28.83264267
28.84963123
28.92853760
29.17480590
29.40482059
29.43593103
29.44016116
29.49896661
29.51758106
29.52181113
29.60752165
29.61481862
29.63145366
29.71097525
29.73749834
29.78066179
29.78457915
29.88847019
30.07931137
30.20937474
30.27396005
30.27597993
30.32517133
30.35518211
30.38452263
30.42392449
30.58388138
30.60825967
30.65716607
30.69521332
30.79396032
30.84074505
31.15331977
31.15954137
31.35300105
31.38963904
31.46927032
31.56958869
31.57364684
31.61114818
31.77063112
31.78318553
31.84739831
31.97097643
32.05325264
32.07067877
32.21092194
32.25544362
32.34997603
32.44369941
32.47910490
32.56685020
32.62489316
32.73595543
32.77928380
32.98345932
33.06830979
33.12381191
33.33379029
33.58262883
33.61846581
33.63706255
33.65289409
33.65361751
33.81525329
33.94291875
34.09810091
34.20380381
34.52985884
34.65427426
34.66931038
34.74939691
35.02752424
35.03096217
35.23381751
35.39124759
35.45916872
35.47545799
35.48012385
35.65339026
35.70583609
35.74432107
35.91510158
36.03867974
36.09845883
36.12416839
36.14124720
36.27549048
36.35765514
36.48261870
36.48979130
36.50474043
36.51265164
36.55646531
36.57770509
36.63127752
36.69333058
36.76052903
36.82924419
36.83826443
36.92101396
37.00729033
37.04706399
37.23804777
37.44822379
37.50452882
37.52127602
37.55887643
37.59714969
37.60780103
37.63390274
37.67340808
37.81574393
37.83073298
38.01751370
38.04216764
38.10575531
38.15393548
38.20591300
38.21651871
38.22199847
38.33481050
38.34220238
38.42467598
38.60964882
38.67000507
38.73738378
38.79607066
38.88239772
38.89122728
39.03002514
39.14652207
39.24710893
39.24738100
39.26805637
39.27506250
39.52499372
39.90347038
40.11560450
40.49245757
40.49329384
40.53499703
40.60877207
40.63439257
40.74444256
40.96231469
40.97606613
41.05552200
41.09026486
41.17940394
41.33023843
41.46054263
41.46854002
41.51446449
41.53297717
41.66558040
41.72306166
41.82494644
41.90075366
41.99557809
42.14195374
42.20465735
42.21834630
42.26275775
42.41782058
42.63175440
42.64199454
42.67766891
42.77600392
42.92523910
42.98275343
43.34257838
43.38211079
43.39644747
43.57835130
43.90273500
43.93711495
43.96648174
44.28291783
44.31850563
44.33510556
44.48882994
44.54452411
44.58032771
44.60508783
44.71642282
44.81728012
44.89443142
44.90781586
45.23140297
45.33299644
45.33620277
45.38511553
45.61366952
45.65382563
45.71896736
45.76893959
45.82301047
45.83211368
46.09762650
46.12711413
46.14526092
46.24994883
46.34178036
46.43661221
46.44636936
46.44771667
46.48343514
46.59283122
46.61255585
46.67847791
46.75476376
46.84321915
46.84411415
46.84807465
46.85933368
46.95338120
47.01845879
47.04812319
47.09585663
47.13737512
47.16668680
47.18292340
47.18955631
47.21099675
47.23932821
47.36291236
47.74658850
47.76982110
47.82214094
47.99407524
48.00089128
48.04814598
48.18403418
48.25292060
48.26836509
48.35348455
48.40537994
48.41555355
48.54179559
48.75969636
48.80129695
49.06723496
49.12034952
49.20399282
49.75410962
49.85876032
50.11630224
50.12322419
50.41564643
50.42584213
50.49764365
50.51778806
50.56464763
50.70405999
50.88673253
50.99758540
51.03950320
51.16163651
51.20255512
51.20321028
51.30308079
51.36086608
51.44893092
51.45562048
51.51071673
51.51902205
51.52851835
51.59253370
51.73486585
51.85510665
51.85534831
52.04611445
52.10432000
52.11217385
52.11404286
52.12734894
52.14371332
52.17103123
52.18639277
52.27265515
52.42671608
52.46057753
52.56127159
52.69951749
52.75081186
52.92469683
53.03380226
53.04249666
53.18302186
53.25080413
53.41032516
53.53347180
53.76325705
53.80772271
53.86453882
53.94918751
53.98717616
54.45745750
54.65339532
54.71697338
54.72381174
54.76818069
54.88429868
54.89068518
54.92402877
54.98546284
54.99649318
55.07460158
55.22554652
55.25744654
55.28522935
55.32352781
55.38877744
55.40462126
55.46751708
55.48905943
55.75550043
55.85266183
55.88059807
55.88228899
55.90780740
55.91282021
55.96362325
55.99470195
55.99508729
56.22951654
56.25421405
56.27857504
56.30062655
56.31984995
56.39393309
56.73819112
56.83335502
57.07713532
57.08927595
57.19162231
57.27234217
57.33540106
57.50249633
57.61606517
57.65433868
57.77407403
57.85653744
57.92861357
57.93771151
57.94402654
57.95142717
58.02460736
58.03060892
58.11094224
58.64752262
58.65816722
58.86248956
58.99668078
59.00425960
59.02883627
59.15490877
59.22617527
59.24465943
59.29550512
59.33106710
59.34244437
59.45704446
59.60539061
59.69097272
59.94801001
60.04119954
60.07858980
60.09127211
60.16145642
60.21984087
60.27719336
60.28439100
60.54950830
60.58188712
60.63667090
60.69437971
60.69754092
60.77850954
60.79115433
61.11341697
61.35110519
61.36483613
61.38381228
61.62691954
61.75487274
61.95027080
62.03958579
124.00000000
