0.04869097
0.10270618
0.12342401
0.39986096
0.50268515
0.52431967
0.60727606
0.62140986
0.62343845
0.69012888
0.79640310
0.79669620
0.86207163
0.94436696
1.10032651
1.15830162
1.17521071
1.49537762
1.50293773
1.55386225
1.62183068
1.63866354
1.64806937
1.66902086
1.80007166
1.95734903
2.01601783
2.07042486
2.13167068
2.18197456
2.27608209
2.52643761
2.52929986
2.56941669
2.57164552
2.59055421
2.62770007
2.71433676
2.77535736
2.77601381
2.87576058
2.93895174
2.95071541
3.13546748
3.15463894
3.29235601
3.29548700
3.38682261
3.39843449
3.47896137
3.76434183
3.90909941
4.03636236
4.07299998
4.13444135
4.14616678
4.24884386
4.68928758
4.73098130
4.77535100
4.87897479
5.04487384
5.13021536
5.29128735
5.49380384
5.75775231
5.76821710
5.79245447
5.84201862
5.86711950
5.91756380
5.93361279
5.96370618
5.99462557
6.02231149
6.09701574
6.13877861
6.31062624
6.35355981
6.35447129
6.43735880
6.50333952
6.66824079
6.90489638
6.91864043
6.94157135
7.05013213
7.11618512
7.15286695
7.36925847
7.74132997
7.94790765
8.01320132
8.05448647
8.09380255
8.09776719
8.13618554
8.41636824
8.42222518
8.70611437
8.75316609
8.76084439
8.87309994
8.93732987
9.01761980
9.05461398
9.07782250
9.12338292
9.30491388
9.31170150
9.33293971
9.37511459
9.50840612
9.51035208
9.59328898
9.63307260
9.72202525
9.73081314
9.86726782
9.91113439
9.95882892
9.97758973
10.01755705
10.02354641
10.26257191
10.34201044
10.36499485
10.40746910
10.45621619
10.51997617
10.53912269
10.57495587
10.78044477
10.78301982
11.03121327
11.11426958
11.12514653
11.24854924
11.35211183
11.48746047
11.50913611
11.56645550
11.71994007
11.78442897
11.79453887
12.01525607
12.29995467
12.30509641
12.30920619
12.39158885
12.53939063
12.57379658
12.58524661
12.66156845
12.70953972
12.77009848
12.84125166
12.85774318
12.87822359
12.90969604
12.92846537
13.04187317
13.20928894
13.25545899
13.31578847
13.34906900
13.35507508
13.39374867
13.42978144
13.51128355
13.54723796
13.79255260
14.04470018
14.36227267
14.43963101
14.45532342
14.53590123
14.67196692
14.91706101
14.95446648
15.02339799
15.08082669
15.10653760
15.19957088
15.27312852
15.42622695
15.49223481
15.54953020
15.59246251
15.62467406
15.75139723
15.80476713
15.94972937
16.01496578
16.01498168
16.11690488
16.43611884
16.45045737
16.46063506
16.51381483
16.54613765
16.61369008
16.63664818
16.66377676
16.69496180
16.74774296
16.74841281
16.83310038
16.93186589
16.94656732
17.08957393
17.26173296
17.35108192
17.38150400
17.56156029
17.57741642
17.58935602
17.61701853
17.74210557
17.76487961
17.90965762
18.02804005
18.07856240
18.08949323
18.12770846
18.13264010
18.16322072
18.21029482
18.40138580
18.40925777
18.47623747
18.53115970
18.55871027
18.59381050
18.60134558
18.61295953
18.66940382
18.72113124
18.76209535
18.80613215
18.82987824
18.93177563
18.94440941
19.06536957
19.08747413
19.15255335
19.27525433
19.38363416
19.44182107
19.49735778
19.66144336
19.76785631
19.82505561
19.83813394
19.96017483
20.00032173
20.18867641
20.22736290
20.25565232
20.35017779
20.39147435
20.39873197
20.43201041
20.54606287
20.56509298
20.65618845
20.70263984
20.70799109
20.79405392
20.86174393
21.09744822
21.11581289
21.39524357
21.40088241
21.41130210
21.48457601
21.60458377
21.61317029
21.61506476
21.62554505
21.77061870
21.92875585
21.93149504
21.99609496
22.05522500
22.06885772
22.12186215
22.23333309
22.35400348
22.36504632
22.38952187
22.39286696
22.54565156
22.57814326
22.58459012
22.61282193
22.76878483
22.78974562
23.07165634
23.08466319
23.15594745
23.16811158
23.17724267
23.17840594
23.19990739
23.27893757
23.31152597
23.40232527
23.43478978
23.43736968
23.52124185
23.57605791
23.60995222
23.73426583
23.80487093
24.10171662
24.10267380
24.11934469
24.12540449
24.13467353
24.15265934
24.21694379
24.24620292
24.25293215
24.28254844
24.39830835
24.48223062
24.56088943
24.81221951
24.87901800
24.94079855
24.99464704
25.01745869
25.06067462
25.10198982
25.10327089
25.14958842
25.17935680
25.27563403
25.36987087
25.42294028
25.47879956
25.53105158
25.71381439
25.78599699
25.93886446
26.00830499
26.15507425
26.22414988
26.26398404
26.38244969
26.47000395
26.48820572
26.57135080
26.63471768
26.64979198
26.65639051
26.68727609
26.68834809
26.80485106
26.87599175
26.87784612
27.00806368
27.04336719
27.10579503
27.34686843
27.37439832
27.50119217
27.51643916
27.58734544
27.66037384
27.75291704
27.82400488
27.83952138
28.07607578
28.31743406
28.69323982
28.72245583
28.80175324
28.81885591
28.81887271
28.84274811
28.88483459
28.88756797
29.09566921
29.12863185
29.29022986
29.29138808
29.44104154
29.58974237
29.83387796
29.84518862
29.85044986
29.89022831
29.91357120
29.95412540
30.17409240
30.35528817
30.36792865
30.40015062
30.47683736
30.56740751
30.79286791
30.87146236
30.92328561
31.12284882
31.12943980
31.14317287
31.21272401
31.21738033
31.22996802
31.69147480
31.72054744
31.73686002
31.75767335
31.81474888
31.82574141
31.88911154
32.00322006
32.01055132
32.05464376
32.10459976
32.17080066
32.18413507
32.33584906
32.35678595
32.43323886
32.45478589
32.50308987
32.60390482
32.66530295
32.75327521
33.03530171
33.10180525
33.19398114
33.21003585
33.22555660
33.43667801
33.47757917
33.63879402
33.71966649
33.79146505
33.90129852
33.99393314
34.02954586
34.10207696
34.11797312
34.24460575
34.35486229
34.40765717
34.54987143
34.79498927
34.88171532
34.89279567
35.05933107
35.13550438
35.25672769
35.31255866
35.32077430
35.33620064
35.34899623
35.35634946
35.44200148
35.44647073
35.45609091
35.49000906
35.50018187
35.61853932
35.67909924
35.78171107
35.78885063
35.80212425
35.80773186
35.82958020
35.98012396
36.16700205
36.28492310
36.30514262
36.46276073
36.68573241
36.73626522
37.00896639
37.01944726
37.07228416
37.28458998
37.31782413
37.45063651
37.75712292
37.76409901
37.94227614
38.04216764
38.09837411
38.20922747
38.35579501
38.43337777
38.66342502
38.82156016
38.88377678
39.10629361
39.15235234
39.17076993
39.36695625
39.40444861
39.43412989
39.55091769
39.55441049
39.85053760
39.96423469
40.02029857
40.11199567
40.14802682
40.38837692
40.53544425
40.58665276
40.67270604
40.79777328
40.82803768
40.83502344
40.85036158
40.90321471
40.98832953
41.01662306
41.09867136
41.18223306
41.23229306
41.27692190
41.39487379
41.42365800
41.51012069
41.52655707
41.58655246
41.68051077
41.69488013
41.70537539
41.82988287
41.84101610
42.04116125
42.06187685
42.07913495
42.27955518
42.41501232
42.59111126
42.67502820
42.72260242
42.79814578
43.02467830
43.22876803
43.26195286
43.37243513
43.40357886
43.41846511
43.62491781
43.69867169
43.72965287
43.83559134
43.89651521
43.98633408
44.06261922
44.09810529
44.25426148
44.34334467
44.42751642
44.93396223
45.15205512
45.38083039
45.40893784
45.54395264
45.63476810
45.79002899
45.82619162
45.90249869
45.92619364
45.95061747
45.98057912
46.03934501
46.04532180
46.22301812
46.23006891
46.37839223
46.38348106
46.39305903
46.42306246
46.43039924
46.43108738
46.43404335
46.50860634
46.54464459
46.75869770
46.86588154
46.87002324
46.92016545
47.07633679
47.07826174
47.17883625
47.20528351
47.41357762
47.47578009
47.79456978
47.88657299
48.00317554
48.00674219
48.08550389
48.18356748
48.28852765
48.35390578
48.40692427
48.44275735
48.45914766
48.46994448
48.59797451
48.61915242
48.71619067
48.75865327
48.76298636
48.87161350
48.97017130
49.08237402
49.11980400
49.16112458
49.25064221
49.38975297
49.45104521
49.96960155
50.08257282
50.10741727
50.18389115
50.40283241
50.49195156
50.51569379
50.66481691
50.70949996
50.81879257
50.96118715
51.23046738
51.27326543
51.30107166
51.33476956
51.43538724
51.44356808
51.48538463
51.51237571
51.56397777
51.60295276
51.69098747
51.83580968
51.83629199
52.17637722
52.23360755
52.26442187
52.27463076
52.33153625
52.37736535
52.52139193
52.53321220
52.65777212
52.71247662
52.75526211
52.78059065
52.87561594
52.87585798
52.90901159
53.13301131
53.28666690
53.34405541
53.49228109
53.50531388
53.58010371
53.70751596
53.82503453
53.93244600
54.06638314
54.07296510
54.08803293
54.20104022
54.20282228
54.25103662
54.36181274
54.36370041
54.36509789
54.43573453
54.44501684
54.48815486
54.48930382
54.50812463
54.51587391
54.52497625
54.56881209
54.62949482
54.64145214
54.66983097
55.03947557
55.05038550
55.05300693
55.07852433
55.08222185
55.19704713
55.30456408
55.56017125
55.66651882
55.71587090
55.77118475
55.79174312
55.79243910
55.87253016
55.88228899
55.89044572
55.91652446
56.07099384
56.13030579
56.20747201
56.22355604
56.27896294
56.31478562
56.48394449
56.63605283
56.73478368
56.79910665
56.86257872
56.92187794
56.92324455
57.24100603
57.41978930
57.59858452
57.77754642
57.78741309
57.89302748
58.06155966
58.07163152
58.15193285
58.26727897
58.31057633
58.34338744
58.34342044
58.46993838
58.49609422
58.60603805
58.62231312
58.63921774
58.70558161
58.82233617
58.83039104
58.83495260
58.86049652
58.94350391
59.07180548
59.22448083
59.46648458
59.50387408
59.51189902
59.57830514
59.72269776
59.75885782
59.78012324
59.79360076
59.81939501
60.02859114
60.07184631
60.26826485
60.37551885
60.42794286
60.60577184
60.62794524
60.80492460
60.83258596
60.93773227
61.01435299
61.12130948
61.22517035
61.23031668
61.27539378
61.33096118
61.53983003
61.57153074
61.76026072
61.86857591
62.00016193
124.00000000
