0.01761459
0.07268383
0.13353960
0.13896930
0.17074217
0.18443727
0.19901238
0.28924933
0.30753716
0.55405930
0.60417404
0.76036488
0.77248989
0.79079181
0.83145914
0.90547415
1.08078653
1.16954740
1.18598641
1.19406246
1.19835968
1.24863638
1.29369348
1.35190705
1.42715844
1.53034378
1.61165036
1.65938405
1.72950183
1.76979753
1.79516561
1.82691160
2.04178432
2.05419024
2.29127341
2.29690004
2.34419315
2.36242568
2.58402780
2.74194111
2.84928799
2.90323468
2.98954273
3.09365837
3.17068684
3.23192733
3.33432275
3.44653551
3.56357714
3.57312265
3.57680324
3.58825427
3.59497916
3.83209504
3.86518921
3.86559949
3.93840175
3.94409181
3.98904203
4.07203894
4.09051558
4.09244913
4.15754706
4.16886457
4.17364373
4.19942800
4.34633091
4.38694941
4.49344236
4.51793712
4.70866765
4.87883531
4.97615237
5.03419265
5.07375941
5.14399777
5.14786350
5.29842893
5.42265913
5.72893923
5.76579521
5.89852480
5.91173457
5.92719240
5.94304418
6.02619903
6.02813776
6.14323408
6.19261635
6.21474024
6.27375741
6.52701161
6.74464923
6.80530882
7.03307031
7.06671812
7.22377789
7.43270547
7.85769604
7.85797160
7.88384211
7.89280557
8.02874111
8.12198539
8.35506746
8.41952439
8.43604836
8.49471317
8.61135937
8.63061663
8.69468265
8.80064873
8.81502643
8.90582111
8.90943705
8.96247797
8.98631339
9.14043852
9.15692967
9.22729940
9.23592996
9.35068090
9.43484230
9.59318275
9.65789505
9.75917147
9.77276089
9.82109860
9.95712975
10.00731266
10.14923102
10.18646918
10.23006492
10.23905598
10.30477264
10.36919424
10.51046471
10.59742567
10.61024054
10.61445589
10.75605569
10.89325490
10.91516473
10.93046114
10.94329007
10.94364602
11.08569241
11.37869538
11.49931028
11.51764049
11.60826212
11.65201198
11.65519721
11.68760711
11.70949255
11.70951087
11.74251231
11.79225201
11.91003984
11.91185424
11.96149026
12.13159958
12.14560499
12.17292936
12.24376868
12.45539462
12.45928059
12.46520488
12.50332668
12.51890497
12.60238025
12.69128053
13.01224016
13.31633943
13.36033967
13.54664229
13.60475558
13.61081760
13.75257390
13.90778396
13.96010761
13.96560422
13.99022629
14.00432019
14.15127956
14.36149524
14.37347408
14.38280746
14.40285739
14.61647099
14.65910969
14.73517709
14.81847749
14.89731551
14.92087842
15.25386928
15.28479090
15.54840375
15.59329650
15.65699375
15.73900819
15.82941040
15.91993504
16.04289394
16.09098773
16.12870741
16.14853107
16.40776160
16.45437202
16.55346353
16.58258956
16.84731177
16.98273236
17.06119946
17.14191091
17.16135894
17.29564835
17.48291815
17.60208911
17.64629853
17.66754165
17.67126919
17.68745331
17.70559393
17.72874777
17.84728103
17.91486401
17.95213080
18.15355664
18.29243533
18.35474554
18.39040160
18.53885447
18.54344191
18.57647455
18.61107521
18.75705193
18.82445767
18.82827700
18.89205039
18.92447638
18.94905755
19.25415377
19.39334793
19.42909895
19.43560226
19.52526148
19.54023954
19.87190893
19.99995535
20.08393720
20.21717577
20.22106227
20.29232940
20.49074969
20.61333473
20.61881502
20.72941256
20.86332095
21.10387464
21.12520709
21.13891104
21.14311524
21.26049593
21.26612938
21.57238115
21.72766166
21.77284263
21.86388121
21.93919095
22.02130113
22.05996609
22.07033897
22.15629153
22.34530947
22.43067207
22.50902697
22.54925159
22.55905786
22.60390034
22.66626314
22.74149141
22.79496282
22.95742756
22.97034253
23.06072850
23.10492169
23.24399469
23.36071442
23.55374720
23.78804847
23.81603102
24.04512801
24.04745001
24.15845081
24.31087089
24.31504348
24.35260138
24.36765510
24.39125133
24.40848233
24.41258983
24.44097932
24.50757995
24.61604250
24.67654233
24.69097181
24.69164598
24.70508331
24.73928786
24.75053884
24.78165373
24.85460560
24.92388845
24.94110920
25.04485792
25.16018684
25.25263539
25.27022411
25.29850883
25.29929001
25.33274712
25.35344752
25.68648045
25.75066683
25.78682512
25.86540084
25.97764831
26.05441537
26.09284788
26.24596938
26.28317993
26.28436909
26.30598025
26.72596109
26.81898640
26.96620877
26.96889160
27.00458944
27.02905326
27.16944435
27.27217155
27.27397272
27.34101075
27.61851807
27.66467741
27.70619980
27.74310550
27.83785115
27.89720330
27.89994209
27.96508210
28.10258973
28.13439496
28.14512116
28.22131686
28.34603950
28.37619481
28.39360897
28.51969497
28.82111450
28.89192750
29.01685498
29.09877899
29.29918162
29.38000939
29.41003727
29.53787014
29.55260339
29.56726461
29.58217048
29.63902220
29.77850755
29.87506654
29.87978196
29.89422323
29.90456711
29.92020364
29.93682328
29.97667809
30.20698832
30.24095399
30.26041171
30.29634117
30.30757289
30.34108567
30.37307505
30.43618564
30.65232784
31.01589962
31.06467042
31.15496943
31.30385856
31.33613131
31.36300120
31.40763265
31.56784865
31.57924366
31.59338235
31.66368090
31.66436620
31.67321864
31.72050176
31.84739730
31.96911785
31.99018944
31.99139231
32.30646471
32.38304703
32.59691420
32.69385573
32.81270058
32.83477987
32.84281412
32.94232660
33.02982801
33.18499487
33.40546856
33.49088689
33.51760204
33.52248004
33.71977176
33.72562710
33.76285593
34.27005034
34.30895314
34.57936805
34.63469230
34.76898536
35.02081147
35.07835377
35.08935339
35.20981349
35.35690527
35.35863442
35.52986372
35.63120780
35.87886588
35.97382875
36.00929295
36.03955125
36.13144565
36.16256111
36.22377825
36.34634643
36.35339911
36.38658487
36.42438079
36.52715995
36.55180019
36.62990576
36.63039133
36.68592694
36.87781042
36.90376061
37.45345066
37.47200157
37.55405111
37.59723780
37.74137925
37.75796758
37.77267657
37.81744611
37.89503004
37.90493603
37.98042394
38.13089668
38.14598068
38.19297088
38.19313239
38.22736519
38.28833209
38.32839687
38.35117266
38.48997037
38.69443877
38.87680938
38.91342352
38.98029843
39.03362970
39.17714826
39.20585902
39.31807652
39.34104961
39.64258499
39.66160374
39.66331875
39.72324584
39.78486962
39.78545005
40.02075343
40.25473083
40.27750145
40.32027257
40.33937720
40.38667189
40.42801407
40.43592730
40.44611818
40.88670920
41.08793065
41.13839622
41.23244327
41.33011713
41.36480337
41.43254011
41.47619164
41.60043349
41.71815418
41.73460023
41.74725836
41.83969479
41.95420473
41.95827666
42.33242180
42.36074556
42.43940929
42.65577714
42.84469245
42.96752169
43.13654539
43.13779804
43.18430946
43.26015507
43.30235103
43.55048313
43.65915944
43.66676121
43.68072272
43.79135453
43.89306660
44.00972664
44.01798645
44.07458281
44.16374022
44.18322381
44.53405462
45.14776630
45.23496564
45.25153980
45.25694805
45.30642827
45.37563337
45.39550969
45.43864737
45.53269898
45.61697644
45.66883286
45.74054476
45.75207888
45.82389231
45.84775809
45.95837269
46.08984748
46.26984549
46.40448945
46.41718105
46.43661221
46.43799179
46.56677860
46.66197859
46.66652579
46.66868811
46.73914296
46.84136541
46.91297834
46.92074820
46.97032231
47.00552745
47.03924961
47.04812319
47.14104815
47.16252403
47.16481430
47.18861882
47.19261972
47.23843938
47.56345309
47.57046019
47.86628832
47.87301853
48.04964969
48.08845487
48.16267181
48.19797111
48.32702278
48.37717651
48.39636997
48.48436382
48.55820547
48.70018339
48.85247826
48.87028953
48.90277899
49.10937529
49.23427825
49.23592646
49.36115778
49.51171625
49.85971513
49.86341673
49.88841292
49.90744917
49.92173576
50.03419276
50.15552196
50.17189862
50.17409418
50.21628219
50.23001802
50.30107987
50.37945396
50.52792629
50.81368042
50.81923110
50.81968854
50.86672829
51.01928778
51.01952664
51.07927581
51.17729015
51.35402542
51.37322382
51.51719520
51.54775288
51.58751963
51.61934733
51.67520394
51.75754207
51.82657941
51.86593199
51.91611985
51.92627697
52.00977341
52.08677438
52.15731867
52.30858360
52.31325719
52.32142843
52.33853849
52.45747667
52.48935464
52.50990185
52.54787997
52.57255647
52.64293227
52.70386549
52.74331308
52.75952591
52.79895605
52.84145768
52.91816667
53.01574359
53.05300259
53.06066645
53.30759961
53.51534958
53.55105656
53.57379175
53.70841226
53.79000374
53.88565775
53.88719587
53.91515812
53.93555209
54.00440879
54.20531604
54.21552517
54.49398489
54.51466233
54.52695413
54.79839199
54.83410715
54.85074597
54.88619423
54.99706704
55.33017114
55.44627597
55.44700327
55.50912242
55.62199414
55.74024447
55.79380409
55.94403561
55.99070270
56.03430912
56.17453703
56.25422779
56.27914256
56.55320679
56.56854901
56.74463061
56.79055552
56.89380525
56.89529902
56.93086627
56.93478165
57.18281801
57.32460069
57.34875442
57.43362029
57.43531356
57.48968720
57.68489656
57.68882369
57.72843788
57.75927241
57.80232191
57.84355610
57.86693259
57.88341120
57.97571910
58.00171933
58.07351457
58.22469705
58.49639417
58.62121729
58.68558916
58.76177178
58.87609431
58.97473728
59.14729683
59.17195886
59.20147739
59.27838632
59.51489559
59.80788725
59.98107577
60.21098597
60.28071484
60.30344946
60.38375341
60.53097613
60.57401707
60.61871113
60.68699322
60.84116704
60.85670647
60.93140904
60.97126286
61.01366629
61.06692579
61.08103980
61.10046855
61.32078600
61.33424098
61.33997884
61.40676464
61.51406738
61.62414614
61.69940492
61.70806161
61.75353559
61.77832882
61.98379677
62.18002721
124.00000000
