0.05238313
0.05828874
0.13756553
0.13819320
0.28644055
0.35267823
0.39678601
0.41722071
0.45114328
0.45281677
0.53607941
0.55158772
0.60521856
0.63864912
0.65408175
0.69991371
0.73481549
0.78371098
0.82014650
0.84356165
0.90233865
0.99571857
1.06607812
1.12290036
1.20672263
1.22350472
1.25336927
1.29138502
1.31429726
1.34185874
1.39870160
1.50574608
1.55542642
1.61894239
1.69090549
1.77148768
1.86783782
1.87356527
1.91330408
2.28905392
2.29570973
2.36087369
2.72221409
2.73548634
2.82980795
2.90181517
2.95212657
2.99323678
3.09507028
3.12370206
3.19006616
3.40400331
3.51943637
3.51949880
3.69280542
3.74903413
3.86488400
3.88719758
3.91932227
3.99271489
4.00271735
4.02203894
4.17936170
4.47187025
4.63725249
4.72380512
4.77249266
4.78870173
4.78877546
4.95693399
5.00595672
5.14952967
5.25928064
5.28338611
5.29659185
5.72233760
5.87515824
5.96112979
5.99395823
6.02813776
6.03450374
6.03810588
6.11736533
6.17100666
6.20756915
6.42800313
6.43260385
6.43749039
6.45920351
6.58936289
6.67352656
6.69917578
6.84961915
6.84962732
6.85618826
6.99704149
7.05462920
7.13744494
7.17484561
7.23894951
7.38515062
7.39593041
7.44212684
7.46811728
7.47607940
7.52515153
7.53262081
7.63502519
7.69124439
7.92514110
7.93409687
7.94041481
8.01489177
8.06208072
8.07318602
8.09388033
8.16198435
8.16987896
8.27604013
8.30940243
8.33891810
8.60245538
8.61126697
8.71939679
8.82661780
8.98801623
9.03136740
9.09711063
9.29324908
9.34598768
9.41337780
9.43520279
9.48849678
9.61536034
9.61605158
9.66377699
9.76537397
10.07167902
10.07898997
10.16629345
10.18630469
10.41361553
10.46502500
10.59466108
10.59544918
10.66865673
10.68615288
10.79733707
11.15173723
11.16120337
11.28632506
11.30881197
11.43705260
11.54907360
11.62798507
11.73303331
11.79871093
11.85593248
11.91256568
11.99162126
12.27472152
12.28249869
12.38386238
12.42491800
12.45299099
12.59674517
12.60005935
12.62425809
12.72158532
12.73805571
12.76158762
12.86145917
12.94496113
12.98572968
13.03564972
13.19019895
13.21234619
13.45908475
13.51711631
13.65246753
13.68181684
13.68569687
13.80847598
13.87514368
13.95990674
13.99516809
14.04380655
14.08488750
14.26664240
14.49057040
14.51408507
14.52176209
14.56680312
14.80593105
14.85044554
15.22041205
15.46323277
15.49223481
15.58346314
15.71193821
15.91354547
15.95821302
16.15298311
16.40139073
16.57118475
16.61002108
16.84316974
16.88712091
16.90089618
17.30661742
17.43999096
17.47847652
17.47915105
17.48550657
17.62191500
17.65831433
17.96755809
18.07352041
18.15233214
18.18974557
18.30231528
18.44713345
18.45917067
18.49402270
18.64433894
18.65024964
18.82735038
18.98099235
19.01965412
19.03604928
19.09652831
19.17306632
19.27055243
19.30208697
19.33706707
19.38363416
19.39334793
19.43951225
19.47394223
19.48389524
19.61539234
19.79588429
19.87372839
19.97573838
20.04725401
20.18851453
20.30011506
20.56326246
20.60936220
20.69799808
20.71924974
20.77298556
20.80577384
20.92007953
20.93140362
20.98019791
21.11903758
21.17388625
21.19050548
21.19919103
21.42682796
21.49408992
21.62626548
21.67252948
21.82504897
21.98739964
22.01264486
22.03693180
22.21152395
22.27798173
22.32548736
22.34732402
22.54076258
22.75290139
22.81843112
22.82648332
22.87437861
22.88662381
22.90554625
22.91200814
22.94651887
22.96446187
23.01728252
23.02056058
23.26193184
23.42988542
23.43783286
23.53645050
23.69750688
23.71469485
23.80691324
24.00556105
24.01848661
24.26057379
24.27305420
24.38114312
24.52978341
24.67066136
24.73312242
24.89619709
24.90271143
24.95412262
25.15451621
25.21429757
25.29749214
25.48789782
25.53615679
25.60069495
25.63725790
25.63965152
25.83679188
26.07085612
26.23960567
26.29850912
26.32907062
26.36418858
26.39241162
26.39599824
26.50736774
26.58007653
26.64094460
26.66154126
26.67073703
26.80932668
26.88331433
26.99234427
27.13795346
27.16425741
27.19272656
27.20776592
27.31737952
27.33178460
27.41028589
27.52340160
27.58006199
27.68537406
27.71368801
27.83481861
27.98178274
28.02402792
28.09646856
28.13208521
28.23755412
28.29211602
28.39068926
28.39148154
28.54348198
28.56003490
28.66963638
28.69633951
28.76578815
28.77428777
28.79113689
28.88950756
29.01072444
29.30443272
29.35009936
29.42590222
29.52644462
29.57581948
29.65360469
29.77696666
29.88998036
29.90528591
29.93178831
30.02304728
30.13696221
30.29307723
30.37783701
30.51655168
30.61673262
30.63253983
30.73441731
30.87485775
31.05271341
31.05276615
31.36477882
31.42631758
31.55510905
31.72708871
31.84564308
32.01391145
32.04402399
32.16519624
32.29887078
32.33326855
32.68177376
32.73421382
32.81561951
32.86418649
32.90509083
32.97712170
33.39734385
33.40434973
33.54958457
33.59948255
33.84149855
33.92865649
34.16999199
34.17142836
34.29135178
34.33436118
34.34325293
34.42544007
34.43875377
34.53167517
34.60514509
34.66157763
34.74510959
34.75892160
34.94821266
35.08898120
35.13395699
35.17246462
35.20171449
35.30708982
35.33436004
35.38284929
35.47274764
35.49329003
35.51119423
35.63373024
35.72906774
35.74375730
35.78302660
35.89291157
36.01545518
36.04816500
36.25582978
36.31018608
36.44236727
36.45538232
36.47378979
36.55280672
36.69192970
36.73144583
36.96824712
37.02140788
37.02454622
37.38902560
37.39076806
37.40209507
37.60398062
37.67086431
37.70363394
37.76151446
37.81083964
38.02497006
38.06622633
38.15660711
38.38474372
38.42525285
38.44851067
38.51931207
38.54868186
38.57096054
38.58258074
38.60605138
38.69675729
38.71308021
38.80398512
38.88763216
38.91972306
38.95767507
39.08180035
39.13627256
39.15938852
39.26676048
39.28214072
39.31431549
39.50075998
39.53952730
39.74221420
39.81109208
39.85053760
39.91446466
39.92557665
40.09032426
40.15543689
40.19209160
40.21058829
40.21827308
40.28889914
40.34415375
40.48934010
40.65254556
40.85485707
40.92112679
41.01178888
41.05172201
41.25172186
41.34138512
41.35304076
41.65491721
41.72332619
41.81231902
41.81979669
41.88754212
41.93745040
41.99212441
42.00085624
42.13047511
42.13606074
42.24184004
42.25556865
42.30337230
42.39849945
42.67945249
42.68448660
42.85759860
42.87621601
42.90780227
42.96345941
42.96664729
42.97669532
43.13805506
43.16831218
43.20669701
43.22504250
43.30454535
43.33978266
43.42784452
43.48792033
43.63588194
43.73901977
43.86531213
44.09963891
44.21423499
44.26838809
44.42353879
44.46621077
44.53014966
44.67823571
44.80255193
44.96920872
45.08958005
45.11367783
45.22624051
45.25411583
45.33598356
45.63093595
45.68492130
45.89129327
45.91357501
45.92951808
46.00888396
46.03797098
46.05329692
46.11832117
46.13788355
46.26723321
46.35279836
46.45141382
46.64115177
46.77798842
46.87474519
47.02063287
47.04761343
47.18928467
47.25815521
47.27483358
47.31810449
47.36018895
47.39494884
47.44085215
47.47556118
47.48952924
47.51529900
47.60491544
47.74044950
47.78695189
48.04814598
48.20152889
48.29956882
48.30712058
48.34528040
48.50047902
48.52038349
48.88716643
48.90699593
48.94291148
48.99578393
49.04305731
49.14931288
49.21830654
49.22181029
49.40039466
49.40699761
49.49381810
49.57372008
49.58618607
49.70509532
49.79796815
49.80520575
49.81848436
49.89103687
49.90547844
50.00126313
50.03202686
50.07129922
50.18434348
50.49201976
50.52558258
50.61569346
50.63878439
50.81462454
50.94655264
50.96697558
51.09149540
51.16449552
51.25283565
51.42285632
51.49141264
51.60653742
51.78240279
51.82126550
51.86571214
51.90572179
51.90818552
51.91771753
52.04277830
52.09218281
52.44129711
52.47896287
52.52745734
52.56509680
52.77192249
52.98442019
53.20243296
53.20428136
53.27439213
53.40803724
53.47312008
53.47599794
53.70330649
53.77437868
53.89376686
53.89889012
53.90225977
54.08388418
54.10737887
54.24574070
54.29124031
54.83410715
55.04358523
55.10030543
55.14609187
55.22224045
55.51308692
55.60423817
55.75186299
55.79392010
55.84932378
55.85569650
55.89979259
55.91608315
56.01967780
56.12213351
56.27880309
56.30362124
56.52426287
56.53376864
56.68222380
56.74166339
56.84793647
56.86008293
56.87415556
56.89604470
56.91574061
56.96441057
57.29680553
57.44318258
57.44731121
57.66257480
57.67292979
57.69339464
57.74174480
57.76718475
57.77407403
57.96910577
58.04825776
58.19343073
58.27822228
58.27876612
58.35062942
58.54409604
58.66599372
58.80322233
58.80648409
58.83449720
58.86070353
58.87539009
59.06206175
59.28157483
59.33106710
59.77110551
59.86036515
59.93987610
60.13661624
60.22966537
60.41753667
60.47402229
60.58959480
60.60298494
60.62265711
60.81369811
60.99750131
61.02665368
61.13555710
61.16476924
61.56342935
61.59018088
62.04370062
62.17715684
124.00000000
