0.01761459
0.22066744
0.24103631
0.29495045
0.34395321
0.41719565
0.54784858
0.57792797
0.59265131
0.69667974
0.74247250
0.99889283
1.03335521
1.12282159
1.18598641
1.22446928
1.40043139
1.53090406
1.72946376
1.74970638
1.76051164
2.11090641
2.23288661
2.33893581
2.57743308
2.58272601
2.73452451
2.74978480
2.76238654
2.79415608
2.79653506
2.93402366
2.95055747
3.02932394
3.20248040
3.47771920
3.64144195
3.70006312
3.80648164
3.82590530
3.82739799
3.87289789
3.88618011
3.90164455
3.94776750
4.00692620
4.06279724
4.22518321
4.26737072
4.30242645
4.41700424
4.47385878
4.51688059
4.52398775
4.56186734
4.61247034
4.62170197
4.68162747
4.79553963
4.87351102
4.94192765
4.98208577
5.35034715
5.38850802
5.49932762
5.52941848
5.66818814
5.90635574
5.93398379
6.06229969
6.07657014
6.30729761
6.41243183
6.59107862
6.61096837
6.69768509
6.93431762
7.01661919
7.10995283
7.17009938
7.29719947
7.68188937
7.72087841
7.72334443
7.78328262
7.95154207
7.97693736
8.06693569
8.09543351
8.15123521
8.15271931
8.17452365
8.24661482
8.26686546
8.35918712
8.39290558
8.45180119
8.47389781
8.53735364
8.61625465
8.82441118
8.82897493
8.93429579
8.95106072
9.03420523
9.06686193
9.10201190
9.12616975
9.26551504
9.58300758
9.81385284
9.90247850
9.96447674
10.02145459
10.07520098
10.23078742
10.43635691
10.45912027
10.62033039
10.88572768
10.96014656
11.03377525
11.07751601
11.13247168
11.22081682
11.28257957
11.36416154
11.37243127
11.42929909
11.45230299
11.51157745
11.51826851
11.59704233
11.61146213
11.73329661
11.80817886
12.01758142
12.06415881
12.10613150
12.25956592
12.32009183
12.34003594
12.35687720
12.36005593
12.36470201
12.55129750
12.62350181
12.66851211
12.70583037
12.83052958
12.89818272
12.90700145
13.01998617
13.15642875
13.24694963
13.24827434
13.31957095
13.44674919
13.50018550
13.64602745
13.71848643
13.89406679
13.92041130
13.96375119
13.97146836
14.39433557
14.53522768
14.61647099
14.73881397
14.74372104
14.81847749
15.00923250
15.17765381
15.19999767
15.33316602
15.44654506
15.48976625
15.50322454
15.60377939
15.93287453
16.04416557
16.04844897
16.09873444
16.10398482
16.10869231
16.15726577
16.17686344
16.37257166
16.38542112
16.42412056
16.44525948
16.47059808
16.58258956
16.66599134
16.91061304
17.06492460
17.08622693
17.10811794
17.11129420
17.20521775
17.22698746
17.27973419
17.28145275
17.76134077
18.12180892
18.17231269
18.36158356
18.36248439
18.43385867
18.50178586
18.61170189
18.65175029
18.71279057
18.75114907
18.84429285
18.93167365
18.98651765
19.01261342
19.04777208
19.20098595
19.21640040
19.24021895
19.29785431
19.44503987
19.84647459
19.88765494
19.96285993
20.02554575
20.31597191
20.31668470
20.32963645
20.34641466
20.40727732
20.40911890
20.56509298
20.61369999
20.61409253
20.65618845
20.73500780
20.73943091
20.82723669
20.99744855
21.00553930
21.04944439
21.09149739
21.23325086
21.27821122
21.29842919
21.39460862
21.56357783
21.77444498
21.90249052
21.91047697
21.92927539
21.93233000
22.06030255
22.23037553
22.27204489
22.29003061
22.36073558
22.47622020
22.61808350
22.86980430
22.95742756
23.00113579
23.03220966
23.22378530
23.24231157
23.26359321
23.37422399
23.49630773
23.54033527
23.55144355
23.57366851
23.59508182
23.69444253
23.94642213
23.96186046
24.03383170
24.09464812
24.14786769
24.22560108
24.28660644
24.35278648
24.39694053
24.47313431
24.53640258
24.55731016
24.57484318
24.61604250
24.61618563
24.66512547
24.68515800
24.70828295
24.76263643
24.87396867
24.91135149
24.91983057
24.94861423
25.11912968
25.13018536
25.37362637
25.43286965
25.50154755
25.52635734
25.59784174
25.63924747
25.75586085
25.81403977
25.88007408
25.88277814
25.94498218
25.94662738
25.94683681
25.98961600
26.05164232
26.06305551
26.07640852
26.42444788
26.49384710
26.52057336
26.53574385
26.78420131
26.86372325
26.92554436
26.97335427
27.21728889
27.25851253
27.56129506
27.66965231
27.71323899
27.73411082
27.77783890
27.89982087
27.98318652
28.01996778
28.21502276
28.22496951
28.28893472
28.37090627
28.45914389
28.50268286
28.54016965
28.72677065
28.85491376
28.88827158
28.91759492
28.95205985
29.05868742
29.08086872
29.11997302
29.18067678
29.24718388
29.35932820
29.47332550
29.60700907
29.67200209
29.70139188
29.71097525
29.76463634
29.78927403
29.83410813
29.88076155
30.08886189
30.30819704
30.35580463
30.40327077
30.51044565
30.51142809
30.51655168
30.63348119
30.67305514
30.77029756
30.82236848
30.82781122
30.87929206
31.00646567
31.10154209
31.11108474
31.13682264
31.20768128
31.29554611
31.33625251
31.40086084
31.70872736
31.75445759
31.81519858
31.83507719
31.90550163
31.96560744
32.21173040
32.25040860
32.30646471
32.55334254
32.61200876
32.62311070
32.63144360
32.69627318
32.70907503
32.74851916
32.76684849
32.82135429
32.87806878
32.96126500
33.17029818
33.27295261
33.38588765
33.38668885
33.45955412
33.48020934
33.58616768
33.65119183
33.81525329
33.83672174
33.92061013
33.92511007
33.92931723
34.00429213
34.38365175
34.40215238
34.44337443
34.46633943
34.58213211
34.58244598
34.64841293
34.70776221
34.76776420
34.76834840
34.84107207
34.85981313
34.92858941
35.03726988
35.05094004
35.15729711
35.17250211
35.22801437
35.27153485
35.29070433
35.37843102
35.53433412
35.68136731
35.87245837
36.03867974
36.23448681
36.24676910
36.27549048
36.35633819
36.41502421
36.43803385
36.48743205
36.48997385
36.49487287
36.53029303
36.53614219
36.64199404
36.67981857
36.72877532
36.74951063
36.83826443
37.00811661
37.11628369
37.20388371
37.48890832
37.72096250
37.76864828
37.97415144
38.04934041
38.29342135
38.30351446
38.34591306
38.62688420
38.70060455
38.73787466
38.86011486
38.86598304
38.92202652
38.94096900
39.01730134
39.05504123
39.10159569
39.11480532
39.19477200
39.22599346
39.27226363
39.29312646
39.46012547
39.76175848
39.99374509
40.10415155
40.13357758
40.18991680
40.25432959
40.29057613
40.47485032
40.49211027
40.59860871
40.62670665
40.83502344
40.83549048
41.31904826
41.43118586
41.43716144
41.44120662
41.51722369
41.63326018
41.66457214
41.69840633
41.76879243
41.92910518
41.96252791
42.04298356
42.24140767
42.39559140
42.55786284
42.56698545
42.71130516
42.89963735
42.97193160
42.98537594
43.11670723
43.14969641
43.21883773
43.43427224
43.49328444
43.50287951
43.74113383
43.83467381
43.97627760
44.31694557
44.59246621
44.60814650
44.62041700
44.74306522
44.74840649
44.78343215
44.79221475
44.92588514
45.08781017
45.09786552
45.21402019
45.41563593
45.45916470
45.53787645
45.66706661
45.73667796
45.81004040
46.15866845
46.17286294
46.33054630
46.36172583
46.38284128
46.45561313
46.46121909
46.52198603
46.52209656
46.63148349
46.63335511
46.73619174
46.85867021
46.89325960
46.90721773
46.94503536
46.96476768
47.00114981
47.12770623
47.30123177
47.53963985
47.61475403
48.00888073
48.14801859
48.40955760
48.49775919
48.50566816
48.52038349
48.60435580
48.62160182
48.71899214
48.82897769
48.84730572
48.87460010
48.94907320
49.01680019
49.02145696
49.06056810
49.20007183
49.24059368
49.28053893
49.43782841
49.57693705
49.75116624
49.78255055
49.86341673
49.86803029
49.88245622
50.05377128
50.08032014
50.08718098
50.14610539
50.18271464
50.31551049
50.47771041
50.48286430
50.53826343
50.65444528
50.66216077
50.70949996
50.80331160
50.81921963
50.91442191
51.10246513
51.27817266
51.35069422
51.40494862
51.49101952
51.49526327
51.57223562
51.61877106
51.63641405
51.72579775
51.93432445
52.05323038
52.06866486
52.07788690
52.11557571
52.30355367
52.32105947
52.39567695
52.45294047
52.47183466
52.55569741
52.60884152
52.68128600
52.74458863
52.81394571
52.90754410
52.91918538
52.97723004
53.05143459
53.12751906
53.17884027
53.28831525
53.30759961
53.30955302
53.31884248
53.50680328
53.69350816
53.77803742
53.78453825
53.93979175
53.96569265
54.14813814
54.16241390
54.25924474
54.28128322
54.28393790
54.41675243
54.48815486
54.70325066
54.83623487
54.88663779
54.93182468
55.01737271
55.18710419
55.20290537
55.31224912
55.31436377
55.34563202
55.34964573
55.80207736
55.87682791
55.88327076
56.06194216
56.12852932
56.24777704
56.26771781
56.28074964
56.28337787
56.31422824
56.46579396
56.47526027
56.59365214
56.70085065
56.71471228
56.79838950
56.82101022
56.85245045
56.88612867
56.89362156
57.02863455
57.03304529
57.04122018
57.13409651
57.17210949
57.25009754
57.28328779
57.52147794
57.57803364
57.62444662
57.89957385
58.02323977
58.03720607
58.05033877
58.19558113
58.27822228
58.42381551
58.42598818
58.67900233
59.02474942
59.20671122
59.24722447
59.30447404
59.50107003
59.57483397
59.61499022
59.86036515
59.87537507
60.03921256
60.07013327
60.07269823
60.13515979
60.31819886
60.33474616
60.35464961
60.64414221
60.70718553
60.70807302
61.24275663
61.42166310
61.54323185
61.68573290
61.95255745
62.02515735
62.06188722
124.00000000
