0.03231218
0.05389460
0.08394666
0.09273205
0.10582276
0.26457438
0.28264709
0.42659802
0.61855287
0.62848608
0.87379748
0.95409222
1.00624733
1.02805737
1.27762197
1.31487057
1.39924787
1.51102726
1.57677209
1.70392701
1.77486493
1.89590651
1.93707076
2.04300125
2.07516245
2.27492683
2.33648453
2.48069192
2.50129113
2.51338034
2.58251907
2.67585816
2.77601381
2.77609559
2.97637195
3.08084329
3.09996365
3.10348847
3.11759130
3.22350850
3.25236338
3.33654103
3.34006285
3.39207117
3.44766528
3.48909917
3.51519051
3.54164501
3.62214720
3.67727210
3.79643801
3.81277653
3.90297118
3.90645935
4.06899607
4.20439113
4.28419497
4.32531037
4.34244328
4.36382470
4.40771341
4.42816559
4.49785073
4.69620571
4.78886476
4.83267523
4.97672271
5.27905518
5.28608140
5.39878523
5.50413642
5.52026211
5.63251979
5.68989818
5.84656510
5.91954303
5.93212250
5.95223221
5.96733873
6.01434766
6.13485369
6.36591995
6.37975886
6.43239084
6.48780514
6.59555958
6.82978712
6.84962732
6.97179961
7.00924721
7.02457168
7.03478077
7.10015942
7.16018425
7.20538610
7.23178980
7.38659102
7.39495413
7.43272175
7.43387986
7.73986581
7.75353895
7.83731379
7.93487606
8.05404627
8.10277885
8.73137421
8.79558004
8.90582111
8.94287281
9.09818708
9.19415958
9.20160185
9.24394029
9.34061647
9.37140919
9.39866727
9.72379983
9.73679413
9.76119155
9.88388489
9.92484074
9.94665228
10.00359988
10.03295778
10.04361233
10.05806786
10.07247096
10.25373060
10.30192705
10.34867757
10.43039159
10.44999794
10.46969614
10.48286024
10.48891676
10.55243143
10.58884558
10.75208337
10.83882168
10.88431955
10.91278346
10.93976714
11.11632529
11.21553631
11.32382943
11.43672359
11.57778721
11.61973549
11.71125649
11.75278096
11.80817886
11.83862217
11.85593248
11.87156762
11.94251852
12.02804970
12.06922582
12.08523763
12.10448830
12.28249869
12.32009183
12.32180361
12.40430132
12.52630909
12.58053581
12.64149207
12.77328516
12.83350607
13.02922115
13.08615951
13.17003805
13.20695645
13.29364133
13.32544763
13.42678443
13.86244700
13.89256404
13.95184869
13.98992703
14.05042066
14.41218435
14.49057040
14.50209683
14.56741595
14.72920474
15.02720205
15.05554482
15.07411348
15.31652658
15.42142578
15.47363289
15.51585359
15.54981251
15.58720209
15.61112084
15.63549626
15.80128310
15.88867456
15.88913215
15.95733604
16.04248261
16.16365858
16.16870380
16.54488070
16.73631855
16.87450109
16.93986223
16.94975829
17.02633357
17.03331201
17.16135894
17.32294086
17.53986960
17.61326040
17.61940312
17.62520349
17.62718361
17.67648593
17.71394262
17.74531873
17.80582089
17.82667934
17.86872353
17.87699206
17.99247889
18.03544638
18.08985915
18.34477480
18.47209656
18.52572371
18.52860491
18.85775833
18.86849166
18.99865631
19.04238010
19.39221036
19.49013410
19.77499040
19.78293737
19.82997301
19.86444090
20.02686778
20.03364586
20.06376114
20.09199430
20.61409253
20.64989669
20.72343402
20.75940950
21.00338475
21.24518393
21.25279778
21.26964602
21.28724343
21.29774787
21.30622217
21.50256039
21.55332554
21.63857341
21.67551622
21.67776543
21.67877618
21.71394032
21.76864665
21.85187735
21.99034916
22.07033897
22.10291230
22.24010753
22.26758426
22.29861427
22.30017162
22.81843112
22.96446187
23.06620427
23.11998248
23.19708846
23.45281275
23.51481093
23.55538979
23.75421413
23.88702116
24.09188902
24.11118686
24.19626478
24.29159676
24.35175357
24.58633659
24.66371943
24.71775156
25.01745869
25.03872057
25.21429757
25.30070076
25.43301263
25.44293835
25.44302952
25.53940747
25.61499589
25.69863229
25.92549767
26.10645452
26.14688187
26.16518263
26.23314730
26.25706601
26.43639619
26.45864419
26.54275764
26.54911125
26.67482478
26.84468194
26.95306120
27.05603654
27.13413769
27.23960437
27.25772127
27.27292272
27.32641653
27.40631300
27.49860338
27.52152345
27.78872415
27.90167414
27.90946604
27.97630237
28.09881403
28.18785742
28.33246448
28.75696251
28.80396237
28.91136949
28.94458483
28.96023331
29.14193233
29.37679533
29.60752165
29.67103698
29.83802108
29.90451442
30.00752966
30.04835672
30.20528286
30.24423847
30.29038716
30.29064507
30.35414225
30.65202331
30.81755691
30.89821855
31.09635848
31.39626704
31.48643062
31.52760963
31.54767723
31.82018977
31.93893542
32.06016773
32.19874093
32.20856947
32.20986937
32.21457109
32.32305262
32.39522429
32.49236784
32.50959505
32.54561700
32.55873200
32.69138252
32.78716449
32.88062913
32.93114413
33.16529297
33.23965782
33.28770121
33.34664167
33.61373073
33.92058059
34.06792971
34.08808757
34.25473408
34.31023467
34.34325293
34.38960823
34.41025208
34.51209264
34.62634708
34.63276278
34.70421697
34.72872636
34.82245804
34.90366210
34.95091839
34.99493557
35.07152932
35.18652678
35.27700512
35.28493657
35.30266471
35.33620064
35.35686812
35.37860091
35.38049724
35.38622922
35.46284922
35.47270079
35.47490494
35.74006390
35.80510161
36.02876963
36.04220275
36.05998066
36.12306870
36.17844007
36.18602316
36.27090880
36.32286339
36.35994958
36.36364534
36.37611142
36.48425902
36.49027017
36.55989617
36.57812847
36.61366061
36.62646477
36.67287792
36.67590011
36.79402469
36.80857155
36.86341311
36.97621093
37.00229884
37.09100131
37.10470933
37.23499423
37.36034010
37.40547805
37.51331478
37.61310310
37.85030841
37.93973768
38.01096504
38.33087629
38.34167985
38.43398789
38.69359784
38.70967254
38.72928249
38.75437532
38.78916543
38.99205806
38.99427915
39.00967928
39.05473695
39.08482725
39.17853507
39.27993454
39.49084759
39.77687411
39.85064778
39.86719568
39.94607580
40.00141690
40.00954357
40.41085151
40.65543855
40.75604077
40.76853199
40.82926477
40.92645042
40.95860772
41.00223432
41.19969698
41.29115106
41.30249268
41.36327002
41.37536577
41.55903388
41.65231862
41.68226750
41.81082172
41.82628596
41.88928136
41.98488865
42.00460775
42.00982045
42.01810118
42.04063575
42.24285550
42.41780939
42.64292942
42.69208236
42.79691739
42.81977423
42.82615270
42.95159093
42.96924735
43.12735842
43.19013992
43.26492558
43.49555709
43.49955624
43.51680568
43.66078669
43.66210384
43.70000320
43.83679466
44.29274379
44.29702834
44.40708804
44.43067213
44.56723154
44.66172413
44.85295309
44.90319606
44.94676271
45.00381650
45.10324657
45.11301477
45.11879184
45.12041776
45.23801623
45.24988570
45.38897156
45.47804754
45.50926310
45.55873153
45.85345037
46.30284875
46.36309817
46.37007754
46.45866206
46.48073592
46.54464459
46.82889090
46.83448278
46.89325960
46.97032231
46.99420301
47.04410477
47.22219483
47.27300251
47.28285643
47.36895386
47.37082519
47.41789428
47.52677620
47.69887649
47.70810970
47.80305764
47.81076115
47.83420022
48.05851693
48.09089172
48.09914682
48.09921536
48.10255350
48.28733821
48.29286125
48.33010313
48.40114539
48.44873400
48.74895640
48.89145331
49.01108948
49.01806620
49.22248604
49.45642940
49.50624284
49.59687408
49.74761654
49.78349087
49.78606690
49.86335192
50.02681122
50.08948693
50.24494894
50.34372448
50.46485996
50.50638963
50.53177700
50.58254613
50.78557531
50.79843830
50.98722633
51.06370469
51.08436185
51.13269067
51.18159773
51.20703331
51.34903268
51.37200646
51.75991017
51.77322864
51.91771753
51.93979428
51.95927254
51.97755639
52.01462898
52.17956909
52.31895985
52.42942202
52.60878321
52.68237997
52.82792556
52.83305154
53.07836342
53.14862561
53.20128703
53.24265943
53.37716579
53.41406671
53.41902402
53.45316495
53.56203481
53.58213372
53.66720019
53.67321449
53.74243829
53.76337251
53.87132111
53.92449126
54.01341673
54.38321317
54.58925088
54.61872984
54.85987570
54.91228688
55.08160799
55.12570762
55.19764679
55.34807017
55.35931080
55.38513314
55.39941866
55.43731371
55.48155702
55.49848444
55.53003910
55.63259972
55.84966826
55.88001548
55.90295400
56.04713998
56.28337787
56.28617288
56.31984995
56.43763462
56.46514018
56.48798423
56.49664774
56.53206110
56.62816090
56.63047130
56.70828384
57.03061003
57.07947693
57.08056018
57.10287774
57.17416512
57.18152718
57.19200534
57.27199531
57.27412806
57.43398235
57.46369149
57.46874723
57.59335598
57.62905460
57.94620125
58.28888919
58.35062942
58.43695659
58.57295094
58.60563988
58.74512218
58.84778659
58.87539009
58.90069604
58.91140049
58.95364844
59.06805809
59.27981795
59.29325275
59.43595839
59.44579941
59.92187554
60.07720946
60.14888169
60.20012833
60.25081012
60.35947607
60.36360037
60.52832864
60.70241813
60.75476100
60.90404156
60.98479315
61.04168958
61.15273963
61.23031668
61.32182126
61.40566425
61.46166511
61.47671775
61.53698748
61.58677379
61.66032852
61.79068556
124.00000000
