0.17756430
0.32995614
0.34123934
0.53681517
0.75764677
0.82532722
1.00205404
1.00869143
1.03162722
1.08235498
1.24946396
1.32573549
1.42673069
1.43041597
1.43154387
1.50152646
1.50716163
1.55178716
1.57560339
1.60461928
1.69762563
1.70946504
1.71738138
1.76174268
1.80864784
1.84815082
1.94374533
1.95855839
2.01747671
2.07423579
2.08384910
2.19240339
2.27882541
2.49061292
2.58289093
2.67794884
2.74246261
2.75232080
2.91871223
2.92868023
2.99521061
2.99989194
3.00904701
3.01505722
3.08084329
3.25016091
3.47119514
3.60622143
3.65901327
3.67540219
3.71825654
3.76876899
3.95937390
4.02203894
4.17572290
4.23696563
4.25558391
4.27634356
4.32263455
4.45719753
4.51729833
4.74688379
4.82264227
4.89399702
4.93342123
4.95611694
4.98559642
5.01111690
5.09391743
5.12622299
5.24252353
5.24685556
5.29459226
5.45076065
5.62476395
5.78474350
5.90635574
6.01687297
6.02238236
6.04617368
6.23357197
6.47669649
6.51303299
6.54931416
6.64730540
6.70549267
6.74464923
6.83455677
6.85591710
6.85618826
7.10195866
7.17264959
7.18006039
7.29019795
7.41193419
7.48223153
7.48744397
7.54777592
7.72114658
7.72664038
7.77175908
7.94886043
7.99130102
8.09380255
8.14937576
8.24656267
8.48905548
8.54007719
8.54424450
8.55046699
8.58719256
8.97067056
8.98433746
8.98756354
9.06585686
9.26361808
9.42172799
9.50370060
9.53602837
9.55091364
9.65920759
9.78492467
9.80171676
9.90079358
9.99226417
10.02535350
10.03506335
10.04361233
10.16018567
10.37923727
10.47563399
10.54819639
10.63926694
10.85765286
10.90923566
10.94329007
11.01154323
11.08988961
11.32437223
11.33360218
11.51489166
11.57778721
11.71994007
11.98357546
12.05411419
12.08878658
12.13982160
12.23592494
12.28122228
12.30777620
12.32248176
12.34316252
12.35055123
12.41607630
12.55893907
12.57602227
12.60238025
12.66794455
12.73475263
12.91012307
12.95290620
12.98360766
13.14719713
13.21247713
13.26928134
13.33746507
13.49225088
13.54446858
13.57741514
13.61481208
13.63660225
13.64376661
13.69922178
13.72323671
13.84516059
13.91900470
13.98992703
14.24215335
14.44383465
14.45053469
14.50446007
14.65652540
14.70674789
14.81136634
14.87986120
14.88698043
14.94392936
14.95051036
14.96470144
14.98794594
15.17765381
15.18752225
15.20687526
15.32714906
15.39223651
15.48885361
15.51959072
15.62922530
15.63625929
15.84897065
15.90946249
15.94346081
16.15726577
16.18470418
16.19270737
16.23838151
16.25505510
16.31703591
16.37354913
16.45045737
16.60550273
16.64498305
16.72844846
16.80015078
16.86855855
16.95988269
17.15629933
17.16884623
17.31789724
17.33710461
17.38559399
17.45286808
17.54501924
17.67617502
17.67959330
17.70559393
17.78569201
18.01601191
18.21993132
18.26463226
18.30677182
18.33801314
18.38420424
18.44150861
18.49487967
18.49739969
18.52572371
18.56955793
18.63732852
18.66727032
18.89205039
18.94517002
19.09085085
19.28800704
19.29799472
19.55655142
19.95544323
19.96285993
20.01197792
20.22012745
20.47989100
20.54142875
20.54299957
20.74055534
20.74617445
20.74941220
20.90663620
20.93479340
21.03683581
21.04272263
21.05665458
21.11008129
21.12452126
21.30354135
21.34014133
21.34363929
21.39624309
21.41073680
21.43242456
21.46234028
21.46695054
21.49410794
21.57670324
21.71041168
21.71860990
21.86291168
22.00536044
22.09648838
22.20236129
22.29949137
22.31038415
22.52429004
22.54480995
22.56892855
22.62877470
22.68307338
23.01821840
23.04709562
23.05131580
23.10163508
23.25116296
23.26032636
23.41545029
23.52698832
23.58596025
23.61509856
23.72436167
23.72735735
23.93070683
23.94275976
23.94801260
24.08515165
24.26621518
24.35677728
24.56536393
24.56567648
24.73571589
25.11126932
25.20260200
25.38624534
25.46321136
25.61265416
25.63965152
25.64323956
25.65043094
25.67322461
25.84658949
26.09726514
26.18463746
26.18647025
26.18783937
26.47566925
26.57316863
26.58559897
26.59303383
26.73365286
27.04191848
27.15644411
27.17315533
27.33132769
27.60876968
27.63183374
27.82123913
28.01677300
28.10865721
28.12896205
28.13281762
28.27352100
28.37135954
28.44081184
28.59210825
28.73721382
28.84274811
28.89192808
28.90749795
28.94141956
29.01265446
29.14231813
29.35287256
29.41477629
29.43728789
29.56974489
29.59011402
29.63263672
29.81032304
29.86250975
29.87248237
29.97719576
30.07024678
30.19510883
30.21547089
30.21872115
30.34685483
30.35414213
30.39335027
30.40969115
30.46986415
30.49421150
30.66491030
30.66540186
30.72564464
30.74905244
31.00908811
31.01716345
31.04237503
31.23656062
31.31604118
31.32155050
31.50655441
31.77690174
31.89377824
32.05602595
32.23699710
32.29025159
32.33115705
32.34036355
32.45466808
32.60694211
32.75445777
32.77965807
32.82241117
33.08943483
33.12501736
33.15155178
33.17991774
33.26484985
33.38365987
33.40434973
33.51389296
33.54403301
33.61782388
33.67491833
33.89471549
33.91206292
33.95667919
33.97562928
34.03586369
34.25802083
34.33631517
34.34550973
34.46395830
34.64468266
34.64860495
34.65179986
34.72126978
34.74392995
34.76481149
34.89996407
34.90166974
34.92948172
35.00769923
35.09048893
35.11519366
35.11905133
35.13048502
35.31031661
35.32629649
35.33159270
35.33456888
35.36985302
35.37036340
35.38631771
35.41219106
35.59158555
35.63843964
35.68494913
35.78320437
35.85876666
35.87619945
36.01002694
36.01164328
36.04044541
36.06089133
36.20732571
36.24682106
36.42066136
36.49005372
36.51914057
36.55989617
36.74125748
36.77152869
36.93780970
36.97044848
37.02305574
37.02317128
37.14226087
37.14436445
37.16899572
37.18135900
37.76864828
37.80463165
37.81129051
37.81614764
37.85716301
37.88473172
37.99965558
38.00271781
38.01096504
38.01251511
38.15559643
38.20034604
38.31639886
38.39619561
38.42467598
38.47924779
38.62182940
38.67593194
38.76872622
38.84218133
38.94931173
38.96891126
39.20593026
39.24512735
39.39525134
39.65778077
39.87636160
40.18720598
40.27315667
40.40338199
40.51178843
40.54390412
40.58783389
40.69228387
40.86787217
40.96050832
40.98603723
40.99343035
41.02733955
41.13347583
41.18223306
41.25959951
41.26918817
41.36134773
41.40862858
41.52719632
41.68574389
41.82494644
41.85754770
41.99064777
42.01136746
42.14634461
42.42588825
42.49208085
42.50914432
42.67441151
42.72333838
42.78108739
42.86058812
42.95004973
43.02845724
43.06478654
43.12344857
43.16066259
43.27454665
43.27984321
43.37364641
43.38085123
43.48773742
43.61786427
43.65921696
43.84703032
43.87912392
44.16047257
44.18785494
44.22680067
44.35603154
44.40432460
44.42090830
44.56187151
44.68616429
44.69770264
44.71916105
44.76555126
44.83742421
44.89304083
44.92116091
45.38511553
45.43102296
45.52204139
45.63338022
45.82559359
45.91547021
45.99905931
46.05650544
46.23473342
46.25070349
46.28742890
46.35592289
46.39500176
46.47942884
46.52198603
46.58706280
46.64219154
46.65398530
46.77745236
46.78321794
46.86910228
46.91960325
46.96070611
47.01484394
47.10584159
47.10817311
47.11026419
47.28075773
47.29944978
47.45067954
47.62275760
47.69202068
47.72370390
47.75619431
47.76131163
47.77595311
47.78861990
47.88355743
47.98836327
48.15431931
48.25450701
48.25849658
48.31185201
48.32496055
48.36839619
48.37211975
48.44774783
48.46721617
48.46994448
48.59209324
48.59719621
48.63207889
48.66865001
48.75731860
48.92220737
48.97596155
49.07608181
49.23789055
49.37416467
49.42473224
49.67268584
49.75229448
49.82725468
49.82834902
49.85864564
49.89495779
50.17609857
50.19738310
50.29233327
50.31879686
50.43877788
50.45187996
50.47473915
50.48328034
50.51239801
50.51283852
50.58974101
50.64603127
50.74303606
50.74432546
50.93892095
50.98133916
51.06186755
51.09654250
51.19554431
51.22553020
51.23002815
51.31469786
51.34348172
51.36396442
51.36544963
51.53284223
51.57926773
51.68827471
51.86456025
52.13015223
52.18639277
52.35283027
52.38016876
52.59499876
52.67135215
52.77436392
52.80694878
52.88469776
52.97253277
53.00212234
53.14313173
53.21075543
53.28094466
53.31176341
53.34047233
53.49185538
53.49824850
53.62768643
53.66970849
53.70330649
53.75206199
53.79468272
53.96977535
54.07653002
54.12947870
54.16644345
54.18748040
54.22567798
54.31310512
54.37682681
54.40220439
54.49420827
54.54283568
54.64515849
54.71765371
54.75748297
54.95964624
55.02199807
55.04150942
55.08222185
55.20638237
55.31948005
55.35045789
55.35209525
55.36748287
55.36765589
55.41272702
55.45976252
55.46942677
55.53034536
55.58922373
55.74190235
55.95850894
55.95913899
56.06843442
56.12698546
56.15117223
56.18530760
56.18755672
56.33151830
56.48372946
56.64810647
56.94337589
56.97522184
56.97951747
57.12491066
57.16820026
57.21556204
57.31990532
57.35004432
57.37918519
57.48261138
57.50548306
57.65064732
57.68102783
57.70050593
57.99734369
58.13379540
58.22469705
58.23760558
58.35434248
58.42019591
58.64038798
58.81646539
58.86049652
58.88082397
58.88874959
58.97159096
59.14430184
59.15493312
59.23087857
59.26349018
59.69928941
59.72261460
59.74095053
59.83483660
59.84271945
59.94801001
59.94907134
60.00034083
60.04713990
60.25374778
60.39769220
60.54775902
60.55228829
60.65789777
60.84539046
60.86264454
60.86615695
61.02543101
61.25746947
61.43776722
61.58797106
61.60200432
61.70143620
61.72180568
61.88715101
61.90501161
61.96095763
62.00581455
62.00746514
124.00000000
