0.00075427
0.02331370
0.10594195
0.10766192
0.17393710
0.17596985
0.23407993
0.23453778
0.27033571
0.50023217
0.57043403
0.64829766
0.75857733
0.87143307
0.90233865
0.93406325
0.99442194
1.02137611
1.07166299
1.20240543
1.21796614
1.26211409
1.34837005
1.48515959
1.58537873
1.66087652
1.68137659
1.68521448
1.72534674
1.79818907
1.94922718
2.03453158
2.04878247
2.18356834
2.20195489
2.27380015
2.27859124
2.32741182
2.69816222
2.73403585
2.77044669
2.79323972
2.89981554
2.94537733
2.95136324
3.20520865
3.24743209
3.26165045
3.27308471
3.28460573
3.30637194
3.43224088
3.59881415
3.68534832
3.70523975
3.77815814
3.90126995
3.98903472
4.01806873
4.13254938
4.13947427
4.16625346
4.22542055
4.23522072
4.26490149
4.34588013
4.37220972
4.37482397
4.78493201
4.88819088
5.09764534
5.13035330
5.16677086
5.29686216
5.41291056
5.58528925
5.63641389
5.64814975
5.82256692
5.95450433
6.20088447
6.36493405
6.38812037
6.52336767
6.54288895
6.58045443
6.68083287
6.94025270
6.95322929
6.95702809
7.11164751
7.27137413
7.61055749
7.76877140
7.88899501
8.04298440
8.28082061
8.33613103
8.37629677
8.38164964
8.38800875
8.54274387
8.55712291
8.61446634
8.63978431
8.73402070
8.91893374
9.11560829
9.13483082
9.18391847
9.18927356
9.25184491
9.30114729
9.42978007
9.66604421
9.71184133
9.97402963
10.02086901
10.03328858
10.04033781
10.13723284
10.13750283
10.22268901
10.22453094
10.24454180
10.33926482
10.53283787
10.54626282
10.67435509
10.68150398
10.86821450
10.88720541
10.96044544
10.99155661
11.03433554
11.25621575
11.43277188
11.67453772
11.71439156
11.73804279
11.77482448
11.79122048
11.81164861
12.06116450
12.08066417
12.12350674
12.44655216
12.68386834
12.68558207
12.69462944
12.73148255
12.84287349
12.87225192
12.99672699
13.00772988
13.17573258
13.38507622
13.38697686
13.64696254
13.81219286
13.83680106
13.86454392
13.87944780
13.89148992
13.91610372
13.95839575
14.10674510
14.13334096
14.42279526
14.43149635
14.71889257
14.73598178
14.90921881
15.01693538
15.18437588
15.28527723
15.35787104
15.53079398
15.66449448
15.74122722
15.84442273
15.93875628
16.03691338
16.10792303
16.13178536
16.16453173
16.28751110
16.37057243
16.48745779
16.50625113
16.61002108
16.81288327
16.92593551
17.05270901
17.17584855
17.32745418
17.41895518
17.53318982
17.84580254
17.86009172
18.05141448
18.07324790
18.09594568
18.10807395
18.19157660
18.27810359
18.36275123
18.49159354
18.58287493
19.03939540
19.05079464
19.11997452
19.20877071
19.28932550
19.37921004
19.41365355
19.46587305
19.52752685
19.57289275
19.60933233
19.70363844
19.85194263
19.92043364
20.30011506
20.70263984
20.78031417
20.80236688
20.81507318
21.01319048
21.28183474
21.29611612
21.40088241
21.59604860
21.64070010
21.65790772
21.70409457
21.81405864
21.98506067
22.06062544
22.06442251
22.08649517
22.11279821
22.15048353
22.16470554
22.25050521
22.36186295
22.50271574
22.64039281
22.70396567
22.85915685
22.98631179
23.02456167
23.17838623
23.20175890
23.43654925
23.44216222
23.65214400
23.67699554
23.87187156
23.91851161
24.18717977
24.43309628
24.48539361
24.50622565
24.57000213
24.58557106
24.84185734
25.00230409
25.07533346
25.09182667
25.17060418
25.23450822
25.33444078
25.42494624
25.43898427
25.46373861
25.49492501
25.58481677
25.60069495
25.60804199
25.68648045
25.73399916
25.78653519
25.89222679
26.05887028
26.42072348
26.43224996
26.63930052
26.71083739
26.73012894
26.74332606
26.90919158
26.94560629
26.95422348
27.04542843
27.13795346
27.22689739
27.26797233
27.29000412
27.30433120
27.72885966
27.75845456
27.80405932
28.02531375
28.07810092
28.12232746
28.16959833
28.43132730
28.46295975
28.46555845
28.69323982
28.77658321
28.83782217
28.85043452
28.91759492
28.98640666
29.09877899
29.10914860
29.18558845
29.25062575
29.36393048
29.44414280
29.44950690
29.55246550
29.57755094
29.60856741
29.64084254
29.75255589
29.75524282
29.76555017
29.91232123
29.95066026
30.10946410
30.12849943
30.28693728
30.53906102
30.58198947
30.58463698
30.69440531
30.75620348
30.81032162
30.84805597
30.98489821
31.05300857
31.27717804
31.29554611
31.57924366
31.60619341
31.75170806
31.80423595
31.82902274
31.88180317
32.41928974
32.47219408
32.63503444
32.80706440
32.81514417
32.91288198
33.00887103
33.12572511
33.13805170
33.21556997
33.23312397
33.37724945
33.42245350
33.46737169
33.59978223
33.64252152
33.80115115
33.84377735
33.85846127
33.87064667
33.99677606
34.08434506
34.14430650
34.15881090
34.37045521
34.43385918
34.50958159
34.53329325
34.59551526
34.64920971
34.66860395
34.69193615
34.82008516
34.87546968
34.96727640
35.09776048
35.14124063
35.31255866
35.53486707
35.56765910
35.69520595
35.71801983
35.80510161
35.87224077
36.07096863
36.24279874
36.49921685
36.61536731
36.72525312
36.81566567
36.89607277
37.08555232
37.21300752
37.24230584
37.41008897
37.49576121
37.51331478
37.61502510
37.86660138
37.98928392
38.24693599
38.28774065
38.31924144
38.46553539
38.51488437
38.52622833
38.54868186
38.60832484
38.61053278
38.68105455
38.83512692
39.10309362
39.32094510
39.40580231
39.50009112
39.50344491
39.66818221
39.72320647
40.20562377
40.51178843
40.62725399
40.78934479
40.89924767
40.95868221
40.99658282
41.03515527
41.05973492
41.11839255
41.23229306
41.30042259
41.57749285
41.75999579
41.76016886
41.80249520
41.86957039
42.11692063
42.20808870
42.24511519
42.54926189
42.83413994
42.96431643
42.98531916
43.15092908
43.16578694
43.18276513
43.44974901
43.60695195
43.68509569
43.75003689
43.94589337
43.99935125
44.09963891
44.13539705
44.19528712
44.25620829
44.31475114
44.33750863
44.34914549
44.36473353
44.60508783
44.64289494
44.64674524
44.72671010
44.99476083
44.99882150
45.04643113
45.10562611
45.21402019
45.37953573
45.40711274
45.54596513
45.59122696
45.65382563
45.67468983
45.69045222
45.84833520
45.90122500
46.00697044
46.05150942
46.29428414
46.52267912
46.62186283
46.63335511
46.67306492
46.68626818
46.88139452
47.09245437
47.10715204
47.13560795
47.14361354
47.33250912
47.35296538
47.38427865
47.44137250
47.56277745
47.80602577
47.83972630
47.93796760
48.11728371
48.19385621
48.61684309
48.74453845
48.74614390
48.81872396
48.96422148
49.07365817
49.14597110
49.34061391
49.47444782
49.59935126
49.72260997
49.75116624
49.77546801
49.80114797
49.91132313
49.97917601
50.07104336
50.20372829
50.21534697
50.34702862
50.47473915
50.49195156
50.50086811
50.50509106
50.58427056
50.77686652
50.80332278
50.97567749
51.00860097
51.02199793
51.02845058
51.08589645
51.30661611
51.43198740
51.49634812
51.55048274
51.57493711
51.57601986
51.62854897
51.66985343
51.78240279
51.81801764
52.02387353
52.11422339
52.14768211
52.18639277
52.19505942
52.35066232
52.45270724
52.68390692
52.82826821
52.89837368
52.93665067
52.97952025
53.05036756
53.05047534
53.44990956
53.52339848
53.56942480
53.63797103
53.72378270
53.82681316
53.84026120
54.04200217
54.06619255
54.08232558
54.12313634
54.21122041
54.27918623
54.36294383
54.42892878
54.51636046
54.79344376
54.83479286
54.93254127
54.98557063
55.18113990
55.23470309
55.44385023
55.59312881
55.60848643
55.64414924
55.77538037
55.82964013
55.89011447
56.08831768
56.16710756
56.46018794
56.50077083
56.51899014
56.53225628
56.67310351
56.73556152
57.01877015
57.04304083
57.09123371
57.23350972
57.23587648
57.27385220
57.28888824
57.29538120
57.30033589
57.31173476
57.39593601
57.49801745
57.53116711
57.57425757
57.60184260
57.61578762
57.69245093
57.73936537
57.81520289
57.84846035
57.90200602
57.96102986
58.00533481
58.06526491
58.09216430
58.27774606
58.30784659
58.37057293
58.50186256
58.58669892
58.77890900
58.79428781
58.81424885
58.87474862
58.99668078
59.11334621
59.13675458
59.31702121
59.40197874
59.42558288
59.55176830
59.61387048
59.65876014
59.70788026
59.73554553
59.82105036
59.82370958
60.02859114
60.06330157
60.07046329
60.10739133
60.26418163
60.32132134
60.37827455
60.41630594
60.42189301
60.48015076
60.53992104
60.58716112
60.62265711
60.80640085
60.82254195
60.84978158
60.85896665
60.91220148
60.92338392
60.97825651
61.05764086
61.11918285
61.13945210
61.51679218
61.57637532
61.78398710
61.78709621
62.17845091
124.00000000
