0.11206881
0.14096497
0.22689547
0.36853453
0.38591571
0.45838084
0.48143285
0.60780249
0.72450388
0.74795211
0.78983263
0.88291249
1.00641408
1.02805737
1.13186279
1.19827791
1.25492279
1.37142211
1.51102726
1.61111931
1.69294754
1.75395116
1.89335178
1.97201241
1.97633956
1.99582326
2.33530388
2.37600134
2.44734849
2.51036678
2.56101962
2.64057062
2.65285690
2.72794787
2.96423550
3.38056513
3.43090011
3.46797584
3.56357714
3.57837191
3.64144195
3.76218030
3.81152825
3.90909941
4.09332752
4.12056803
4.14012668
4.16505385
4.17672529
4.22587098
4.36476411
4.48947569
4.62474785
4.70947228
4.84590191
4.89022767
4.91208379
4.94543219
4.95693399
5.02395616
5.06275887
5.22230415
5.27186977
5.28518472
5.43950851
5.58409149
5.79263388
5.82416890
5.88348843
5.95259190
6.13094120
6.33279055
6.42804332
6.43737323
6.44385058
6.74962396
6.94157135
6.95347794
7.07302934
7.13804010
7.14565642
7.31396922
7.48744397
7.54532652
7.69790061
7.80732712
7.91283005
7.93188035
8.22975750
8.54630718
8.54677313
8.57390594
8.65072992
8.65311271
8.74098359
8.93006088
8.99288158
9.17461697
9.20160185
9.61304194
9.74488590
9.78865527
9.82624159
9.83145004
9.91442458
9.95911825
10.01773600
10.07898997
10.07955900
10.09695777
10.13474739
10.24631528
10.29251316
10.45333802
10.48236010
10.53283787
10.61024054
10.68319910
10.91629591
10.93629533
11.03394875
11.12514653
11.23804145
11.24703654
11.30287271
11.32846354
11.34504822
11.73563977
11.75278096
11.77708771
11.79898715
11.81316645
11.95017544
12.13935601
12.15027377
12.19592540
12.35055123
12.40932474
12.50770817
12.56518299
12.67785658
12.79835244
12.99685640
13.10601766
13.24599727
13.30193306
13.31194146
13.31357287
13.52990527
13.65246753
13.79677716
13.80192326
13.80372413
14.07675850
14.18226482
14.26287258
14.51707365
14.53920825
14.56100529
14.58673287
14.64563996
14.64724714
14.78843994
14.84208153
15.03969413
15.05597317
15.09791490
15.19710751
15.27303368
15.29944076
15.32508896
15.33339160
15.41966885
15.71386575
15.74927721
15.79079423
15.92265870
15.97930398
15.98696715
15.99137123
16.01298835
16.17930514
16.23300161
16.50376330
16.77841407
16.81298663
16.89469677
16.89556832
16.90795534
16.98877591
17.04940823
17.05067041
17.08883677
17.29819924
17.45777028
17.50769299
17.67143886
17.69191845
17.76134077
17.77571117
17.83535419
17.90766330
17.91676301
18.21831879
18.22888421
18.24603433
18.34567969
18.52580476
18.55580661
18.57645446
18.85593623
19.10540202
19.11723249
19.17905945
19.28650471
19.45779451
19.46587305
19.50099940
19.69252437
19.96863636
20.05028075
20.21124927
20.22571890
20.45480101
20.49112505
20.50002540
20.51391734
20.53456750
20.57246496
20.59970952
20.60324695
20.71391970
20.73924126
20.75709482
20.84298314
21.01712477
21.04625260
21.14030352
21.31415620
21.42170083
21.72629808
21.74038713
21.80344417
21.84916236
21.88846434
21.92564099
21.97847902
22.13322988
22.21123380
22.23525609
22.26232398
22.26942151
22.33215518
22.34674039
22.41418529
22.52179417
22.60628507
22.61759524
22.66940225
22.69751271
22.77484465
22.86569119
22.99297042
23.21428748
23.21660634
23.29107339
23.40625310
23.60763723
23.61015336
23.61509856
23.65984053
23.72223899
23.72400679
23.77151287
23.80452987
23.81562259
24.14909917
24.15845081
24.24187006
24.34935998
24.75140002
24.87890755
24.88000818
25.05441017
25.12428177
25.22375874
25.31858652
25.34195604
25.36434777
25.38055766
25.40705345
25.52348601
25.57612299
25.57909432
25.58275157
25.58668181
25.83679188
25.87211758
26.02793079
26.04788252
26.06214394
26.06714989
26.14570849
26.22588543
26.31703814
26.47641957
26.49314035
26.51725653
26.55974111
26.60062914
26.64720788
26.96620877
26.96889160
27.01963181
27.02367668
27.06663222
27.13710379
27.23406226
27.25851253
27.28749470
27.33642275
27.38087856
27.45714433
27.52152345
27.58006199
27.66551516
27.72941132
27.74731259
27.75241691
27.86243261
27.88832129
27.88955616
27.92910768
27.93980018
28.10508173
28.31909058
28.55221593
28.57650801
29.05886348
29.08620232
29.15526975
29.20351156
29.20867335
29.25090644
29.33582985
29.45166564
29.45750528
29.66125870
29.78686855
29.82467861
29.83857253
29.91749229
30.01281700
30.01432628
30.04097778
30.04279647
30.20512923
30.21926942
30.39886712
30.40312708
30.42725896
30.71517010
30.83089061
30.83726586
30.84235076
30.95288906
31.11956481
31.13657187
31.14259990
31.18534808
31.21889885
31.44507993
31.48408904
31.48956159
31.52887546
31.54096987
31.57880721
31.59565494
31.64941685
31.73902574
31.78213646
31.97191502
32.07769820
32.09776950
32.13876865
32.29342429
32.33981942
32.51105717
32.51427747
32.54164708
32.61326570
32.68605823
32.70400094
32.77460603
32.86902482
33.06788538
33.18403177
33.22236277
33.30369820
33.32667854
33.44520398
33.45797498
33.50137712
33.53161593
33.54483906
33.55733929
33.58761237
33.67938852
33.85904062
33.86095556
34.00621713
34.00840409
34.07650815
34.15048625
34.23532798
34.30851859
34.32529089
34.43542345
34.52053398
34.54093407
34.63529260
34.67178328
34.73617628
34.77189516
34.80118053
34.82284138
35.01985571
35.09424659
35.11523148
35.13418980
35.20390192
35.31255866
35.51620987
35.69701457
35.71083986
35.71355784
35.74381333
35.74609398
35.85811047
35.88396208
35.91055588
35.94767728
36.00735249
36.01166646
36.08406419
36.33313466
36.42733339
36.46886639
36.48810734
36.67981381
36.83041469
36.88793374
36.91996850
37.35137626
37.54826776
37.56972038
37.59010867
37.60182919
37.73091982
37.73939075
37.78860480
37.84206642
37.87987888
37.88107868
37.95243005
37.96484064
37.97115555
38.11667640
38.18388553
38.40845715
38.44547167
38.46224422
38.48256884
38.67723014
38.79613871
38.97741448
39.03617492
39.16066870
39.17278077
39.25697575
39.28608643
39.38038659
39.45161960
39.52920234
39.61046428
39.64714826
39.66295923
39.70321334
39.76220378
39.92302365
40.12194192
40.31571410
40.34394795
40.43452877
40.48934010
40.53544425
40.54199141
40.56331318
40.62725399
40.69224039
40.76160618
40.83390918
41.02069829
41.31121026
41.47619164
41.69083110
41.70454113
41.83198519
41.99743844
42.04172303
42.19181786
42.24839120
42.27376155
42.32297486
42.33432811
42.45688811
42.52470684
42.64490244
42.68693735
42.72260242
42.77335401
43.08070326
43.17680762
43.19820853
43.21092348
43.29691768
43.44607213
43.55446267
43.55547967
43.68509569
43.92509097
43.96311683
43.98634813
43.99527082
44.00107951
44.13425581
44.19528712
44.22085442
44.22379128
44.46638444
44.50984581
44.54083286
44.56879799
44.57102685
44.59518414
44.82489544
45.00617268
45.36005007
45.59430573
45.60001213
45.66479267
45.74692988
45.76509893
46.15649429
46.23922599
46.30623393
46.42399025
46.43661221
46.50860634
46.53514610
46.57029327
46.66369603
46.76557600
46.82490516
46.82909480
46.83374151
46.91788985
47.06206907
47.08864495
47.26100924
47.45963115
47.47764278
47.56130508
47.81744117
47.84140388
47.84150781
47.95067137
48.06041949
48.07996089
48.16450057
48.29020589
48.34123334
48.34452760
48.35556727
48.46823331
48.54312667
48.61088817
48.62898038
48.70018339
48.76915954
48.81174678
49.06755801
49.22539356
49.35641320
49.40069013
49.46334929
49.58726075
49.80207085
50.04956378
50.18634527
50.41450305
50.47855576
50.69613931
50.72891073
50.83369829
50.96957877
51.21033893
51.32842788
51.41201647
51.41951674
51.47958529
51.48924373
51.54739365
51.58653339
51.64227843
51.73858780
51.85510665
51.86481615
51.88516230
51.90572179
51.93048060
51.95402437
52.45010337
52.47959719
52.51062362
52.53329166
52.53976375
52.80758743
52.81981939
52.90549112
53.03213038
53.04809695
53.11849805
53.11950268
53.60893035
53.63846315
53.80984979
53.92820125
53.94377011
53.96191623
53.96621672
54.04760903
54.11402285
54.16374976
54.16659546
54.20506984
54.45440181
54.56123232
54.59562054
54.93343161
54.96599117
55.00237488
55.12189148
55.20909935
55.24716450
55.49607465
55.53818902
55.54995849
55.60713794
55.73845549
55.76133029
55.84403419
55.92690932
55.98433525
55.98543327
56.24362458
56.29405405
56.36639829
56.40714812
56.54818180
56.57523511
56.63448722
56.64426069
56.72911072
56.74758426
56.81667248
56.85625980
56.91525864
56.95957083
56.98236499
57.02647259
57.04399028
57.08257291
57.22804593
57.30652072
57.30702885
57.32175251
57.43980482
57.49911811
57.56406752
57.56582589
57.70827117
57.71364830
57.79685410
57.85106344
57.85807062
58.13627354
58.14968167
58.16796116
58.19021344
58.41390176
58.41894209
58.43135570
58.65908879
58.67477954
58.80635975
58.84702508
58.92923276
58.93200678
59.08531102
59.08583529
59.10130430
59.11334912
59.22417447
59.34903249
59.58720173
59.61095651
59.76026960
59.77015159
59.81497256
59.87687455
59.96952971
60.12063262
60.12317802
60.24137835
60.34775963
60.46628653
60.73007481
60.82764249
60.95339682
60.99455638
61.10107398
61.13945210
61.14421123
61.21253998
61.24275663
61.25387170
61.31675253
61.32228406
61.36140926
61.38664774
61.39226661
61.42778275
61.47777676
61.63018146
61.83138058
61.84852229
61.86949239
61.91285917
61.99299761
124.00000000
