0.05403387
0.19862054
0.22002590
0.22235954
0.35407596
0.46479283
0.48766075
0.67574434
0.72307455
0.74759674
0.89596805
1.13186279
1.16091537
1.22534396
1.30744932
1.55542642
1.60003946
1.65282784
1.75320320
1.84397617
1.98605454
1.98703439
2.00116930
2.06892402
2.18197456
2.22485492
2.27306319
2.30397290
2.33530388
2.47829534
2.49955021
2.50535489
2.58005609
2.64593671
2.66726611
2.72862118
2.79653506
2.86818582
2.89082984
3.01165044
3.20027890
3.27406226
3.34006285
3.40032632
3.45686752
3.50550307
3.58007328
3.59101361
3.79790041
3.95091542
4.15321071
4.18347606
4.21056378
4.27634356
4.36052675
4.38694941
4.41901126
4.65671739
4.71623014
4.71977961
4.80648784
4.81259640
4.83235464
5.03948300
5.13916497
5.28221362
5.28608140
5.37170571
5.42265913
5.42885537
5.46034203
5.66125647
5.66386243
5.80994127
5.81265545
5.87556773
5.88778747
5.94877807
5.96435711
5.99361522
5.99851497
6.21034449
6.30422304
6.43005833
6.51277536
6.52477290
6.55422982
6.70039878
6.72958974
6.74056192
6.90920366
7.10833873
7.12829688
7.13979130
7.16057031
7.24662314
7.25629905
7.26940589
7.31845556
7.35509807
7.44187699
7.44212684
7.47459512
7.47554116
7.47728551
7.52945968
7.53172181
7.85051783
7.87025038
7.95761533
8.02112784
8.06980871
8.07389792
8.14937576
8.17441470
8.20264518
8.21084221
8.23208265
8.30874251
8.47653338
8.51097035
8.73816764
8.80305122
9.13568470
9.16890413
9.29055461
9.74154184
9.93943379
10.07965354
10.13999019
10.20519869
10.20607754
10.23006969
10.36752625
10.57373722
10.71695283
10.75208337
10.93380675
11.01232836
11.07612068
11.16002271
11.21553631
11.28945179
11.35680864
11.39789263
11.51705354
11.61509152
11.72870668
11.74568320
11.74787888
11.76851378
11.87674639
11.88783875
12.36981801
12.54293564
12.57158159
12.60044418
12.60540487
12.61107629
12.66701850
12.76158762
12.79362250
12.93407903
13.00882189
13.09298486
13.11707148
13.40176242
13.49357004
13.51643129
13.68210101
13.72170212
13.80372413
13.82496093
13.82861218
13.84100488
13.89256404
14.08893636
14.10565046
14.15547275
14.28345749
14.34830855
14.61594798
14.74173829
14.86771339
15.30596885
15.47411305
15.59329650
15.67555873
15.75232240
15.76400210
15.76891651
15.86970730
15.92321828
16.02314905
16.02953533
16.04967403
16.05364715
16.12854780
16.28751110
16.52937540
16.60336374
16.62803525
16.70562497
16.75240524
16.76657480
16.90185506
16.92474385
16.99791614
17.01846098
17.15649087
17.30878369
17.47286316
17.57548552
17.70554026
17.88297191
17.93504753
17.96779187
17.99575638
18.04488546
18.14369082
18.15812281
18.24126557
18.38027903
18.67126243
18.70560299
18.82055633
19.23602094
19.27742092
19.34394498
19.41685356
19.42960810
19.49264271
19.50666676
19.93209419
20.00250319
20.02554575
20.04334943
20.04363386
20.22837737
20.23829435
20.25775790
20.33318886
20.44230012
20.47632824
20.77410148
20.77554802
20.78349233
20.86950625
20.96976412
21.02160958
21.20111217
21.34363929
21.35280914
21.46833233
21.50044794
21.70409457
21.72818788
22.20790791
22.20912924
22.54565156
22.56065868
22.57814326
22.59882523
22.68466593
22.71925640
22.72119727
22.74506741
22.81132224
22.89373139
22.90980446
23.02056058
23.03013101
23.05032343
23.09093957
23.12134432
23.15217724
23.28096276
23.35467481
23.40771680
23.48123864
23.59437440
23.67343053
23.73486958
23.79403762
23.87356983
23.89549294
23.91956083
23.95696675
24.03383170
24.12026212
24.19388343
24.27079558
24.31959682
24.42655904
24.45951589
24.46389397
24.49032658
24.55015964
24.82512223
24.82931437
25.08629955
25.19055756
25.21930618
25.22090709
25.23893170
25.50339404
25.59784174
25.64588587
25.81339632
25.95240935
25.95553667
25.98259073
26.18459537
26.19428918
26.22061746
26.28391729
26.41853830
26.42331298
26.53046653
26.67490213
26.67747329
26.69204278
26.79249373
27.13476166
27.21300441
27.28150710
27.52239851
27.52683051
27.66208053
27.77262173
28.11130287
28.11237179
28.19561550
28.20323923
28.24501537
28.26577236
28.43331356
28.43933611
28.67876816
28.82996300
28.83301899
28.89200518
28.89591447
29.01167342
29.12259368
29.12537888
29.20063370
29.24208605
29.31750875
29.38209833
29.43519166
29.45627287
29.45750528
29.48702010
29.74814541
29.77179476
29.81911300
29.85619183
29.93682328
29.97838364
29.98684757
30.04165132
30.10076616
30.19498159
30.29371722
30.30819704
30.32319279
30.51687500
30.61604804
30.65202331
30.73515496
30.92540240
31.00669354
31.12284882
31.18834358
31.19989719
31.21367758
31.25492074
31.41738777
31.43053099
31.49869331
31.51618703
31.61125123
31.70230727
31.92947446
32.06701093
32.13445573
32.17518552
32.27149514
32.30973225
32.31954884
32.34748603
32.37046487
32.37186243
33.03480031
33.17081159
33.20440081
33.25429011
33.40375290
33.47036349
33.47118131
33.47306329
33.47624059
33.50071590
33.76921503
33.97562928
34.05176089
34.13384614
34.14454117
34.18804701
34.31345560
34.38960823
34.39009497
34.39926626
34.44162624
34.68020308
34.73360214
34.75819696
35.02792047
35.03949287
35.16554627
35.20062818
35.35690527
35.38049724
35.50170799
35.51875100
35.53471176
35.68356227
35.69052845
35.74463583
35.93755614
35.96988009
35.99904151
36.05253432
36.26393389
36.37800230
36.77297041
36.80270882
36.89527091
36.98139412
37.30325358
37.31699317
37.36440588
37.49516308
37.58116770
37.75546909
37.80463165
37.90665237
37.92774004
37.94251023
38.02387804
38.05542688
38.09026490
38.16154392
38.18058886
38.20673502
38.35606852
38.40607712
38.42413577
38.42467598
38.49115862
38.67914025
38.72784039
38.79031057
38.83921795
38.85809773
38.91810991
38.97943467
38.99009618
39.00996008
39.06181287
39.19078740
39.24902170
39.27479839
39.31409091
39.33211226
39.34818653
39.37675125
39.45637557
39.53651412
39.63473494
39.71902781
39.97238099
40.06830199
40.15367376
40.20819374
40.34274239
40.41085151
40.42138273
40.59831857
40.62092115
40.74886052
40.81064693
40.86869277
40.93955612
41.02737254
41.25484205
41.30559631
41.48062532
41.54719906
41.61934290
41.64204516
41.64270865
41.67707401
41.88611777
42.01657806
42.02594322
42.10490047
42.24742969
42.26061209
42.34530142
42.50051579
42.67766891
42.70210115
42.72542470
42.83687470
42.94812672
42.95533424
43.15321570
43.17577103
43.21173884
43.27442454
43.46145358
43.48185865
43.56567704
43.57774074
43.61095259
43.73307178
43.73700772
43.78780821
43.96311683
44.09837209
44.17424368
44.33987030
44.36157995
44.38824429
44.70829288
44.79757105
44.81698414
44.82596359
45.12845480
45.37996245
45.53245974
45.78174348
45.83415321
45.86941060
46.05823465
46.10886346
46.23906018
46.24751003
46.25879467
46.27821923
46.34806903
46.35197068
46.37839223
46.52402710
46.55875457
46.73621774
46.79321914
47.22115572
47.44845474
47.51666913
47.63434619
47.71547738
47.76363264
47.99461204
48.00402830
48.03302743
48.12515328
48.13008547
48.18152380
48.19677712
48.25656994
48.32439909
48.54011201
48.63074558
48.66275555
48.72267496
48.76751823
48.82497156
48.83226434
48.94522575
49.20194281
49.20831323
49.25917195
49.27232555
49.31780706
49.53268005
49.66424182
49.68878824
49.76851766
50.03419276
50.05956892
50.14832691
50.33227989
50.46897624
50.52792629
50.74957071
50.86040116
51.10568261
51.21313958
51.37873793
51.41634322
51.72054715
51.74894991
52.00691625
52.03171918
52.04611445
52.17956909
52.40090860
52.40885862
52.55270088
52.57596488
52.71594030
52.71957421
52.84145768
52.87378583
52.94654321
53.05127528
53.17607725
53.27335917
53.27830022
53.29224186
53.40410545
53.52339848
53.65111380
53.71336357
53.83755716
53.88552500
53.89410851
54.04631963
54.17012665
54.21050670
54.29796263
54.30656591
54.32609068
54.37896836
54.48339235
54.49483166
54.58608303
54.62889456
54.81797274
54.85169481
54.86919874
54.92402877
55.04120429
55.08535105
55.34797293
55.35751784
55.46607255
55.60777280
55.74122705
55.75273683
55.88226637
55.97359492
56.03793546
56.04482004
56.10930441
56.41075918
56.54293423
56.55332481
56.68506821
56.77347654
56.91537650
57.01526996
57.19228008
57.19890589
57.25605615
57.33540106
57.43980482
57.45899135
57.46779174
57.49778085
57.63842613
57.68948369
57.73958297
57.77918082
57.80791042
57.84699971
57.86115314
57.89363536
57.90769093
58.10522710
58.11672339
58.11906738
58.37057293
58.37690549
58.38428234
58.50186256
58.51077657
58.51793548
58.61088642
58.61683039
58.70558161
58.80990609
58.83521852
58.83772996
58.86608281
58.89826773
58.90362278
58.90823233
59.05842455
59.11012156
59.16227685
59.32890473
59.44630410
59.52255865
59.66495211
59.80062836
59.81875166
59.82288789
59.82608457
59.86008844
59.87651810
59.88144252
60.09664190
60.10739133
60.15775537
60.19319385
60.33377519
60.36009434
60.40552782
60.42939941
60.43352901
60.55155137
60.59476097
60.78573230
60.86866905
60.93436870
61.23410320
61.29574523
61.31173846
61.35903592
61.46062480
61.49116513
61.52430311
61.55797369
61.78777912
62.05186015
62.13614968
124.00000000
