0.07356013
0.08703640
0.11206881
0.12234769
0.31644705
0.43944467
0.48946984
0.51227757
0.52468097
0.53041735
0.53943151
0.54865858
0.62073962
0.71437292
0.86010811
0.88291249
1.02137611
1.07258090
1.19827791
1.40399900
1.51342174
1.66111936
1.74509928
1.78672893
1.81978996
1.82548478
1.85524439
1.89692941
1.97708089
2.07938543
2.10849402
2.31304755
2.44387596
2.55486225
2.78155225
2.85620808
2.95055747
3.10457885
3.15667338
3.32480305
3.33469416
3.36147625
3.41903240
3.55241700
3.62067195
3.63348356
3.74194431
4.08149366
4.09104800
4.19238583
4.32717329
4.33087289
4.52398775
4.64156927
4.68186002
4.92854243
5.01950186
5.02778196
5.07421172
5.14562695
5.20006647
5.35952175
5.43950851
5.62932723
5.69271964
5.72860064
5.79455025
5.83300758
5.87515824
5.94739052
5.96611101
6.07863046
6.09260201
6.09302874
6.15567506
6.20596247
6.20950941
6.21188799
6.41575185
6.54529875
6.57874712
6.84066150
7.01882054
7.03617983
7.04165145
7.12348762
7.13444063
7.17747051
7.26287189
7.26767360
7.36708812
7.72213304
7.80307070
7.81713182
7.95761533
7.96809231
8.13945741
8.15787888
8.28354213
8.32670513
8.38800875
8.42141101
8.42280985
8.61135937
8.64272356
8.65767615
8.69198430
8.75220074
8.77427411
9.01783613
9.11645815
9.16361589
9.18016588
9.36154700
9.36467105
9.42409560
9.62653094
9.76511100
9.93626627
9.98119252
10.10042144
10.11341173
10.13048441
10.16434719
10.16617752
10.35850795
10.36499485
10.85882011
11.02190128
11.20610893
11.27971850
11.28764149
11.31994078
11.34315324
11.45159090
11.46116511
11.60767445
11.78989129
11.82209871
12.12781441
12.14753462
12.16074602
12.17054740
12.21746680
12.24619736
12.33514828
12.42669150
12.44889950
12.47169473
12.55851145
12.56685427
12.62425809
12.66926513
12.68885031
13.27407863
13.27949996
13.27963935
13.30120707
13.42840512
13.43452953
13.46348380
13.54270536
13.56432049
13.61481208
13.65519262
13.69822046
13.73053400
13.88917811
13.99022629
14.18826762
14.19533281
14.22006960
14.26553287
14.27829048
14.27911553
14.30193032
14.45363670
14.56741032
14.59282020
14.65441629
14.88947302
14.99452360
15.18073299
15.19045745
15.27026722
15.38961607
15.39702841
15.41917809
15.43429151
15.60796550
15.68540779
15.78908216
15.86625178
16.37257166
16.52937540
16.63115280
16.75103190
16.81974988
16.83811540
16.88858551
16.90605467
16.96866676
17.02948402
17.08544968
17.14150686
17.15427956
17.27457189
17.41895518
17.64687594
17.67143886
17.70276923
17.81831769
18.02103544
18.10449347
18.15256785
18.30763518
18.44471184
18.51273271
18.70988465
18.74798218
18.76943749
19.02024009
19.12239001
19.17243059
19.22612125
19.24229877
19.28097360
19.35912915
19.47898887
19.50382563
19.62484601
19.65474892
19.74234560
20.25548995
20.31597191
20.34411625
20.37667123
20.55538382
20.75322406
20.80577384
20.81295982
20.86950625
20.90213889
20.91304686
20.96408803
20.96446882
21.17460789
21.18743564
21.21931159
21.27982474
21.34899315
21.47364533
21.59589268
21.60648456
21.74618997
21.85294520
21.89074823
22.00686969
22.01998196
22.03321570
22.06030255
22.22336583
22.32983093
22.38036577
22.49118198
22.57384625
22.74227234
22.90529657
22.90904207
22.95886882
23.24752702
23.33291218
23.33746774
23.35087951
23.45860349
23.53052263
23.56451429
23.56496396
23.57744757
23.63868539
23.85615084
23.90652948
23.91851161
23.92965052
23.96130790
24.11429502
24.23693940
24.27508971
24.29569473
24.31643111
24.40237805
24.46772680
24.48363823
24.55553490
24.56669305
24.63529351
24.76267717
24.99692466
25.02140926
25.10198982
25.13484678
25.26340725
25.38613642
25.60504539
25.65348146
25.88603892
26.01530681
26.04875217
26.14570849
26.26815837
26.35999682
26.39520925
26.40048371
26.43150741
26.43220831
26.44013114
26.81487036
26.91116836
26.92065395
27.10811599
27.14931419
27.35444996
27.36300223
27.38749296
27.65812969
27.74831235
27.87472541
28.25432826
28.31208849
28.39014290
28.54912418
28.63236950
28.77050547
28.78228004
28.80806204
28.83884905
28.88950756
28.89200518
29.01920056
29.05868742
29.18558845
29.29806099
29.30695815
29.34024982
29.43614102
29.46137507
29.48263864
29.48817917
29.56974489
29.60491808
29.60956991
29.71203337
29.78115855
29.85150289
30.00732471
30.02113861
30.13539031
30.36777152
30.42122419
30.49306368
30.49385752
30.71158438
30.90108634
30.97214273
30.97892498
30.99265131
31.02539600
31.26747034
31.39006450
31.42397655
31.43722259
31.44650387
31.59227720
31.60619341
31.62130348
31.72050176
31.75767335
31.89432982
32.22122608
32.43013028
32.90815115
32.97167147
33.14650047
33.19050989
33.21987818
33.23053492
33.32214705
33.70376799
33.80370751
33.95187347
33.98264618
34.05890152
34.19424770
34.23161224
34.27500994
34.28355562
34.40757341
34.68151886
34.75769355
34.75984301
34.79249508
34.83168061
35.01259747
35.06695627
35.19775362
35.20062818
35.41316402
35.43449263
35.55489973
35.56699337
35.63023650
35.75861524
35.87619945
35.88497807
36.01316269
36.07970362
36.55686119
36.60513452
36.61433467
36.97644389
37.04706399
37.15164227
37.17530616
37.23526783
37.43673088
37.55495915
37.64868570
37.76386896
37.78320371
37.93979306
38.01148808
38.01835973
38.11184829
38.29255419
38.31553310
38.50481189
38.77660747
38.81077071
38.83921795
38.91810991
39.01183527
39.06013143
39.08748931
39.27479839
39.32694447
39.35819496
39.41717552
39.54416239
39.60320689
39.60325548
39.64157002
39.83669598
39.83776456
39.88603435
39.90848824
39.96423469
40.02029857
40.09205472
40.13538978
40.24955130
40.34473496
40.41075379
40.42817986
40.48934010
40.55383537
40.59526233
40.60338621
40.60860912
40.67515326
40.68080394
40.81470275
40.88234382
41.01173195
41.05172201
41.14097399
41.17213696
41.21771547
41.35673702
41.37196329
41.37845973
41.39796795
41.42639339
41.46685495
41.50028840
41.57310384
41.72942234
41.73251227
41.76669725
41.79730273
41.87206757
41.89471866
41.92281254
41.96133231
42.03425899
42.04807299
42.28275054
42.34321889
42.40431159
42.41972506
42.55866497
42.77769593
42.89312351
42.89963735
43.23702176
43.35688391
43.42332745
43.42615134
43.43668074
43.49039489
43.49955624
43.56139972
43.63878922
43.70631286
43.72351519
43.97559058
44.13669393
44.37572688
44.52204446
44.52638842
44.61910980
44.62274237
44.62638371
44.72199751
44.75112424
44.75897297
44.79671877
44.82900946
44.99372665
45.14263036
45.17246034
45.20958498
45.33543406
45.37953573
45.38211256
45.46262464
45.56385849
45.56436438
45.62062437
45.62296293
45.66479267
45.97321691
46.06744580
46.14704237
46.18031287
46.23987129
46.25363268
46.26297639
46.29252473
46.30895544
46.32033074
46.37949768
46.46777391
46.58390145
46.80962371
46.92404006
46.97326552
47.03335041
47.07201781
47.09042315
47.21518892
47.23454765
47.52991676
47.53775471
47.55333373
47.60900461
47.81987007
47.85769594
47.97336643
48.09620528
48.16629210
48.30333339
48.48176453
48.54505967
48.68624409
48.92998505
48.95962401
48.98925144
49.08661562
49.12034952
49.21830654
49.25203552
49.26551958
49.34061391
49.46043564
49.58389395
49.85240397
49.86889749
49.87982977
49.94017507
49.95835353
49.96848987
50.00278837
50.00500302
50.07805808
50.11653935
50.12547390
50.14001970
50.33788767
50.41223145
50.47945950
50.72219174
50.77055127
50.85834833
50.90963086
50.96115651
51.01755292
51.02577205
51.13280965
51.25167781
51.34092965
51.35505710
51.37284574
51.40274208
51.43923666
51.43952514
51.44933693
51.50919639
51.65236390
51.66775844
51.67737701
51.72383438
51.95530958
52.06150766
52.07788690
52.24888790
52.30961981
52.43780385
52.69429596
52.86245543
52.91918538
52.92393321
53.16944757
53.26985318
53.28175868
53.32851644
53.33445336
53.78679393
53.83474079
54.11402285
54.17923145
54.20296182
54.26540581
54.35704042
54.39248167
54.42221231
54.43231150
54.56534463
54.58452213
54.62916775
54.85004227
54.90073145
55.04266651
55.08213062
55.26332968
55.31436377
55.31948005
55.39504776
55.57909082
55.58246041
55.81989663
55.91728684
55.94271493
56.00756441
56.02928835
56.40455645
56.46579396
56.49090071
56.49237869
56.57179431
56.68134894
56.69610513
56.76549106
56.77959208
57.00196861
57.01215730
57.07195149
57.09858737
57.10645181
57.18152718
57.25436912
57.32884667
57.47027024
57.68102783
57.73245235
57.83551419
57.92108845
57.98389514
57.99623873
58.07265240
58.17677843
58.18438865
58.22825265
58.29697554
58.30223795
58.34306734
58.43608757
58.49441246
58.71483724
58.78467392
58.87440632
58.88492272
58.88999250
59.04324293
59.07523768
59.14637058
59.14729683
59.18304056
59.56979953
59.57507442
59.58972407
59.64093595
59.66710098
59.73982120
59.78164111
59.78623527
59.85184407
59.87158258
59.88342896
60.01592568
60.02783076
60.15243637
60.44083328
60.58304653
60.59930238
60.63670516
60.74806955
60.88950446
60.90985312
60.92722843
60.96431413
61.08418989
61.22081130
61.23410320
61.24119208
61.24824030
61.76574352
61.86999171
61.89007054
62.02749596
124.00000000
