0.00075427
0.16626333
0.23429085
0.47878495
0.50205541
0.53086105
0.55526733
0.60521856
0.64159031
0.69840097
0.72450388
0.99311457
0.99378578
1.04521111
1.18092203
1.34670582
1.41465597
1.49116250
1.51027836
1.55580675
1.59041953
1.61650213
1.62216573
1.75919472
1.83458001
1.87029847
1.89739669
1.91852865
2.00802788
2.03800447
2.04821982
2.06443941
2.13547372
2.16308572
2.43007127
2.47249527
2.85355635
2.93918040
3.20248040
3.27308471
3.32393947
3.51893143
3.55890469
3.58825427
3.64436663
3.65146508
3.66583136
3.76710386
3.81908984
3.89588682
3.99853386
4.02286697
4.08375578
4.17063126
4.25939793
4.60567663
4.63174605
4.65217511
4.70741639
4.75171485
4.77472955
4.87212445
5.09883352
5.24440662
5.27101315
5.27107288
5.36520066
5.41415747
5.47821938
5.59205062
5.65727353
5.70451688
5.73039226
5.78116210
5.87393798
5.97636228
6.00428591
6.03892262
6.19261635
6.31424873
6.45941764
6.58478052
6.64041593
6.66762963
6.68492590
6.92074216
6.92743896
6.97046190
7.02952604
7.03121953
7.26535780
7.27785420
7.31873033
7.42660625
7.47367116
7.62223115
7.64044919
7.64549266
7.81834400
7.82123302
7.85263779
7.89373539
7.91283005
7.93965028
8.05102375
8.09707654
8.20207921
8.27778677
8.76434881
8.92787319
8.95161474
8.96662848
8.99685225
9.04994893
9.11767521
9.18811432
9.70125084
9.70178124
10.03220616
10.06398865
10.15778489
10.17394816
10.37742524
10.40264797
10.43475898
10.44560182
10.45265822
10.54315695
10.55225442
10.57263530
10.67489412
10.82914489
10.90808293
10.91081866
10.95331485
10.96396594
11.05355496
11.06345277
11.06757272
11.08873735
11.09692322
11.13722108
11.31445553
11.48746047
11.49931028
11.72152733
11.73821986
11.87739768
12.06415881
12.09247295
12.15676242
12.22753334
12.27451386
12.29950526
12.30920619
12.32473672
12.33889983
12.65738125
12.69234648
12.75665692
12.85148977
12.86222728
12.90878510
13.00772188
13.01375083
13.02591812
13.05576855
13.23189046
13.23427358
13.37474374
13.40938188
13.57544751
13.61601578
13.62826136
13.68210101
13.86993881
13.88588602
13.89101408
14.08805636
14.12847642
14.31451130
14.39934637
14.44310848
14.48721305
14.63086547
14.64704182
14.82510227
14.82974235
14.89694501
15.01148929
15.10561636
15.29025303
15.41203323
15.44373224
15.56806518
15.65090564
15.65613865
15.67555873
15.78937897
16.13785820
16.23820148
16.39473053
16.40236022
16.47046504
16.50232832
16.77841407
16.91503391
17.07040795
17.26307117
17.26793041
17.36526161
17.38150400
17.45049210
17.49182878
17.56297782
17.75336545
17.87572661
17.95920138
17.96014819
17.96769305
17.98743919
18.06214266
18.13399197
18.28947455
18.46527582
18.73221094
19.12369659
19.12839968
19.15162517
19.22754222
19.28438470
19.32847029
19.33034839
19.36431342
19.41882076
19.43951225
19.50376702
19.52189599
19.59339449
19.68383538
19.86476028
20.04363386
20.10028817
20.21124927
20.29741327
20.41414661
20.44079008
20.50002540
20.53855227
20.74633935
20.76715328
20.79129612
20.82013833
20.93705223
20.98834380
21.01015147
21.04272263
21.07510134
21.13113459
21.14129291
21.20371769
21.41335327
21.51989100
21.69033283
21.72724903
21.74462872
21.82354680
21.84715679
21.86388121
21.93407555
22.05373895
22.05439933
22.13526547
22.25902809
22.27704907
22.27759235
22.32205222
22.35365090
22.37958684
22.62423849
22.67735792
22.70162921
22.71761423
22.79140629
22.80108728
22.81616482
22.85969779
22.87099157
22.95032235
23.03220966
23.05242696
23.14047736
23.22891009
23.29538847
23.31035965
23.43393798
23.49377642
23.61245034
23.61763810
23.63548123
23.83404926
23.87311804
23.93061537
23.99803653
24.02456989
24.26621518
24.27938349
24.30254493
24.32368037
24.43243901
24.46818171
24.47330927
24.65824083
24.66619314
24.78113435
24.79441879
24.97665282
25.03000366
25.04153492
25.22367357
25.23290478
25.23450822
25.23947796
25.53316667
25.56149250
25.78653519
25.82964439
26.00224226
26.08668347
26.19686586
26.53699013
26.56482544
26.68785434
26.82199990
27.00493290
27.00562553
27.12697524
27.17664928
27.18372347
27.50217798
27.55595981
27.67770641
27.85304362
27.87214752
27.92659332
28.00111677
28.00197786
28.14190885
28.16820036
28.41258041
28.47156228
28.49603217
28.49718599
28.52963625
28.58978550
28.67888791
28.75370625
28.76319996
28.81480086
28.81887271
28.99438919
29.31797319
29.35690892
29.42425696
29.43519166
29.54799581
29.59271902
29.68425573
29.72107824
29.77954847
29.78310078
29.99050568
29.99297213
30.05358194
30.27555590
30.44662507
30.47594658
30.64977083
30.67574537
30.69440531
30.78944676
30.79666747
30.81422784
30.81989402
30.85604705
31.24703793
31.28613715
31.29788544
31.33307262
31.35294640
31.38716073
31.39504845
31.50305657
31.52887546
31.64405873
31.66843230
31.79517880
32.28999148
32.31834450
32.47305461
32.47910490
32.51427747
32.66530295
32.72457571
33.02450886
33.12283066
33.20128754
33.21800501
33.38365987
33.48173271
33.55180157
33.63214904
33.71004466
33.73494981
33.80457987
34.00348814
34.18823239
34.33316600
34.55712480
34.71498011
34.73110927
34.77323690
34.81701633
34.84892234
34.88988318
34.91090851
34.96701319
35.09183592
35.09720300
35.24874785
35.27236450
35.28458367
35.34593407
35.49916452
35.53149783
35.54765602
35.62476329
35.63425878
35.89847011
36.18322516
36.18602316
36.28677999
36.52503245
36.57694584
36.69043300
36.69267093
36.71968623
36.81633875
36.96581553
37.40279306
37.48746379
37.54570920
37.55683639
37.62955737
37.67395210
37.77490861
37.82068938
38.09341976
38.09419282
38.12261107
38.19364059
38.20626149
38.20644442
38.20995156
38.34639457
38.40964901
38.49115862
38.55809121
38.67169699
38.68105455
38.71224945
38.78222122
38.85569416
39.02047439
39.03986612
39.09747585
39.14652207
39.24677196
39.27845426
39.41089209
39.46092604
39.50009112
39.53552800
39.58206806
39.59376344
39.79802690
39.85606686
40.01233571
40.19209160
40.40771253
40.44058856
40.48207296
40.74082800
40.80934065
41.07962831
41.09428611
41.14857286
41.30042259
41.37433191
41.47415237
41.75168966
41.84068351
41.98226035
42.00085624
42.06158572
42.14156601
42.23033575
42.24043235
42.36521504
42.42315586
42.48439339
42.57345082
42.65389959
42.77600392
42.94194180
42.98430298
43.18276513
43.18974028
43.44979696
43.45575814
43.55477465
43.58101979
43.60241877
43.70000320
43.81226515
44.00622089
44.25196412
44.27221202
44.39549518
44.48835935
44.53004086
44.56221533
44.62292071
44.70738825
44.72505818
44.74108429
45.01278238
45.10873606
45.15820272
45.24540029
45.25429326
45.26811814
45.34241444
45.36149837
45.37563337
45.75381001
45.79784228
45.83980093
45.86414549
45.90121275
46.10185569
46.13828218
46.24064050
46.28328854
46.55023598
46.64482146
46.66401528
46.77331830
46.80460507
46.83661335
47.01384744
47.12208484
47.16612480
47.23677369
47.53784253
47.78491511
47.80150232
47.90871056
48.13337516
48.30712058
48.31922761
48.33907512
48.34394118
48.53737261
48.54883759
48.55864876
48.63127580
48.70888572
48.76169065
48.77612408
48.88061580
48.92998505
48.94001619
48.94291148
48.95913772
49.09707937
49.26551958
49.28526732
49.39155758
49.39197078
49.45360368
49.53923780
49.77685929
49.94243567
50.03164023
50.06617395
50.09135514
50.10659822
50.11594951
50.13014983
50.14275621
50.15502122
50.44458722
50.69405067
50.76954681
50.84065596
50.94163340
51.04913331
51.23625011
51.54208290
51.55779367
51.56077538
51.59651581
51.67520394
51.70358953
51.72614224
51.83803402
51.84211697
51.88598927
51.95075508
51.97931314
52.02412405
52.08589399
52.08677438
52.13882411
52.19939627
52.21610046
52.34098611
52.47369707
52.52912767
52.59520805
52.68750269
52.76647149
52.83260248
52.84155545
52.97723004
53.11875867
53.12465159
53.23019532
53.26794013
53.31884248
53.32841165
53.33183441
53.33410017
53.34295609
53.38627416
53.42701112
53.44990956
53.76698647
53.85499029
54.07029907
54.08047092
54.15351168
54.25103662
54.27735247
54.28956707
54.29333847
54.30740704
54.36148833
54.51127184
54.51202920
54.57234518
54.59634507
54.62889456
55.04842333
55.10677063
55.25125079
55.29539920
55.29942702
55.34807017
55.38404788
55.38408403
55.42494130
55.46149031
55.64259522
55.72432706
55.76134856
55.81822522
55.88661000
56.02512457
56.05023489
56.13274093
56.17708146
56.23413755
56.30956781
56.68865373
56.74002580
56.77453710
56.98381493
57.07351994
57.10759603
57.24024473
57.30383027
57.30739390
57.42918786
57.44318258
57.49157289
57.66664097
57.87220778
58.03150841
58.04825776
58.16195792
58.25319585
58.27822228
58.30706682
58.35957351
58.48150699
58.49855712
58.53498895
58.83450532
58.85038568
59.00596303
59.15777562
59.24028786
59.45024092
59.49494719
59.53298296
59.75610100
59.90200853
59.92043995
60.15424447
60.34973564
60.38375341
60.49189517
60.49615704
60.50883395
60.57064454
60.63099592
60.67299617
60.81508254
60.88652802
60.88775585
60.92438037
60.99383512
61.08612738
61.10342040
61.22141237
61.29451746
61.30017969
61.41473979
61.44107094
61.48533471
61.55289532
61.57540595
61.76574352
124.00000000
