0.05177097
0.05608869
0.07941289
0.10673662
0.17774525
0.23148620
0.39850283
0.44853379
0.53136103
0.65273848
0.98060354
1.00929498
1.02504259
1.04448436
1.18409278
1.37245781
1.37712484
1.41465597
1.50861842
1.52812230
1.57723807
1.64806937
1.77178400
1.80303826
1.81505960
1.89098740
1.94822691
2.33375348
2.36869864
2.49933595
2.52121082
2.53029364
2.54025570
2.54385786
2.56995389
2.61509785
2.66146015
2.66338487
2.71151752
2.79537695
2.89515558
3.11133010
3.44687672
3.46589357
3.47156648
3.62236575
3.67204074
3.74717857
3.78497091
3.94411969
3.96482661
4.08353793
4.09212465
4.10288416
4.18502289
4.30290781
4.34123511
4.34244328
4.37220972
4.38107128
4.53590358
4.58371377
4.60730894
4.67858835
4.81933445
4.84570098
4.84724679
4.88830691
4.98416525
4.99314125
5.22230415
5.25928064
5.32519166
5.36476919
5.43794929
5.49946618
5.54926450
5.63909921
5.75617760
5.79136085
5.85228335
5.96792776
5.97636228
6.01858253
6.23986903
6.36908634
6.52177312
6.59264278
6.62087289
6.72680900
6.95517551
6.99869971
7.04505257
7.07865284
7.08626226
7.41206743
7.47891221
7.59640930
7.62377120
7.83828921
7.92115005
8.05247022
8.07443555
8.22720109
8.26972871
8.27207564
8.46681179
8.48064737
8.51130913
8.65404513
9.00254938
9.18947567
9.19344369
9.23571341
9.70617184
9.74488590
9.75615643
9.76287504
9.79048966
9.79477721
9.80142081
9.80614254
9.86726782
9.87369181
9.94591519
9.95669069
9.97537811
10.00859496
10.10493717
10.12182080
10.12801977
10.13174621
10.23078742
10.23606499
10.26462974
10.43424574
10.46416398
10.75065024
10.91548801
10.95696690
11.03845265
11.10893321
11.16995428
11.19232493
11.30261316
11.54203575
11.74246557
11.80110534
11.92509334
12.06439139
12.08351637
12.09210072
12.19904854
12.26632625
12.32282038
12.33087930
12.56435287
12.70021830
12.94201948
12.94496113
12.95749547
13.16657371
13.38043620
13.40569672
13.44638803
13.46348380
13.54499771
13.56734963
13.59595659
13.63660225
13.72268320
13.74083970
13.84702478
14.28221752
14.33981915
14.38470473
14.59826385
14.61069532
14.68078345
14.74358266
14.82964109
14.85609590
14.93626866
14.95896767
15.00669739
15.01319743
15.10561636
15.23933236
15.31675383
15.48086872
16.15675968
16.30811749
16.31917122
16.35636930
16.46630558
16.48161785
16.51968850
16.78877029
16.79583599
17.02354848
17.02993301
17.07483398
17.13727864
17.22400867
17.26954049
17.32905541
17.35455789
17.42074922
17.46968551
17.47249634
17.50627829
17.51159891
17.58935602
17.75067031
17.91147598
17.92004978
18.02754873
18.03854948
18.06537490
18.15355664
18.18518229
18.29126034
18.29298751
18.31074507
18.63257935
18.65580923
18.82121104
19.02505762
19.14222050
19.40542265
19.43526715
19.45766552
19.74197912
19.77744453
19.82072349
19.82415474
19.85341485
20.01142585
20.03906994
20.05028075
20.17026656
20.19956350
20.23059510
20.24907035
20.28744875
20.36431705
20.47632824
20.49508659
20.50559109
20.53231671
20.56561166
20.73943091
20.74964687
20.80074893
20.96913723
20.98168478
21.00869236
21.02013354
21.17012911
21.20798586
21.36165287
21.38328442
21.39234409
21.40914485
21.42311831
21.47322769
21.56568026
21.61850877
21.77444498
21.99345600
22.18545093
22.18851515
22.20963262
22.35363213
22.36884530
22.41020991
22.42864374
22.46068712
22.53171889
22.53494485
22.68865105
22.78889192
22.93583832
22.97386928
23.05032343
23.13195575
23.16315948
23.17465479
23.31651534
23.39989709
23.44957997
23.46173532
23.49377642
23.58596025
23.67115618
23.74776343
23.77199138
23.82563266
23.98482009
24.00547970
24.03477127
24.10348605
24.12552284
24.18654528
24.26171054
24.29011041
24.31689138
24.36182217
24.45701521
24.78165373
24.78717972
24.86688830
24.93209810
24.96186496
25.15556328
25.20715515
25.26836456
25.29993899
25.34387357
25.40829759
25.52384530
25.69965888
25.92616959
25.98259073
26.03871257
26.05501449
26.11701850
26.15214678
26.16699453
26.46701808
26.50741799
26.54294895
26.59068454
26.61558295
26.69340267
26.71946290
26.74792233
26.80345844
26.98614248
27.04696009
27.05779266
27.05998720
27.07386475
27.10932169
27.12697524
27.16056240
27.17664928
27.19368581
27.33166918
27.35107049
27.39031878
27.57345923
27.57924064
27.63085432
27.64065827
27.69675123
27.92545004
28.09430495
28.10335865
28.20694362
28.30198113
28.34103192
28.38758157
28.39539851
28.46295975
28.59210825
28.65028645
28.65747152
28.80704502
28.85227980
28.92254968
29.16058932
29.25316756
29.25481024
29.39935796
29.41658364
29.49853516
29.50987499
29.57520962
29.68765564
29.69789797
29.77672682
29.83538408
29.87198944
29.97667809
29.99658389
30.16125734
30.23399620
30.42896501
30.49617318
30.51641289
30.56775382
30.67527762
30.74235257
30.78203118
30.81032162
30.99133348
31.03728677
31.05942197
31.06047553
31.07414134
31.07418398
31.11654459
31.13826232
31.22445900
31.24806573
31.25979800
31.29557098
31.31604118
31.31882520
31.52473202
31.55927878
31.56891995
31.72409986
31.85475165
32.01110042
32.02382267
32.17117058
32.24026076
32.27816866
32.28800193
32.43214974
32.61689477
32.62779674
32.70536002
32.84186152
32.95266606
33.02311942
33.12668459
33.35595896
33.37219858
33.39734385
33.42013927
33.51701951
33.54769164
33.57460178
33.62539683
33.64619583
33.75902957
33.77399401
33.82733326
33.90900645
33.95685579
34.03006026
34.05185904
34.17716470
34.29433297
34.51181489
34.61377795
34.70856143
34.78868654
34.79934390
34.80892832
34.82017926
34.96231241
35.03949287
35.25980856
35.27131167
35.37814175
35.38599577
35.47740134
35.51583668
35.58498939
35.63953241
35.70322158
35.74973687
35.86088888
35.94497875
35.96688020
36.00353233
36.10919068
36.17631004
36.18903317
36.31695714
36.34421239
36.52562448
36.62646477
36.63544164
36.64144581
36.64756135
36.66765194
36.75347909
36.81429482
36.89149928
36.93478624
37.15731958
37.20933795
37.29799301
37.46789531
37.47615692
37.49401909
37.50491469
37.51478295
37.63838445
37.64535678
37.66935519
37.67265166
37.72096250
37.76794688
37.89057996
37.92098750
37.98928392
38.10199373
38.12709901
38.23626649
38.24618874
38.32347895
38.33452446
38.35136176
38.40866755
38.41528901
38.53599975
38.53813549
38.65602343
38.74505187
38.75704927
38.85345375
38.88377678
39.02849294
39.12496797
39.21142083
39.27091308
39.27962703
39.40527327
39.44920004
39.48518884
39.58135894
39.64161123
39.65961459
39.72692309
39.73287173
39.80093969
39.85064778
39.89929453
39.96928332
40.00268938
40.18015252
40.39395489
40.53499703
40.56868579
40.59406462
40.65458435
40.70438582
40.91823414
40.95860772
41.07085880
41.12604176
41.25447389
41.28175990
41.38036511
41.41925652
41.55521358
41.79921224
41.92109258
42.00581758
42.13196469
42.17512136
42.20325812
42.24333443
42.27115506
42.37304143
42.54943270
42.58175322
42.61719382
42.79241191
42.89312351
42.89704539
42.95752863
42.99013604
43.11615971
43.11841889
43.37237277
43.43243560
43.50799252
43.60596120
43.66581506
43.76450005
43.92186523
44.19471292
44.23156166
44.23730640
44.26838809
44.34662050
44.48179992
44.55914772
44.78846326
44.79928468
44.80888204
44.92632667
44.92960902
45.18673398
45.22607283
45.22915625
45.64159833
45.75687343
45.76784476
45.86199286
45.87359140
45.97321691
46.03148166
46.09785622
46.21222787
46.21613457
46.24536720
46.31539177
46.32542436
46.44766565
46.75869770
46.79798511
46.87028411
46.87789658
47.09036687
47.11378147
47.18297531
47.41197425
47.48612803
47.69366877
47.93796760
48.01444467
48.07389087
48.15038770
48.47063623
48.47782859
48.49691110
48.60109028
48.76936486
48.79918487
48.95541633
49.05477277
49.25626459
49.30300186
49.39448984
49.56000620
49.65113829
49.86454594
49.89448172
49.95451398
49.96033443
49.96152767
50.21407503
50.21452594
50.23306877
50.28285226
50.74592601
50.76594808
50.90844223
50.96314258
51.01725637
51.12956964
51.14000241
51.14378655
51.21340098
51.33547951
51.43947953
51.45562048
51.46531126
51.48554264
51.49783580
51.53070117
51.72383438
51.73920716
51.78372375
51.88220360
51.96417813
51.98177930
52.17157144
52.27574357
52.59881478
52.67763367
52.70348827
52.82300432
52.86543776
52.95895608
53.11034322
53.16551136
53.18302186
53.19940425
53.21035507
53.23001685
53.35016650
53.36830620
53.49458446
53.54942907
53.59691676
53.67564563
53.71336357
53.71764728
53.74621556
53.93482271
53.95467407
53.97920519
53.99677365
54.03309242
54.12201301
54.24969975
54.29333847
54.36370041
54.37913565
54.48320753
54.50778154
54.53396764
54.55981743
54.56208591
54.60962065
54.62765077
54.65924485
54.73247556
54.73844389
54.74708597
54.84277753
54.88245744
55.04042499
55.21863634
55.45222105
55.48136784
55.55856832
55.65438437
55.86536917
55.88369418
55.92295045
55.96290054
56.07939687
56.11201581
56.35421751
56.50015966
56.59363377
56.63047130
56.63808269
56.64810647
56.80440821
56.82847148
56.83871082
56.85489939
56.91342494
56.98710902
57.02754519
57.04980614
57.06749398
57.08838096
57.10287774
57.12706348
57.14076790
57.25436912
57.33105300
57.37513802
57.37599272
57.46337070
57.48261138
57.53161978
57.54636686
57.54979442
57.64040128
57.65435134
57.80497089
57.92536409
58.01807464
58.21117032
58.32495233
58.69806579
58.84778659
58.88636179
59.06134727
59.11841461
59.24028786
59.26762364
59.59903898
59.70189469
59.85540919
59.95271340
60.06429281
60.16762748
60.29637560
60.38306348
60.39391461
60.65181341
60.77676567
60.90970430
61.12484606
61.12832264
61.20095538
61.47871473
61.77999858
61.83409167
61.83940436
61.97791120
124.00000000
