0.15465542
0.23429085
0.24386687
0.50705876
0.51459391
0.64829766
0.64935792
0.68537087
0.73648809
0.75292572
0.85303656
0.90214622
0.90547415
0.92789908
0.99157894
1.10763404
1.16334426
1.17956641
1.32066737
1.47684121
1.50861842
1.56061732
1.63101790
1.77403800
1.77505666
1.81945205
1.82101957
1.84164589
1.86783782
2.18197456
2.23930587
2.25686227
2.36087369
2.36340667
2.66983737
2.68685757
2.80294040
2.83933668
2.91191801
3.03403837
3.08679510
3.11951057
3.16971355
3.19006616
3.19117337
3.25386503
3.31021419
3.34501126
3.36622091
3.44803847
3.62557477
3.72749599
3.78645273
3.80574011
4.03030817
4.08733400
4.12251125
4.17908202
4.67456443
4.69478990
4.79293522
4.88974013
4.92656596
5.01506914
5.13543858
5.51684161
5.70231203
5.78502899
5.83110528
5.83865202
5.94281131
5.95101041
5.99955368
6.03440202
6.24145502
6.26532531
6.47148093
6.50186554
6.61757221
6.65987644
6.70118325
6.72665882
7.13991405
7.31385626
7.35509807
7.53439021
7.67385962
7.70785151
7.73175842
7.90551282
7.96529140
7.99523670
8.00642896
8.03550864
8.08200585
8.15787888
8.28196371
8.52138485
8.59362451
8.70764667
8.73126511
8.79132567
8.90341417
8.92912591
9.24606692
9.43273707
9.47673110
9.53594304
9.60019154
9.60779364
9.68286389
9.81345030
9.86899097
9.87668547
9.90038342
9.91442458
9.93217705
9.93560977
10.02536701
10.03061276
10.03602068
10.07038783
10.07898997
10.30311370
10.30858040
10.44904421
10.50386609
10.51770462
10.62033039
10.89484322
11.02576569
11.06746840
11.31625317
11.32541011
11.33774644
11.43939003
11.43971963
11.49580830
11.54034297
11.65943223
11.68182998
11.72518377
11.90859928
11.94566918
11.96877120
12.09255441
12.19166429
12.24780269
12.30270225
12.34073740
12.45628895
12.60054219
12.69128053
12.70011245
12.85393156
12.91967534
12.92349366
13.32727705
13.57816830
13.73094372
13.95039865
14.02605220
14.06834378
14.11003253
14.44312831
14.46937487
14.47230234
14.47548285
14.61594798
14.64475362
14.64909950
14.73881397
14.76771306
14.77273954
14.79344481
14.82612706
14.87817480
15.00881165
15.23420354
15.31939442
15.33017682
15.39366982
15.51110130
15.51959072
15.60192142
15.65363383
15.70921363
15.72631060
15.74858416
15.77366494
15.85451260
15.88479424
15.92963423
15.94499736
15.97230422
16.04785501
16.10372339
16.10805602
16.12978557
16.21023139
16.23066387
16.23691441
16.45045737
16.47181269
16.47797674
16.54254004
16.91754014
16.94911623
17.00123304
17.05984451
17.14433687
17.24576694
17.64224316
17.76882166
17.86162947
18.06348207
18.06537490
18.13933767
18.23635782
18.25700912
18.36941179
18.45602568
18.67184122
18.68041528
18.69244506
18.87055577
18.93635277
18.94585140
19.12007403
19.23224200
19.68625947
19.75575840
19.83700193
20.08439555
20.08736024
20.11634865
20.15531685
20.20639142
20.21717577
20.22571890
20.23829435
20.33870236
20.35019273
20.39627832
20.65151945
20.67652192
20.70750395
20.80236688
20.88451418
21.00981218
21.12451712
21.15823296
21.23726931
21.31274216
21.36090854
21.42259090
21.60199325
21.69033283
21.78023048
21.83607467
21.86904425
22.04893545
22.30113872
22.45916310
22.49277717
22.72509745
22.88931263
22.91771496
22.98794169
23.06944160
23.19759503
23.27289678
23.28162211
23.42731714
23.80451991
23.83695721
23.94043491
23.94805579
24.04935075
24.08390636
24.08801795
24.19626478
24.27173673
24.49137785
24.55303854
24.81500710
25.01262439
25.08614187
25.23389421
25.23450822
25.41154745
25.47062631
25.53043628
25.63935088
25.73521369
25.75079278
25.77735436
26.06630963
26.15087151
26.20686144
26.47393353
26.55101370
26.67930986
26.68537142
26.74896575
26.92796948
26.94247394
26.96255419
27.00064292
27.14139905
27.15683866
27.20328631
27.33012270
27.37811275
27.44188807
27.54504013
27.81389517
27.93380494
28.28040560
28.28123455
28.45090958
28.51560264
28.59521302
28.59549216
28.65377230
28.82047904
28.88223273
28.89287545
29.09460487
29.12760782
29.18898060
29.31797319
29.36113573
29.36735696
29.59123129
29.63145366
29.63459356
29.65845237
29.76555017
29.95291869
29.96181823
29.98414531
30.05207599
30.65232784
30.78092523
30.86814167
30.95173471
30.96884378
31.11467391
31.15223791
31.22141573
31.23752066
31.29952793
31.49461236
31.52060802
31.69168043
31.90443537
31.92988040
31.93846807
31.94050699
32.12110863
32.18033533
32.27913101
32.36960873
32.41402245
32.75113441
32.81514417
32.90509083
32.93235945
32.98345932
33.07059941
33.07273845
33.13552719
33.23820357
33.46901592
33.46981252
33.72392643
33.85051895
33.94058681
33.96762940
34.07959291
34.15255310
34.22859421
34.23308922
34.29554526
34.34334287
34.42673176
34.64078809
34.67162094
34.91090851
34.95955356
35.17684257
35.18296313
35.26540084
35.35950375
35.50738955
35.63446770
35.67907554
35.80805211
35.86217619
35.97319726
36.01845307
36.12998924
36.30410669
36.31927702
36.47295003
36.47946367
36.48861229
36.52586562
36.64784946
36.76545647
36.80270882
36.85995175
36.87230712
36.87923428
36.97911041
37.02786194
37.08369737
37.14612857
37.25663919
37.34838480
37.76409901
37.77184364
37.93487025
37.93542903
38.16154392
38.20922747
38.28216515
38.28577898
38.41555574
38.47924779
38.53854883
38.55563670
38.68687381
38.68778764
38.79552523
39.21098899
39.24882660
39.42407682
39.66818221
39.72743813
39.80123613
39.95454915
40.05814309
40.15251998
40.16991868
40.32989499
40.43363980
40.50294274
40.55546581
40.60497505
40.73318243
40.75552042
40.79146161
40.88779415
40.93734418
41.05997391
41.20839845
41.22780342
41.25484205
41.28068857
41.28951563
41.45382480
41.57314392
41.82736237
41.97647364
41.99524447
42.02594322
42.20100946
42.23766921
42.41922028
42.46159119
42.47505070
42.48671582
42.51495920
42.65506028
42.77733118
42.78827951
42.80130717
42.97230958
42.99581377
43.01423623
43.06775674
43.14851297
43.27777461
43.34801047
43.42178443
43.51777320
43.54403869
43.65640163
43.65870694
43.68763777
43.70631286
43.79076985
44.09379560
44.22379128
44.29975974
44.33043783
44.50333096
44.56095921
44.63844267
44.71366346
44.92025953
44.94342878
44.94763978
44.97657941
44.98211288
44.98773434
45.11677336
45.51095457
45.56580424
45.57506240
45.67293917
45.78195454
45.85288166
45.93274602
45.97854217
46.05407926
46.11385999
46.12193025
46.13195085
46.13828218
46.18711667
46.41930129
46.53349418
46.58667292
46.81073808
47.01770686
47.17299710
47.22115572
47.59232284
47.68900738
47.76759038
47.79642647
47.84351934
47.88310349
47.89605433
48.12052469
48.21485019
48.26028928
48.42609763
48.58470983
48.64605668
48.69125964
48.75318334
48.79345983
48.87421629
48.97565844
48.98925144
49.03592398
49.05995484
49.08155811
49.13514222
49.20743857
49.24946675
49.28053893
49.34061391
49.59332683
49.89538131
50.04446848
50.06301207
50.09811763
50.12784152
50.16398133
50.19934848
50.41374035
50.52767742
50.75707179
50.80644226
50.87844655
50.91192265
50.92101417
50.94734223
51.06858669
51.14000241
51.15555186
51.21953681
51.46466973
51.57382355
51.58373739
51.59113020
51.61934733
51.62929231
51.95927254
51.96815011
52.02218936
52.31972298
52.40808448
52.42891833
52.45345888
52.51436537
52.66381497
52.72103290
52.74285816
52.74750110
52.87522441
52.89654643
52.92712124
52.97327675
53.12234105
53.15808705
53.17038068
53.18302186
53.20018977
53.25665399
53.31884248
53.49228109
53.58213372
53.60885103
53.76652405
53.94377011
54.02989235
54.10550594
54.16861885
54.21093820
54.23616610
54.38530020
54.44714157
54.51390584
54.58908061
54.58913653
54.72626021
54.74732385
54.95964624
55.00285861
55.08760359
55.12985038
55.15497069
55.19764679
55.25095668
55.30787278
55.31948005
55.39600903
55.40462126
55.44928105
55.48016529
55.49406109
55.70176075
55.70732314
55.88001548
55.89858929
55.93940348
56.21364499
56.21439542
56.28177146
56.29123442
56.29338515
56.37468401
56.57116375
56.57385666
56.77661287
56.99025385
57.00382200
57.06017378
57.46839832
57.48157627
57.49405143
57.50201715
57.50798924
57.52755935
57.56259299
57.60184260
57.62048640
57.65781950
57.79238192
57.98541973
58.02975395
58.15217726
58.17677843
58.19860863
58.34180536
58.34251651
58.35073410
58.41100079
58.43746327
58.44966740
58.68797909
58.70798032
58.82344137
58.92969629
58.93879950
58.94480470
59.07296285
59.10106425
59.11907359
59.17312017
59.25423558
59.26607186
59.37500123
59.53089030
59.66265743
59.68189434
59.76013367
59.78479010
59.81833264
59.81875166
59.82370958
59.82508360
59.82621588
59.84271945
60.00004805
60.02406521
60.08395836
60.21055048
60.27910052
60.32650977
60.40503005
60.44603724
60.53112646
60.63907586
60.74681067
60.80084437
60.80999989
60.96609345
60.97475006
61.01780506
61.01926938
61.04143103
61.09844454
61.30017969
61.43968281
61.45699004
61.46718879
61.57404500
61.67539272
61.76262802
61.76687535
61.78278125
61.82616663
61.94018440
62.04370062
62.33590646
124.00000000
