0.06130160
0.09779043
0.10796557
0.31243268
0.59880149
0.68490417
0.69012888
0.70491300
0.73741721
0.75273621
0.79011627
1.14321716
1.26613466
1.28867097
1.46337574
1.47684121
1.50279241
1.51452994
1.69338381
1.98055574
1.98707378
2.04791383
2.26518339
2.32639012
2.40142158
2.67534385
2.79853620
2.83773670
2.88651434
3.03839839
3.06880339
3.08091613
3.13134531
3.28983541
3.44437436
3.51519051
3.55241700
3.63548414
3.69452397
3.69973523
3.76876899
3.92903762
4.02286697
4.16392752
4.20351770
4.25094080
4.30107064
4.31886480
4.33341663
4.37220972
4.47101158
4.65225680
4.68126921
4.69643101
4.83693818
5.00165266
5.19175501
5.20678760
5.29876053
5.37971649
5.42513678
5.48387507
5.65774347
5.69686591
5.85170440
6.03457435
6.07170578
6.10591466
6.19415403
6.24732330
6.26088932
6.28983691
6.31593368
6.43749039
6.47353331
6.52113442
6.58122518
6.59609863
6.61760721
6.66815404
6.72728349
6.82709990
6.84873735
7.01506399
7.20910719
7.23894951
7.26446160
7.26767360
7.27480004
7.30476204
7.32093977
7.38447172
7.40710979
7.52876532
7.94918999
8.09543351
8.20412262
8.27041313
8.27775381
8.49922571
8.53212737
8.65706004
8.67220101
8.78397290
8.91547407
9.04086606
9.35981282
9.38417687
9.41491328
9.50481433
9.68962590
9.72037359
9.87784174
9.93626627
10.01755705
10.06398865
10.06492707
10.10145527
10.11511625
10.20105755
10.26578388
10.28647351
10.42969853
10.53912269
10.57711511
10.58269912
10.62033039
10.62174515
10.65664172
10.74889796
10.79200728
10.90029921
10.92333872
10.97088239
11.11275818
11.15749889
11.16874231
11.30528533
11.51601706
11.66143301
11.74087483
11.89774209
12.17671935
12.19085829
12.22582594
12.33091437
12.36157792
12.39858634
12.52368444
12.73398766
12.76071502
12.92349366
13.12540080
13.12586946
13.12870776
13.22419991
13.31497317
13.45410197
13.57637931
13.76109859
13.78086605
14.29838434
14.38636952
14.47986262
14.67645015
14.69666678
14.74389785
14.75499658
14.78462889
14.82564154
15.16969605
15.17321741
15.18618142
15.27315807
15.29086462
15.33017682
15.34140979
15.35428681
15.43429151
15.45510123
15.45890038
15.69976675
15.69986822
16.31040656
16.48475306
16.56363209
16.56917581
16.71270904
16.90716293
16.92376621
16.99689824
17.05319728
17.08883677
17.11992896
17.30115950
17.43614948
17.48191008
17.52312127
17.55570645
17.57918790
17.60810800
17.63927580
17.67790361
17.78233529
17.79811233
17.98743919
18.01681645
18.11784919
18.16385298
18.54693319
18.72820982
18.74760951
18.89963796
18.94905755
19.00707404
19.26757961
19.31637398
19.34574325
19.38097684
19.38822570
19.48990805
19.52526148
19.53010117
19.59391674
19.60131916
19.82415474
19.89216964
19.91401714
19.94311268
20.02007475
20.27452445
20.29232940
20.32460787
20.38351496
20.38923084
20.57906921
20.66467991
20.78103201
21.08433823
21.17189765
21.17587667
21.23283802
21.29827079
21.36566678
21.38328442
21.43252706
21.52561794
21.67392043
21.77061870
21.78721877
21.82558389
21.92564099
22.01843726
22.11258723
22.13675634
22.18851515
22.20743807
22.27544407
22.28707398
22.36504632
22.37410646
22.60926804
22.62193327
22.64793350
22.76411105
22.89739960
22.96751841
22.98775734
22.98870197
23.02546967
23.06014267
23.08269335
23.11414740
23.21770758
23.25332664
23.38217671
23.42477348
23.43783286
23.50217934
23.57357510
23.59036361
23.59807096
23.76229289
23.76430362
23.81870252
23.88101657
24.01406294
24.19438023
24.34935998
24.39302769
24.44461305
24.64157428
24.87646554
24.94131766
25.02076311
25.03101409
25.11622405
25.21239208
25.22154272
25.38228674
25.63725790
25.64167351
25.79094472
25.79394995
25.81176036
25.83679188
25.84920591
25.85098844
25.89759882
26.25020711
26.26349659
26.31514883
26.45770953
26.46064786
26.46821339
26.78884609
26.82199990
26.82297554
27.04696009
27.13887131
27.14912257
27.17794804
27.39478305
27.47919921
27.50966754
27.80756277
27.91859611
27.95977723
28.00111677
28.10241599
28.20962707
28.21276933
28.23673541
28.29698653
28.42516189
28.42581631
28.47079758
28.49019518
28.55292369
28.69168517
28.77428777
28.82300001
28.89151241
28.89591447
29.00478077
29.01740354
29.09412266
29.09756648
29.13377790
29.16058932
29.39076966
29.40599747
29.52326704
29.66303445
29.72429729
29.73834052
29.75059659
29.78868972
29.83857253
29.88076155
30.08935529
30.12090191
30.18817000
30.21956216
30.37275994
30.43259824
30.51368949
30.65134819
30.67713687
30.78796422
30.85042030
30.91666932
30.95793551
31.00373959
31.17727761
31.20022596
31.21974732
31.29403976
31.36454251
31.37575977
31.38711782
31.48252711
31.50124583
31.54612567
31.57962918
31.66351846
31.67583318
31.96800668
31.99261447
32.00538854
32.16309465
32.19002311
32.20986937
32.29887078
32.34299367
32.38904023
32.43214974
32.50067387
32.54905006
32.68737654
32.87725723
32.88062913
32.88377210
33.09311296
33.16883101
33.23432354
33.42960223
33.47110057
33.59715425
33.73494981
33.82927494
33.87758285
33.97603075
34.02969760
34.07498013
34.11035334
34.16584104
34.16991054
34.21712619
34.28414007
34.35499702
34.61020244
34.65448236
34.69193615
34.76116160
34.80654012
34.84107207
35.03111645
35.35480372
35.47826325
35.53140667
35.54102320
35.79839536
36.02941327
36.29024270
36.40316606
36.40364671
36.46827163
36.54238843
36.69666757
36.83231197
36.88426184
36.91583921
37.15793585
37.31627850
37.42452612
37.65953678
37.66180341
37.71779046
37.74834318
37.79715823
37.82985768
37.98998123
38.04220796
38.04853527
38.17807039
38.22035566
38.38120798
38.44597145
38.45982306
38.49294473
38.49761821
38.51931207
38.55673272
38.60832484
38.73201088
38.77986253
38.80062727
39.17347012
39.20196942
39.23291024
39.26805637
39.35175920
39.45711729
39.46655929
39.49869250
39.64714826
39.64725737
39.66474250
39.70857757
39.72786752
39.74175393
39.78947937
39.79802690
39.84709776
39.98483698
40.16913889
40.40609163
40.41246583
40.44144626
40.49158281
40.57526363
40.61293349
40.62725399
40.65960986
40.75390057
40.83954977
40.90808751
41.02148519
41.08332136
41.18281016
41.18848569
41.19963610
41.20839845
41.30217954
41.36087521
41.41925652
41.45023681
41.61437294
41.65539274
41.81811476
41.85568347
41.90410548
41.98604066
42.26061209
42.39559140
42.40385871
42.42588825
42.43280121
42.46517595
42.48203457
42.49624896
42.70521175
42.77430875
42.81387143
42.84040459
42.92526854
43.05990501
43.10788303
43.32759338
43.34582017
43.41231770
43.41527384
43.44411508
43.68381862
43.84372025
43.91448324
43.95517777
44.00542780
44.07211521
44.10192363
44.26755504
44.33571816
44.40432460
44.56833804
44.64889867
44.70383293
44.86675463
44.91014603
45.03814792
45.12733998
45.24936419
45.25429326
45.27040888
45.28510497
45.29346936
45.36318087
45.37479891
45.38111697
45.54984376
45.60504201
45.69962575
45.75999812
45.85391510
45.99510176
46.26517915
46.33054630
46.35876893
46.67859253
46.68632043
46.73127962
46.80605261
46.87228368
47.23695846
47.24107865
47.45067954
47.45778966
47.46944083
47.50303046
47.57776562
47.61873293
47.74658850
47.78210614
47.83389381
47.96392145
48.02126789
48.71665948
48.72894549
48.73717377
48.87421629
48.92653651
48.95232126
49.07755312
49.08808821
49.17282256
49.23628560
49.28053893
49.43557212
49.48762880
49.50163848
49.52719946
49.55448547
49.55539982
49.56389668
49.69276737
49.72233678
49.78606690
50.07929217
50.08473715
50.16366001
50.44488477
50.46310401
50.90100999
50.96115651
51.03026934
51.09706238
51.20359785
51.22938084
51.64227843
51.67329059
51.78445802
51.82126550
51.86449472
52.13544144
52.27115143
52.28402810
52.39063404
52.39663770
52.40737051
52.44073764
52.85683176
53.07733696
53.13847314
53.14313173
53.17607725
53.29608231
53.34054334
53.47806396
53.64022177
53.66643721
53.75750209
53.77599489
53.84109502
53.90080080
54.06638314
54.13155259
54.17788692
54.26325460
54.75173982
55.35931080
55.38408403
55.69477396
56.23732668
56.30408990
56.38692067
56.42113389
56.51402964
56.60538951
56.70991352
56.72248075
56.74234339
56.76917397
57.01090290
57.05119367
57.06647499
57.08927595
57.09064701
57.11346281
57.17819475
57.32875783
57.38533810
57.41069778
57.66392839
57.73165710
57.84846035
58.00683554
58.01198906
58.02581327
58.09016329
58.31887207
58.49719123
58.62234497
58.65877282
58.75783735
58.76931886
58.85730072
58.95011004
59.02474942
59.11454993
59.21128020
59.25796715
59.47623804
59.64763606
59.76552275
59.86439121
59.91621545
59.93022973
59.96376423
59.96570672
60.11010589
60.38842931
60.41825449
60.42016159
60.43412783
60.65645736
60.85819488
61.09429083
61.13342744
61.21748025
61.34696818
61.50320575
61.55464894
61.66697750
61.68873008
62.12240203
124.00000000
