0.34729726
0.35548356
0.45938452
0.66818439
0.69496280
0.86796588
0.90782693
1.22796108
1.27762197
1.34188463
1.43258278
1.64224974
1.64599046
1.77387591
1.83016295
1.85593256
1.85711999
1.89303059
1.94534727
1.95547827
1.98605454
2.07443796
2.18848516
2.33709787
2.45914304
2.49192526
2.66775157
2.67585816
2.71507819
2.71832208
2.82980795
2.93409062
2.94066377
3.18515114
3.37056132
3.39985561
3.40400331
3.55726905
3.66085597
3.68783046
3.78381996
3.90435647
3.99416463
4.12189281
4.16843958
4.17063126
4.29386105
4.34588013
4.35882067
4.62065049
4.62400132
4.64591428
4.69608443
4.87500507
5.02013175
5.16350218
5.16811277
5.26220343
5.41145628
5.46034203
5.60523027
5.68152901
5.69154639
5.79785589
5.87989142
5.93307463
6.08864363
6.12806805
6.20925659
6.28795580
6.39827142
6.43861950
6.55747058
6.59613005
6.65305201
6.88902864
6.92178424
6.95413567
6.98719419
7.20757233
7.38554305
7.53471732
7.55153093
7.56412842
7.65639327
7.68397980
7.71359308
7.78238896
7.91002637
7.99095989
8.03375527
8.06980871
8.09803175
8.13621815
8.16371571
8.24736885
8.26736496
8.27943978
8.31055398
8.31161857
8.36381135
8.38102773
8.39588933
8.46515727
8.61189186
8.71939679
8.80148882
8.99543868
9.14314537
9.14596940
9.16890413
9.20160185
9.31460168
9.38880787
9.45694707
9.46201530
9.46489845
9.51351909
9.54692255
9.55466393
9.61319376
9.76428588
9.77081650
9.79725676
9.81443109
9.84914005
10.06814170
10.15158571
10.23009734
10.23372232
10.32383452
10.37588679
10.41251535
10.43475898
10.43761973
10.44759138
10.51434284
10.57385563
10.58474390
10.62006559
10.78605723
10.82223762
10.83816685
10.88374857
10.96521888
11.00960752
11.08988961
11.14696872
11.15603321
11.17274961
11.30680030
11.37496672
11.51466684
11.92427980
12.08305878
12.33074108
12.34816308
12.51020632
12.65090677
12.65801472
12.77833884
12.80604604
12.92336040
12.95502790
13.02148854
13.08969858
13.13920681
13.28694820
13.30120707
13.42585456
13.43835460
13.63812857
14.13321216
14.14542733
14.15220827
14.27543743
14.29963719
14.35452153
14.38214797
14.41616076
14.54710743
14.73881397
14.74175349
14.74938589
14.77373770
14.97100881
15.09646854
15.18752225
15.20476977
15.35331097
15.35949801
15.42942155
15.45998991
15.81269360
15.95724005
15.97239219
16.03680442
16.11735102
16.15622428
16.57064201
16.59154916
16.66578196
16.89781677
16.94911623
17.14083556
17.22967474
17.45244400
17.92587966
18.05470257
18.20684496
18.20713390
18.40636842
18.42868128
18.55233393
18.66439048
18.69981916
18.74090557
18.75775705
18.81190294
18.85602146
18.87082632
19.27126235
19.37541063
19.38989859
19.39210260
19.39334793
19.48828006
19.49612711
19.91756392
19.97809594
19.98442916
20.05946564
20.11857274
20.23829435
20.24206507
20.42485217
20.55538382
20.59040694
20.62606317
20.64106958
20.69109023
20.70678555
20.76017555
20.86724270
20.94662175
21.29611612
21.46183928
21.53139325
21.70657084
21.81035916
21.88677495
21.89050404
21.99716946
22.05373895
22.18568919
22.25031006
22.31532832
22.42236767
22.52633315
22.74506741
22.78884824
22.78901910
22.92167512
22.96071771
23.14588100
23.17900913
23.24539935
23.28506266
23.56732767
23.57149653
23.59087473
23.63375831
23.68791037
23.79786775
23.81555390
24.12555461
24.17698084
24.29452933
24.39830835
24.51089337
24.53868333
24.55326072
24.56453898
24.59801837
24.70370738
24.81881330
24.94183989
25.02649321
25.06067462
25.12428177
25.13356798
25.13839911
25.18084863
25.30882147
25.51028659
25.55122927
25.64588587
25.84540253
25.90116167
25.99095788
25.99645319
26.16209575
26.22555216
26.25672626
26.26349659
26.28455797
26.37141053
26.48740711
26.50714480
26.50741799
26.54850351
26.63116310
26.80915828
26.87899082
26.95306120
26.98709227
27.00064292
27.13476166
27.31306994
27.34256946
27.53140763
27.61316856
27.70332726
27.85261830
28.00197786
28.00981365
28.04778148
28.25540127
28.32673793
28.37935528
28.44081184
28.48385080
28.49407196
28.49718599
28.66128018
28.72442404
28.78881267
28.87756351
28.91772653
28.94763032
28.95806898
28.95991982
29.09877899
29.10502594
29.12985696
29.18067678
29.34024982
29.34834636
29.48648584
29.49552126
29.52987444
29.75872723
29.78523279
29.88647495
29.92857951
29.95285522
29.98684757
30.11588788
30.28441610
30.28877344
30.33497003
30.44532274
30.57155979
30.57966684
30.65936710
30.75206260
30.81422784
30.85604705
30.92438377
30.93334268
30.98422014
31.03286356
31.24222250
31.26102840
31.54774247
31.60399120
31.64105669
31.84920044
31.85421263
31.92870720
31.97261758
32.00339100
32.02382267
32.19921968
32.31247735
32.31954884
32.61690789
32.68605823
32.70536002
32.76763480
32.88575762
32.94172693
33.03463685
33.04807286
33.10353118
33.21250386
33.22145303
33.27572803
33.43348987
33.48969597
33.50902650
33.54341576
33.66551316
34.14336001
34.16638474
34.43385918
34.55846832
34.92858941
34.95516035
34.95987417
35.01715863
35.10456240
35.16869602
35.31664656
35.39114126
35.60052090
35.64260982
35.65979928
35.66176733
35.77665949
35.82096813
35.97382875
35.99164195
36.00580085
36.04611894
36.10557397
36.21443894
36.23654696
36.93428296
37.07442103
37.10475173
37.14453705
37.25108748
37.31573980
37.36123069
37.43574461
37.45000916
37.61655019
37.61859058
37.75654203
38.00643633
38.12288724
38.19101021
38.30081734
38.31056218
38.38392991
38.45105048
38.48997037
38.62688420
38.77660747
38.77928354
38.85270009
39.16497376
39.30065355
39.40347980
39.47868453
39.51647128
39.52920234
39.56718309
39.64161123
39.72743813
39.73287173
39.79305639
39.80047813
39.88373358
39.98165150
39.98280762
40.02211421
40.03859142
40.19594914
40.26812595
40.27279544
40.41684810
40.54092933
40.54570342
40.57023125
40.57526363
40.63600916
40.70895367
40.72247762
40.72408366
40.75127643
40.88178045
40.92390824
40.97219586
41.10284385
41.16158161
41.22402974
41.27509369
41.47235699
41.66676594
41.68988256
41.74306493
41.88611777
41.91062629
41.95534548
42.03425899
42.20650738
42.29115523
42.36978223
42.49745010
42.49760569
42.57948354
42.69759237
42.78140247
42.87970557
43.03865192
43.10175850
43.24868170
43.39932072
43.46329780
43.76138910
43.81285257
43.84372025
43.86686013
43.87577947
44.07223035
44.08715468
44.24684690
44.37665407
44.47714280
44.47768648
44.54748200
44.57008313
44.60310292
44.65228977
44.67462668
44.74512428
44.77097670
44.78178781
44.94753245
45.01855381
45.06116067
45.09441270
45.21483593
45.59122696
45.61901562
45.66548779
45.67835301
45.84665321
45.87359140
45.87948861
45.90716304
45.97854217
45.98428039
46.09576208
46.10958029
46.17857965
46.21455753
46.23367188
46.26604202
46.28763742
46.40403979
46.45541312
46.54967088
46.64045171
46.69430489
46.74558428
46.79847726
46.87789658
46.99198305
47.05259183
47.06492422
47.06704690
47.08554928
47.11075978
47.12652824
47.25634062
47.38427865
47.42221892
47.47278462
47.49502830
47.52546778
47.66984206
47.91546458
47.96559498
48.04756874
48.05621765
48.09053959
48.11341763
48.31536756
48.34452760
48.42163022
48.58762539
48.62607478
48.65587659
48.94240772
49.23789055
49.27050090
49.33958521
49.40039466
49.47973495
49.58618607
49.60367017
49.65965940
49.80114797
49.86444252
49.94858087
50.10039044
50.12784152
50.16844875
50.29715386
50.42584743
50.44854111
50.55522665
50.65302558
50.81921963
50.89851468
51.14070422
51.18125329
51.18754937
51.24011904
51.25815343
51.29017535
51.45016436
51.51560342
51.62317273
51.62700582
51.73858780
51.79665909
51.85867648
51.92227207
51.97345670
51.98930988
52.00575359
52.16518657
52.20825807
52.33147623
52.47183466
52.51869558
52.76605205
52.88910010
53.08423531
53.19348098
53.20018977
53.21380356
53.34603423
53.37492819
53.44273725
53.44731851
53.50509783
53.53574384
53.54878546
53.72136526
53.82073880
53.85484403
53.98554398
54.04896384
54.05477612
54.24969975
54.25924474
54.26753018
54.27240003
54.40484207
54.49623207
54.63897450
54.64140054
54.67770630
54.70885288
54.89891574
54.90559212
55.01149478
55.25095668
55.25636433
55.40840102
55.52574012
55.56391569
55.56651538
55.67721434
55.69618294
55.79331223
55.79669050
55.79802181
55.84039289
55.88226637
55.89657136
55.95736252
55.97368031
56.02161995
56.05956996
56.15219740
56.20613417
56.21856630
56.24455875
56.35310867
56.39134949
56.46514018
56.48687431
56.52214050
56.53708143
56.56981980
56.60000568
56.64426069
56.69061533
56.71556554
56.79486407
56.83204825
56.87813269
56.88598105
56.95301802
57.09667080
57.09936050
57.10288592
57.31990532
57.47348271
57.56550618
57.56783654
57.57755435
57.59431678
57.82220381
58.04983785
58.05570777
58.07595555
58.25319585
58.25329444
58.43645763
58.66145258
58.74536425
58.99183906
59.10092351
59.15405909
59.30784481
59.50231666
59.67511124
59.81280884
59.99774681
60.01592568
60.09619270
60.18160089
60.32910582
60.35555044
60.38281937
60.40503005
60.42033847
60.43190033
60.53009830
60.58304653
60.74875260
60.90970430
60.92621039
60.96840119
61.23037805
61.37065487
61.41395970
61.42166310
61.44741387
61.51055515
61.69632036
61.70151501
61.93426325
61.96952561
61.97443159
62.01481434
124.00000000
