0.03415228
0.06158808
0.07092885
0.07905021
0.08565052
0.09690689
0.16693001
0.21048341
0.28675046
0.28826603
0.41651035
0.51581219
0.57120300
0.57568646
0.84235894
0.92858563
0.93025625
0.96468947
0.98564452
1.00869143
1.06964958
1.10481193
1.17247550
1.22586798
1.22893340
1.41689707
1.46760637
1.55580675
1.56684555
1.66800897
1.72627950
1.74268224
1.80976646
1.83547820
1.86575276
1.88778798
1.92195897
1.96132707
2.04017546
2.07022708
2.18132147
2.20474856
2.28510779
2.29523440
2.44651756
2.67662484
2.73984138
2.75007683
2.77044669
2.81961300
2.83120117
2.95293660
3.08771734
3.12713695
3.29251872
3.29747572
3.35605055
3.40752262
3.52851082
3.55104726
3.64000842
3.77660683
3.84702219
3.93450523
3.98903472
4.04129005
4.21567416
4.28985850
4.30791620
4.34123511
4.34244328
4.37293559
4.53429350
4.70638953
4.72321539
5.00288302
5.14650892
5.21760062
5.30969569
5.33390122
5.44178181
5.62495386
5.66534924
5.66743753
5.67345558
5.77472099
5.78595788
5.95723739
5.96911216
5.98526621
6.16211291
6.27610064
6.27720991
6.47737242
6.58778080
6.60702186
6.69040149
6.76128258
6.80774193
6.84961915
6.92007276
6.96953485
7.17280869
7.30414494
7.31651150
7.56340240
7.61953715
7.83647087
8.03397726
8.05247022
8.08979316
8.14961687
8.24235713
8.45304322
8.53366919
8.64981455
8.76898060
8.80767670
8.86294214
8.91124675
9.08908870
9.09219968
9.24081828
9.42162910
9.56460900
9.60605663
9.62579289
9.69969535
9.72235533
9.72469792
9.87913140
9.88430806
10.03602068
10.16617752
10.27741671
10.33926482
10.37610891
10.38229890
10.43823805
10.61051953
10.84931980
10.91333003
11.08497456
11.11275818
11.32541011
11.33788784
11.36414724
11.39741753
11.68598496
11.68818429
11.78356374
11.87052928
12.03156386
12.08789984
12.09362273
12.18922288
12.32009183
12.34239331
12.37420091
12.64811564
12.70471033
12.77258353
12.88981801
13.00820105
13.01715144
13.11998460
13.15135473
13.17216260
13.20851411
13.39767200
13.55828240
13.86844738
13.98231340
13.98975078
14.00344759
14.08058596
14.18066889
14.21463668
14.25892518
14.32523250
14.33949945
14.66671310
14.69160089
14.69666678
15.00530685
15.19621962
15.26843992
15.37393583
15.37688019
15.39144987
15.39741258
15.40355536
15.48168577
15.59329650
15.60363624
15.65836358
15.92448248
15.95724005
16.04395114
16.06063656
16.12169699
16.25753637
16.27982790
16.45897193
16.47569067
16.51186519
16.62007555
16.78498939
16.85796095
16.87072079
16.90597046
17.02278047
17.02633357
17.07040795
17.14191091
17.20544541
17.23575989
17.24920649
17.45793002
17.49991599
17.52233111
17.55174607
17.79811233
17.84689353
18.03122059
18.08788555
18.12320864
18.23311898
18.33696507
18.33996458
18.52660808
18.64701913
18.82987824
18.90664281
18.95032241
19.02349875
19.02875315
19.07685293
19.21153529
19.41685356
19.43137873
19.61582142
19.66765667
19.78225725
19.82038818
19.85194263
19.94589544
20.16824811
20.28085002
20.29741327
20.37768960
20.40848079
20.46448611
20.56723143
20.76707732
20.77554802
20.79031637
20.85033292
20.86950625
20.87315243
20.89615359
20.93984087
21.07075597
21.19333757
21.49410794
21.64640171
21.69515685
21.80344417
21.98740446
21.99644083
22.05439933
22.16331430
22.16578517
22.18344182
22.30851329
22.45252118
22.58459012
22.68835182
22.73922037
22.86299304
22.88135277
22.88226191
22.93013183
22.97034253
22.99405598
23.05657646
23.19263568
23.21093142
23.39009577
23.53025112
23.58128150
23.62812298
23.62979961
23.63078338
23.74687522
23.79857593
23.87497204
23.95696675
24.00472592
24.03354025
24.04081043
24.09882539
24.10167824
24.13691588
24.14182942
24.41218621
24.43588557
24.48363823
24.48726446
24.52342776
24.65099952
24.76969973
24.78305326
24.90151096
25.01720090
25.03517361
25.16848818
25.18576828
25.24647418
25.34544021
25.40499635
25.42262396
25.49943996
25.54611368
25.75066683
25.85331686
25.94683681
25.97116294
26.15807502
26.16424394
26.26625213
26.26730272
26.29591043
26.31683849
26.42086409
26.57259922
26.68664713
26.72072320
26.83701677
26.84559053
26.93262973
26.98291986
27.00806368
27.01822314
27.03502728
27.05779266
27.33166918
27.35983768
27.87435913
27.90136587
28.10241599
28.16217931
28.17228297
28.30273557
28.38565417
28.46937298
28.53109667
28.59360879
28.64543203
29.19680998
29.20328627
29.30252289
29.35822932
29.40372203
29.44540625
29.48593444
29.65719311
29.68765564
29.86431174
29.93293399
29.94481097
29.99957695
30.11341466
30.19839716
30.24690069
30.41289959
30.49306368
30.58198947
30.60825967
30.65347883
30.70236350
30.74021578
30.76512172
30.77883114
30.82781122
30.85221665
30.89446057
30.91086877
30.96064381
31.02339863
31.06023030
31.07601573
31.11161869
31.13305103
31.26008143
31.27849643
31.43425800
31.45958153
31.49034056
31.50625806
31.63742124
31.72145421
31.93144384
31.94707352
31.96333008
32.03658949
32.07067877
32.16662960
32.21858959
32.37841234
32.42496210
32.76093607
32.88377210
33.02226177
33.31116345
33.44585550
33.53853843
33.60291205
33.69748137
33.75980773
33.77064225
33.77335964
33.78549180
33.80673697
33.89258189
33.95159679
33.95796664
33.99247635
34.03210879
34.04526964
34.14525837
34.24611026
34.29678817
34.31768412
34.35751082
34.36643479
34.38929667
34.42277538
34.55558717
34.66157763
34.69893988
34.74459167
34.74823783
34.94611687
35.01128157
35.02557754
35.06555333
35.23633661
35.26305676
35.33620064
35.41044270
35.46151063
35.49509422
35.63704538
35.66724142
35.71974975
35.72774110
35.79951334
35.93884031
36.01085689
36.17221106
36.25369001
36.44846771
36.60460900
36.67287792
36.75766060
36.79907367
36.83862872
36.90695167
36.99199086
37.18406322
37.21336605
37.22196778
37.29860250
37.32208521
37.39398014
37.48598679
37.56119021
37.63838445
37.77411534
37.77941367
37.80012065
37.86255760
37.93542903
37.95768767
37.96562579
38.10501439
38.21482066
38.25221516
38.32238748
38.36863701
38.44789971
38.58136013
38.67169699
38.73787466
38.81315659
38.84235080
38.85809773
39.07656304
39.10999632
39.11425438
39.14233019
39.26438913
39.44714454
39.59930732
39.80047813
39.81141893
39.95369479
39.95517729
40.15099175
40.45236574
40.48467759
40.57526363
40.85243432
40.98646683
41.06656787
41.13947308
41.16741674
41.21078445
41.34671723
41.58523174
41.68185754
41.74076319
41.78782185
41.89777982
41.92447066
41.92795994
41.93427968
42.06225273
42.18184593
42.26061209
42.30822244
42.32894590
42.33754225
42.43343974
42.46183176
42.51577583
42.53697174
42.59965142
42.60824454
42.61067796
42.63043242
42.65222436
42.80738892
42.81914044
42.85593370
42.94132308
43.47227574
43.50048746
43.51999902
43.57288014
43.77218632
43.80164531
43.82564775
43.86421133
43.98851013
44.20479154
44.46596562
44.48179992
44.50755255
44.64289494
44.68328295
44.69671180
44.77974393
44.81728012
44.86675463
45.03338987
45.11991062
45.16235607
45.17685372
45.21553287
45.25114965
45.32111342
45.42061193
45.55876605
45.58161736
45.59430573
45.85706453
45.89545145
45.94863863
46.06941412
46.12279604
46.14793211
46.58721262
46.62528589
46.70434344
46.81022242
46.96422457
47.22296038
47.30612525
47.32439665
47.49935374
47.53675826
47.53963985
47.71849832
47.77134476
47.77311252
47.89673267
47.90939480
47.95482283
48.30146318
48.34871049
48.43730999
48.54108181
48.60684338
48.72383134
48.79138006
48.85645028
48.88295379
48.96335986
49.01214758
49.03548230
49.10262787
49.10573794
49.15402790
49.29797700
49.59372219
49.63947842
49.98650921
50.20441473
50.33429521
50.33844169
50.39265055
50.44854111
50.46875628
50.47337104
50.63305577
50.66801190
50.69045304
50.84072733
51.10933112
51.17450592
51.17947994
51.18125329
51.23451512
51.26854965
51.27817266
51.32842788
51.55311744
51.62665382
51.66775844
51.67559235
51.84231431
51.87465100
51.87841463
51.90582371
51.93628987
52.11592025
52.15024869
52.30355367
52.40951124
52.42312471
52.52032062
52.52815982
52.54787997
52.63471438
52.65761100
52.71693198
52.93596624
53.06349078
53.20128703
53.21299028
53.29285023
53.29675976
53.36302918
53.37716579
53.60020968
53.60117872
53.60818587
53.67564563
53.71969094
53.84057372
53.86031776
53.90225977
53.90483124
54.02478129
54.05673627
54.08240709
54.14313777
54.20614383
54.27918623
54.36022298
54.37228904
54.41756965
54.44118659
54.51466233
54.65761629
54.65774899
54.71765483
54.75532893
54.77374332
55.04954887
55.06400573
55.08455231
55.20290537
55.33059200
55.54995072
55.64411231
55.70903547
55.75061788
55.79983707
55.93287504
56.03746683
56.12775032
56.17310578
56.33079028
56.50203308
56.68666045
56.68940944
56.76626103
56.91276955
56.91795595
56.94990460
56.99607047
57.02933007
57.32979455
57.50657374
57.82570567
57.98875301
58.02727294
58.04938853
58.36942701
58.40538917
58.42018284
58.43218660
58.44582270
58.46031054
58.54667431
58.64455227
58.73759355
58.78321157
58.88421668
58.91958783
58.98652258
59.04264410
59.07180548
59.11649414
59.29885520
59.33892407
59.34225307
59.41829959
59.57886531
59.58891313
59.60397615
59.66261412
59.80805655
59.91215453
59.91574865
60.01438662
60.05436655
60.09352883
60.17973504
60.24080599
60.25965761
60.34917988
60.56467993
60.59121611
60.93773227
61.03991737
61.06655048
61.16788569
61.16913471
61.41334097
61.43224847
61.74903797
61.76687535
61.77996922
61.87378763
62.10839580
124.00000000
