0.04085596
0.04359035
0.06130160
0.06367284
0.11418401
0.14054461
0.19441859
0.21478317
0.31623148
0.32062567
0.48223368
0.48501630
0.56449264
0.56636920
0.57792797
0.65924617
0.78663298
0.84686969
0.85303656
0.86416698
0.95205791
0.99668785
1.01236295
1.01461660
1.19328286
1.19914616
1.23810953
1.29896114
1.39181230
1.41051552
1.58905915
1.63101790
1.63227471
1.70152168
1.73289586
1.73740702
1.83488537
1.85087452
1.96866865
2.10962135
2.12999767
2.17128485
2.17524361
2.21859245
2.36021110
2.38394013
2.48054761
2.56941669
2.65464005
2.87212447
3.04763817
3.05532568
3.08277037
3.16968933
3.35728882
3.52851082
3.57237816
3.64250146
3.79698543
3.80873808
3.82122155
4.04435229
4.04608786
4.16813602
4.20318414
4.29386105
4.31458958
4.31727787
4.32833248
4.34101696
4.40900777
4.52644875
4.53200813
4.58113417
4.88052025
4.88769274
5.02079901
5.04487384
5.06490386
5.08989662
5.20095219
5.22764295
5.60523027
5.81639084
5.86758548
6.00711055
6.12750062
6.12975046
6.30175069
6.32387017
6.50236941
6.50690119
6.51253669
6.70846125
6.72115461
6.76855435
6.93698709
7.02457168
7.14931340
7.27785420
7.37450062
7.38554305
7.69273976
8.07527218
8.11531453
8.17258265
8.17503278
8.28779033
8.31245815
8.33941385
8.49363766
8.53291066
8.66615763
8.78212419
8.90558883
9.07235493
9.20851662
9.59018739
9.80142081
9.80195718
9.84510329
9.93560977
10.00889592
10.12075454
10.13750283
10.15104435
10.15548948
10.15988806
10.29466335
10.54646100
10.84830218
11.07433907
11.14851696
11.18335075
11.20429658
11.37628955
11.44199166
11.45775447
11.49769642
11.52142025
11.53731656
11.68625400
11.69010857
11.70947287
11.72852416
11.72958282
11.73518437
11.74168073
11.80971923
11.87156762
11.94014833
11.95120471
12.17101670
12.47169473
12.54657303
12.60439182
12.64038210
12.70011245
12.73018103
12.78765370
12.95474906
12.99136534
13.03433294
13.06075907
13.10352559
13.24827434
13.38358294
13.48590524
13.65059567
13.83118770
13.88735765
13.93892155
14.11672417
14.12363594
14.12954799
14.13931922
14.20174107
14.26788021
14.27979984
14.33475152
14.36330106
14.68221823
14.72662293
14.78460498
14.98561100
15.07694262
15.28399169
15.33561996
15.52861930
15.57696314
15.62829275
15.62973189
15.64237873
15.67612543
15.68282582
15.72008863
15.74545006
16.04337140
16.14392096
16.23838151
16.26082430
16.30231455
16.34714177
16.38878860
16.54573252
16.79993271
16.94727462
16.98273447
17.00021842
17.03923192
17.08904595
17.14047188
17.17336314
17.25592537
17.41570659
17.42314951
17.49470099
17.56214044
17.74675506
17.75904167
17.78522051
17.80543562
17.83205364
18.13008376
18.15655571
18.19010516
18.26617050
18.27226663
18.28722581
18.31179150
18.34910120
18.49806070
18.53726544
18.55319890
18.55426215
18.58533497
18.73519432
18.98121625
19.03098559
19.04708111
19.07685293
19.14440406
19.15255335
19.16634614
19.25665031
19.46535654
19.59090894
19.82701398
19.83329657
19.90874516
20.14581892
20.15688017
20.28533822
20.28553234
20.31310344
20.35356568
20.47632824
20.47989100
20.49074969
20.69294054
20.81295982
20.81552999
20.83002792
20.93902347
21.21286852
21.24870066
21.27211282
21.28614687
21.41896083
21.54016588
21.58347736
21.62759205
21.66257828
21.87636288
21.95791485
22.05373895
22.11315706
22.33128600
22.42795471
22.45073518
22.53112845
22.57249548
22.63176260
22.71925640
22.75956886
22.93442036
23.13702159
23.17508515
23.18704853
23.29538847
23.33221157
23.45128885
23.61093902
23.69504876
23.70264689
23.81417810
23.83695721
23.85271568
24.15126767
24.21134089
24.33728011
24.33837805
24.52394017
24.52410550
24.66165755
24.70554083
24.75626610
24.76299953
24.99725016
25.01720090
25.19618934
25.25427082
25.38084335
25.41295158
25.78063665
25.80692369
25.87947155
25.91205260
26.02603279
26.14705955
26.15214678
26.23615096
26.28596454
26.30598025
26.42545133
26.57135080
26.58007653
26.73994635
26.80345844
26.84192117
26.88231963
26.89241625
26.91116836
27.03371945
27.25615051
27.27056316
27.31226511
27.32047471
27.49432612
27.51568349
27.60371834
27.60816669
27.73411082
27.86697385
27.96054206
28.08819888
28.14190885
28.25982451
28.27828308
28.33246448
28.49416770
28.53755560
28.60114408
28.60549307
28.73789254
28.80770794
28.81364960
28.81484111
28.85398435
28.90885925
28.90929111
29.09948289
29.24806846
29.30695815
29.32494575
29.41936889
29.46137507
29.51757865
29.52223198
29.60452919
29.63157124
30.01243907
30.04742574
30.22918240
30.29946341
30.39365694
30.48854466
30.51970415
30.64991774
30.70367513
30.70741046
30.71512831
30.86057307
30.87552733
30.87662053
31.04596695
31.27651546
31.39727416
31.43618764
31.46832184
31.52657426
31.56891995
31.56964805
31.58870237
31.71915238
31.80119590
31.90169263
32.11854473
32.15680857
32.18413507
32.31247735
32.46638526
32.53038571
32.61339146
32.63786750
32.72457571
32.84281412
33.03671003
33.10808105
33.11762859
33.12239361
33.22236277
33.32226259
33.39454993
33.51414400
33.53664442
33.59107946
33.89473762
33.96539090
34.05559860
34.08253369
34.20564322
34.27220951
34.47020625
34.50399377
34.55412971
35.14701894
35.17129536
35.22578621
35.23992169
35.26026759
35.48884259
35.49205379
35.49620010
35.56757719
35.58020718
35.62294845
35.85581082
35.88396208
35.98913879
36.10226501
36.16256111
36.43557889
36.49743428
36.51445494
36.72672307
36.83969521
36.87363450
37.01234416
37.10756996
37.13752739
37.16102626
37.23499423
37.43103178
37.49431396
37.59923433
37.74773824
37.79745069
37.87027398
38.01751370
38.04994872
38.08222305
38.08926724
38.11466489
38.16653928
38.33338329
38.38392991
38.43526702
38.45967953
38.52243028
38.69822857
38.88873340
38.90861200
39.05473695
39.16127713
39.17389116
39.25939523
39.29157914
39.30065355
39.30569784
39.46287561
39.51576942
39.59376344
39.68774377
39.77812563
39.78087285
39.82150453
39.95186653
39.95333119
39.96423469
40.44650340
40.58882219
40.59236605
40.78509985
40.91180950
40.91457982
40.92928300
40.94413843
40.99509460
41.04188918
41.16443490
41.17432327
41.22290190
41.22472089
41.23066289
41.32802751
41.39317235
41.57314392
41.59325401
41.80734878
41.97987922
42.10306812
42.12449234
42.28909886
42.35492788
42.42554283
42.58426622
42.60826213
42.73947556
42.83099137
42.87096033
42.98764167
43.03272550
43.07781419
43.31908619
43.40071511
43.57774074
43.66041753
43.83122241
43.84037427
43.85729929
43.88934201
43.90299637
44.11008388
44.23944790
44.39370927
44.59718871
44.64818783
44.70761668
44.79832310
44.89037955
44.92588514
44.96771715
45.06452432
45.13913327
45.19923988
45.20246946
45.25889239
45.35834686
45.38897156
45.40454651
45.44530080
45.49080181
45.50122225
45.56313367
45.82668757
46.10958029
46.13497083
46.25429180
46.85933368
46.90340019
47.02844372
47.06206907
47.17209558
47.28159114
47.31479063
47.45831917
47.60564306
47.64813025
47.66610832
47.92380148
47.99958833
48.07359845
48.15431931
48.16655895
48.17423896
48.20390568
48.27533906
48.35255288
48.46721617
48.47470734
48.55891001
48.60109028
48.64880499
48.78885033
48.90348741
48.91486974
48.93483543
49.07480174
49.12925441
49.18921836
49.21610365
49.23244309
49.24059368
49.26467587
49.27624793
49.34346493
49.36211990
49.40474702
49.59046514
49.67767876
49.75171189
49.80527050
49.88100150
50.01320336
50.04868979
50.38884539
50.39981455
50.40283241
50.48463838
50.52913623
50.62101173
50.69602268
50.77991923
50.82910799
51.01395523
51.33099950
51.37905470
51.62317273
51.67329059
51.70617401
51.75044439
51.75814301
51.86935404
51.94170458
51.97823513
51.99109666
52.11047679
52.32570512
52.35011438
52.51391202
52.52473946
52.57987481
52.64938643
52.73279614
52.76666522
52.82796617
53.01567289
53.05761280
53.14296649
53.34449183
53.42077078
53.49234168
53.54707636
53.63596275
53.67625988
53.70751596
53.72597803
53.78453825
53.78507193
54.04081443
54.25637721
54.36894927
54.37228904
54.43884050
54.51734155
54.61632038
54.65924485
54.66553083
54.67754777
54.81372616
54.85772049
55.07975030
55.18168015
55.25125079
55.31481344
55.40694331
55.52243804
55.56405988
55.67349206
55.72945554
55.75273683
55.79174312
55.81617196
55.90295400
55.94263542
56.50015966
56.51899014
56.54866818
56.59019493
56.60786586
56.60797050
56.63047130
56.74779266
56.83078824
56.89284934
57.22686633
57.33229665
57.46104429
57.53946568
57.57261277
57.71930151
57.84846035
57.87558170
58.10596164
58.14585546
58.17908675
58.23205050
58.42019591
58.46229862
58.77680437
58.79021140
58.82730011
58.91922205
58.96782535
59.10379225
59.17262627
59.22803172
59.23220946
59.26473301
59.34903249
59.37244202
59.50967095
59.80144659
59.86624357
59.90200853
59.97514330
60.38375341
60.50071583
60.58304653
60.62086508
60.67049236
60.74681067
60.80855511
60.93140904
60.99864850
61.04571620
61.05724972
61.12565657
61.14332688
61.44882902
61.45418655
61.58154176
61.62964923
61.87507590
61.98571541
124.00000000
