0.25505954
0.45862881
0.46759713
0.47329843
0.48531860
0.50705876
0.53687460
0.54813895
0.55049767
0.68937018
0.78053091
0.89356937
0.91603686
1.08047800
1.14402290
1.14431028
1.16102238
1.19827791
1.24647611
1.29786319
1.51995602
1.72534674
1.77149155
1.78645249
1.78712433
1.83547820
1.97237700
2.02781178
2.04437315
2.19024941
2.20552763
2.28254634
2.28422785
2.50129113
2.56009894
2.58260433
2.75304889
2.76007848
3.20222151
3.24618282
3.48452601
3.53857535
3.59497916
3.71487436
3.74194431
4.00692620
4.01407849
4.04364825
4.09104800
4.29793623
4.30290781
4.30565320
4.41700424
4.47674360
4.51478479
4.60347352
4.69559587
4.80525514
4.81206166
4.97584577
4.99608321
5.01318087
5.20232041
5.32831789
5.55415147
5.59473332
5.79136085
5.79733303
5.83274638
5.86189668
5.92786421
6.21485537
6.25517499
6.41677957
6.50945387
6.53422591
6.55018734
6.55428028
6.55603590
6.58742044
6.60043934
6.64041593
6.69141632
6.78958292
6.92423994
6.95702809
6.98747955
6.99475981
7.03478077
7.11035508
7.14518735
7.17322484
7.17488849
7.30802368
7.39146794
7.40351320
7.45631401
7.47884513
7.54947476
7.70313732
7.88258484
7.88554259
7.96042618
7.98492593
8.01320132
8.34048941
8.40151635
8.54104521
8.55856910
8.56112402
8.61126697
8.61458598
8.65968757
8.73713876
8.76344673
8.81453765
8.88551203
8.96828826
9.01493574
9.08677248
9.11478662
9.11483350
9.17543197
9.23571341
9.51335188
9.65807415
9.72684655
9.78861135
9.86495968
9.94131670
10.11170156
10.17567717
10.33926482
10.44025098
10.44134747
10.44270478
10.50355573
10.54357680
10.59312408
10.61244835
10.61853380
10.64812466
10.69719227
10.71907531
10.72944657
10.75279530
10.76284055
11.03394875
11.12436945
11.12514653
11.17866866
11.28742672
11.30655082
11.32550004
11.34046873
11.37313677
11.58090051
11.60546439
11.62388722
11.69060717
11.74362450
11.79478822
11.82615393
11.84409720
11.93768292
12.17101670
12.22503065
12.32248176
12.33087930
12.45201840
12.48295558
12.55893907
12.56162609
12.58422024
12.69121457
12.79409038
12.79835244
12.87899186
12.90339587
13.08366543
13.19317219
13.27442556
13.43321895
13.45031885
13.70717263
13.78707557
14.14106026
14.27728853
14.30594322
14.38368111
14.43963101
14.64971286
14.66225778
14.67144858
14.69160089
14.94839139
15.10561636
15.16819248
15.40329333
15.47586065
15.50062129
15.57726739
15.71352951
15.80387880
16.01496578
16.12041085
16.13235748
16.30673617
16.38249181
16.40696673
16.50294168
16.56963203
16.60550273
16.63427948
16.75103190
16.79538851
16.92117213
16.93008373
16.96335554
17.08902047
17.12325650
17.36363504
17.76134077
17.83052652
17.86063671
17.86780728
17.98583556
18.01517248
18.05609948
18.14376696
18.20932190
18.21541314
18.43615248
18.52558871
18.56910774
18.57760841
18.67126243
18.69275775
18.76831721
18.82373086
18.92818121
18.93362250
18.95716020
19.03476816
19.04115981
19.15255335
19.19979875
19.38363416
19.43607400
19.49735778
19.52622585
19.61939015
19.63541761
19.92639034
20.06231887
20.13165123
20.17108357
20.17532470
20.25057285
20.25565232
20.30768467
20.48690744
20.70263984
20.73275100
20.90792213
20.91542328
20.93618559
20.93984087
20.98834380
21.01010239
21.18279332
21.21026188
21.36311891
21.36919203
21.74111825
21.76506915
21.91351317
21.95072075
21.98572662
22.00891150
22.05294680
22.11639383
22.15939217
22.16413206
22.20285308
22.22635454
22.24008569
22.28195244
22.28812977
22.36468669
22.36941618
22.45414380
22.47090183
22.48493453
22.49044618
22.56169301
22.57466892
22.69515723
22.70261620
22.72636448
22.79926851
22.92786032
23.01104685
23.10838236
23.28552357
23.32555839
23.35800571
23.46726242
23.77729292
23.83766931
24.05098526
24.15126767
24.21292642
24.28254844
24.31585280
24.45251151
24.52547933
24.54288826
24.76796609
24.80298037
24.82055837
24.83555592
25.13556086
25.24836093
25.30711686
25.33524103
25.38883824
25.46650861
25.50700131
25.55226169
26.01080746
26.02962639
26.04590974
26.06214394
26.25980367
26.27032883
26.28906635
26.31430581
26.40434887
26.49165614
26.52259367
26.55998518
27.07452456
27.11283456
27.11673742
27.13404064
27.21540009
27.28922878
27.32395316
27.51187279
27.53599306
27.55474074
27.66242274
27.91399006
27.96663720
28.01311432
28.22351607
28.63585384
28.66517942
28.68810911
28.76578815
28.81799516
28.82212277
28.99929169
29.02228835
29.03920998
29.40362697
29.42150639
29.58880045
29.67668710
29.77416458
29.88085509
29.95246984
30.18507419
30.21309626
30.22736485
30.28052448
30.32199548
30.36321462
30.39099027
30.44532274
30.55080266
30.57496833
30.72028881
30.72374958
30.78196305
30.96064381
31.08445740
31.14182929
31.17632102
31.20766083
31.26489913
31.34508755
31.35061828
31.35456187
31.38962265
31.63733799
31.69340084
31.73649247
31.80744396
31.81660151
31.89724281
32.03588484
32.14229637
32.21769869
32.55675492
32.63144360
32.66768660
32.71036518
32.85129514
32.88377210
32.89352115
32.89720184
33.06475132
33.22468647
33.32086488
33.44557089
33.51726700
33.68780611
33.74057282
33.87874731
34.08041730
34.10603195
34.13196178
34.16318961
34.16991054
34.16999199
34.17451003
34.44153407
34.50100238
34.50399377
34.50592239
34.56315623
34.63822317
34.64213392
34.68482070
34.70021429
34.75819696
34.89996407
35.05647262
35.31602885
35.38213142
35.64428162
35.72595714
35.74176798
35.75620856
35.78541075
35.91329319
36.01051614
36.05920326
36.36800779
36.37800230
36.43786976
36.43803385
36.47491051
36.48864242
36.53468004
36.66273599
36.81282263
36.87079686
36.88426184
36.88558639
36.97121432
37.01412341
37.10723141
37.11899635
37.12212462
37.17653012
37.21158626
37.42104187
37.42551257
37.43242982
37.74426584
37.83985898
37.93555341
37.98401905
38.06750937
38.13630282
38.14911934
38.15376404
38.19407396
38.30659617
38.35284341
38.60511035
38.65863700
38.69675729
38.87885587
39.09161265
39.14874418
39.24446838
39.26033155
39.27962703
39.36048153
39.45720766
39.53983171
39.66684272
39.74221420
40.10869804
40.27493223
40.31087984
40.33478583
40.39395489
40.68806605
40.83549048
40.92645042
41.12804068
41.13136245
41.52533597
41.62916177
41.63994731
41.65611694
41.71728057
41.85576170
41.88531616
41.90075366
41.99610675
42.11766984
42.22614784
42.35176377
42.38017949
42.41780939
42.51192792
42.52470684
42.68303487
42.71904162
42.75124499
42.77733118
42.92073586
42.94512877
42.99394009
43.02347745
43.03272550
43.09705186
43.27934388
43.29064554
43.51777320
43.78721087
43.79948419
43.82649892
43.85334670
43.89777194
43.94589337
43.96978467
44.21288823
44.34393800
44.42090830
44.47816048
44.64870108
44.69170901
44.69671452
44.69968153
44.71864587
44.86968538
44.87462695
45.00841377
45.15261559
45.20066640
45.32332483
45.37541869
45.43307818
45.45186560
45.52981052
45.69935597
45.76344216
45.76509893
45.90122500
46.04372908
46.37686078
46.42814477
46.45622368
46.49625149
46.50152031
46.60897094
46.67270441
46.70284539
46.90340475
47.00039819
47.00947417
47.01733515
47.02844372
47.15440371
47.28964362
47.30922447
47.31086585
47.36238001
47.41109086
47.43253337
47.49009163
47.64534027
47.74657841
47.86641501
47.90106294
47.95533717
47.96064723
47.99235521
47.99461204
47.99484764
48.09620528
48.14801859
48.39329876
48.54788838
48.57692920
48.59862531
48.65814315
48.73250395
48.74391113
48.97993214
49.04713523
49.11645523
49.21294584
49.25190295
49.41849679
49.46161583
49.58389395
49.70703585
49.77037985
49.85350025
49.87434748
49.93766235
49.98364111
50.09641254
50.21779302
50.53709849
50.65398023
50.85893689
50.92251805
50.95197026
50.99147626
51.08922309
51.12017813
51.12552094
51.19705662
51.20703331
51.22124546
51.43522459
51.55817287
51.70358953
51.92063605
52.13923568
52.21083133
52.29471841
52.51436537
52.57111050
52.66751951
52.76809485
52.84981859
53.03974321
53.05761280
53.05796265
53.15704410
53.25518284
53.26086207
53.27439213
53.40785157
53.47203741
53.47585663
53.49458446
53.50406350
53.70616835
53.82847942
53.87656541
53.98662550
54.03200683
54.14901658
54.23595011
54.23604265
54.24659017
54.32478349
54.32570484
54.59745893
54.69126723
54.71463984
54.78003276
55.01765325
55.04842333
55.05236059
55.24067276
55.38347680
55.62270291
55.84403419
55.93091480
55.95850894
56.06194216
56.07605126
56.23622384
56.24362458
56.41226615
56.60526089
56.68969475
56.69797999
56.77637860
57.08838096
57.16587205
57.26373133
57.26920600
57.28358896
57.31792853
57.43276371
57.43531356
57.53253649
57.53344128
57.60418832
57.71599313
57.74178261
57.76149313
57.85718221
58.02769492
58.07299779
58.17442228
58.21059796
58.21222936
58.27309140
58.41153150
58.41971280
58.59781756
58.70211862
58.83039104
58.92969629
59.06118495
59.07315552
59.18432817
59.19684028
59.21457008
59.26489756
59.32390084
59.52877986
59.59892661
59.62948290
59.64058246
59.68700184
59.69928941
59.81497256
59.85083014
59.94137079
59.97494561
60.34935218
60.49963104
60.56095300
60.78811240
60.84615467
60.89687593
60.97126286
60.97684788
61.08495010
61.09745047
61.27370433
61.32288400
61.38615327
61.40525545
61.58178110
61.71700926
61.75084739
61.94324189
124.00000000
