0.38580210
0.38736114
0.47817326
0.50205541
0.54965064
0.55846364
0.57646046
0.70257475
0.71081642
0.72039762
0.75311348
0.90850366
0.94073180
1.13359639
1.16987392
1.17691399
1.38469639
1.43742890
1.56493219
1.58560319
1.76576535
1.97248684
2.00673746
2.17575931
2.22579181
2.29988454
2.46902231
2.55824175
2.60256325
2.71775925
2.79707443
2.98691464
3.18737319
3.26955597
3.30637194
3.37465476
3.44626735
3.48233640
3.55092111
3.57327531
3.60206861
3.62368598
3.66221900
3.67204074
3.79094935
3.81908984
3.85912114
3.92903762
4.06229893
4.08353793
4.16813602
4.23015760
4.30862570
4.48217032
4.53907682
4.54243211
4.60441309
4.63678331
4.67760718
4.70719461
4.80080947
4.92656596
4.93376122
5.01235939
5.19449344
5.23357771
5.33766654
5.35324381
5.45270582
5.54761532
5.63611617
5.73107015
5.85000194
5.98793652
5.99955368
6.17554650
6.36369429
6.37553774
6.58148139
6.70930319
6.71785357
6.84156868
6.87038470
6.94448092
7.13476229
7.43272175
7.47463863
7.57357463
7.74970327
7.98754313
8.02346257
8.06291732
8.08979316
8.11079354
8.11893111
8.20967412
8.23288674
8.25274920
8.34670674
8.39478099
8.42147272
8.48692251
8.70675219
8.72713533
8.77048105
8.78080469
8.79261789
8.80064873
8.85400924
8.94201376
9.01404624
9.18391847
9.22398945
9.23164266
9.27789749
9.43080087
9.82101601
9.84714396
9.98119252
9.98746491
10.00822883
10.02425978
10.10301838
10.16018567
10.16629345
10.43853399
10.50426497
10.69351844
10.72895248
10.84929050
10.88431955
10.99775947
11.02527721
11.09604541
11.10965705
11.18366491
11.18936979
11.22548459
11.28742672
11.29905237
11.29954155
11.32437223
11.69010857
11.79871093
11.87762568
12.04785018
12.12431471
12.20470401
12.26366429
12.52435177
12.53696894
12.57841444
12.64349438
12.87318613
12.88016446
13.00028196
13.05502435
13.07110556
13.15051594
13.19046470
13.21247713
13.26615213
13.41565210
13.45052132
13.53379409
13.57637931
13.65242675
13.75773078
13.76138692
13.77332004
13.85322894
13.89368029
13.99336377
14.06524303
14.13817639
14.15127956
14.21466140
14.39433557
14.45869100
14.80789194
14.94553108
14.97691694
15.13553005
15.19970040
15.20285220
15.28777209
15.35831111
15.44380514
15.77610665
15.78554351
15.86298366
15.93351507
15.93403674
15.94332422
16.17999712
16.18985575
16.47524943
16.77100889
16.78171194
16.78372715
16.80312229
16.88544702
16.90125040
16.94727462
16.96334038
17.04105082
17.13063517
17.23064281
17.32623141
17.35624071
17.63311995
17.68420290
17.77364452
17.78569201
17.85942558
17.87955600
17.90069651
18.05142350
18.19017956
18.19966518
18.32584772
18.41813169
18.61170189
18.65570610
18.69244506
18.69363926
18.74798218
19.20098595
19.31383815
19.34478687
19.36264219
19.43972776
19.46705392
19.55852052
19.67198239
19.68676385
19.73406807
19.81967300
19.91472769
20.56326246
20.85716255
21.10973319
21.40138407
21.43372827
21.54928542
21.72536005
21.73093067
21.85975343
21.98453181
21.99819410
22.04522352
22.20636644
22.36412549
22.41747492
22.42715489
22.45414380
22.54565156
22.56065868
22.75873143
22.85004397
22.94889660
23.10930723
23.53345627
23.53502450
23.82525429
23.87178211
23.94563640
24.06417593
24.15234360
24.24187006
24.30556018
24.45026560
24.45701521
24.45976881
24.46240276
24.61780330
24.67225234
24.74994519
24.82512223
25.19618934
25.23545515
25.35896645
25.51746999
25.53664592
25.60796986
25.76599639
25.89273964
25.95808369
26.00556434
26.06457404
26.08424459
26.11097837
26.19200391
26.22414988
26.28312177
26.34628367
26.35926072
26.63906194
27.16110363
27.32700153
27.36978328
27.62858539
27.64222684
27.70577414
27.76149821
27.78456900
27.79554125
28.16766150
28.22378198
28.46194024
28.57781887
28.72906346
28.74715320
28.95185565
28.99695377
29.09375767
29.18857132
29.19431968
29.20232754
29.22421826
29.26361566
29.28158022
29.34883219
29.39368984
29.50290316
29.53204465
29.61180522
29.64677819
29.69674111
29.72038009
29.77270642
30.03121949
30.14483647
30.29030200
30.36485746
30.42216051
30.42484533
30.61958418
30.75321310
30.80787227
30.88299273
31.00373959
31.37683233
31.38963904
31.43584330
31.48252711
31.56371873
31.57121705
31.64167214
31.72050176
31.89930309
31.90362781
31.93603493
32.03037867
32.18159187
32.27760484
32.30973225
32.31834450
32.33193502
32.39319547
32.45059798
32.53740557
32.73590745
32.74252885
32.74958839
32.75345803
32.90823222
33.06018907
33.06086431
33.07804128
33.17232760
33.27572803
33.40610265
33.43690276
33.44101990
33.54360389
33.58616768
33.70087614
33.92865649
34.00349049
34.00621713
34.04723579
34.12261756
34.13048429
34.16899522
34.18885746
34.27414525
34.30315726
34.40302300
34.45861337
34.64918709
34.72310350
34.76221105
34.84428618
34.85749358
35.01738310
35.02708906
35.03739021
35.15784051
35.22865893
35.42613035
35.42679540
35.49448720
35.50724187
35.59139799
35.65130617
35.88497807
35.94210277
35.94799137
36.01396202
36.10335665
36.26100759
36.39462311
36.39686640
36.39821933
36.42711079
36.62682437
36.64016829
36.73365560
36.75158661
36.91480518
36.94190050
36.95504227
37.40559149
37.60776880
37.65072404
37.73598260
37.79384864
38.06002092
38.07559739
38.08819118
38.19460289
38.25222670
38.32001724
38.33208220
38.33338329
38.40093520
38.46722539
38.46972993
38.49770274
38.64686303
38.65081147
38.75396192
38.94316930
39.01183527
39.02309453
39.07656304
39.15522397
39.21356873
39.27721496
39.43052540
39.72702053
39.74571904
39.90250556
39.90530576
39.95890384
39.98131411
40.34662645
40.42682435
40.44231405
40.56331318
40.60449181
40.69380283
40.77624967
40.79840338
40.90969812
40.91046862
40.93505705
41.09763391
41.18858930
41.20450679
41.24126802
41.30822367
41.34374828
41.40862858
41.40902616
41.48979841
41.66558040
41.69560178
41.85377309
42.09030179
42.28125670
42.30347955
42.31434978
42.38153252
42.42298282
42.44852297
42.50817921
42.52043613
42.61461131
42.71132452
42.81977423
43.10231458
43.29115225
43.34206442
43.35355840
43.35403993
43.40137426
43.41058091
43.41777357
43.46329780
43.50793961
43.50799252
43.52162055
43.54106808
43.64244743
43.67037740
43.73441217
43.84037427
43.88611353
44.03144436
44.08728705
44.08855296
44.15727890
44.19975422
44.26393717
44.30311879
44.42655565
44.42919802
44.47816048
44.48985400
44.55914772
44.76224754
44.79994626
45.03344683
45.08747649
45.13644301
45.14776630
45.15205512
45.21092098
45.36290991
45.40201896
45.43433196
45.44464158
45.63518372
45.64443927
46.02085259
46.32033074
46.33235837
46.45331822
46.54967088
46.59869741
46.69430489
46.82388233
46.89705701
46.97291838
47.03722930
47.12652824
47.38657031
47.43953987
47.56489742
47.73255715
47.74658850
47.86922525
47.90532051
48.02062294
48.06281597
48.10011584
48.26514079
48.42707023
48.47914556
48.66600442
48.68833444
48.70018339
48.74614390
48.75946607
48.81872396
48.87638235
48.92343299
48.96038758
49.00417550
49.21750883
49.34469546
49.45660175
49.55448547
49.77427944
49.77804377
49.83671128
49.85350025
49.91401480
49.91467036
49.92781237
50.04444208
50.11740204
50.25547959
50.26174924
50.27383147
50.36104077
50.36630881
50.36860707
50.41880961
50.50289118
50.51396973
50.76956207
50.85104598
50.89814089
50.93396696
50.96697558
51.10396630
51.38777917
51.40912140
51.53125173
51.61859440
51.89301626
52.08202145
52.18947581
52.21061920
52.23317240
52.30183891
52.32869400
52.33864540
52.34257823
52.43780385
52.56127159
52.61766912
52.69199540
52.73199582
52.74285816
52.77108028
52.79895605
52.81605966
52.86600353
52.88709264
53.00432694
53.03789944
53.26150134
53.31176341
53.34041563
53.48025971
53.51168407
53.61994599
53.69153381
53.69396092
53.72762394
53.82082497
53.90358313
53.95690438
53.97074723
54.10699059
54.11863700
54.14888445
54.21157699
54.25269603
54.31182275
54.39248167
54.40942146
54.45096889
54.51020583
54.70972501
54.74124679
54.86825386
55.10858959
55.13398513
55.13578015
55.14318413
55.27258334
55.31224912
55.39101795
55.41401062
55.56017125
55.57542815
55.58117911
55.60903493
55.68931101
55.73902365
55.87885012
56.10788215
56.12375367
56.13820474
56.30791282
56.34176819
56.41534734
56.48488131
56.51899014
56.69803366
56.80741396
56.92480739
56.92875933
56.98236499
57.09936050
57.22724543
57.31521703
57.37736375
57.47561211
57.57038583
57.57873703
57.76072572
57.79119289
57.82638650
57.86188650
57.89374368
58.05472704
58.10641306
58.11672339
58.12019020
58.20764803
58.29185604
58.29670129
58.43746327
58.50082772
58.56314700
58.56405756
58.68797909
58.82730011
58.91851034
59.00901545
59.14963688
59.21732768
59.22165804
59.26274052
59.59491534
59.73949683
59.75244587
59.82950451
59.87477785
60.14486939
60.14617903
60.41894893
60.45532438
60.53165467
60.71965512
60.78117573
60.99368656
61.00113660
61.01048349
61.01360460
61.17939409
61.22098973
61.42575485
61.58293566
61.59874356
61.70842411
61.75194916
61.97515673
61.99929950
62.08510848
62.10839580
62.15258520
124.00000000
