0.14609493
0.19441859
0.22932059
0.26937195
0.35672964
0.37673271
0.40747024
0.50157962
0.76670987
0.86819111
0.96145889
0.97251056
1.04925155
1.15136380
1.21041321
1.21159339
1.22893340
1.24194167
1.25459081
1.33056008
1.34837005
1.37533765
1.45668875
1.47578106
1.51338571
1.53252463
1.63227471
1.81207385
1.82691160
1.90937502
1.93329672
1.98827424
2.05456999
2.09469284
2.13547372
2.18132147
2.19024941
2.24459325
2.24591807
2.25202620
2.28905392
2.41064793
2.49702881
2.50129113
2.50285236
2.68691777
2.69994593
2.72187243
2.72548617
2.76591525
2.89040764
2.93536975
2.98922220
3.00050505
3.11842433
3.12569199
3.13871105
3.18996844
3.37495889
3.43762076
3.49067320
3.59949241
3.69269376
3.80388235
4.00215201
4.05269423
4.16371737
4.18502289
4.35126157
4.63676575
4.97584787
5.11426089
5.19325919
5.29956746
5.39706009
5.40104697
5.46034203
5.46496540
5.59754385
5.60609148
5.63746633
5.68784468
5.79274889
5.80286305
6.04117060
6.15010248
6.53252974
6.86056008
6.86634753
6.87160359
7.05714102
7.16220206
7.19269847
7.30476204
7.41362481
7.47095317
7.63243669
7.66884070
7.73690916
7.74970327
7.85365329
7.97701930
8.14240903
8.22247856
8.25330672
8.32023091
8.48106905
8.55785565
8.57498332
8.61777110
8.70611437
8.71563010
8.76892561
8.89896705
8.97161854
9.08677248
9.15612342
9.18206010
9.41591372
9.55638877
9.59241882
9.74420999
10.02084899
10.02916599
10.06328253
10.15482715
10.29118408
10.33128674
10.44079625
10.54545742
10.56514251
10.57747598
10.82223762
10.87779835
11.00677155
11.06945982
11.07528343
11.09636945
11.16320799
11.26000327
11.36148170
11.42029673
11.51384516
11.56286070
11.60501247
11.65943223
11.71439156
11.76192203
12.02077833
12.07185722
12.09018944
12.12372082
12.30480977
12.61687108
12.68258367
12.78507851
12.81935235
12.95601177
13.00617005
13.02589562
13.04407289
13.16671142
13.35470773
13.39057602
13.48713519
13.58874400
13.65438113
13.66159795
13.78887619
13.80377873
13.83192283
14.00701817
14.02387497
14.05655449
14.12619071
14.20320933
14.38256169
14.59189254
14.64482344
14.72670557
14.77065366
14.79906367
14.89559777
14.92607681
15.08807065
15.12920352
15.25113355
15.40257230
15.44654506
15.53694902
15.65613865
15.70938576
15.72141198
15.80916091
16.10914290
16.15377403
16.18002920
16.41026463
16.46448223
16.49481342
16.57219726
16.62263228
16.63623010
16.65712090
16.69231110
16.71597955
16.73803528
16.86281916
17.01247063
17.02442370
17.10563770
17.16588276
17.28606741
17.39483546
17.41895518
17.44679617
17.52312127
17.54783681
17.56108482
17.60929402
17.68670987
17.72428312
17.73751764
17.92166159
18.00037629
18.05895985
18.08505431
18.12497249
18.35302442
18.41471613
18.56185068
18.59941360
18.70988465
18.95716020
19.21559487
19.27187781
19.35751932
19.36824492
19.40584170
19.41804154
19.77306160
19.93376731
20.06962106
20.09410504
20.09562171
20.20364866
20.26497631
20.40299068
20.44444481
20.48003877
20.48320689
20.51053763
20.78031417
20.78558833
20.81564444
20.81935247
20.89268439
20.94201264
21.01948881
21.06401413
21.14810873
21.21862289
21.44733188
21.67250053
21.71052076
21.74124483
21.78506457
21.97365653
21.98135292
21.98512887
22.12447477
22.14697842
22.22336583
22.61714504
22.69636272
22.89155433
23.01728252
23.10302268
23.17392340
23.19953595
23.24399469
23.24769616
23.25788370
23.30729086
23.32555839
23.56856181
23.63163488
23.73240298
23.91948273
23.93803500
23.97602237
24.17994034
24.19957351
24.20177923
24.40848233
24.57471197
24.68482944
24.82250512
24.83920959
25.01262439
25.04485792
25.10327089
25.25865422
25.27200002
25.28533958
25.48912893
25.50700131
25.50869602
25.51708589
25.58301388
25.71425750
25.74567531
25.80452954
25.94853042
26.03706030
26.08276923
26.11514395
26.21639040
26.22526963
26.30534853
26.36539166
26.55523233
26.58848886
26.75672253
26.78196677
26.79969066
26.83701677
26.84002316
26.97196250
27.31008027
27.32993288
27.58493895
27.76015651
27.77697659
27.79554125
27.80086107
27.83847426
27.85175635
27.94229719
27.95083662
27.99614260
28.04012782
28.05520687
28.19376152
28.21189102
28.28527539
28.29211602
28.39148154
28.43310924
28.48973842
28.53019641
28.55573665
28.56179773
28.65028645
28.72745257
28.80770794
28.95806898
29.00830283
29.09460487
29.16951995
29.49540701
29.58033725
29.61022597
29.61174453
29.63294783
29.73794043
29.77672682
29.91738926
30.34657660
30.36777152
30.41321622
30.49258026
30.55668319
30.64801336
30.70122807
30.93173785
30.94866141
30.99364514
31.02532574
31.05320685
31.35609326
31.36898133
31.50110066
31.69321394
31.72410472
31.76243896
31.79338364
31.88284213
32.08366357
32.18527098
32.40156933
32.41372042
32.45180119
32.59063914
32.69687317
32.75977934
32.86942458
33.27376201
33.40591735
33.44685710
33.50137712
33.61231087
33.61846581
33.69133150
33.74486536
33.78994619
33.81068318
33.87419398
33.91547535
33.96539203
34.25726893
34.27101593
34.27226714
34.32188546
34.54191591
34.74392995
34.75929179
34.80473635
34.89281470
34.99761992
35.05885062
35.10440486
35.15479189
35.17246462
35.23621473
35.45484508
35.63023650
35.74641372
35.98012396
36.06876347
36.15450862
36.26986270
36.29350298
36.30684358
36.41094761
36.49743428
36.52106776
36.53029303
36.55168626
36.64072976
36.75698556
36.79030521
37.15716781
37.16642542
37.27276206
37.29368105
37.29620921
37.31313208
37.33395221
37.40094315
37.55186104
37.57738470
37.71779046
38.03830817
38.21085360
38.24568846
38.56987214
38.60152177
38.61677362
38.62204327
38.64664051
38.65437383
38.75415870
39.03343574
39.11719175
39.15611807
39.17076993
39.18327067
39.31853276
39.40713154
39.43412989
39.63717997
39.70351484
39.72188371
39.81423605
39.83559017
39.96144039
39.98023905
39.98378272
39.99497553
40.32093898
40.50480358
40.55257084
40.57175997
40.62092115
40.67412646
40.72247762
40.77143542
40.78386994
40.91228893
40.94184288
40.99000862
41.06875737
41.14029523
41.25534077
41.30945840
41.55069389
41.61437294
41.72091442
41.77059016
41.84068351
41.97036577
42.16428460
42.19570497
42.31987867
42.37311332
42.56656653
42.58981253
42.60231779
42.62261882
42.68655468
42.75406848
42.78827951
42.81488933
42.89312351
42.89736178
42.97358542
43.02144306
43.10458455
43.13651302
43.15957987
43.18413503
43.19320035
43.23702176
43.37106053
43.37850541
43.61794984
43.81810054
43.82215913
44.05354196
44.22397822
44.28291783
44.52638842
44.58193999
44.63131548
44.65231147
44.92268002
45.04109411
45.16071608
45.35096045
45.37404465
45.56313367
45.62701221
45.64111881
45.64159833
45.66717086
45.71689810
45.88225640
45.98337582
45.99333621
46.28369889
46.32331972
46.42027179
46.47112871
46.55871773
46.61980738
46.62118295
46.64482146
46.72880814
46.80256349
46.89763811
47.36895386
47.37793151
47.41195305
47.42572075
47.51274207
47.56131092
47.57728445
47.72658573
47.81983254
47.91399237
48.01880420
48.02966986
48.03577024
48.06514168
48.07361867
48.14355568
48.17402380
48.17608704
48.18876429
48.37837730
48.51125336
48.57217402
48.58055033
48.66141076
48.67041038
48.73005791
48.95962401
49.04305731
49.07608181
49.22337838
49.32264343
49.38188879
49.39292187
49.39448984
49.43149704
49.44970934
49.50413351
49.51988823
49.74649539
49.75582800
49.82888763
50.01267614
50.10039044
50.14832691
50.23511241
50.28571245
50.31459109
50.35705103
50.37676238
50.58310504
50.61594511
50.68022339
50.72117516
50.81462454
50.86672829
50.87977925
51.30694027
51.37905470
51.46655885
51.50665627
51.52514885
51.60653742
51.68975834
51.75498340
51.83708647
51.91201890
52.13544144
52.19350888
52.26442187
52.29206441
52.34822801
52.49883657
52.49947645
52.50880644
52.51221602
52.64893434
52.69232785
52.88709264
52.95436573
53.02417978
53.20815799
53.22027896
53.26359802
53.35942657
53.39567302
53.48952343
53.62631022
53.91153744
53.95467407
54.04081443
54.06638314
54.21375516
54.36162534
54.47136884
54.50667705
54.77722356
54.78788943
54.83304465
54.95182206
55.01861659
55.17345104
55.26466963
55.35883494
55.61719865
55.72816844
55.78457392
55.81617196
56.02594845
56.36014377
56.42113389
56.51136322
56.60348163
56.78252918
56.88657051
56.94896780
56.96358022
56.98710902
57.06647499
57.12463438
57.15592935
57.25613661
57.53682380
57.90250467
57.92108845
57.98633876
58.01788549
58.03549911
58.18248832
58.30223795
58.33823029
58.42627032
58.60834218
58.62051986
58.65522256
58.76782962
58.79677786
58.84865023
58.87674986
58.98383545
59.00509135
59.01218428
59.12093853
59.15659169
59.33229927
59.35805125
59.43874615
59.70464455
59.75531436
59.76851715
59.96570672
60.08832614
60.14823840
60.17973504
60.19094266
60.34496208
60.39761395
60.50071583
60.70204658
60.86615695
60.94748545
60.95191998
61.55474822
61.58611609
61.64943622
61.76026072
61.78890090
61.81805728
61.84372872
62.09975170
124.00000000
