0.02677619
0.05836372
0.15442116
0.16429399
0.21112488
0.21902456
0.24701345
0.32062567
0.39084520
0.63066154
0.78346459
0.83693788
0.91662631
0.97240965
1.07186895
1.18115066
1.30427892
1.31905189
1.38834394
1.41598641
1.83458001
1.91976038
1.94576230
2.06011915
2.06569370
2.08863694
2.15054019
2.26518339
2.29988454
2.65685780
2.72187243
2.73403585
2.77223197
2.78422665
2.87671099
2.90753775
2.98117470
2.99010851
3.14053545
3.16139295
3.18833527
3.25753327
3.35797727
3.45750438
3.60764872
3.62188713
3.78294185
3.98693975
4.00569683
4.02396170
4.03010684
4.11044556
4.30862570
4.33341663
4.53161978
4.53838200
4.62230359
4.63557764
4.78329641
4.82893672
4.99608321
5.00129514
5.08844995
5.19190709
5.22402360
5.42271957
5.45282046
5.52271325
5.55872852
5.62932723
5.64258577
5.69271964
5.70765664
5.84297908
5.98029537
6.00841812
6.15925331
6.16608899
6.18969214
6.20950941
6.53422591
6.59588904
6.60261241
6.64762540
6.65593789
6.68682879
6.72401161
6.72912161
6.73626868
6.78384263
6.78653249
6.93535653
6.93731757
7.01719451
7.04505257
7.07770364
7.09804004
7.43327082
7.49893640
7.60445983
7.61851199
7.77628652
7.84250578
7.84873456
8.05774305
8.06711140
8.06971162
8.34345460
8.42289625
8.47424810
8.48811683
8.68454948
8.78212419
8.83021761
8.87636034
8.91377803
9.05214107
9.07857311
9.25303502
9.33920177
9.34209699
9.35616673
9.36437054
9.36689015
9.43484230
9.49664176
9.60502356
9.78195174
9.82610238
9.98487346
10.00776322
10.02086901
10.04413213
10.07898997
10.08264038
10.23606499
10.28816753
10.33119124
10.34679462
10.38207225
10.38767384
10.57747598
10.65204133
10.87506203
10.90417954
10.90994129
10.99045261
11.06746840
11.26634947
11.27419838
11.30528533
11.38122978
11.41883863
11.49169587
11.64268579
11.66869205
11.74118549
11.76145503
11.79624224
12.05411419
12.05427728
12.07967546
12.27605406
12.30776704
12.32782868
12.44632114
12.49508737
12.49581096
12.58422024
12.61284355
12.69146238
12.70558985
12.70591864
12.85639016
12.88016446
12.90118103
13.03887612
13.10601766
13.14669816
13.15151643
13.35359590
13.38124386
13.42978144
13.54664229
13.56432049
13.69312588
13.73714561
13.74438723
13.83601073
13.94603547
13.97508240
14.13261662
14.21008040
14.32709580
14.59682569
14.59706971
14.59741472
14.65615613
14.69866695
14.79460285
14.81595074
14.88372229
14.94708345
15.19710751
15.36310213
15.39144987
15.45683873
15.47541718
15.60303372
15.78952596
15.83685872
15.90028997
15.95248527
16.04918653
16.04935416
16.10530902
16.18598148
16.21943877
16.25484692
16.40990723
16.41784673
16.57245503
16.71017471
16.87526002
16.93986223
17.02354848
17.18056204
17.28373090
17.39483546
17.40216300
17.42961987
17.46494696
17.52291213
17.60506074
17.69191845
17.77159462
17.80939902
17.82878472
17.83120077
17.84376866
17.85163451
17.86678986
17.92727557
18.03966619
18.17231269
18.31857129
18.34038662
18.34229166
18.44425987
18.48559561
18.50866745
18.61268935
18.84204288
18.91818608
18.92746788
19.04110349
19.08058831
19.18613012
19.20420290
19.23624716
19.34369704
19.54023954
19.60435933
19.63525742
19.68766683
19.75419434
19.85936103
19.90491541
19.92612532
19.97809594
20.01030983
20.05087752
20.30733385
20.35019273
20.37830538
20.49148567
20.51308823
20.56326246
20.57591703
20.57631876
20.59718565
20.89920465
20.90136956
20.97446412
21.10311509
21.18894425
21.26301291
21.26688021
21.28169498
21.33728919
21.53199834
21.64996855
21.77680324
21.78093812
21.92594149
22.11279821
22.26272148
22.26719961
22.32324121
22.55001287
22.60628507
22.68835182
22.72636448
22.88135277
23.03646383
23.04880535
23.05754223
23.20551436
23.26686845
23.27937854
23.31654501
23.32926642
23.71730032
23.73697639
23.78491307
23.85096899
23.91816777
24.05337319
24.09340550
24.11620713
24.21333376
24.31585280
24.39212105
24.39694053
24.43951074
24.63026513
24.81139450
24.84836386
24.91455731
25.07078615
25.10561457
25.11033424
25.11848535
25.12474691
25.23152653
25.33366790
25.38485256
25.49492501
25.56133709
25.61499589
25.62230226
25.76247699
25.78063665
26.13335804
26.21305211
26.25229929
26.29445326
26.44018868
26.72613224
26.85949664
26.89591413
26.95599270
26.99658891
27.19201850
27.23920768
27.31306994
27.42020944
27.52500617
27.56251259
27.56845349
27.82882163
27.97082726
28.01475527
28.17979923
28.37953606
28.42104707
28.46059164
28.49882648
28.58041941
28.61844177
28.69997393
28.70983417
28.79430950
28.82233601
28.89532636
28.95399381
29.16405400
29.17423808
29.32025110
29.35540870
29.40989415
29.42629485
29.46480942
29.69196031
29.71097525
29.88731918
29.88850917
29.90081225
30.02304728
30.07024678
30.08861559
30.09038826
30.32251903
30.36071860
30.37887912
30.37944563
30.73762559
30.75321310
30.77581929
31.03211466
31.04615702
31.27779174
31.45964392
31.61180641
31.84043166
31.98957488
32.02389277
32.37063100
32.71557058
32.77947820
32.78056538
32.88201000
33.00573906
33.01677124
33.17778111
33.18398892
33.28770121
33.36681781
33.39179947
33.61373073
33.63935996
33.65979134
33.76406438
33.80115127
33.83257441
33.90246606
33.95502035
33.97764656
34.07413227
34.20954487
34.31035574
34.34730445
34.37571266
34.43028483
34.44574847
34.45452680
34.47096503
34.49183069
34.53663420
34.56266409
34.56793615
34.63009537
34.84722353
35.02123039
35.03979922
35.06754792
35.12106840
35.27356233
35.37087646
35.41103665
35.49448720
35.53114326
35.56163704
35.70052973
35.71974975
35.85455997
35.89602594
35.93146415
36.01051614
36.02036081
36.02977881
36.07253653
36.11209330
36.17844007
36.38521646
36.53138013
36.61229892
36.66501242
36.71309832
36.71464434
36.71639007
36.84281996
36.94488969
37.06788249
37.33437585
37.40279306
37.44769469
37.55405111
37.59019112
37.65134688
37.66660691
37.81201963
37.82202037
37.84206642
37.88551238
37.91254990
37.92715158
37.95663522
38.01264015
38.10932758
38.15559643
38.18802944
38.39060940
38.52425832
38.54630976
38.60152177
38.72907634
38.74491405
38.82723265
38.94044908
38.97469409
39.15693553
39.24718615
39.27506250
39.35920862
39.45775027
39.52746703
39.71329652
39.72217875
39.73118517
39.78762708
39.92355830
39.96428797
40.07309000
40.10107546
40.12401302
40.18015252
40.34099835
40.40771253
40.43403028
40.75127643
40.78355891
40.82199008
41.09210255
41.11102909
41.11329390
41.11725633
41.22136085
41.24778863
41.30822367
41.31587945
41.36380775
41.39383229
41.43473734
41.46379322
41.60556395
41.73251227
41.79740876
41.80369447
41.84802833
41.97485425
42.00093023
42.18793724
42.32298393
42.80786403
42.95236728
43.12259750
43.12858175
43.13824278
43.21294915
43.21582729
43.32527144
43.32721309
43.41846511
43.44070561
43.95704776
44.14866294
44.26155935
44.35764323
44.54426809
44.55245415
44.67101772
44.76103909
44.77768259
44.78778016
44.86725309
44.87462695
44.89289153
45.13035543
45.18903033
45.23813391
45.27040888
45.28043243
45.36149837
45.46454624
45.78759009
45.85898117
45.87192781
46.06971327
46.12407766
46.23060486
46.27996724
46.37114751
46.44133755
46.80568628
46.83477021
46.84156053
46.87483155
47.04812319
47.05759915
47.07732590
47.15158671
47.36274612
47.43253337
47.46916443
47.51127702
47.56131092
47.58292851
47.59176908
47.64463969
47.67208713
47.69791523
47.77595311
47.90444379
47.93939580
48.02000527
48.05610934
48.06041949
48.19991651
48.20334541
48.33501824
48.52542045
48.62011840
48.76004633
48.76169065
48.97681819
48.98271588
49.15807276
49.19347948
49.27355870
49.52815064
49.74607107
50.18735604
50.32289032
50.43877788
50.68522995
50.69318856
50.78756096
51.15555186
51.16650398
51.17728898
51.32800158
51.33293167
51.40168240
51.44970882
51.54436380
51.55247430
51.59411634
51.65793229
51.80852577
51.86571214
52.11796905
52.12768260
52.16158770
52.29140636
52.54361874
52.58459638
52.59156854
52.62964287
52.66722616
52.71957421
52.74331308
52.76646740
52.80267549
52.83815254
52.91179702
52.92721289
52.97645729
52.98392932
53.03102485
53.08841139
53.23154855
53.28303676
53.41336753
53.47550037
53.74621556
53.83074281
53.91562530
53.92734816
53.94918751
54.13462800
54.26569758
54.31310512
54.37096407
54.40424533
54.42327778
54.43442158
54.52250112
54.55191146
54.61422823
54.63109830
55.14708068
55.19704713
55.30787278
55.38408403
55.51709786
55.52578165
55.53034536
55.54822734
55.69646970
55.72867720
55.76356398
55.79712236
55.89020330
56.03432289
56.13247012
56.15859324
56.17453703
56.27342125
56.36212012
56.37815642
56.44764864
56.47910095
56.56783632
56.65936905
56.71708808
56.72256360
56.74983633
56.76652658
56.77556541
56.79407576
56.99651645
57.03691697
57.06647499
57.12136473
57.17104961
57.17474872
57.20101549
57.20899837
57.26718493
57.65993137
57.75142173
57.77512104
57.77754642
57.78407686
57.84355915
57.89706839
57.99419426
58.01248057
58.17749145
58.22800226
58.23626352
58.64038798
58.66998598
58.72648759
58.80322233
58.83348120
58.88874959
58.93935275
58.95744592
58.98383545
59.05636316
59.16960214
59.18788017
59.25302303
59.26607186
59.36290168
59.41382813
59.48161064
59.50642182
59.57553443
59.64870660
59.69000821
59.71029957
59.73110320
59.78723341
59.80721718
59.92737303
60.22763069
60.22966537
60.30235840
60.43931320
60.47541662
60.48740862
60.49257900
60.52974229
60.54580259
60.63667090
60.80972932
60.87390736
61.22112670
61.29141339
61.33680862
61.44385368
61.45010251
61.49537128
61.77739928
61.83288531
61.84662310
61.85740905
62.00016193
62.05186015
62.56729131
124.00000000
