0.04058023
0.05415990
0.09467149
0.34537594
0.37188842
0.37655102
0.52089459
0.66279851
0.67921591
0.75065331
0.77807402
0.90613014
1.03103611
1.09309983
1.14734322
1.15364127
1.28959763
1.35952609
1.40400379
1.41355166
1.52085711
1.59078305
1.60206241
1.63895188
2.15089949
2.44734849
2.47809682
2.61467156
2.69994593
2.73984138
2.78050061
2.81234760
2.95212657
3.00050505
3.05234208
3.10312905
3.15516878
3.15970201
3.42216736
3.42719864
3.54003944
3.90896009
4.07385603
4.14893179
4.21167525
4.42366507
4.48536411
4.54349725
4.54709548
4.57264099
4.61973055
4.67456443
4.68780078
4.73316019
5.00649309
5.04400771
5.04487384
5.08145794
5.09059181
5.21711837
5.22007373
5.24331391
5.25810673
5.44595462
5.54403856
5.63532351
5.71099688
5.85773331
5.96716171
6.00635837
6.31645231
6.47669649
6.60399538
6.65305201
6.69475821
6.74384270
6.74464923
6.77845193
6.86056008
6.94924666
7.18519801
7.33603771
7.48933571
7.63526202
7.78742224
7.79925656
7.96628944
7.97373210
8.09131997
8.17230627
8.19699931
8.25951713
8.26511874
8.38368519
8.41657312
8.59522413
8.65687243
8.68760272
8.72197055
8.77823570
8.82164111
8.91635593
8.93429579
8.94710176
8.96299642
9.30576319
9.44920809
9.46455199
9.60019154
9.77650933
9.80171676
10.04087925
10.04707017
10.13474739
10.15981053
10.28997440
10.39653092
10.48209261
10.62319091
10.64885510
10.80071657
10.85810841
10.89342923
10.95413550
10.99048980
10.99155661
10.99874030
11.06345277
11.21341060
11.22206219
11.25337906
11.33234301
11.45448984
11.59704233
11.62163015
11.77298306
11.81282778
11.84736418
11.95689169
12.27480172
12.27550834
12.30270225
12.30948499
12.36909101
12.53895495
12.71023060
12.74829558
12.79566198
12.81463045
12.85663424
12.92641853
12.96240952
12.98582986
13.25507213
13.27775733
13.39818358
13.54113207
13.57806339
13.60836653
13.91189459
13.92050714
14.04707069
14.14378613
14.15574904
14.15606282
14.20692641
14.23421909
14.25002532
14.31451130
14.33145657
14.53385945
14.73005299
14.89865769
14.91706101
14.91744800
14.95227274
15.03120621
15.23398094
15.27934393
15.50566787
15.63086420
15.70022442
15.79020776
15.81330103
15.83850018
15.92963423
15.94473259
16.08978732
16.10824952
16.13682586
16.40139073
16.62263228
16.83266624
16.84731177
16.95895873
17.01791222
17.08349937
17.10811794
17.13063517
17.21988435
17.29853964
17.92587966
18.09817225
18.15550202
18.28947455
18.29442836
18.33421329
18.36158356
18.50839739
18.58961634
18.60417359
18.69715106
18.79035247
18.93240642
18.93353703
18.93371682
19.05079464
19.07926567
19.08379769
19.09968137
19.15162517
19.19144774
19.47296310
19.47898887
19.49735778
19.57059748
19.58331886
19.83381459
20.02686778
20.06038562
20.06427712
20.17702102
20.25057285
20.32709405
20.36996914
20.42485217
20.50559109
20.57294969
20.66914344
20.75719600
20.82550455
20.84067429
20.86154795
21.04879159
21.20798586
21.23283802
21.32556379
21.39975518
21.46650696
22.06914124
22.07235528
22.10908149
22.23333309
22.50902697
22.59764770
22.80294361
22.83229487
22.85930327
22.93056820
23.04808509
23.19619418
23.36693056
23.46303912
23.49989308
24.01367928
24.04250901
24.06474435
24.38114312
24.39302769
24.44461305
24.53915778
24.56863171
24.57484318
24.66371943
24.88070196
24.88337969
24.91983057
25.04485792
25.07130813
25.22597230
25.32668840
25.46428443
25.49609378
25.53413053
25.65806781
25.69708042
25.73078679
25.76599639
25.78215848
25.81652621
25.90284921
25.94838964
26.05074744
26.15507425
26.19479481
26.28290093
26.32833383
26.34423769
26.39201414
26.55932861
26.71509444
26.72542529
27.02468687
27.13178617
27.14139905
27.18858536
27.25758899
27.27923510
27.30368253
27.35607761
27.45303899
27.63513937
27.86310677
27.89369331
28.03159731
28.09148049
28.11519300
28.24272618
28.45536253
28.88807190
28.97419869
29.02461915
29.16058932
29.17877109
29.19155836
29.19259049
29.50212131
29.52304834
29.58691294
29.63980314
29.75772671
29.84317818
29.85627302
29.90882483
30.04623769
30.14859564
30.17819408
30.18817000
30.26041171
30.39472897
30.41727436
30.54101372
30.59345272
30.70312026
30.71694282
30.79191526
30.95060823
31.08842279
31.26101386
31.29558996
31.37683233
31.48440869
31.53997857
31.80136436
31.82231448
31.84304178
31.91547645
31.94287376
32.15820083
32.22188234
32.25314701
32.27208803
32.30757617
32.32474099
32.48985323
32.50634756
32.71536708
32.72204347
32.75415336
32.81561951
32.82702667
32.83223437
32.90849295
33.07274676
33.17238451
33.32583261
33.40436427
33.48612673
33.52259420
33.64122111
33.68721213
33.77586252
33.81268855
33.97855419
34.12837169
34.17052201
34.38186988
34.38960823
34.40166509
34.40215238
34.48116233
34.49064263
34.67002957
34.71638780
34.85749358
34.86512369
34.95521717
35.00580564
35.02184128
35.02838705
35.37278486
35.42908811
35.48780173
35.51620987
35.56443645
35.60659465
35.65928739
35.89097166
35.94669622
35.94801870
35.99382051
36.03509728
36.05543138
36.09148502
36.11092922
36.13788376
36.16439628
36.31466669
36.42210058
36.53064785
36.53614219
36.57533098
36.59858689
36.86316873
36.88449637
36.92101396
37.01234416
37.06728134
37.42486278
37.48869508
37.55264102
37.57738470
37.72073916
38.04994872
38.06250299
38.20995156
38.28743928
38.39714887
38.41002710
38.49331480
38.58162275
38.59629904
38.65039096
38.76466449
38.94861704
39.43642377
39.46808164
39.47932100
39.48904543
39.59394336
39.63552649
39.91909324
39.95333119
39.96368919
40.10378098
40.19521318
40.25180972
40.25746261
40.28621387
40.42581770
40.42905934
40.47762667
40.70140280
40.73318243
40.78894717
40.84082136
40.87995064
40.88324806
41.02876259
41.04706888
41.06471488
41.07877080
41.13947308
41.22136085
41.52655707
41.54987731
41.90207390
41.98431370
42.00415533
42.13047511
42.18017557
42.52909103
42.58031335
42.59328224
42.62033486
42.63807898
42.85442250
42.87499759
42.96431643
43.00456455
43.01456581
43.06478654
43.18399777
43.35678328
43.35688391
43.36309992
43.41310822
43.45184804
43.62491781
43.83554287
43.96978467
44.16305579
44.25593801
44.33571816
44.42353879
44.52695514
44.77920756
44.88700618
44.93396223
44.93499197
45.06705099
45.19846723
45.30481402
45.36318087
45.62803289
45.63187108
45.73817868
45.75296553
45.83415321
45.95442920
46.04481332
46.05650544
46.10513422
46.10767779
46.12407766
46.18792804
46.34586265
46.56573001
46.63305376
46.63448469
46.64482146
46.79847726
46.80460507
46.87848219
46.91753817
46.99961655
47.15124362
47.18265038
47.22783482
47.37503235
47.46379411
47.55022425
47.58699639
47.64534027
47.88453426
47.89481330
47.95144923
47.98926889
48.07389087
48.21726059
48.34509927
48.36505963
48.67735285
48.70276829
48.83226434
48.84133051
48.90801439
49.02513327
49.07508359
49.08570295
49.09722417
49.12900622
49.27556276
49.33583318
49.34166467
49.36602839
49.41849679
49.49458076
49.58863939
49.61086093
49.67999194
49.71552718
49.92442344
49.97875597
49.99055910
50.04190730
50.10559491
50.21750097
50.33070148
50.33153553
50.43127252
50.44774411
50.68992635
50.70812712
50.81891538
51.10246513
51.10477149
51.20154351
51.31002418
51.39702536
51.47257852
51.49634812
51.53612473
51.65793229
51.76759177
51.77664375
51.78372375
51.80506592
51.87944887
52.60356675
52.82256912
52.83305154
52.90549112
52.91015690
52.93910037
52.97993890
53.08703988
53.10479809
53.13067705
53.14231826
53.16551136
53.21299028
53.29779482
53.32278811
53.36141623
53.36311660
53.50694510
53.56184401
53.70338133
53.74720215
53.93238660
54.18276777
54.23604265
54.31367113
54.50297116
54.56185953
54.59634507
54.76203826
54.92612925
54.97928910
55.15047319
55.15948813
55.19704713
55.41061279
55.51709786
55.68585229
55.81989663
56.01055923
56.10311576
56.16470782
56.29157093
56.29883410
56.30733946
56.53376864
56.57358450
56.64427673
56.78956743
57.02121328
57.08432547
57.10287774
57.10866040
57.14573697
57.19045014
57.34621470
57.36230448
57.45438158
57.47027024
57.50665806
57.55818087
57.59938637
57.68954835
57.85436028
57.86561779
58.05756024
58.19737055
58.23760558
58.29697554
58.35067427
58.65338720
58.92184668
58.96896719
59.01458792
59.05822842
59.06465077
59.07587271
59.11841461
59.11855930
59.11907359
59.13676868
59.40546297
59.46472220
59.47488199
59.50049113
59.71003040
59.71029957
59.74492349
59.75586777
59.89613845
59.93185436
59.98505249
60.00808942
60.05095992
60.35237125
60.37551885
60.37618787
60.38589142
60.41894893
60.48066343
60.50254249
60.53992104
60.69594953
60.98471343
61.13333284
61.21446537
61.25190371
61.33915564
61.84662310
62.04847265
62.05555459
62.10907240
124.00000000
