0.22916967
0.45156336
0.54813895
0.57791042
0.62659197
0.73778853
0.86796588
1.06721666
1.22134783
1.45110365
1.71041940
1.76790133
1.77148768
2.08150133
2.13163490
2.17822720
2.45049249
2.45627327
2.49955021
2.53372287
2.58652882
2.64501051
2.72633892
2.82980795
2.85049978
2.91495231
3.23459652
3.36560637
3.58662224
3.80034949
3.92216727
3.96009076
3.97509214
4.11909842
4.14220479
4.26754242
4.29667596
4.35249101
4.38860765
4.43468795
4.60749570
4.73425664
4.95728361
4.97767510
5.01555452
5.06922788
5.11117511
5.20896300
5.26880573
5.38809915
5.39119898
5.43924762
5.51835868
5.64814975
5.70765664
5.76821710
5.78727677
5.85096665
5.88348843
6.12910673
6.16211291
6.30275112
6.43879351
6.66325353
6.66762963
6.75522638
6.75604945
7.01965760
7.02391015
7.02789787
7.04166282
7.07335570
7.13403103
7.27210756
7.28384046
7.39047524
7.50656424
7.60445983
7.66378488
7.72905259
7.92582253
7.95490848
8.19042780
8.43711427
8.43860154
8.46853224
8.52345876
9.16524873
9.42950361
9.49862826
9.54236697
9.70090853
9.71331527
9.74154184
9.75130686
9.98592359
10.19248522
10.24454180
10.36377564
10.40746910
10.42122405
10.54545742
10.57747598
10.61051953
10.61074917
10.61697903
10.66527273
10.79636130
10.81630367
10.90872892
10.92809731
10.93280163
10.95466382
10.96958489
11.09515753
11.11407565
11.20127014
11.24708255
11.28482045
11.30052951
11.45004508
11.45230299
11.52207450
11.55702333
11.55831726
11.64979366
11.70030073
11.90326117
11.95689169
11.98534050
12.03156386
12.05165513
12.08789984
12.11635551
12.14278042
12.34240053
12.38360410
12.49239248
12.52371257
12.59596807
12.74972525
12.91411889
12.95142905
13.15642875
13.20271786
13.24483163
13.28301272
13.44405899
13.44674919
13.48953904
13.50428974
13.50755309
13.95768724
13.98231340
13.98573889
14.11003253
14.21150117
14.26981373
14.30803838
14.32500979
14.32680723
14.48518559
14.55413815
14.66896353
14.68659403
14.95896767
15.08719569
15.28026428
15.29737572
15.30708853
15.41991690
15.42569088
15.47616573
15.48159199
15.76955719
15.83338031
15.84026348
15.95837532
15.95946501
16.00081794
16.03673004
16.06816165
16.08980147
16.22674964
16.28870509
16.39551451
16.43610176
16.52969022
16.87231174
16.90887339
17.02359873
17.35746049
17.49470099
17.56214044
17.64687594
17.83557000
17.84050073
17.86162947
17.89445383
17.90965762
18.18673608
18.20932190
18.26477635
18.27386219
18.27491092
18.38723884
18.55136640
18.55493898
18.55882550
18.67617088
18.71783883
18.78765905
18.79460079
18.85370488
18.86849166
19.00928418
19.01651663
19.05648339
19.15681809
19.20332104
19.20925759
19.23356435
19.23879720
19.39180102
19.47178730
19.52210891
19.55690260
19.65001333
19.82038818
19.85517663
19.88462151
19.93209419
20.05148501
20.06052498
20.20364866
20.29392366
20.57181708
20.57246496
20.62547464
20.66914344
20.74941220
20.77363376
20.99836722
21.00272282
21.02587026
21.07075597
21.16619343
21.27688352
21.48828066
21.52749744
21.52901100
21.54484192
21.72047269
21.79094305
21.92967775
22.00574113
22.01998196
22.08082983
22.13960676
22.21853471
22.24665579
22.27782047
22.38228359
22.44681513
22.55730940
22.58370730
22.76716993
22.79131765
22.91782346
22.95193197
23.19567061
23.23711773
23.40911490
23.42474650
23.57710849
23.66466586
23.71469485
23.73878813
23.82563266
23.98482009
24.03477127
24.09687317
24.10796368
24.12583336
24.15476079
24.25528547
24.26171054
24.35705419
24.53915778
24.60263061
24.61223546
24.61369420
25.02132754
25.02649321
25.13986047
25.18253204
25.27517700
25.42779882
25.65806781
25.68522936
25.72494422
25.79762732
25.85452014
26.02237787
26.09561636
26.17796258
26.22365668
26.25259959
26.35528880
26.47820357
26.60772543
26.65090699
26.71353789
26.89318537
27.03162486
27.09638135
27.13570311
27.20124736
27.26797233
27.39273362
27.62499171
27.83496924
28.04462977
28.07607578
28.25435616
28.27828308
28.38937275
28.41068562
28.45835303
28.55424629
28.62958583
28.76124495
28.84271985
28.99645953
29.03699648
29.13147774
29.30102225
29.37423147
29.49151060
29.49540701
29.77850755
29.94093036
30.03601779
30.05559385
30.17763267
30.20947134
30.26776272
30.36071860
30.38593703
30.39674612
30.41727436
30.46311414
30.77479273
30.83237070
30.88299273
30.88397811
30.92756753
31.02341571
31.03406580
31.10154209
31.37471222
31.48859327
31.50210548
31.57880721
31.73649247
31.87189894
31.91208196
31.92283927
31.98437704
31.99768647
32.13134120
32.25040860
32.27332392
32.28101740
32.29567865
32.29896507
32.43087022
32.43856042
32.49370476
32.58148609
32.63768167
32.68603072
32.71608902
32.75345803
32.83130005
32.90956666
32.98375829
33.04280658
33.05657669
33.25724453
33.33609200
33.36497806
33.54662416
33.58646466
33.69353253
33.75718756
33.75980773
33.87758285
33.88554619
33.95751025
34.07376730
34.14087730
34.18885746
34.19402067
34.20380381
34.25461292
34.36277952
34.44162624
34.48283808
34.70682737
34.74311151
34.75929179
35.06957902
35.07458170
35.10019185
35.17684257
35.27982563
35.40013947
35.40849981
35.71355784
35.74583009
35.80378543
35.84978445
35.92669359
35.94123026
35.97368900
35.98425271
36.04540390
36.09834186
36.12912871
36.22774779
36.36430155
36.76545647
36.83414298
36.88873674
36.89707056
37.06087468
37.07855439
37.10222496
37.10493603
37.39416565
37.48672539
37.54638932
37.60776880
37.70454639
37.84200133
37.87155976
37.87249801
37.98135095
38.00643633
38.08680173
38.15054445
38.15146157
38.47953238
38.73834207
38.79613871
38.96312899
39.03819966
39.04254272
39.08389961
39.15235234
39.23475866
39.56582025
39.64666227
39.66818221
39.82645466
40.01276292
40.03852920
40.09580440
40.12401302
40.15314178
40.50659486
40.54092933
40.62533339
40.84612289
40.93083545
40.99658282
41.05168349
41.06646623
41.29334371
41.50028840
41.53283762
41.61688606
41.69453563
41.72150185
41.79134806
41.88792798
41.91498455
42.15675323
42.18184593
42.27204080
42.27876201
42.32487278
42.38921312
42.48203457
42.56034437
42.62069925
42.77335401
43.04557015
43.04763364
43.06394221
43.20363552
43.30784006
43.44454599
43.53206214
43.54770632
43.63996706
43.65374520
43.70315887
43.75997113
43.80513510
43.86463220
43.98703614
43.98851013
44.11669118
44.17209906
44.30332853
44.33022884
44.54189964
44.55052218
44.60814650
44.66723442
44.68328295
44.76998977
44.79912624
44.87042318
44.87081994
44.98788111
45.03598240
45.14776630
45.17235405
45.19887554
45.20066640
45.25411583
45.39631419
45.45995235
45.69203076
45.76561047
45.81362983
45.86199286
45.87828352
45.88874929
45.89575358
46.03148166
46.05218378
46.05503729
46.10836839
46.17286294
46.18711667
46.28963504
46.30895544
46.40783089
46.49193044
46.70846386
46.82889090
46.87028411
46.91960325
46.98743974
47.08540933
47.14848379
47.15340858
47.33074395
47.46059631
47.47565842
47.85877940
48.05747561
48.17539096
48.36361871
48.46303242
48.47063623
48.57511014
48.68993248
48.97565844
49.13975664
49.14898359
49.16950993
49.37291634
49.42473224
49.44999134
49.53613954
49.54550493
49.56000620
49.68349882
49.73032552
49.92960925
49.95362226
50.07242012
50.15195453
50.17326548
50.22472426
50.38364400
50.46156173
50.50858822
50.54447455
50.67046467
50.72415850
50.78481993
50.81879257
50.84585728
51.01190016
51.03622234
51.11650659
51.12171548
51.17114965
51.24156397
51.39839226
51.68729211
51.69783623
51.71539836
51.73486585
51.80798236
51.83549866
51.95452748
52.04611445
52.07400636
52.14662535
52.27574357
52.32142843
52.39003272
52.39473127
52.46134108
52.47054756
52.50136661
52.55968521
52.63276911
52.76933092
53.07856583
53.12119558
53.14231826
53.23094663
53.23500903
53.34733935
53.42370543
53.50786887
53.60893035
53.66150647
53.84783740
54.02766622
54.09795057
54.10043993
54.27819734
54.27990398
54.35696978
54.36744020
54.44240299
54.44271103
54.49048045
54.49437474
54.58218245
54.62272191
54.70381558
54.81095125
54.85080239
54.89585828
54.94779591
55.07325397
55.08455231
55.12227793
55.13094326
55.31866278
55.67476664
55.71352868
55.74190235
55.88059807
56.06176396
56.07099384
56.09166885
56.09666726
56.29157093
56.32789849
56.36382176
56.57358450
56.82090499
56.82924813
56.91307140
56.93848417
57.09055072
57.28358896
57.28745075
57.28989062
57.37355665
57.40843920
57.51635498
57.54860219
57.59431678
57.61578762
57.79231153
57.86149272
57.90174830
57.99419426
58.28964122
58.34347054
58.44710193
58.55214891
58.58435647
58.64926153
58.73122694
58.85038568
58.91029910
59.13866053
59.14785351
59.27964298
59.36714551
59.41400892
59.41829959
59.45341218
59.46434651
59.56411693
59.66507400
59.74619639
59.82508360
59.91413324
60.09432414
60.15505543
60.26544663
60.54911138
60.59885112
60.71278751
60.82254195
60.85896665
60.90121857
60.91850206
61.00141414
61.06655048
61.10107398
61.19499012
61.21401366
61.25467881
61.26810779
61.30017969
61.36697020
61.37275043
61.50373788
61.55464894
61.56115843
61.67969374
61.75192699
61.97540737
62.02594111
124.00000000
