0.12342401
0.15392811
0.18952381
0.28241325
0.31243268
0.45824159
0.65429341
0.76519499
0.79979147
0.98309347
1.10626754
1.14365016
1.16566741
1.22446928
1.24627838
1.30501884
1.46275600
1.66277342
1.83016295
1.87612555
2.04073175
2.04791383
2.16289581
2.46872945
2.49073375
2.66864211
2.76918042
2.81987238
2.83529904
2.86353058
2.88651434
3.22634229
3.24503939
3.55241700
3.68136813
3.80945023
3.85891912
3.94132358
3.94657342
4.08880657
4.56878669
4.71256079
4.72190695
4.96044898
5.01235939
5.02013175
5.11117511
5.13153911
5.19073982
5.22816237
5.38581005
5.52066861
5.54427938
5.56737520
5.58823971
5.61638092
5.64164180
5.77583822
5.84297908
5.86394821
5.93924387
5.94127769
5.96482502
6.01527098
6.15073686
6.18346315
6.27026107
6.27375741
6.29079455
6.30805178
6.37375494
6.46677536
6.50507055
6.53230142
6.58519219
6.61560311
6.63204466
6.64126038
6.75560553
6.80893139
6.93724603
6.99527475
7.07302934
7.18991790
7.20384124
7.33621188
7.35772069
7.45090800
7.48525807
7.48730308
7.52455308
7.53194754
7.62223115
7.64175109
7.66620647
7.71598620
7.73726123
7.74199144
7.81507573
7.82395904
7.86070402
7.90501564
7.90811227
7.96923657
7.97671523
8.01241664
8.09707654
8.15787888
8.18850086
8.31584377
8.39430137
8.42147272
8.48831973
8.52839291
8.56460287
8.65998229
8.67798054
8.68031316
8.81542331
8.82916419
8.84426308
8.95803830
9.04079920
9.06041155
9.21141757
9.32531858
9.36921143
9.40709391
9.42998345
9.52665870
10.08911306
10.49399376
10.51046471
10.64798300
10.87161261
10.90304496
10.93023201
11.22299327
11.25337906
11.26634947
11.33626176
11.41397725
11.62573097
11.65513274
11.67270841
11.81813650
11.84805281
11.86003014
11.90230656
12.04210862
12.04651692
12.14801820
12.15369858
12.26365176
12.56835714
12.58170793
12.73447899
12.73805571
12.79835244
12.84815017
12.89117925
12.93072968
13.00772988
13.06157442
13.08615951
13.15045221
13.16204393
13.44717268
13.45881446
13.54938859
13.60154380
13.74889066
13.84702478
13.89351076
13.98911014
14.35629987
14.40539361
14.53385945
14.54894558
14.54978831
14.60575323
14.68537026
14.74557081
14.74804060
14.80304257
14.82196455
14.97933840
15.23114662
15.27368342
15.32364499
15.38426850
15.55252710
15.73998873
15.77992590
15.84442273
15.88516847
15.96255170
16.08486596
16.13960781
16.21225477
16.36835569
16.50187449
16.56997732
16.61758152
16.64639858
16.76253263
16.82543966
16.96749100
17.05151304
17.22616292
17.25691245
17.30661742
17.37633916
17.47286316
17.48087024
17.53977047
17.65379841
17.75801586
17.79980538
17.81217972
17.81749682
17.84932466
17.87560709
17.90478503
17.95885035
18.06395569
18.06599197
18.08788555
18.11514218
18.15096394
18.17314365
18.31179150
18.36158356
18.44578663
18.55580661
18.58379028
18.62742907
18.69191143
18.76419737
18.78387527
18.94678450
19.22185039
19.26182170
19.28158604
19.28358970
19.35009933
19.39117191
19.39702593
19.45347585
19.54023954
19.57161376
19.65165987
19.66543132
19.67450319
19.68980685
19.69470273
19.74197912
19.74200590
19.77840722
19.78396745
19.81370434
19.83053534
20.18328769
20.32700240
20.50657194
20.57127398
20.72941256
20.72943999
20.73743943
20.86651985
20.90317456
20.92349496
21.02546088
21.03727430
21.07322821
21.18274431
21.18780106
21.23923010
21.28183474
21.67851429
21.67878696
21.70660805
21.82354680
21.91831298
21.99792095
22.04522352
22.09162251
22.20593127
22.35510587
22.36288989
22.63386513
22.79496282
22.85081703
23.22891009
23.39009577
23.40771680
23.43622980
23.46020083
23.48252588
23.56433167
23.65214400
23.67551795
23.84423623
24.00717616
24.01597207
24.24711383
24.30556018
24.45172327
24.63122380
24.68555042
24.69177896
24.72508977
24.85748614
24.90151096
25.12334749
25.12984392
25.14591311
25.23450822
25.36134207
25.36905592
25.38988296
25.40247456
25.41770428
25.43908203
25.46676842
25.65043094
25.68122976
25.69600459
25.80553369
26.19445927
26.19564336
26.23311982
26.44390845
26.49477897
26.66154126
26.80915828
26.82393169
26.85388407
26.97057938
27.11499713
27.12004871
27.20051639
27.25475048
27.27451624
27.31226511
27.38749808
27.53504030
27.64853811
27.66650416
27.77041909
28.16797681
28.26076798
28.26577236
28.29211602
28.37043324
28.44497947
28.89192750
29.22345375
29.27461345
29.35285902
29.55722346
29.56963693
29.65515353
29.78523279
29.99901931
30.11916526
30.38338413
30.49915890
30.52168688
30.55778388
30.60321177
30.66785494
30.81547823
30.85604705
30.86025462
31.48744263
31.67375869
31.81825144
31.88941396
31.91806157
32.00576983
32.15754313
32.18916647
32.20394881
32.29548370
32.54172725
32.58148609
32.62588148
32.82325561
33.07085459
33.07431366
33.56880691
33.69695364
33.73290234
33.75397676
33.93127837
33.99011188
34.00747623
34.20031947
34.20430297
34.27556066
34.40327401
34.51309542
34.53864770
34.64844620
34.64920971
34.70657647
34.71675981
34.76776420
34.81808458
34.82076139
34.82382812
35.04789307
35.14425199
35.18006670
35.27749635
35.33620064
35.33685113
35.44792569
35.46619263
35.49024725
35.63582152
35.67672489
35.99904151
36.04858939
36.12454309
36.23540928
36.30514262
36.35099612
36.42237050
36.43229330
36.43622329
36.44900880
36.53138013
36.94488969
37.02719154
37.14626118
37.16480151
37.23928489
37.24356486
37.28458998
37.34623515
37.34822476
37.36450712
37.43740715
37.55615114
37.62304932
37.64464553
37.73598260
37.74834318
37.84712369
37.89858328
38.00372557
38.31553310
38.33628226
38.35771540
38.59877157
38.68895937
38.75396192
38.77311653
38.87228424
39.07949602
39.17625018
39.23591051
39.27795842
39.34209682
39.39970963
39.47852232
39.57554948
39.81989572
39.82623548
39.90469106
39.91406044
39.96327821
40.04446409
40.37145986
40.46632085
40.52714128
40.54687199
40.65335553
40.70233701
40.71112956
40.78355891
40.80600759
40.81622409
41.04636222
41.06239253
41.14136791
41.31665317
41.32971961
41.40001711
41.53505233
41.54611863
41.61831616
41.62455697
41.66231283
41.70934039
41.76030373
41.77348355
41.80210221
41.91712667
42.30347955
42.66099404
42.90081497
42.95066896
43.13132438
43.29845073
43.37495324
43.44481291
43.48185865
43.56598382
43.62939340
43.74610437
43.74955753
43.75703727
43.85524852
43.94559879
44.25885710
44.29702834
44.44003263
44.46041085
44.49392955
44.63829023
44.67685614
44.72683911
44.79858382
44.93357292
45.03119109
45.14508607
45.14536245
45.18616186
45.21604735
45.24979158
45.34109621
45.35314819
45.43307818
45.43675609
45.53631509
45.57568231
45.61997746
45.63476810
45.67495712
45.69139114
45.74051322
45.75548201
45.85206422
45.87379298
45.88715560
45.90128183
45.93894066
46.11902191
46.38579817
46.47375116
46.63392450
46.75738515
46.82388233
47.03113032
47.08567710
47.11695141
47.24821258
47.27898851
47.42294298
47.42955589
47.47607352
47.51127702
47.51754268
47.57847405
47.61181402
47.63841697
47.81987007
48.14716383
48.46364552
48.47325150
48.48147696
48.54449867
48.81425565
48.85144677
49.18921836
49.20831323
49.23879843
49.33019966
49.37169221
49.45603169
49.59126137
49.63001619
49.68170935
49.76115494
49.86203914
49.89837564
49.89861916
49.97875597
50.03164023
50.04444208
50.10047111
50.17934647
50.17935590
50.31879686
50.46883789
50.48057729
50.52913623
50.56439143
50.58484235
50.69883303
50.85893689
50.92994186
51.02291729
51.05412411
51.21980000
51.22379343
51.36635194
51.80632327
51.85236484
52.04522225
52.08578764
52.11939190
52.13591260
52.14691813
52.20189094
52.26248036
52.35011438
52.52139193
52.56509680
52.58871885
52.63276911
52.65395942
52.74114557
52.87329119
52.95294055
53.10858837
53.14897229
53.24322645
53.32470270
53.64089130
53.70789632
53.73363373
53.73462872
53.73511234
54.05196178
54.05673627
54.23724556
54.44849653
54.63568307
54.66604154
54.70599549
54.72626021
54.78762194
54.96346129
54.97711097
55.02271683
55.36415834
55.39578508
55.42494130
55.49858251
55.51895836
55.54083382
55.70583950
55.79167626
55.84039289
55.88073283
55.95694958
55.98495296
56.01242982
56.04210751
56.04482004
56.05937196
56.29517745
56.34648511
56.39393309
56.50054246
56.60488993
56.71018315
56.72254605
56.75394345
56.82409369
57.02323041
57.19045014
57.19986199
57.20697512
57.23141304
57.32936954
57.40913336
57.52308905
57.59765360
57.66007194
57.74553942
57.82220381
57.96612790
57.99954543
58.02601219
58.13782915
58.22959009
58.33500857
58.35062942
58.37139249
58.42466240
58.50318800
58.65149634
58.71824379
58.77915199
59.30990300
59.33409622
59.38303181
59.52244937
59.52877986
59.56716755
59.60326669
59.91073682
59.94313324
59.98765281
60.12915840
60.26418163
60.32910582
60.46259960
60.48598673
60.49210555
60.50280564
60.57064454
60.61918128
60.62740302
60.64975254
60.71352094
60.80640085
60.96685187
61.00325684
61.15947701
61.28797166
61.41585176
61.56115843
61.56387988
61.63100151
61.63404358
61.67897953
61.79490429
61.83770959
124.00000000
