0.07998277
0.26833927
0.34996469
0.37655102
0.39678601
0.48728493
0.59806728
0.59880149
0.60121005
0.73589363
0.75254046
0.85372000
0.87971704
0.95205791
0.96468947
1.01299352
1.09942339
1.12290036
1.16479599
1.21462600
1.24735816
1.38208180
1.39761171
1.50575829
1.51809129
1.65258532
1.85218100
1.85593256
1.85615108
1.87356527
2.02781178
2.03133957
2.03453158
2.18011309
2.39277624
2.48724881
2.59976935
2.67585816
2.73686385
2.79274344
2.94588252
2.99015272
3.01485019
3.09126570
3.12445455
3.13847545
3.27263574
3.42502849
3.45528835
3.56038728
3.63348356
3.80518105
3.96637461
4.03030817
4.03914275
4.04440344
4.09367748
4.16130255
4.17672529
4.49074773
4.56043711
4.56584491
4.57476207
4.79723970
4.99975026
5.01894954
5.02726641
5.11037492
5.28198334
5.40857028
5.44270976
5.78735234
5.81423508
5.97681374
6.02565634
6.49119851
6.49656889
6.58833634
6.59555958
6.60912484
6.61096837
6.85744869
7.03357065
7.15891982
7.17009938
7.32424752
7.33921365
7.56340240
7.61499070
7.66896228
7.82185081
7.85673944
7.86884125
7.90088937
7.91988496
7.96529140
8.02090129
8.31818653
8.42558484
8.43440469
8.56112402
8.57871034
8.62602535
8.76669375
8.96662848
9.04540361
9.11645815
9.12000411
9.16203928
9.21256882
9.28215061
9.43520279
9.48484402
9.63174419
9.73099730
9.74154184
9.78865527
9.82101601
10.21601986
10.29382299
10.33128674
10.45326435
10.71059179
10.71967755
10.74407672
10.81606562
10.82107038
10.82223762
10.86092695
10.86225531
10.90164702
10.91758871
10.98252684
11.17762990
11.30634790
11.44346796
11.53923651
11.59520530
11.66471214
11.84694502
11.86892534
12.10918843
12.20251353
12.32029449
12.33074108
12.45942774
12.48469458
12.50446902
12.55502821
12.57865275
12.59074567
12.68364365
12.70598500
12.90728879
13.15045221
13.52310478
13.53091066
13.65682338
13.69268821
13.77354120
13.97330704
13.99613160
14.08784060
14.20027969
14.21999515
14.30400133
14.33716774
14.34124536
14.41642659
14.43920405
14.49647582
14.70517159
15.12596919
15.18437588
15.45138782
15.50434854
15.52473804
15.61793756
15.67468374
15.70938576
15.71437305
15.71630037
15.72149132
15.75516431
15.88516847
16.03489412
16.16649060
16.26403386
16.34654965
16.36714534
16.47569067
16.57639886
16.83685150
16.86469050
16.93943013
17.04717298
17.09711484
17.25430089
17.25951828
17.69394514
17.83205364
17.96927892
18.09991075
18.14376696
18.25107815
18.46740627
18.52744978
18.55960107
18.62860421
18.68948555
18.79035247
18.82987824
18.84258774
18.86311188
19.08541557
19.12963243
19.14440406
19.19100557
19.21389985
19.34493465
19.35302497
19.36269222
19.49236926
19.55655142
19.64039651
19.75453546
19.79915938
20.03361164
20.07414320
20.10326784
20.25548995
20.32709405
20.35678662
20.37081118
20.45106786
20.45480101
20.53265182
20.53855227
20.54977785
20.55130817
20.72249905
20.80835666
20.82761149
20.83099707
20.83629463
20.83912206
20.84488188
20.86188469
20.88567344
20.94969109
20.96365155
21.29571567
21.40299293
21.48423494
21.54928542
21.57960540
21.64489233
21.69498372
21.73486767
21.74001780
21.90170212
22.23467969
22.46843639
22.53557093
22.59878056
22.71470118
22.86433880
22.86569119
22.89700207
22.98775734
23.10709726
23.31651534
23.40623413
23.63179651
23.64038013
23.64176152
23.88744054
24.05127156
24.06939246
24.24711383
24.30745550
24.43049459
24.44313476
24.57249480
24.59685170
24.66512547
24.71491550
24.73213002
24.79955673
25.07130813
25.13674021
25.21919261
25.29850883
25.31150318
25.31398459
25.33039688
25.39250586
25.44028753
25.49483004
25.50213135
25.55498196
25.67900480
25.71954070
25.84280433
25.88034554
25.91406320
25.93542821
25.95624389
25.97409191
25.98961600
26.05886560
26.10250600
26.10645452
26.41488196
26.43948623
26.77814717
26.82584364
26.85041197
26.97440543
26.99909562
26.99988489
27.04453842
27.04471189
27.04689869
27.10051483
27.13887131
27.31549465
27.51248068
27.54625713
27.59085577
27.73435375
27.77710418
27.78872415
27.98789193
28.07501952
28.11166722
28.12948795
28.27805547
28.38721774
28.74322875
28.80501160
28.82461894
28.89154615
28.95560533
28.99143678
28.99971361
29.05889785
29.07370937
29.16551253
29.18590968
29.26232310
29.31750875
29.32599956
29.42425696
29.44950690
29.50515773
29.63582794
29.68853618
29.78888181
29.83877440
29.90611724
30.08646312
30.20037813
30.23367129
30.25515147
30.29821146
30.51059184
30.51667108
30.54814510
30.63932785
30.83702999
30.87146236
30.92786806
30.99792557
31.00478022
31.13761696
31.24349780
31.32510711
31.39288729
31.50110066
31.52825798
31.62357992
31.62446583
31.63517496
31.75851496
31.80774741
31.88031830
31.98533673
32.07216102
32.30646471
32.35303160
32.35617910
32.36043646
32.55074289
32.56324956
32.84381783
32.90746718
32.96476137
33.01481956
33.13927497
33.22865204
33.24731365
33.57732704
33.59947165
33.71977176
33.73528419
33.90129852
33.98184006
34.08531383
34.16207687
34.16991054
34.40166509
34.41818803
34.49399635
34.50896807
34.60965784
34.79239108
34.95916091
35.02557754
35.02824739
35.03150504
35.11905133
35.16517945
35.38019320
35.41886110
35.52526491
35.54594462
35.67610130
35.69416608
35.75514755
35.82243305
35.85090950
35.86126728
35.87619945
35.94062076
36.00636088
36.03911618
36.04573732
36.23097990
36.32286339
36.34715288
36.43622329
36.43787459
36.50322994
36.65224684
36.79668820
36.88793374
37.01150530
37.03873366
37.06728134
37.13727863
37.16102626
37.25168840
37.31442973
37.50452882
37.63357192
37.65385747
37.72096250
37.77460672
37.83985898
37.92827296
37.93542903
38.00842225
38.05054806
38.08680173
38.34622866
38.41227208
38.46641647
38.46786468
38.49665841
38.51657900
38.59708573
38.76282221
38.77729038
38.95863682
39.02717388
39.03846025
39.08296974
39.20585902
39.43142046
39.47482151
39.48872883
39.50011449
39.60536220
40.00129428
40.09622768
40.13357758
40.19858106
40.32982429
40.36930545
40.54776566
40.54830232
40.77405000
40.88469879
40.90321471
40.91180950
40.94785318
40.97758625
41.04756435
41.30967555
41.32867065
41.43385404
41.44335048
41.66566082
41.66620665
41.74076319
41.84181786
41.97649465
41.98148732
41.98226035
42.24031871
42.27550550
42.41867324
42.50561115
42.52043613
42.53851459
42.57117146
42.59900874
42.70584897
42.73388261
43.00745450
43.12222874
43.15665667
43.25110407
43.25433168
43.35688391
43.37132314
43.42490691
43.42640131
43.43243560
43.43890051
43.44307315
43.47097349
43.48773742
43.62519065
43.63963635
43.65915944
43.68555949
43.71176496
43.78365992
43.85852925
43.89433083
43.92428887
44.04109579
44.08670834
44.09224994
44.27859584
44.31461232
44.35850483
44.38958764
44.58812119
44.63131548
44.74470619
44.80612239
44.86394255
45.08958005
45.15110543
45.60828734
45.63187108
45.70376426
45.87439447
46.05407926
46.10620302
46.21452545
46.34815510
46.57615430
46.57735098
46.58706280
46.83661335
46.91318923
46.92213976
47.03277864
47.03499754
47.03516678
47.06636893
47.14647203
47.28285643
47.50935646
47.57602117
47.58400299
47.60364193
47.78210614
47.94235627
48.08681935
48.13394313
48.47805949
48.61015778
48.61860657
48.63045780
48.67460354
48.72267496
48.75880734
48.87348882
48.92953299
48.99372200
49.13198203
49.15819723
49.26560565
49.34932769
49.40069013
49.86743730
49.99913965
50.01633903
50.10493749
50.12322419
50.22006820
50.30132245
50.37756856
50.41923926
50.45769995
50.51311948
50.54989060
50.58123812
50.58427056
50.61317325
50.64622253
50.66643563
50.68526096
50.81619469
50.83850340
51.12017813
51.23340543
51.32974818
51.46531126
51.60032307
51.70358953
51.87153126
51.88276041
51.88598927
52.05534931
52.05902556
52.12238787
52.20384472
52.33531397
52.33942345
52.40673488
52.48580596
52.76957558
52.77014083
52.83894646
52.90604584
52.91592397
52.94788474
52.98959266
53.02562288
53.14957128
53.17721146
53.21380356
53.27439213
53.29193885
53.46497112
53.50960411
53.61273864
53.78431186
53.84331951
53.89282258
54.04081443
54.13331597
54.14813814
54.20614383
54.21799107
54.28458679
54.31518949
54.31948462
54.38623512
54.72076837
54.77224995
54.81205696
54.84073717
54.96017176
55.10306894
55.12358856
55.14258241
55.36105329
55.45538809
55.53149932
55.57909082
55.63438864
55.65432390
55.68700752
55.81259482
55.90668739
55.99188892
56.07006412
56.37223386
56.46018794
56.48002778
56.48687431
56.56783632
56.60538951
56.75102338
56.80897359
56.86500346
57.01090290
57.11381813
57.12460425
57.23668527
57.27412806
57.62467092
57.69294676
57.81349701
57.84639125
58.11632047
58.17215095
58.21688782
58.59882711
58.60603805
58.76177178
58.81646539
58.99195082
58.99303363
59.07523768
59.09511244
59.23382111
59.45323069
59.54850714
59.60427350
59.62990142
59.69928941
59.71338915
59.75596800
59.81939501
60.04996058
60.10127674
60.11093049
60.19989396
60.20425862
60.27719336
60.34865356
60.48878314
60.50146108
60.59589821
60.64380654
60.65701107
60.66140524
60.72936259
60.72954661
60.81716151
61.20078695
61.23231237
61.31368292
61.34084992
61.39434449
61.48348015
61.56225950
61.58677379
61.69415263
61.75487274
61.81639987
61.89149857
61.92218234
124.00000000
