0.02331370
0.32062567
0.35438841
0.60868454
0.88349776
1.11621115
1.18540405
1.38469639
1.43258278
1.51100010
1.51406554
1.52550395
1.78712433
1.92172569
2.02413293
2.06486807
2.10679146
2.43668628
2.54937628
2.55959037
2.73661462
2.84083988
2.85526830
2.90356912
2.93222933
2.97426106
2.98537563
3.04485892
3.08084329
3.15113812
3.27480574
3.48233640
3.48953581
3.55092111
3.60859489
3.62368598
3.69688673
3.69848009
3.69973523
3.78098233
3.84189155
3.87982992
3.90594169
3.93206409
4.05053639
4.17936170
4.23776863
4.28985850
4.37590798
4.41105528
4.53954153
4.55704198
4.59936430
4.65634305
4.70079297
4.76807922
5.00438050
5.05060465
5.13355002
5.20191998
5.28406959
5.29396145
5.47821938
5.52026211
5.60612724
5.64687312
5.73843889
5.74899253
5.82966384
5.87989142
6.01144080
6.03137434
6.32282495
6.50186554
6.67844968
6.81254851
6.86120212
6.94390003
6.94924666
6.96641545
7.06289360
7.44530446
7.44549998
7.47128114
7.52455308
7.88852046
7.98833964
8.01067434
8.25121430
8.39573817
8.41636824
8.55168405
8.79926880
8.85913782
8.90943705
9.00129387
9.17491449
9.23799562
9.54692255
9.59681851
9.62687588
9.71299041
9.86899097
9.98756545
10.03419778
10.07356578
10.13977197
10.15388229
10.17341238
10.18837552
10.30311370
10.37923727
10.43348581
10.63926694
10.65985316
10.66527273
10.71404736
10.78457830
10.86192718
10.98628767
11.08477595
11.17359275
11.19530759
11.43705260
11.63966485
11.70327816
11.71994007
11.78510372
11.90111532
11.93692719
12.07967546
12.13546261
12.26583032
12.28950547
12.38360410
12.50336600
12.57158159
12.68921573
12.71139962
12.83614331
13.10499522
13.27775733
13.32699256
13.35359590
13.47005140
13.83953687
14.11243674
14.17597581
14.27876760
14.31096476
14.32328757
14.37084386
14.40539361
14.47125307
14.49989349
14.54593696
14.56635973
14.56863078
14.75729304
14.82196455
14.96696642
15.00640796
15.02376382
15.04686555
15.06450713
15.16197363
15.25180117
15.27279668
15.35332687
15.37892900
15.55848077
15.57696314
15.58720209
15.73211968
15.74959223
15.80180331
15.85321116
16.01496578
16.02816360
16.12488895
16.17389548
16.25532025
16.26687575
16.64180749
16.77100889
16.84004902
16.86088435
16.93357067
16.98326810
17.21877015
17.22616292
17.28177721
17.39617928
17.82667934
17.87385682
17.87820473
17.92498349
17.95885035
18.06475576
18.18167480
18.20713390
18.24333035
18.55136640
18.61129925
18.71042232
18.74812046
19.01615510
19.04277329
19.33034839
19.33236433
19.34369704
19.39730708
19.51865611
19.52704537
19.54190333
19.72508546
19.73072044
19.81506762
19.87027315
19.95337968
20.04363386
20.21342264
20.37765172
20.38498576
20.39831717
20.41414661
20.43267153
20.43617800
20.51277120
20.63412366
20.68437853
20.85062753
20.85432579
20.89615359
21.17189765
21.28193790
21.33728919
21.45356392
21.54475783
21.58587114
21.61234511
21.67252948
21.69577174
21.86761825
21.87138828
21.87722114
21.90249052
22.07521886
22.11638544
22.20790791
22.28707398
22.29909524
22.42323198
22.47545157
22.57380225
22.68906837
22.75010996
22.78746783
22.80254988
22.91104414
22.91771496
22.95742756
23.04059571
23.04993817
23.12660174
23.14826235
23.40931107
23.42629393
23.42731714
23.46638082
23.54033527
23.57203405
23.84534173
23.95605656
23.97298472
24.06666252
24.17330235
24.25704024
24.28441679
24.34379280
24.35828959
24.43834430
24.62622371
24.74228359
24.75337644
24.76611667
24.89353411
25.01785676
25.06195784
25.08909728
25.09816204
25.25005678
25.29251338
25.30042048
25.33709574
25.37937553
25.41475105
25.48171644
25.50452621
25.50864618
25.52411416
25.55791561
25.58301388
25.73293282
25.83045919
25.99961834
26.00008175
26.00743050
26.55473130
26.57259922
26.57263928
26.58744217
26.66243630
26.71309067
26.75435671
26.95309347
26.97640282
27.13710379
27.14499794
27.23775701
27.34365698
27.35107049
27.40267317
27.41489095
27.47919921
27.49150838
27.55290816
27.56595753
27.58146680
27.63629448
27.72184950
27.77778296
27.80598413
27.81600002
27.85304362
27.95962098
28.05775324
28.17749330
28.32163177
28.43267619
28.45414339
28.77136745
28.78910743
28.83477751
28.96023331
28.96286127
29.09566921
29.17270443
29.31633018
29.38873229
29.43673549
29.54223321
29.57032402
29.66262409
29.86653372
29.88852815
29.95129620
29.96324091
30.08577948
30.16129669
30.26041171
30.56323971
30.58903670
30.67890065
30.72153614
31.02990238
31.13092391
31.21595291
31.21975398
31.22350080
31.25883865
31.43751949
31.49054444
31.55278119
31.57121705
31.71368034
31.81096567
32.01632771
32.05272479
32.25117466
32.30351264
32.32875493
32.37404813
32.60780415
32.75768367
33.10180525
33.11420903
33.19398114
33.34344430
33.52517809
33.54890209
33.59948255
33.61337758
33.66297377
33.78802294
33.80115127
33.80564680
33.89614879
33.90708232
33.93331257
33.94275184
34.00349049
34.01366849
34.12894809
34.22822198
34.28808275
34.32071723
34.35608166
34.40429194
34.58602801
34.66557040
34.67166707
34.69001063
34.72586175
34.80551225
34.80679593
34.83139983
34.87375161
34.96010384
35.08635063
35.31556681
35.38599577
35.61181777
35.66133136
35.67817683
35.76147843
35.96688020
35.99037837
36.29338253
36.33535792
36.40364245
36.45055188
36.58299420
36.64784946
36.69267093
36.85227143
37.10756996
37.17855991
37.18406322
37.21065888
37.27107812
37.29489530
37.34503249
37.44539008
37.44822379
37.50283981
37.53771974
37.60073487
37.66405817
37.69236868
37.88236797
37.96430634
37.96755864
38.25315306
38.25483026
38.27637048
38.35938639
38.42027250
38.45772580
38.53838599
38.60296880
38.67854334
38.70269725
38.85569416
38.88873340
39.04254272
39.18590686
39.24035891
39.24967871
39.25886863
39.55786115
39.81779357
39.90104108
39.94242114
39.97928825
40.00954357
40.03075245
40.07983387
40.11474102
40.15222443
40.16925172
40.29610635
40.38911342
40.43194520
40.59578993
40.72907527
40.91974515
40.92645042
40.94352529
41.00111572
41.14506689
41.41707661
41.63036159
41.71724478
41.79565503
41.80249520
41.82628596
41.83074296
41.88443188
42.05620778
42.17598317
42.23211880
42.83849684
42.87061877
43.01760390
43.07290097
43.15553540
43.30855331
43.41192990
43.51043640
43.51125877
43.53145127
43.55068380
43.66448783
43.70000320
43.85807421
43.89779902
43.99935125
43.99998009
44.06717400
44.10217647
44.15980362
44.16484723
44.20307492
44.25832735
44.32905547
44.36028703
44.39974685
44.44997761
44.58888815
44.62314274
44.77083410
44.82493988
44.84466209
44.89364417
44.95103634
45.15869410
45.23075007
45.24006806
45.31311147
45.40396144
45.64156282
45.83275698
45.93226106
46.00712439
46.02453626
46.04165041
46.23397075
46.37982027
46.38170378
46.43108738
46.47122611
46.47478331
46.53514610
46.73144453
46.77415662
46.78295326
46.84355868
46.87911613
46.91318923
46.93788503
47.00947417
47.11075978
47.30808079
47.36291236
47.43245781
47.54512723
47.56023323
47.59928605
47.60564306
47.68382279
47.72658573
47.75445588
47.75812554
47.79456978
47.82407629
47.87359546
47.90695083
47.95473087
48.32496055
48.40541917
48.54011201
48.55346568
48.81038508
48.81425565
48.91900308
48.97994744
48.99578393
49.16924791
49.22491349
49.25095563
49.57471205
49.58618607
49.76993618
49.77241394
49.82674455
49.86420487
49.87992884
49.95451398
50.07805808
50.11653935
50.17808059
50.22379579
50.25868454
50.30744808
50.31749838
50.35403102
50.36333978
50.37756856
50.49124492
50.59692544
50.74460922
50.82309072
50.89136809
50.92101417
50.97693661
51.25396854
51.47040155
51.49324392
51.61523018
51.69722909
51.70358953
51.74894991
51.77234173
51.96339152
51.97583618
52.00326956
52.01875180
52.07183581
52.12298662
52.12345269
52.27300714
52.29969888
52.41214655
52.44566726
52.45362716
52.54238627
52.62418588
52.77037348
52.82950566
52.84027517
53.21260487
53.28851206
53.30948348
53.36141623
53.38245243
53.44273725
53.45361711
53.47202050
53.68161223
53.69102420
53.86454274
53.94682594
54.07827111
54.15333147
54.32197151
54.43884050
54.52062080
54.58387778
54.89068518
54.95617675
55.04842333
55.10511755
55.25095668
55.33562559
55.42314594
55.46858951
55.56362490
55.61605100
55.70738520
55.72190877
55.79822958
55.85985694
55.86500963
56.08927315
56.12837527
56.12852932
56.30596072
56.30733946
56.40779131
56.62338954
56.86569296
56.87415556
56.87813269
56.88821810
56.93188869
56.97066264
56.99607047
57.02221431
57.06824127
57.23201864
57.24130745
57.26056714
57.38533810
57.56670617
57.64708073
57.77319678
57.80719739
57.85699796
57.87045299
57.87460410
58.00307084
58.04680575
58.07469506
58.08845760
58.18793645
58.27414351
58.44068397
58.74366665
58.92184668
58.94570137
58.99852920
59.01758696
59.11394056
59.16187565
59.34595146
59.37833314
59.50909284
59.81800732
59.91073682
60.05436655
60.12865055
60.20005704
60.21770364
60.26126319
60.27096265
60.31306933
60.31559704
60.38360654
60.49189517
60.54961801
60.58477867
60.72022616
60.72110638
60.82507700
60.87100770
60.92338392
61.06728436
61.07962628
61.17087230
61.22926287
61.38664774
61.47297939
61.47994460
61.56355912
61.65593365
61.68387519
61.76392215
61.76687535
61.89007054
61.89527128
62.10907240
124.00000000
