0.05389460
0.11486892
0.13353960
0.13772169
0.24149773
0.44657013
0.47817326
0.55314674
0.73694872
0.78143983
0.81531636
0.83347035
0.95588379
1.06725968
1.07960230
1.16102238
1.32017545
1.38889059
1.51729903
1.64665118
1.66902086
2.39683601
2.46054034
2.49955021
2.70565862
2.80207994
2.84600435
2.99615088
3.05825141
3.17602758
3.22664178
3.29627129
3.36147625
3.47789248
3.47921531
3.49833284
3.51543720
3.65459332
3.67822467
3.98313966
4.01407849
4.17908202
4.26854276
4.28420986
4.31631911
4.39443463
4.39890287
4.66170239
4.81158400
4.81206166
4.84635141
4.93957550
5.04332400
5.18157658
5.21859587
5.44121460
5.47196125
5.51684161
5.56737520
5.79280626
5.96548646
6.00514078
6.20377985
6.29079455
6.39497616
6.41960614
6.56244002
6.64189968
6.76498348
6.79485876
6.87183163
6.89586448
6.89765006
6.90526054
6.95702809
6.98747955
7.13019131
7.31595152
7.34796879
7.41362481
7.45092738
7.45322481
7.46691807
7.51699809
7.62223115
7.70941775
8.03024819
8.06693569
8.28077902
8.28354213
8.59227625
8.61783599
8.62648498
8.64013714
8.83488668
8.90286549
9.03146245
9.27969476
9.46125579
9.52040277
9.53627253
9.56460900
9.97411144
10.07115835
10.13750283
10.17804155
10.18202770
10.32550386
10.83889693
10.99048980
11.00227314
11.02190128
11.17418867
11.25621575
11.28913039
11.38116179
11.38432947
11.55977324
11.68237829
11.68316496
11.76851378
11.79592046
12.29098051
12.30196319
12.34973321
12.37177683
12.41491778
12.43409505
12.44561151
12.47525102
12.64567911
12.80184828
12.87469053
12.87874867
12.91944102
12.99039384
13.16657371
13.17512781
13.26315002
13.34031092
13.43746691
13.51128355
13.51702363
13.51711631
13.59595659
13.61448326
13.66738350
13.73145171
13.83953687
13.88643807
13.90903656
13.99999929
14.09075242
14.29249184
14.41545007
14.54350150
14.58946231
14.62219148
14.66225778
14.74372104
14.85442200
14.90444973
15.03969413
15.15346294
15.15582429
15.16684140
15.18923909
15.21791483
15.23398094
15.37702146
15.39741258
15.60363624
15.64479085
15.64665526
15.66841420
15.69976675
15.82474447
15.90338436
15.92225721
15.93351507
15.93709109
15.95081530
15.95744487
16.43959024
16.51673383
16.57301317
16.65433868
16.71449582
16.80798027
16.84579145
16.90597046
16.90795534
16.94461834
17.10670299
17.11257854
17.19042512
17.21832628
17.33937944
17.39483546
17.57741642
17.68976223
17.88728137
17.96390579
18.00438845
18.03544638
18.05625648
18.21419617
18.40466817
18.55147143
18.58958986
19.12239001
19.18026375
19.23846870
19.31383815
19.31721364
19.42276415
19.43479260
19.53433950
19.60009346
19.63160160
19.75505778
19.89216964
19.93209419
19.94505613
19.98270802
20.08455534
20.13042317
20.23059510
20.26702806
20.29614579
20.36359126
20.39122701
20.53892536
20.59251846
20.59970952
20.76017555
20.76363832
20.78103201
20.85619275
20.99176914
21.03860940
21.06401413
21.07348376
21.24851740
21.27821122
21.27982474
21.30957906
21.41376376
21.45696471
21.54928542
21.65700523
21.96354287
22.03321270
22.06869987
22.10526596
22.17093908
22.20074183
22.21934387
22.33685493
22.63989603
22.88662381
22.94183006
23.01909007
23.09017978
23.41599811
23.62281784
23.69369475
23.99438658
24.06417593
24.24134113
24.24700669
24.26831995
24.36860377
24.37840055
24.54288826
24.55303854
24.73232896
24.74286775
24.74994519
24.81578378
24.90689896
25.25909186
25.25969807
25.40631142
25.43216344
25.46288591
25.48055371
25.48171644
25.50154755
25.56750703
25.71381439
25.78731349
26.06052625
26.09294202
26.13018560
26.22526963
26.43684032
26.44498868
26.53133154
26.54850351
26.70708626
26.93584270
26.95029290
27.06097703
27.07703128
27.14772825
27.23406226
27.25675150
27.27797680
27.28150710
27.34357796
27.59319080
27.61915079
27.77631837
27.81766987
27.83847426
27.87472541
27.88659352
27.91574561
27.92080156
27.99951986
28.10171353
28.17055318
28.32255547
28.36689747
28.43132730
28.53434141
28.57417705
28.58134580
28.72544275
28.81157842
28.89532636
28.93501169
28.97697287
29.08674801
29.09566921
29.10047682
29.11437749
29.15885158
29.18316079
29.28761784
29.29715046
29.31412039
29.32564389
29.32599503
29.36735696
29.41428372
29.82096372
29.85900415
29.91289776
30.04835530
30.05173293
30.17763267
30.19686564
30.19727257
30.21144265
30.35333029
30.35547886
30.36331558
30.38094359
30.42451311
30.43020536
30.46991471
30.48027939
30.49421150
30.49645010
30.53687166
30.66540186
30.67305514
30.76776582
30.87181611
30.98321067
31.04090849
31.13761696
31.18047291
31.18241377
31.20433244
31.28366272
31.28905877
31.33613131
31.37799609
31.38837759
31.50287349
31.50422499
31.55660323
31.83549907
31.84739831
31.88031830
32.14436288
32.15825576
32.27372868
32.34283329
32.37368279
32.43673133
32.46280304
32.65897653
32.83477987
32.93173094
32.97947841
32.99853112
33.02982801
33.14960391
33.24211261
33.24994242
33.29073932
33.31725500
33.33455964
33.51843918
33.77275018
33.81265590
33.87874731
33.96123197
34.14525837
34.47550170
34.57984165
34.58800713
34.59671511
34.65086646
34.67362678
34.67455012
34.68824163
34.72011284
34.72872636
34.77277376
34.95959864
35.01985571
35.08898120
35.11117497
35.14885528
35.38631771
35.39697079
35.41883882
35.47482008
35.57792887
35.62403296
35.66722985
35.67568618
35.67577044
35.68341303
35.88945612
35.91716641
35.91908140
35.94669259
36.00946785
36.03378030
36.05998066
36.17990042
36.36168152
36.39788232
36.42459642
36.62973836
36.65441306
36.86090957
37.18406322
37.21336605
37.47515908
37.50162898
37.51478295
37.57329009
37.71033702
38.06250299
38.09490766
38.12554781
38.20034604
38.22694815
38.24738804
38.69192491
38.88873340
39.03516687
39.06013143
39.10309362
39.31644214
39.45922329
39.53935107
39.66069283
39.68713699
39.81386676
39.83001290
39.93222626
40.19312682
40.20918687
40.30575511
40.32039175
40.41113514
40.59482484
40.76063436
40.85742147
40.88465662
40.94343527
41.00692005
41.01387935
41.03136401
41.08335482
41.12862236
41.19826087
41.28922837
41.29334371
41.33465081
41.39369519
41.59772596
41.72917955
41.73431117
41.73496055
41.79240573
41.79732234
41.84932961
41.88024879
41.88553026
42.12244422
42.14692457
42.16775901
42.19570497
42.32487278
42.35634279
42.40470778
42.48641324
42.55679569
42.57856996
42.61192692
42.64236840
42.75383855
42.77335401
42.97358542
43.03689891
43.07168265
43.10922384
43.14969641
43.15208296
43.15327493
43.27112724
43.42311931
43.42514768
43.49945434
43.54618930
43.75031765
43.75147638
43.75474117
43.81009528
43.82065607
43.82215913
43.83018802
43.94643007
44.09001357
44.14112327
44.23156166
44.36028703
44.40759750
44.43787544
44.45472262
44.77768259
44.83582587
44.95687925
45.10140003
45.15727056
45.16554081
45.34377391
45.36403857
45.67949946
46.01084819
46.04941261
46.05185973
46.06917827
46.09907100
46.12973345
46.18031287
46.32164301
46.41970747
46.51454680
46.65871766
46.87789658
47.04445800
47.17566112
47.22704654
47.40750095
47.49467305
47.69741767
47.71551031
47.76106797
47.82311625
47.88655120
47.90581827
48.02411251
48.11610300
48.12014740
48.19584765
48.23803411
48.24092156
48.32274061
48.46896573
48.47825211
48.47854699
48.52946731
48.64867119
48.72005769
48.75969636
48.91486974
48.92343299
48.99822321
49.00216084
49.16264458
49.22248604
49.27205577
49.34189888
49.59890943
49.62841149
49.74498945
49.81720581
49.99243984
50.08733815
50.08948693
50.10328345
50.21416604
50.22700476
50.30689681
50.33429521
50.51410196
50.52206237
50.70812712
50.82014468
51.14344499
51.24160910
51.36116881
51.36520304
51.44916331
51.49324392
51.67278766
51.73483843
51.80632327
51.87465100
51.98397677
52.03824023
52.06841944
52.24992577
52.28402810
52.29099412
52.30120613
52.30970516
52.48224993
52.58031608
52.63485542
52.75068124
52.85031304
52.85315982
52.97448132
53.33908396
53.45031776
53.48726337
53.57865484
53.61534475
53.80081688
53.92442533
54.05731489
54.30692344
54.32197151
54.38369496
54.44501684
54.48600138
54.56596694
54.61044851
54.69856951
54.73247556
54.74106789
54.82307659
54.89215250
55.03214166
55.19169362
55.25739427
55.29198760
55.39600903
55.45538809
55.47221447
55.53003910
55.58734687
55.62926748
55.70732314
55.70903547
55.75037015
55.76718408
55.99547176
56.02176152
56.16504400
56.24455875
56.35775746
56.40058404
56.52237038
56.59661392
56.60841687
56.61184963
56.63641032
56.74103962
56.76597021
56.92302271
57.00505165
57.00982332
57.03878411
57.06615185
57.48170596
57.69402278
57.73958297
57.94843336
57.95166385
57.96967383
57.98389514
58.11906738
58.26358336
58.71797219
58.79208096
58.80635975
58.90069604
58.90642149
59.28542000
59.37575246
59.42558288
59.45491255
59.69176702
59.79141769
59.83483660
59.89915592
59.93166887
59.97494561
60.04264227
60.08458419
60.11481630
60.18250390
60.31306933
60.32861617
60.46406527
60.50848554
60.52832864
60.58766873
60.59882073
60.65858123
60.66993904
60.75690404
60.89687593
61.17141683
61.24923943
61.28948068
61.30017969
61.59984724
61.70004577
61.81074384
61.89527128
61.90421879
61.91594404
62.08621564
124.00000000
