0.04454883
0.14369210
0.16371656
0.20058113
0.24757898
0.31234861
0.38736114
0.49087255
0.72442416
0.75079784
0.83347111
0.83693788
0.84478193
0.90547415
1.07386279
1.13710141
1.30165540
1.39278199
1.43041597
1.46275600
1.46518502
1.57723807
1.74899152
1.97958946
2.12185772
2.15140525
2.22259737
2.30136964
2.39624172
2.49061292
2.51036678
2.54385786
2.56876876
2.65685780
2.72167202
2.86412156
3.00890223
3.01636947
3.10757789
3.19884111
3.23311638
3.29246096
3.46986395
3.47546367
3.69988171
3.83619368
3.86751638
4.08860649
4.29057348
4.37293559
4.52610096
4.53724834
4.63899055
4.67642330
4.68928758
4.69737649
4.70744215
4.76739715
4.77249266
4.84590191
4.85958451
4.98208577
5.03318586
5.27868016
5.30368476
5.39878523
5.41031079
5.42087745
5.48671793
5.49266835
5.64825669
5.68989818
5.86793800
5.92881094
6.07919626
6.13796415
6.26219189
6.26833377
6.35355981
6.56433475
6.59476426
6.67275261
6.70134071
6.78356367
6.92007276
7.05179335
7.18252349
7.33603771
7.36981888
7.74286695
7.80804274
7.99130102
8.00403257
8.07453281
8.07720769
8.30093201
8.38243172
8.51130913
8.57200563
8.61759743
8.63577170
8.69198430
8.70041567
8.70765812
8.76462063
8.91124675
8.98748811
9.04822267
9.05146425
9.07859561
9.17480934
9.24599794
9.27969476
9.29862237
9.30491388
9.34942400
9.35981282
9.38738319
9.39655560
9.65392204
9.69573548
9.75043750
9.76428588
9.77930706
9.78820880
9.81205951
9.83178149
9.86897287
10.00359988
10.18837552
10.28195940
10.44898965
10.48209261
10.55917944
10.56639415
10.59423521
10.67025466
10.70656852
10.82694731
10.84810569
10.84985928
10.85625848
10.89440105
10.90196722
10.91539082
11.42301011
11.67973597
11.74087483
11.75267399
11.77204649
12.15079155
12.17992366
12.38778269
12.49597387
12.58546033
12.64196492
12.69146238
12.70902494
12.85393156
12.90564560
12.99731372
13.08837580
13.10199239
13.30253695
13.34682397
13.56015380
13.82757514
13.85687344
13.86060246
14.11055689
14.13817639
14.22752891
14.24142515
14.36330106
14.39433557
14.59282020
14.61691690
14.81253841
14.83225705
14.93559772
15.01368016
15.05597317
15.15698201
15.28322084
15.32364499
15.43465592
15.46372157
15.48159199
15.58049679
15.78937897
15.81433644
15.91966557
15.94223163
16.03680442
16.06592644
16.42013123
16.51245029
16.58169127
16.64639858
16.69750481
16.70719355
16.77976787
16.78069276
16.78877029
16.89528294
16.92181141
16.95310452
17.00418214
17.02711104
17.04021032
17.05859690
17.11247848
17.30305050
17.45286808
17.49392624
17.61701853
17.62389949
17.70792701
17.72319986
18.01601191
18.16614188
18.26463226
18.27999478
18.32740665
18.42804028
18.43615248
18.51883379
18.59409303
18.66883031
18.68999309
18.81190294
18.81630523
18.84674491
18.98229627
18.99907455
19.38097684
19.42604613
19.45290712
19.51948612
19.52854909
19.61233291
19.74661184
19.92556195
20.03098264
20.03364586
20.24444946
20.35578895
20.36132080
20.39627832
20.48003877
20.51811471
20.88567344
21.11470414
21.15469240
21.36593489
21.44071237
21.49529784
21.69312860
21.76784905
21.91719280
21.92338780
21.94155339
22.02135438
22.04647291
22.09214035
22.26288983
22.30017162
22.31160498
22.31414255
22.34074493
22.42742434
22.76320452
22.80231746
22.81132224
22.90958630
22.93992515
23.11414740
23.14736729
23.15594745
23.25075738
23.66219005
23.77894874
23.77954537
23.91976736
23.93013090
23.93752477
24.03638330
24.28190362
24.30757704
24.34261387
24.45117151
24.45201774
24.51874278
24.73213002
24.80046757
24.88931650
24.99674516
25.10261689
25.32236826
25.45397584
25.52461665
25.55545016
25.80026606
25.82567513
25.89017710
25.93883831
25.96328704
26.03354730
26.07754360
26.18459537
26.21991053
26.45010054
26.48467719
26.58650275
26.66196081
26.68803561
26.73081299
26.87106450
26.88705529
26.96654398
27.01822314
27.11494765
27.12697524
27.13745824
27.15252672
27.16013436
27.16425741
27.18386406
27.38704752
27.43224580
27.43726747
27.59751232
27.65499849
27.76751491
27.80079662
27.85218500
28.12188098
28.13989616
28.14292848
28.15589633
28.26674681
28.28527539
28.48501946
28.52814596
28.55207380
28.81861100
28.96067071
28.97171873
29.09448445
29.18843567
29.22683699
29.26634279
29.48316789
29.48474574
29.54022948
29.61730876
30.00744608
30.02485789
30.07324951
30.18231678
30.22043885
30.36588730
30.64694158
30.71271670
30.89659240
30.92328561
30.94091049
31.22324663
31.26176165
31.29523099
31.36454251
31.41053371
31.45972854
31.56788243
31.62217579
31.64238211
31.73709542
31.77465218
31.83182745
31.95986958
32.36525101
32.51427747
32.75809915
32.84367236
32.89720184
32.94657568
32.98114825
33.07646881
33.13032287
33.24239235
33.32214705
33.37724945
33.45111176
33.68264986
33.87539970
33.92802115
33.98728817
34.03497107
34.05155776
34.27977914
34.39009497
34.45853131
35.03973153
35.13985414
35.19372946
35.29006280
35.48916628
35.68252436
35.85435128
35.86123462
36.09705646
36.10509384
36.13924241
36.21338798
36.28943841
36.33474459
36.47491051
36.52436809
36.58533100
36.59690235
36.70736668
36.72532983
36.93183894
36.96866238
36.97289725
37.00654428
37.09637741
37.12995296
37.33703782
37.50852780
37.53324435
37.53536482
37.56119021
37.59001087
37.65823920
37.70101739
37.79745069
38.08922203
38.23479276
38.27637048
38.32506551
38.42768669
38.44113974
38.48485610
38.65518514
38.89361582
38.92864364
39.02763619
39.28966818
39.42675556
39.46335076
39.47868453
39.48534403
39.50192600
39.53507226
39.55036918
39.55318909
39.71902781
39.71918059
39.78992507
40.07779028
40.08903755
40.11670042
40.38644762
40.49518025
40.56864035
40.81423368
40.89924767
40.99000862
41.15194464
41.23001398
41.33380218
41.40789027
41.54719906
41.55128042
41.69263913
41.71724478
41.76343504
41.84718942
41.89155340
42.09030179
42.18920897
42.20650738
42.26866939
42.35446695
42.36013205
42.36074556
42.39828773
42.44752848
42.63309045
42.71009494
42.90780227
43.03689891
43.04125239
43.25586269
43.41175694
43.52518640
43.64405330
43.64881865
43.65532079
43.74083679
43.78933383
43.94456915
43.98935265
44.12523016
44.17904407
44.20541808
44.22688896
44.33703194
44.54232136
44.79928468
44.82205817
45.12387580
45.48683761
45.53541346
45.78752392
45.91767356
45.99905931
46.02061813
46.10620302
46.23178209
46.28293476
46.33293646
46.36320683
46.36367818
46.44133755
46.45845698
46.47375116
46.47803062
46.57373008
46.71493450
46.76175643
46.88530679
47.05953141
47.16486863
47.28922729
47.33636000
47.34783151
47.38718240
47.47607352
47.48420345
47.51754268
47.57093331
47.66909411
47.67011570
47.67583316
47.70810970
47.85683743
48.06759528
48.18274143
48.24512163
48.30947654
48.31363419
48.50702769
48.56965358
48.58426191
48.66147943
48.67122256
48.73089215
48.73520612
48.74589832
48.74746162
48.86438447
48.91246418
48.92653651
49.01806620
49.02513327
49.15591790
49.18807793
49.20605304
49.22026260
49.23465208
49.26894280
49.32257716
49.41779087
49.43808840
49.58863939
49.59126137
49.59687408
49.92209984
49.94243567
50.11786605
50.17387033
50.22917534
50.30008380
50.37107387
50.42763696
50.43454328
50.45736860
50.46872440
50.54785051
50.64262882
50.68545277
51.17450592
51.20255512
51.25396854
51.29450520
51.34184179
51.44985056
51.54208290
51.62975713
51.76150847
51.92908894
51.96767327
52.06150766
52.11939190
52.14718634
52.14842074
52.18753664
52.51756692
52.52032062
52.59032288
52.59678730
52.67222506
52.77641443
52.81394571
52.97449194
52.99817523
53.04957275
53.08692524
53.14296649
53.16917940
53.27926113
53.42688081
53.47539875
53.51998740
53.52442867
53.61994599
53.63781195
53.71083199
53.77087634
53.78843990
54.07351430
54.11217937
54.20614383
54.25637721
54.27735247
54.46276776
54.51202920
54.61422823
55.04238056
55.11493714
55.38696916
55.39772200
55.49607465
55.50072715
55.51582575
55.53034536
55.57455374
55.64128832
55.79983707
55.80207736
55.91652446
56.21439542
56.25131482
56.34664141
56.42866909
56.43763462
56.45807227
56.47868470
56.49090071
56.63563173
56.71417945
56.84039727
56.85408848
56.91104996
57.03401457
57.27619475
57.32797992
57.68228982
57.77512104
57.81349701
57.85164506
57.93239170
58.03549911
58.06824640
58.08526294
58.16733099
58.21535472
58.22071755
58.27524409
58.29185604
58.59604521
58.60571293
58.63166814
58.93299694
58.98312566
59.32409266
59.34712436
59.72261460
59.85097425
60.07423666
60.11420820
60.24080599
60.53080420
61.14436264
61.27247566
61.27539378
61.41473979
61.55193151
61.56588116
61.71108619
61.85752829
61.88455821
61.97515673
62.12932043
124.00000000
