0.05214190
0.23429085
0.35546907
0.57792797
0.66594367
0.79979147
0.83719537
0.94698099
0.97088521
0.99842428
1.06749709
1.30244549
1.31520681
1.45062006
1.61414288
1.72380084
1.90428112
2.05057823
2.18851575
2.22259737
2.29345979
2.50139954
2.73401474
2.84366430
2.88814679
2.91871223
2.93441466
2.94824126
2.95071541
3.01505722
3.10313790
3.13304477
3.15970201
3.28813757
3.36849619
3.41274667
3.55177453
3.65896213
3.77815814
4.10401195
4.13034998
4.19961189
4.22454709
4.26545772
4.29301612
4.36350284
4.37530479
4.38305871
4.44888100
4.47518580
4.51644020
4.52172281
4.81158400
4.82985992
4.99020303
5.03383118
5.30466496
5.37971649
5.40958771
5.49539563
5.57785533
5.58511079
5.60708216
5.65774347
6.16162547
6.25736859
6.31192614
6.51277536
6.52113442
6.64946664
6.69040149
6.72680900
6.77872387
6.84961915
6.86571697
6.99704149
7.03357065
7.13914882
7.23082486
7.34322536
7.39367851
7.73726123
7.79765136
7.82052092
7.83126640
7.84654918
8.03024819
8.20492137
8.26911725
8.27135922
8.27403676
8.28616045
8.36891870
8.39267258
8.47389781
8.59819741
8.61759743
8.64797399
8.68585676
8.89838071
8.96973981
8.98228296
8.98350116
8.98433746
9.03420523
9.24858534
9.24976544
9.30181318
9.31076738
9.32374553
9.35616673
9.36643213
9.39781536
9.51339276
9.58884161
9.88047940
10.23136515
10.26422917
10.29817002
10.33805652
10.42249865
10.71670432
10.71695283
10.87536510
10.89400689
10.89500029
10.93922830
11.04539172
11.14851696
11.15927777
11.28257957
11.39746301
11.42272549
11.75278096
11.78442897
11.97027937
12.30222643
12.37194963
12.56430936
12.57865275
12.60135237
12.64108989
12.80322935
12.85958334
12.92267840
12.94204833
12.98293963
13.06026231
13.06166582
13.06766677
13.27775733
13.32805745
13.36999960
13.42886717
13.48296903
13.54938859
13.62131679
13.76677777
13.86993881
14.13931922
14.19533281
14.20224639
14.35218693
14.55829607
14.59189254
14.64423273
14.74406484
14.75849364
15.00923250
15.04197711
15.07307842
15.20365394
15.26565914
15.36065607
15.69164612
15.94417513
15.97732320
16.13785820
16.47451332
16.52214079
16.59154916
16.65386183
16.73777292
16.77469836
16.80117546
16.83108066
16.97755328
16.99065346
17.07901409
17.14981726
17.16273804
17.16626007
17.16884623
17.35624071
17.71133582
17.82043942
17.89309563
17.92789375
17.93504753
17.98457683
18.00721523
18.08097250
18.11514218
18.16095134
18.17451621
18.23375664
18.37172903
18.38246448
18.58169915
18.59988016
18.61170189
18.65215544
18.76848519
18.78875720
18.94632662
19.08881271
19.37044294
19.40313518
19.52114839
19.53433950
19.66912519
19.76294106
19.97167240
20.02505406
20.25548995
20.29370313
20.48320689
20.67616943
20.73430253
20.93140362
21.10250926
21.33872371
21.76864665
21.85886987
21.95073282
21.95292001
22.04763185
22.13575634
22.17503413
22.23525609
22.24008569
22.29809999
22.35655868
22.39759656
22.43248918
22.44964233
22.53107093
22.73920816
22.76353106
22.77558850
22.80281538
22.84794310
22.93534237
22.95378743
23.10302268
23.28834387
23.29344284
23.42548848
23.54033223
23.70530003
23.72400679
23.76498411
23.79475887
23.81380856
23.87178211
23.97778752
24.01757417
24.34815092
24.43521700
24.58557106
24.62631167
24.71375514
24.78842861
24.83886577
24.93288206
25.35995092
25.39458414
25.42756164
25.60697521
25.60777577
25.64493060
25.69171077
25.75079278
25.77260624
25.81634480
25.90329846
25.90820235
25.95240935
26.04186145
26.15087151
26.26603904
26.34644224
26.34878703
26.49165614
26.71309067
26.73365286
26.76250154
26.77250312
26.81387473
26.88468329
26.98268222
27.31429982
27.37548162
27.45414367
27.45583995
27.51316005
27.52152345
27.54775594
27.56595753
27.58084363
27.68305043
27.77041909
27.81308906
27.90012429
27.93060262
28.09374716
28.12527959
28.43628481
28.45835303
28.63585384
28.73964426
28.75886005
28.87362336
28.92755270
29.00600551
29.06746807
29.11062476
29.24662544
29.27673393
29.35690892
29.36806943
29.44242139
29.50550127
29.52505746
29.53041907
29.73325257
29.74242152
29.80644903
29.84232460
29.98752098
30.03876993
30.15406791
30.23399620
30.33635399
30.36777152
30.36792865
30.52168688
30.58198947
30.70312026
30.75166785
31.05536535
31.36145614
31.36446197
31.38491802
31.48956159
31.72145421
31.87974949
31.92870720
32.01471524
32.01890070
32.07690647
32.27372868
32.28800193
32.37756475
32.57015071
32.60920959
32.69138252
33.17991774
33.18310487
33.19652818
33.27842399
33.30951099
33.33455964
33.46260557
33.50559095
33.54892106
33.56497793
33.59037809
33.64981151
33.75215392
33.75660537
33.76492681
33.78046645
33.97855419
34.08806859
34.16209032
34.16318961
34.40757341
34.59738020
34.85981313
35.07034376
35.07625953
35.11883997
35.14816919
35.24963746
35.31701252
35.33456888
35.59617259
35.64441198
35.64966072
35.72757317
35.79839536
36.03509728
36.25427405
36.27641843
36.45678586
36.46276073
36.55878355
36.60040194
36.61873081
36.97419531
37.19074327
37.24291318
37.36677858
37.66849023
37.92538235
38.00918571
38.06750937
38.09126737
38.41641819
38.47946286
38.49294473
38.51870751
38.61963986
38.73210176
38.75039286
38.94861704
39.10567161
39.28214072
39.30189492
39.38452482
39.44478675
39.47482151
39.48563634
39.56057851
39.64157002
39.66331875
39.66747878
39.72519464
39.80375784
39.84096232
39.98033584
39.98478379
40.06821416
40.25305251
40.43452877
40.47201778
40.50459840
40.77108455
40.77190009
40.80544222
40.96731719
41.05105754
41.22387385
41.22780342
41.42291660
41.59428086
41.71653590
41.77478291
41.78794229
42.09030179
42.31241384
42.42645471
42.45025149
42.53851459
42.63127727
42.63521913
42.65389959
42.75723129
42.80985353
42.83147107
42.84894266
42.92252133
42.92523910
42.98240888
43.02424089
43.07498224
43.07928478
43.13824278
43.15005805
43.17059166
43.32527144
43.43572884
43.45616039
43.46329780
43.55477465
43.69530777
43.73307178
43.84174559
43.95336515
44.22617024
44.26393717
44.28635316
44.54232136
44.58325002
44.60447213
44.62314274
44.64818783
44.64974673
44.67289632
44.74153221
44.80199530
44.85844380
44.90009034
45.02568688
45.15906965
45.21278370
45.26151731
45.36811185
45.40071842
45.41192034
45.57999653
45.59587327
45.96183597
46.06770984
46.15914730
46.16375916
46.19819814
46.30244404
46.30623393
46.41688159
46.55756957
46.61120482
46.63335511
46.70033107
46.77745236
46.87146466
46.93673285
47.04963047
47.18928467
47.28846434
47.33636000
47.45483347
47.53963985
47.64534027
47.97892741
47.98574509
47.99235521
48.05063869
48.07970436
48.09481423
48.13079660
48.13911068
48.26326435
48.37909590
48.48533874
48.51776751
48.54657839
48.72383134
48.79732493
48.97592882
49.01589766
49.02164030
49.10452335
49.28053893
49.38814592
49.39190859
49.45363862
49.45876980
49.58881183
49.77542929
49.79463398
49.87712016
49.90201256
50.08872655
50.09981163
50.17934647
50.34403836
50.56372491
50.57203365
50.68086790
50.82792579
50.85114287
50.91573816
51.21684181
51.26683634
51.29450520
51.29761079
51.41982253
51.61411161
51.67278766
51.67806107
51.72402718
51.75156321
51.75700273
51.87121845
52.00378972
52.05724558
52.08030872
52.08648824
52.13044738
52.13792843
52.24127972
52.29099412
52.35283027
52.38402125
52.47323453
52.64190871
52.68922846
52.70451329
52.73199582
52.76978417
52.80973489
52.87762645
53.27077076
53.27830022
53.36141623
53.42240644
53.42267342
53.59752050
53.76186149
53.84026120
53.85866475
53.87685125
53.99351668
54.16115840
54.27240003
54.52196744
54.53722842
54.61387521
54.74028246
54.82584128
54.89891574
54.90110266
54.97989938
55.05205540
55.10678482
55.15051322
55.17345104
55.21863634
55.31828361
55.46245201
55.49392551
55.63438864
55.67183656
55.71771741
55.79647059
55.82960653
55.93887463
56.07006412
56.07939687
56.13030579
56.23161040
56.27133522
56.35775746
56.44214843
56.47230233
56.57725712
56.68666045
56.69475484
56.71167812
56.85408848
56.87415556
56.92302527
56.92480739
57.26706931
57.38207216
57.48070164
57.50657374
57.52420203
57.57053565
57.73245235
57.81842293
57.81878228
57.82086385
58.01198906
58.02048805
58.07070069
58.10784107
58.29785484
58.46881993
58.47187252
58.48189332
58.59882711
58.65877282
59.11394056
59.11694157
59.19992961
59.22532226
59.33106710
59.50741730
59.51584701
59.56693370
59.61575668
59.65367090
59.74131080
60.00126605
60.01831107
60.02872810
60.03259890
60.14211277
60.20425862
60.25757586
60.32132134
60.50254249
60.51983820
60.58716112
60.63849211
60.88504150
61.04960900
61.05157471
61.05695238
61.08469823
61.44741387
61.56025302
61.73898281
61.74903797
61.76451280
61.82661147
61.86857591
62.13913862
124.00000000
