0.02210148
0.13229195
0.15528724
0.16467512
0.35548356
0.40399831
0.75419037
0.77195708
0.79148615
0.86058364
1.11133780
1.15743982
1.35788682
1.41051552
1.47051417
1.62510184
1.68206640
1.69418688
1.77570363
1.80565559
1.94123365
2.16289581
2.19183506
2.33893581
2.35391121
2.45110347
2.45133340
2.48910956
2.63626940
2.75074262
2.90181517
2.95945581
2.97889136
2.98442551
3.03131221
3.14522254
3.35976327
3.57519112
3.59215259
3.60771870
3.85289489
3.95706679
3.96009076
3.96190672
3.97381101
3.98903472
4.12189281
4.12251125
4.35710953
4.39626026
4.43097856
4.51410565
4.81720378
4.86214020
4.89503908
4.92059816
4.93342123
5.14287525
5.15543449
5.21760062
5.30248804
5.31656698
5.49333258
5.74351853
5.89353835
5.89842262
5.98585339
6.01527098
6.16162547
6.21058281
6.27573811
6.40272322
6.53252974
6.54980355
6.69475821
6.78020980
6.84156868
6.84171300
6.94025270
6.96322951
7.04003841
7.13979130
7.16702142
7.25171280
7.26508996
7.35171995
7.67689682
7.70575816
7.77539158
7.80688551
7.89183538
8.13050867
8.38604391
8.41793622
8.50281818
8.51746687
8.59466163
8.74254030
9.13987400
9.15774823
9.30796516
9.31866675
9.35264243
9.38253599
9.51514751
9.73629123
9.75314095
9.85639405
10.00359988
10.05101513
10.18892894
10.30418325
10.31883597
10.35437127
10.43000240
10.47887083
10.79023311
10.79733707
10.83797310
10.84569477
10.99791862
11.09158553
11.09636945
11.12185706
11.22299327
11.22643495
11.24541557
11.97498426
12.16539567
12.17989146
12.22823568
12.25227773
12.32180361
12.34619301
12.35336831
12.58170793
12.70352092
12.73692545
12.92302601
12.96234482
13.08366543
13.08914090
13.10499522
13.20638646
13.25866483
13.95039865
14.05042066
14.21294258
14.27728853
14.32863702
14.76411093
14.83150356
14.92934708
14.98738245
15.03935191
15.07307842
15.30425797
15.34911446
15.50382864
15.68760406
15.78810506
15.88237789
16.16774071
16.23691441
16.30307619
16.33092069
16.41464620
16.46063506
16.61369008
16.72382604
16.85703138
16.85710010
16.92099046
17.00762138
17.00789691
17.02442370
17.49928333
17.50378344
17.67241054
17.69767295
17.70670184
17.80979535
17.85323907
18.09991075
18.17051751
18.18974557
18.22755283
18.22847746
18.25312626
18.33431897
18.38581974
18.40466817
18.45643345
18.49806070
18.54541701
18.56128701
18.56910774
18.60116286
18.61753234
18.63184170
18.64844488
18.90928733
19.05046607
19.09968137
19.29127726
19.29268974
19.30339864
19.39170972
19.50011858
19.52854909
19.58262717
19.59470925
19.90470989
19.93694253
20.11795083
20.16079389
20.25817484
20.29104504
20.40382375
20.40408478
20.57930663
20.64269737
20.67170356
20.69294054
20.72209962
20.72326187
20.79522760
20.84965321
20.88830907
21.04625260
21.21731372
21.30348666
21.45853823
21.45902937
21.46086410
21.48423494
21.48551434
21.49415328
21.53024519
21.54242757
21.61228687
21.64063779
21.71041168
21.74685709
21.81405864
21.82993273
21.84173519
21.85422931
21.86291168
21.89487172
21.90816179
21.91047697
22.02962236
22.06405739
22.07241718
22.12262607
22.20743807
22.25050521
22.28466875
22.36941618
22.38164762
22.39490550
22.40596984
22.52186738
22.53593144
22.66720169
22.68776942
22.69281910
22.77192405
22.78118579
22.87421777
22.95193197
22.95742756
23.03896657
23.06925033
23.10930723
23.18827640
23.18973532
23.27289678
23.43670547
23.46142523
23.58769660
23.70264689
23.76732307
23.90528467
24.14690425
24.17330235
24.21497200
24.24051340
24.25704024
24.25725642
24.32597039
24.36045294
24.62762048
24.63503165
24.63951773
24.69194919
24.77009039
24.82176746
24.83167139
24.95816814
25.01745869
25.02333207
25.04005724
25.10575258
25.18445662
25.24360570
25.25491718
25.25516106
25.27200002
25.50700131
25.52949357
25.85192937
25.90536364
25.91242800
25.95280947
26.02841210
26.07123772
26.08761090
26.14386816
26.15807502
26.19200391
26.19428918
26.20081096
26.29534450
26.43772253
26.54427889
26.55101370
26.57586966
26.58153099
26.58471814
26.65639051
26.65677466
26.74260846
26.76047528
26.81609279
26.89914041
26.91643299
27.05603654
27.21297202
27.35107049
27.36202728
27.39317639
27.47968845
27.57171669
27.71368801
27.83419567
27.91574561
27.92043662
27.95269320
28.02012784
28.13080209
28.23229199
28.35763031
28.51131316
28.54120476
28.57517492
28.77640341
28.85388350
29.03920998
29.22421826
29.32564389
29.33719823
29.38967125
29.57854514
29.59288917
29.74242152
29.81911300
29.98251521
30.29821146
30.32924411
30.33241770
30.43259824
30.51142809
30.54897031
30.65542408
30.77479273
30.79146016
30.80787227
30.94186404
31.46472569
31.51939172
31.55753881
31.55927878
31.82018757
31.88222270
31.92947446
31.95089946
32.05161776
32.10134744
32.15569429
32.15820083
32.17909406
32.55916750
32.92549511
33.06103717
33.18925054
33.21188139
33.22605801
33.30889161
33.35570661
33.45501830
33.45930697
33.50663182
33.59222004
33.64444622
33.65950098
33.73463589
33.74947790
33.94573581
33.96711625
34.00284406
34.16999199
34.33436118
34.33631517
34.37938765
34.50100238
34.52126130
34.64468266
34.64605266
34.69039769
34.72238004
34.73797458
34.75861039
34.79415084
35.06695627
35.07034376
35.07649485
35.13418980
35.27239376
35.31602885
35.51583668
35.53191774
35.53393736
35.55001304
35.66017504
35.83533626
35.86126728
35.90000701
36.17500772
36.43645277
36.47987323
36.50474043
36.72506519
36.75347909
36.77297041
36.78042702
36.93667782
36.97914097
36.98140975
37.29474183
37.33827834
37.39416565
37.49543561
37.57929243
37.63838445
37.78943066
37.80779319
37.87945790
37.92509541
38.00643633
38.24040414
38.37933393
38.69160264
38.69456273
38.82510770
38.86194087
38.86493080
38.88377678
38.98212101
39.14804732
39.19250693
39.20934249
39.33352361
39.36817331
39.53983171
39.58113615
39.59510663
39.68039476
39.71918059
39.83329151
40.03852920
40.15761629
40.25703668
40.30192918
40.32456543
40.33937720
40.37621206
40.50190952
40.56898228
40.61293349
40.62092115
40.71111680
40.74558294
40.93521840
40.94794020
41.19912728
41.35304076
41.38505389
41.39795138
41.45829841
41.46547317
41.56675771
41.73172768
41.76934791
41.80734878
41.84657657
41.87756411
41.94675478
41.96252791
41.96544836
42.08159849
42.22762381
42.25377261
42.32519055
42.34261113
42.53708852
42.61239976
42.75757467
42.87049042
42.87552320
42.95236728
43.09525231
43.16831218
43.41762638
43.44070561
43.49158537
43.58500084
43.59029722
43.64405330
43.65863594
43.76450005
43.77787281
43.78416100
43.91463669
43.93172767
43.96478396
44.03940760
44.03958931
44.11795378
44.12681488
44.34662050
44.34756742
44.37047334
44.48985400
44.54878678
44.60471920
44.75624200
44.79727755
44.88275961
45.03101564
45.19641261
45.29788535
45.35557438
45.48502525
45.57119027
45.63313323
45.72275068
45.83816815
45.87394926
45.90862464
45.93774578
46.04908947
46.14140391
46.23367188
46.26723321
46.27930332
46.29670996
46.34837906
46.45866206
46.46765116
46.54967088
46.55564208
46.63871628
46.68507350
46.68835747
46.83448278
46.87244022
46.89863874
46.98429123
47.02649057
47.13019962
47.46423600
47.46956557
47.49337641
47.53042946
47.53135549
47.74999035
48.07598375
48.14442076
48.20390568
48.24088765
48.29107829
48.30805603
48.32139431
48.35348455
48.35618628
48.82129810
48.98335367
49.08934599
49.11274747
49.14678946
49.30838871
49.32934138
49.33704588
49.34717475
49.38188879
49.48311036
49.54699325
49.67142643
49.69523006
49.69655546
49.72652962
49.72724681
49.83349502
49.86481624
50.08991809
50.09015547
50.18821464
50.21452594
50.25868454
50.38036387
50.42153150
50.44182619
50.49764139
50.70812712
50.74432022
51.14032163
51.23675331
51.27989352
51.28266777
51.33035062
51.34906164
51.36327725
51.38057308
51.41198510
51.61866756
51.70026450
51.74013695
51.85236484
51.92081846
51.98028013
51.99393000
52.15862306
52.29206441
52.36733359
52.40561831
52.54501163
52.77440593
52.78585354
52.85540539
52.89950618
52.99940848
53.16628757
53.17610568
53.18712564
53.27229727
53.28566316
53.33093911
53.33779237
53.47892148
53.54436266
53.59897087
53.67574985
53.84407992
53.89358533
53.90634625
53.99997642
54.01158078
54.05673627
54.08599760
54.09082378
54.37208544
54.66714485
54.73896186
54.87470509
55.01682125
55.05193455
55.16882408
55.19446232
55.23732951
55.34964573
55.35578034
55.37352549
55.48155702
55.50072715
55.58846329
55.69960297
55.70903547
55.75467756
55.76460418
55.94360115
56.24885118
56.46144706
56.56062605
56.56541273
56.57734009
56.63149638
56.64129801
56.70823375
56.72911072
56.90894720
56.92229604
57.09197662
57.12024271
57.22737246
57.32875783
57.45422863
57.48892904
57.49132044
57.65044732
57.65600740
57.67292979
57.81115188
58.32630289
58.43242177
58.49104921
58.49492381
58.53950496
58.54022973
58.60273956
58.60603805
58.63761715
58.73714441
58.77944200
58.80149640
58.81315024
58.92749415
58.94067974
58.98983205
59.04269980
59.25295568
59.25607767
59.47504248
59.51251817
59.59892661
59.62755135
59.74492349
59.81452101
59.89294746
59.94313781
60.10479003
60.39680291
60.40950018
60.59476097
60.74195229
60.84159982
60.92772937
60.97135025
61.00859124
61.02308903
61.10085515
61.17396688
61.17777373
61.27525215
61.32843056
61.37483013
61.39486623
61.43445016
61.66627739
61.69260297
61.80756752
61.96013079
61.97540737
62.01048324
62.03421600
124.00000000
