0.07920835
0.08058310
0.08278852
0.34254405
0.45281677
0.47047312
0.53772675
0.64759807
0.88661510
1.05238224
1.05263648
1.23749594
1.42915581
1.43258278
1.60206241
1.68206640
1.89856564
1.93063803
2.02781178
2.02899271
2.03952733
2.11260301
2.27492683
2.44929924
2.48701790
2.53451391
2.66915896
2.78628646
2.84823488
2.86990247
2.91871223
3.02835281
3.10127159
3.38404886
3.39582638
3.46825094
3.53340114
3.69688673
3.73055171
3.78381996
3.90297118
4.25510008
4.26990068
4.40836807
4.48947569
4.50221805
4.53161978
4.53724834
4.67087438
4.80712455
4.81081417
4.95070439
4.98350789
4.98724254
5.01753717
5.19122567
5.20232041
5.22465678
5.29958468
5.39598519
5.41911503
5.65808528
5.70451688
5.76924724
5.78474350
5.80286305
5.89852480
5.93361279
6.13094120
6.13526074
6.15601492
6.38118186
6.40711873
6.47643129
6.51861015
6.60443575
6.60912484
6.79134299
6.88069230
6.92307774
6.98253949
7.17979010
7.24545561
7.32424752
7.73161467
7.73532137
7.74345633
7.75446552
7.80804274
7.81570133
7.85574064
7.87140946
7.90704911
7.92705847
8.08275162
8.09543351
8.29001815
8.31818653
8.32311692
8.58866370
8.59466163
8.71505595
8.97631459
9.18927356
9.20863013
9.62575670
9.68286389
9.76013570
9.98119252
9.98756545
10.08740006
10.13723284
10.45384376
10.63102988
10.83205958
10.99711931
11.04095931
11.28031158
11.30156274
11.31859038
11.45159090
11.55536528
11.55977324
11.58268255
11.65788717
11.78177165
11.84273715
12.18168566
12.27453523
12.52368444
12.58139503
12.63559614
12.72343285
12.76071502
12.78059201
13.00400487
13.08914090
13.15856144
13.22867840
13.26615213
13.27762788
13.46118375
13.53256482
13.54014919
13.56758487
13.89396524
14.08488750
14.11880302
14.13817639
14.19063183
14.37347408
14.38964223
14.49667961
14.66324066
14.73738812
14.80607656
14.81253841
14.82964109
14.88698043
14.92782127
15.17070764
15.39682399
15.40872804
15.45892836
15.46651644
15.47586065
15.54086717
15.63590294
15.65363383
15.88237789
15.89095563
15.97132749
15.98706275
16.02834023
16.04100924
16.08204747
16.12169699
16.14194353
16.25573902
16.27052233
16.27904574
16.29782230
16.38537485
16.55771520
16.67270192
16.74383786
16.75449423
16.77730541
16.79026430
16.94812661
16.96204470
17.00012184
17.08622693
17.12806060
17.28400521
17.36745053
17.41013495
17.45856590
17.54267433
17.67241054
17.74486113
17.92200782
18.07856240
18.20684496
18.21584298
18.30129212
18.40079154
18.54431761
18.59754262
18.64460903
18.65185029
19.02468068
19.42965677
19.44205626
19.46008517
19.77774111
19.80059759
19.84647459
19.90988330
19.95337968
20.00032173
20.12967463
20.24929754
20.34556873
20.38601403
20.55130817
20.57650470
20.73818336
20.75642905
20.77534308
20.86603168
20.93140362
20.94771120
21.01219494
21.16160441
21.21073575
21.29571567
21.36525781
21.41896083
21.45853823
21.66598481
21.68957093
21.76915424
21.77970797
21.79415275
21.81311178
21.91827104
21.97046537
21.97847902
22.10533248
22.40314989
22.52251346
22.63989603
22.68199965
22.69281910
22.76190130
22.81932593
22.82205276
22.85043086
23.02445138
23.09017978
23.43943809
23.48532504
23.74687522
23.77167937
23.84184737
23.87546062
23.94433561
23.97473902
24.05098526
24.06920668
24.08450101
24.12544665
24.29324263
24.34923713
24.34935998
24.45143305
24.49278582
24.49578140
24.51759037
24.54913791
24.54993160
24.75307625
24.81856421
24.84577961
24.91987316
25.01455796
25.02579504
25.05291567
25.06841441
25.16812261
25.26278517
25.56149250
25.60374523
25.62927059
25.64493060
25.84267744
25.92147986
25.94801827
26.20966452
26.21305211
26.41435151
26.78693784
26.92065395
26.92365542
27.05603654
27.14519820
27.19402365
27.22601413
27.25086141
27.40785049
27.45107529
27.52152345
27.60358148
27.66839197
27.72890631
27.92299428
27.94029909
28.01720953
28.09797122
28.24413670
28.32922243
28.35696504
28.37911067
28.38565417
28.43975021
28.59509190
28.68014576
29.11062476
29.13497410
29.25881409
29.32286367
29.36612686
29.42013811
29.65865643
29.77270642
29.97667809
30.02737939
30.13294290
30.36792865
30.46400211
30.50957369
30.54071451
30.61570076
30.61604804
30.82683382
30.87537354
30.92831596
30.96940260
31.01716345
31.29650195
31.36477882
31.55264573
31.63237941
31.67583318
31.70212330
31.71573649
31.78129939
31.80521036
31.82452623
31.87522663
32.00082157
32.09894555
32.15627184
32.27744045
32.28101740
32.61381225
32.62744272
32.75809915
32.84186152
32.93317068
33.06125789
33.10841220
33.31043744
33.36090392
33.48247311
33.48612673
33.53186807
33.61523758
33.62617208
33.63454927
33.78616979
34.02370611
34.24460575
34.24480711
34.31345560
34.33253400
34.34035787
34.37350195
34.43857869
34.56691747
34.58263972
34.63756410
34.70524685
34.77214966
34.80618404
34.81376089
34.82781954
34.86998062
34.87768007
34.88529972
34.89267445
34.92206821
34.94923670
35.02376718
35.03544773
35.07316449
35.27153485
35.28027406
35.34618149
35.38043799
35.54959854
35.58102904
35.64441198
35.65130617
35.71083986
35.78885063
35.82958020
35.83021439
36.01086424
36.02036081
36.03955125
36.25427405
36.26938051
36.27401191
36.40466767
36.44078010
36.45510548
36.51210296
36.76291327
36.82398721
36.97121432
37.01234416
37.06788249
37.10796873
37.33863716
37.45386863
37.46201413
37.61859058
37.78061269
37.89311767
37.90374664
37.91254990
37.96484064
38.08538469
38.08926724
38.17785705
38.27195699
38.27723327
38.28436678
38.29255419
38.55364966
38.59802629
38.65799285
38.69025556
38.75415870
38.94931173
38.98029843
39.15693553
39.16127713
39.25991045
39.40527327
39.54216344
39.55225052
39.65024169
39.65916559
39.67061910
39.82170414
39.99334930
40.03852920
40.05520815
40.05717758
40.14877749
40.18641043
40.22999918
40.25305251
40.36458500
40.53619947
40.72328448
40.75420394
40.79816666
40.82155995
40.83605782
41.01178888
41.03094298
41.08291251
41.19830521
41.27093073
41.37632750
41.43359564
41.45829841
41.61739563
41.70323138
41.99524447
42.01942634
42.08571482
42.19434341
42.38428380
42.39828773
42.51789793
42.55313704
42.60824454
42.60826213
42.75044689
42.83757408
42.90711281
42.92060938
42.92526854
42.99529106
43.01738703
43.06040469
43.10458455
43.17246496
43.20102607
43.40137426
43.41744717
43.50128809
43.78910672
43.80513510
43.82352922
43.86132632
44.08217038
44.21296022
44.25885710
44.40396415
44.44643501
44.48985400
44.49392955
44.51913390
44.54748200
44.57832900
44.72671010
44.76211853
44.78999961
44.82792812
44.91799000
45.03698123
45.20622297
45.26923969
45.31257695
45.38083039
45.38390749
45.44421280
45.51197295
45.52783358
45.69115017
45.87493387
45.90974553
46.03934501
46.17788533
46.37748652
46.39305903
46.42516172
46.47157121
46.54527766
46.58301616
46.71673353
46.74396880
46.88530679
47.00972995
47.04745748
47.18861882
47.30907169
47.33636000
47.41195305
47.43212372
47.49467305
47.56345309
47.59874168
47.65615780
47.79969267
47.87157424
47.93377210
47.94207212
47.97336643
48.16450057
48.32685879
48.35348455
48.45892080
48.48282032
48.50151491
48.52703342
48.53737261
48.73005791
48.79302507
48.93278322
48.95131918
49.07480174
49.30017344
49.41779087
49.70669543
49.77241394
49.80114797
49.87231681
49.90201256
49.96213656
50.07799497
50.08872655
50.15816254
50.17935590
50.39944207
50.58820433
51.03119288
51.32897738
51.33883034
51.34596944
51.38231551
51.50831099
51.65315180
51.75156321
51.84231431
51.89232883
51.89909337
51.90687207
51.96272316
51.97855694
52.02218936
52.04611445
52.17079199
52.23317240
52.34423916
52.43046867
52.48867670
52.51983066
52.53466590
52.55545266
52.57199639
52.63195493
52.63490391
52.66301869
52.66958215
52.69429596
52.76605205
52.89724793
53.14437552
53.20128703
53.64609325
53.67574985
53.78432721
53.88156913
53.93467583
53.97077867
54.05039247
54.05485100
54.31621940
54.42175608
54.43535187
54.44271103
54.48065340
54.78599492
54.80075578
54.88051742
54.88411470
54.89068518
55.06052266
55.13398513
55.15633756
55.22607248
55.25060020
55.31481344
55.31488474
55.32352781
55.33621559
55.41061279
55.42106888
55.61914191
55.69197971
55.84939745
55.88060089
55.90359006
55.93453507
55.97983514
55.98553872
56.08255456
56.28074964
56.30362124
56.50774492
56.52207215
56.64235289
56.69315596
56.69475484
56.70146591
56.73556152
56.80450790
56.83420874
56.84039727
56.90388907
56.90924881
57.11050058
57.22893840
57.28938280
57.40843920
57.55139645
57.65044732
57.95142717
58.02940975
58.06536292
58.12019020
58.13855322
58.32609265
58.34338744
58.37518092
58.42161051
58.44936710
58.66145258
58.68441356
58.71967557
58.92923276
58.94067974
58.95332063
59.03148924
59.15413170
59.77053240
59.82370958
59.86008844
59.86816002
60.00804795
60.12922918
60.20270297
60.34865687
60.38422334
60.43778206
60.46912472
60.50428806
60.60206257
60.63043373
60.83094119
60.85182822
60.87454763
60.91633185
61.16966433
61.17939409
61.20738300
61.27921516
61.28457540
61.35297447
61.37065487
61.44375535
61.57153074
61.58720014
61.73470231
62.11566243
62.13336841
124.00000000
