0.15392811
0.33550567
0.36367910
0.40872087
0.45429903
0.60527200
0.62177900
0.63317682
0.66279851
0.66601273
0.70257475
0.72039762
0.73134038
0.75254046
0.84907609
0.91655508
1.07109917
1.09092940
1.10518166
1.18053238
1.30566723
1.60465593
1.76567607
1.80709477
1.97309509
2.04491742
2.18480029
2.45133340
2.48390135
2.52694809
2.54850249
2.61093527
2.67530063
2.74534958
2.75628692
2.90774468
2.97586377
3.08771734
3.10977765
3.29627129
3.31284942
3.38315701
3.44192883
3.53127663
3.59760852
3.71610111
4.02286697
4.10288416
4.12626686
4.17826049
4.29854918
4.30143799
4.30565320
4.32833248
4.34270168
4.37714566
4.47015746
4.61602143
4.72190695
4.77741854
5.02290912
5.04887458
5.10506707
5.11495904
5.24632790
5.30817034
5.44785594
5.45640007
5.63251979
5.63909921
5.67335728
5.69791184
5.82632144
5.90255210
6.24612755
6.38129234
6.47792387
6.64701489
6.81413918
6.83795147
6.92767831
7.04003841
7.14816108
7.21820242
7.41791497
7.43327082
7.55357663
7.60332936
7.71014523
7.72087841
7.84016074
7.87025038
8.00363652
8.00463884
8.03550864
8.05287871
8.07231990
8.13661672
8.25035136
8.43929401
8.44776536
8.49335856
8.55842669
8.86081840
8.88644131
8.88935033
8.89057478
8.97553132
9.21968444
9.23799562
9.24483195
9.26017540
9.40709391
9.43232342
9.51881396
9.59999799
9.69747534
9.80247588
9.85345774
10.09669825
10.17870555
10.45326435
10.47563399
10.50621844
10.59335016
10.65744620
10.72746134
10.75972757
10.95426013
11.09612258
11.14418772
11.31625317
11.32071786
11.36531041
11.60546439
11.99744071
12.08952869
12.15175302
12.15801734
12.21621198
12.27217538
12.33087930
12.47542246
12.59155086
12.67366255
12.83187887
12.85148977
12.85774318
13.02402334
13.02419915
13.14498375
13.18892516
13.21234619
13.21410337
13.26998298
13.27407863
13.30030454
13.39171388
13.62656078
13.70714732
13.70761820
13.73827091
13.78992519
13.83595096
13.87034288
13.93382567
13.95768724
13.98225919
14.11593731
14.37938601
14.39891085
14.41740042
14.42665704
14.53920825
14.64584602
14.74145573
14.84933763
14.88698043
14.93626866
15.01693538
15.09791490
15.40274720
15.41572073
15.44922892
15.49339669
15.56806518
15.69914657
15.70343897
15.70802516
15.73998873
15.80387880
15.81886607
16.07636717
16.14920527
16.16834604
16.27278716
16.32313461
16.34939476
16.35302485
16.53414986
16.59890787
16.68275384
16.70483109
16.72382604
16.86322428
16.91069341
16.96749100
17.03875444
17.05270901
17.10148759
17.17336314
17.34319880
17.40471727
17.51554136
17.77166379
17.78047451
17.99536520
18.00506487
18.05141448
18.07196117
18.09154029
18.26156233
18.29740137
18.47421632
18.49991538
18.57760841
18.70281996
18.82030096
18.84185354
18.86581090
18.86859937
18.87305097
18.88777592
19.06422684
19.21330210
19.23684334
19.32260092
19.42901201
19.50393348
19.68070927
19.75654306
19.80201745
19.90874516
20.00852820
20.11367856
20.14357493
20.23149038
20.26672980
20.36537610
20.49257071
20.75206660
20.84692016
21.08725059
21.10250926
21.16160441
21.29393589
21.32121199
21.36149240
21.65191176
21.80015368
21.80344417
22.07261986
22.08913271
22.16473527
22.18223887
22.24582893
22.33576704
22.41632021
22.45073518
22.46844905
22.57033757
22.62981331
22.70509820
22.70954833
22.87409222
22.92786032
23.00632664
23.16315948
23.22082446
23.25344129
23.30351606
23.35471390
23.37441980
23.40702471
23.45128885
23.49552400
23.53345627
23.53418089
23.69816808
23.73190153
23.97635783
24.01848661
24.09233683
24.14307253
24.14510436
24.30488644
24.42655904
24.49070711
24.50757995
24.57670997
24.62631167
24.64681395
24.86415978
24.93974558
25.00230409
25.12984392
25.22819081
25.28566832
25.39812167
25.62477024
25.67844579
25.72468776
25.72934135
25.89548718
25.89759882
25.89815229
25.94838964
26.06611477
26.46164220
26.76229959
26.86392625
26.97098711
26.98053729
27.04689869
27.10579503
27.10751352
27.14931419
27.28279502
27.32119749
27.32592318
27.35990715
27.54902289
27.59039176
27.80159973
27.88045038
28.00611030
28.01475527
28.08470284
28.09148049
28.47719534
28.54799926
28.74322875
28.84295575
28.89200518
29.08365380
29.09315879
29.13147774
29.13497410
29.21431774
29.25481024
29.28410815
29.32430020
29.47911274
29.50550127
29.53787014
29.87231047
29.91858016
29.98414531
30.26163657
30.28441610
30.43077596
30.43671357
30.48854466
30.55142512
30.61758775
30.63485074
30.74586935
30.85604705
30.86350137
30.93031105
30.95469523
31.20433244
31.31400796
31.31539617
31.37433482
31.46869395
31.46964311
31.64167214
31.69826051
31.92135710
32.12955522
32.20012601
32.31011621
32.32664900
32.45478589
32.54172725
32.55519626
32.60920959
32.61101593
32.73995736
32.78056538
32.78716449
32.94799826
33.07646881
33.08943483
33.12381191
33.14421209
33.21188139
33.22555660
33.29806750
33.38019718
33.38503145
33.48709587
33.50607041
33.54958457
33.61675201
33.65401629
33.68081429
33.74528879
33.79146505
33.79692230
33.89028341
33.92367053
34.00062949
34.02516215
34.07821196
34.16508023
34.35077521
34.36070425
34.44644469
34.48190574
34.58800713
34.60510579
34.66860395
34.70170443
34.78537435
34.81808458
34.82382812
34.95338783
35.25825924
35.30118646
35.32571123
35.45609091
35.57933395
35.67907554
35.79114306
35.87781503
36.09834186
36.37800230
36.42339833
36.42608960
36.57299331
36.78595142
36.97138461
37.07256178
37.09015750
37.18135900
37.23244624
37.43561255
37.45729331
37.47567587
37.49474436
37.61509849
37.83276614
37.98679779
38.11180603
38.21209891
38.25315306
38.26474130
38.33393974
38.37567902
38.49309594
38.51240814
38.63688959
39.00536095
39.00967928
39.08827518
39.15444838
39.24710893
39.45711729
39.63552649
39.70870385
39.72067096
39.75575043
39.79323516
39.81940246
39.91909324
40.48467759
40.54199141
40.54866307
40.59860871
40.65458435
40.73497063
40.89619004
41.09480706
41.35437893
41.46266068
41.65539274
41.66231283
41.67658469
41.77006630
41.78655812
41.85101864
41.88164103
41.97036577
41.97438508
42.15861426
42.21057594
42.23766921
42.27872913
42.41406724
42.55575012
42.92523910
43.03016123
43.09705186
43.21092348
43.25409339
43.45598238
43.64544669
43.74083679
43.85807421
44.06998714
44.12846313
44.13858813
44.19958685
44.27324389
44.44043917
44.48907292
44.51251895
44.62631334
44.72133913
44.90009034
44.92268002
45.14959036
45.20685800
45.30852788
45.31236581
45.33739189
45.39504386
45.40071842
45.46476442
45.57780051
45.63830337
45.69179075
45.81973641
45.84005662
45.90460382
45.94597155
45.96873869
45.99175500
46.02907754
46.32542436
46.39500176
46.45025257
46.64453931
46.65708483
46.66401528
46.68507350
46.75543208
46.77715186
46.86341411
47.00335602
47.11075978
47.13893810
47.27555733
47.40500169
47.51754268
47.52590113
47.57636440
47.61475403
47.64813025
47.65109514
47.68731787
47.96219222
48.15267838
48.16663262
48.27072217
48.33575931
48.42541551
48.45872799
48.46994448
48.67629378
48.69789931
48.78654913
48.81174678
48.87059946
49.15219292
49.19686896
49.21830654
49.43782841
49.49416143
49.69276737
49.69882253
49.76993618
49.82537128
49.87434748
50.04851696
50.09286190
50.22210567
50.23477077
50.23826284
50.31459109
50.32768692
50.35005669
50.54617496
50.56439143
50.61800736
50.68522995
50.78036198
50.79866584
50.82810782
50.89066578
50.95503988
51.01242080
51.11285419
51.17344148
51.17536249
51.18125329
51.23983918
51.28981573
51.37905470
51.49435446
51.58751770
51.64370402
51.77477820
51.89487608
52.14111859
52.14768211
52.39483813
52.40623305
52.45662626
52.51117160
52.66856130
52.69005473
52.73041639
52.86384461
53.00770871
53.02653930
53.16263280
53.18302186
53.20759584
53.30096408
53.30948348
53.32055755
53.44511694
53.54410029
53.58364445
53.67998949
53.78570048
53.79647075
53.93482271
54.02357324
54.31890340
54.32478349
54.59381912
54.67053548
54.67077403
54.78788943
54.79839199
54.82544009
54.84891673
55.02519805
55.12985038
55.17415105
55.30452923
55.56391569
55.61719865
55.63259972
55.70710329
55.79214310
55.79802181
55.86536917
55.92564555
56.07006412
56.12033969
56.15053604
56.31583143
56.35035638
56.37416173
56.48780845
56.49913055
56.77451220
56.81637501
56.84917451
56.86978323
56.92417876
56.93536295
57.00390146
57.03501760
57.07713532
57.13781767
57.53946568
57.56475677
57.57803364
57.65781950
57.73822362
57.81349701
57.89957385
58.00545952
58.10047225
58.20145099
58.21857613
58.23760558
58.38173960
58.50641186
58.61683039
58.68558916
58.73097152
58.77583723
58.83637820
58.91140049
59.03401884
59.10994747
59.15413170
59.22604041
59.24722447
59.27731462
59.48427558
59.49118903
59.72263707
59.74108052
59.83483660
59.83605277
59.85390725
59.86214746
59.87537507
59.94827190
60.01594254
60.20313038
60.32894151
60.33808313
60.34973564
60.35470146
60.55276961
60.58959480
60.72031957
60.77800479
60.84249907
60.86551985
60.92860291
60.94260557
60.99167439
61.15177577
61.17547213
61.24923943
61.25164919
61.34817264
61.43588381
61.46483501
61.58178110
61.61051856
61.78398710
61.83409167
61.97044641
62.05707542
124.00000000
