0.04869097
0.33165799
0.80771620
0.83145914
0.88864619
1.00148887
1.30244549
1.44504120
1.50626564
1.63331601
1.64806937
1.73645047
1.97248684
2.40142158
2.40528733
2.55824175
2.58434121
2.69994593
2.73258653
3.11186970
3.11577461
3.24503939
3.38433399
3.42934002
3.44417123
3.44437436
3.57343601
3.58664922
3.61959861
3.62461248
3.79195522
3.82598848
3.82998253
3.88496466
3.99461556
4.05233126
4.08353793
4.08360906
4.39296288
4.44888100
4.56618598
4.57255612
4.83638062
4.90151265
4.91307966
5.08989662
5.10589508
5.42885537
5.44747407
5.46716251
5.64786914
5.86618933
5.87556773
5.95639347
5.99222637
6.18346315
6.51861015
6.55345595
6.57987389
6.64126038
6.65867350
6.99869971
7.01550904
7.07549951
7.08431453
7.09925573
7.32423916
7.32519979
7.33157033
7.34005992
7.47484914
7.47936797
7.49893640
7.81798336
7.98754313
8.16454500
8.23737932
8.24134812
8.41636824
8.49111259
8.53366919
8.63647490
8.66495468
8.72956777
8.75079516
8.76344673
8.78198937
8.90310359
8.92287805
9.02293841
9.23164266
9.27842427
9.35063314
9.41491328
9.64636172
9.83998529
9.90247850
9.95712975
10.04361233
10.05241509
10.08752005
10.32709972
10.42139751
10.43000240
10.44910824
10.54846299
10.61074917
10.75065024
10.81530353
10.86702417
10.92809731
11.20559605
11.29200801
11.51601706
11.56286070
11.68182998
11.71164557
11.71488622
11.89503640
12.17223085
12.20570939
12.34112767
12.40587685
12.56938854
12.60163825
12.62231084
12.81615984
12.81765075
12.87318613
13.04945543
13.06038274
13.10199239
13.25252248
13.27697715
13.38507622
13.44864477
13.47811895
13.55792199
13.56734963
13.60875391
13.69545185
13.69817593
13.77359156
13.88643807
14.00835988
14.50308920
14.55404342
14.61004826
14.89321573
14.92050948
14.92424726
14.98682801
15.03885000
15.13268446
15.18540558
15.24791519
15.50178767
15.59329650
15.67792771
15.69235735
15.69976675
15.71228194
15.83096301
15.86879289
15.95443301
16.19937307
16.43205069
16.46610567
16.52864586
16.53585853
16.56899912
16.58596017
16.60391486
16.66490890
16.73402787
16.76545722
16.83310038
17.06557981
17.09910567
17.13181712
17.23115159
17.25357153
17.32485101
17.35089841
17.39589926
17.40891866
17.41147944
17.52004719
17.57567431
17.84748200
17.92587966
18.01711944
18.13008376
18.21029482
18.22819102
18.31639405
18.68504355
18.68643055
18.71771007
18.72005661
18.77303012
18.84042419
18.87410768
18.87826569
18.90341799
18.90780393
18.96944906
18.97333818
19.00991804
19.13800728
19.13884112
19.20764057
19.30490081
19.31721364
19.35302497
19.38821354
19.45608507
19.49013410
19.88820450
19.93303370
20.11488674
20.24444946
20.33612580
20.35900536
20.39195612
20.54987770
20.57631876
20.61881502
20.64989669
20.65578981
20.77812101
20.82622187
20.94819627
21.01144579
21.01156565
21.02240820
21.06217811
21.06828802
21.18536612
21.23325086
21.28445122
21.43852304
21.48387944
21.54928542
21.55801247
21.78023048
21.80938966
21.97660055
21.99034916
22.02878715
22.10820480
22.12609618
22.13142387
22.26272148
22.28769680
22.34732402
22.43248918
22.57804205
22.58256125
22.62423849
23.00113579
23.01339384
23.02698231
23.09950295
23.23569603
23.32100992
23.40010894
23.43771317
23.52559738
23.58161350
23.59310818
23.69387512
23.79845648
23.80691324
23.91816777
23.98697863
24.13021271
24.15265934
24.23002510
24.27875640
24.30024235
24.30771693
24.36327771
24.38453647
24.38968476
24.39486014
24.45344120
24.48711670
24.48726446
24.50083350
24.50757995
24.51759037
24.53640258
24.54200927
24.63951773
24.87415129
24.91121769
24.92409566
24.93155776
25.04355609
25.16676375
25.31595579
25.33524103
25.33709574
25.35536094
25.56133709
25.60000835
25.86734507
25.88609205
25.95280947
26.00042903
26.02748536
26.06611477
26.06714989
26.07345071
26.20737231
26.27642551
26.53157633
26.53394290
26.71189405
26.79915213
26.87750402
26.88028147
26.96543356
26.96954596
27.04689869
27.06442878
27.06633826
27.11002222
27.11949496
27.13476166
27.14093621
27.14197445
27.16056240
27.28150710
27.38082495
27.51272331
27.55290816
27.61115563
27.74831235
27.76293395
27.79292490
27.87408631
28.38565417
28.45996727
28.57047304
28.63384104
28.68409717
28.75593443
28.77013780
28.80501160
28.89369602
28.95732406
29.10914860
29.45039875
29.50793786
29.64824881
29.84545172
29.85619183
29.88847019
29.89308017
30.01279968
30.05972011
30.17673554
30.36708009
30.39384382
30.41086775
30.49842650
30.50395404
30.68466473
30.77058938
31.02937300
31.09628120
31.10154209
31.13722369
31.26644523
31.45186744
31.49461236
31.50422499
31.52725938
31.68561933
31.72131491
31.75060291
31.80475756
31.82378118
31.84441069
32.00538854
32.04636728
32.17418292
32.44976864
32.53197666
32.74327310
32.87512141
33.01665107
33.04600141
33.24211261
33.24763331
33.45220983
33.70416999
33.82087790
33.83672174
33.84947178
33.86481723
33.88361330
34.05739358
34.10603195
34.23308922
34.27865416
34.29634514
34.36189991
34.40215238
34.42123931
34.47864333
34.65050396
34.75695403
34.92431721
34.92948172
35.16543247
35.33551431
35.34574483
35.46082346
35.51454771
35.51715839
35.58655623
35.72906774
35.80688413
35.89378363
35.93978541
36.02573074
36.20732571
36.27641843
36.28833615
36.49587133
36.78335912
36.81589278
36.95433595
37.09641186
37.16186848
37.23940745
37.33992446
37.34623515
37.42104187
37.47752754
37.49576121
37.68960194
37.69943391
37.77184364
37.81318650
37.88236797
37.90493603
37.98403072
38.00773173
38.04075470
38.09197484
38.22306031
38.34361394
38.36410309
38.43337777
38.54818209
38.58774629
38.60296880
38.70269725
38.77952462
38.79346941
38.90567962
38.92202652
38.93473932
38.94895138
39.21142083
39.25288278
39.33283275
39.39519892
39.41643662
39.45711729
39.53552800
39.63498559
39.69293310
39.98131411
40.04932482
40.07633181
40.29995896
40.33515160
40.38677288
40.39308704
40.40651964
40.54687199
40.56132422
40.58102677
40.59645129
40.60653926
40.71043196
40.78352004
40.86621684
40.92645042
41.10468542
41.15481354
41.23120589
41.35468081
41.44473174
41.49809036
41.58519370
41.68613603
41.70454113
41.75245951
41.75730499
41.77478291
41.86957039
41.88990822
41.90075366
42.20325812
42.33146603
42.41334758
42.43570206
42.46547131
42.52492274
42.59136717
42.89103984
42.89714322
42.91989839
43.08822139
43.13923453
43.17016718
43.18607820
43.36787098
43.49700689
43.58101979
43.58500084
43.67112128
43.73229623
44.00118699
44.05737113
44.08794486
44.12681488
44.13799855
44.27075745
44.36718951
44.42751138
44.43489799
44.44437733
44.52695514
44.53489435
44.54067386
44.57854698
44.59329794
44.67769388
44.85675868
44.86721355
44.95760654
45.01099330
45.05344295
45.05507851
45.11037083
45.25429326
45.32508897
45.36846758
45.44148969
45.46169586
45.54721407
45.58546330
45.75037222
45.90578654
45.94128786
45.97966416
46.04958833
46.15000989
46.21613457
46.26984549
46.27996724
46.38554416
46.45541312
46.46777391
46.58819897
46.66509051
46.67609987
46.77832055
46.91297834
46.93387333
47.05929179
47.12972058
47.13325493
47.14038172
47.15368909
47.21827118
47.28905009
47.37659376
47.46916443
47.61309966
47.64699210
47.69887649
47.81887764
48.15866254
48.19214261
48.28550673
48.41599748
48.44268431
48.62600681
48.88132591
48.91256969
48.91486974
48.95122855
48.99326062
49.01355358
49.03908163
49.09280196
49.12523124
49.15262288
49.22248604
49.34061391
49.34879710
49.52172038
49.72652962
49.79059207
49.84552492
50.04299811
50.06301207
50.34641293
50.52841789
50.54447455
50.54632279
50.58974101
50.66849737
50.83755007
50.90532113
51.15227684
51.19204827
51.19818239
51.22938084
51.25100417
51.26672016
51.43923666
51.50983246
51.56680813
51.57922952
51.58909832
51.61934733
51.75883472
51.76416514
51.92447385
52.02997545
52.13932163
52.19573774
52.22698954
52.23073228
52.39481655
52.47881316
52.49077503
52.54473622
52.67029945
52.71078015
52.79235311
53.06707448
53.17464362
53.25565239
53.30999932
53.34993314
53.49310537
53.56263606
53.57576459
53.91153744
53.95348548
53.95751362
54.00506545
54.07029907
54.18515261
54.41867625
54.43468240
54.66211521
54.69691351
54.73987599
54.93544072
55.02519805
55.05236059
55.05521169
55.23669043
55.46319302
55.52102133
55.64472573
55.74190235
55.75997756
55.79249351
55.82069227
55.93287504
55.93428302
55.95363285
56.01705144
56.03432289
56.07856873
56.15117223
56.16500990
56.23161040
56.32785567
56.41195180
56.55435354
56.58917586
56.61177102
56.88005639
56.98381493
57.03322102
57.06608976
57.10444697
57.21878110
57.30646794
57.54227462
57.71175610
57.73340304
57.74175050
58.03720607
58.09145936
58.25260982
58.31623360
58.34384427
58.39077212
58.39823605
58.43934104
58.46031054
58.50082772
58.56038691
58.59912104
58.66352506
58.84778659
58.94480470
59.03511446
59.10379225
59.29550512
59.32491975
59.51749603
59.67242858
59.68285794
59.70489547
59.83012466
59.98912476
60.04335744
60.05748984
60.28609924
60.31745736
60.35947607
60.82254195
60.86320435
60.88053904
60.94059349
60.98988542
61.12908379
61.28948068
61.37483013
61.47871473
61.72613755
61.78146599
61.97044641
62.05555459
124.00000000
