0.04058023
0.07744447
0.10673662
0.11508203
0.15621767
0.26729743
0.27800084
0.32122922
0.40267848
0.45359013
0.49922596
0.54741499
0.57792797
0.71916165
0.73643628
0.84686969
0.87253808
1.04799810
1.10626754
1.23203600
1.39181230
1.42617303
1.50806765
1.57213601
1.65258532
1.68220745
1.79128129
1.87987223
1.95403985
2.01098898
2.04589262
2.13226802
2.30732993
2.42482888
2.62088688
2.87064723
2.98691464
2.99328131
3.15029550
3.15454212
3.33432275
3.38433399
3.48223991
3.55340215
3.66323131
3.69617756
3.72860249
3.85322923
3.89137816
3.90690546
3.93558864
3.96288131
3.98728555
4.07299998
4.07410817
4.23676629
4.28971187
4.34244328
4.34298722
4.39007157
4.52552547
4.59936430
4.60567663
4.71755778
4.95061186
4.97584787
5.18174970
5.39430346
5.40104697
5.97114022
6.02231149
6.05836098
6.07139377
6.17107077
6.18688231
6.20756915
6.41955445
6.47748864
6.49255424
6.49656889
6.50319250
6.56447403
6.60741211
6.65940474
6.69262745
6.70118325
6.71115312
6.72931621
6.77513270
6.87038470
6.90403740
7.04874931
7.06043481
7.15088702
7.37178331
7.37723533
7.39467417
7.49893640
7.53899624
7.60332936
7.84155945
7.89771000
7.94285568
8.05432300
8.31055398
8.34401876
8.35957918
8.37229736
8.38800875
8.58203522
8.72622074
8.87309994
8.92777226
8.99792692
9.04651933
9.08420444
9.13555131
9.14757274
9.22129212
9.40083750
9.43484771
9.62419119
9.63351825
9.80049284
9.98378013
10.03138082
10.03328858
10.51770462
10.53727960
10.68049092
10.77417290
10.78371566
10.87075061
10.90000459
10.94043415
11.01232836
11.01677251
11.06985647
11.16002271
11.19558556
11.20544288
11.21189122
11.45775447
11.51764049
11.69142086
11.91256568
11.94994809
12.16539567
12.17992366
12.22823568
12.27453523
12.28391859
12.30222643
12.50606987
12.81007836
12.91944102
12.95502790
13.08914090
13.26315002
13.44405899
13.46873713
13.56867295
13.64656288
13.67351501
13.78726920
13.81127651
13.90833954
13.94325073
14.02169773
14.08248633
14.12363594
14.28768089
14.40317018
14.42806159
14.43045080
14.56331503
14.61123733
14.67674428
14.71464765
14.75702150
14.80649329
14.84884920
14.84966988
14.85921750
14.93403151
14.93578897
15.01235831
15.12297843
15.13395461
15.20601475
15.27952665
15.37427372
15.41572073
15.44647587
15.46651644
15.48975148
15.63904458
15.65103354
15.80387880
15.82876243
15.92963423
16.11018556
16.28566630
16.36548309
16.53127516
16.70921010
16.86322428
16.99791614
17.05958712
17.07167737
17.25691245
17.41649433
17.41954978
17.49951911
17.51226277
17.65744967
17.77635553
17.90969918
17.92878703
18.08788555
18.31696331
18.33996458
18.51901915
18.63160983
18.64507314
18.83766112
18.87899232
18.92480505
18.93177563
18.98129694
18.99347502
19.09388593
19.22542370
19.31607392
19.34859483
19.42960810
19.44950934
19.57365088
19.58901567
19.60541032
19.63612417
19.71561024
19.72041892
19.87372839
19.90062382
20.00577295
20.24797885
20.24907035
20.31310344
20.34377630
20.59561467
20.75527369
20.84187245
21.07173679
21.15744458
21.19919025
21.27825887
21.41878553
21.44875773
21.47707351
21.67392043
21.72047269
21.73492383
21.74604588
21.75909545
21.78023048
21.81311178
21.81360695
21.82513372
21.94848053
21.98739964
21.98970704
22.21853471
22.23230718
22.23333309
22.23862233
22.30803794
22.59749123
22.60771893
22.62737293
22.69545138
22.72924794
22.97323739
23.11027942
23.18973532
23.31152597
23.39486449
23.42724994
23.60149832
23.73426583
23.81151576
23.83673135
23.91948273
23.94616100
23.94668079
23.95441103
24.05098526
24.15126767
24.16954654
24.21068741
24.23763586
24.30757704
24.39510424
24.39830835
24.44309430
24.44470761
24.46419052
24.50722359
24.67302801
24.70728925
24.79058379
25.09565758
25.11912968
25.24116433
25.25313837
25.33366790
25.48825981
25.58819348
25.60855335
25.61246274
25.72609580
26.08275018
26.10250600
26.11514395
26.13828111
26.16721770
26.37151739
26.44895995
26.49548580
26.60397199
26.62458071
26.84012963
26.95510298
27.07986405
27.11673742
27.16899185
27.16944435
27.39242728
27.56595753
27.63060501
27.73011517
27.74514845
27.80902550
27.83000329
27.90012429
27.97630237
27.99951986
28.01546032
28.07196960
28.07548559
28.22496951
28.32012018
28.42689750
28.44757544
28.53127958
28.60333492
28.61372986
28.80396237
28.81861100
28.82674259
28.82989386
28.83884905
29.04316285
29.09756648
29.12863185
29.41805447
29.61022597
29.75872723
29.87115991
30.01279968
30.10946410
30.19498159
30.22474166
30.27127016
30.41727436
30.49540100
30.54216098
30.92514031
30.98117878
31.00478022
31.04180336
31.10092508
31.17491072
31.22350080
31.38711782
31.61741117
31.61788888
31.62473987
31.64167214
31.71493483
31.72050176
31.72065585
31.78284880
31.90781174
31.90901494
31.98867248
32.00812302
32.07033883
32.17080066
32.27993227
32.35519850
32.40577046
32.56324956
32.61093365
32.64301272
32.66784130
32.71049648
32.81819066
32.82702255
32.89926341
32.97448193
33.02982117
33.14340312
33.22584115
33.27572803
33.51843918
33.61623761
33.67970653
33.77064588
33.85740822
33.87502494
33.89614879
33.98911237
34.04226686
34.04503560
34.11573627
34.29135178
34.35996403
34.41164845
34.45293109
34.58602801
34.67056841
34.97363904
35.00191940
35.02382893
35.16277566
35.23701326
35.25106650
35.27807207
35.28382714
35.30235392
35.37497780
35.39697079
35.45609091
35.46719529
35.47033215
35.56757719
35.63013561
35.63102833
35.63704538
35.74176798
35.74995692
35.85465903
35.89375610
36.02941327
36.07585055
36.17989670
36.28147166
36.28413436
36.32083284
36.35755218
36.36560897
36.41094761
36.43229330
36.43390212
36.45055188
36.50664969
36.52503245
36.75137992
36.85845424
36.91996850
36.97717426
37.00630054
37.11847612
37.18043928
37.32251130
37.46071173
37.50759723
37.59759529
37.73374138
37.82267275
37.96665957
38.03951871
38.07192741
38.13867839
38.20396987
38.31639886
38.39029228
38.39591201
38.51931207
38.56760292
38.64819334
38.83153365
38.84780349
38.87140789
38.88498033
38.96886778
39.06305922
39.23996944
39.24677196
39.36688258
39.42483173
39.43597584
39.58206806
39.87199251
40.03445687
40.36047901
40.54585918
40.55561369
40.58975390
40.76046192
40.81522299
40.99343035
41.30675663
41.31451447
41.38991449
41.51446449
41.95420473
42.01568690
42.05051009
42.07564281
42.10139486
42.40600483
42.59845701
42.59900874
42.68236540
42.73211846
42.75524299
42.83687470
43.00312060
43.11625804
43.26492558
43.29602249
43.32527144
43.42556672
43.50575058
43.75031765
43.83018802
43.84862482
43.86872735
44.00782130
44.08728705
44.11762413
44.20842717
44.42655565
44.54535718
44.72100640
44.77920756
44.89853595
44.90434835
44.97657941
45.02862876
45.07207057
45.14508607
45.17411610
45.24006806
45.25951598
45.33454711
45.34109621
45.37563337
45.39166415
45.39551098
45.56313367
45.59476981
45.81694236
45.86524731
45.96057698
46.01926226
46.06426305
46.22187081
46.23287509
46.23848681
46.23875754
46.33708904
46.51163188
46.51356060
46.84321915
46.85092299
46.86277891
46.90765282
46.94073853
47.24309330
47.32634494
47.59468291
47.64401494
47.64523246
47.72463944
47.75287971
47.79557845
47.81744117
47.98812121
48.02953581
48.08681935
48.10750274
48.10793630
48.14355568
48.29176047
48.32068154
48.37089938
48.47914556
48.63458117
48.64079628
48.68341310
48.69753608
48.98614288
49.06892180
49.08402684
49.09070680
49.32736942
49.36963198
49.57465560
49.57693705
49.67052301
49.69672841
49.70703585
49.74955067
49.83499478
49.90547844
49.90963432
49.91132313
49.91841417
50.01134598
50.08948693
50.13442907
50.18474429
50.24528645
50.35403102
50.41580086
50.44774411
50.51778806
50.58254613
50.67502996
50.68175702
50.76033967
50.80808736
50.83049060
50.84218357
50.84275377
50.85114287
50.92399561
51.08965870
51.10971644
51.25371586
51.25903870
51.32396720
51.36182270
51.38508565
51.45165448
51.53492258
51.85168372
51.86393368
51.86670753
52.14925688
52.21307686
52.36733359
52.37153439
52.45362716
52.48296710
52.50480113
52.52395313
52.53321220
52.76659583
52.83894646
52.89421985
52.98230627
52.99795505
53.50367752
53.53724685
53.56847620
53.62839239
53.69474176
53.77679359
53.93829011
54.36742433
54.43573453
54.51390584
54.52256407
54.58566862
54.80404564
54.95143563
55.02206656
55.04150942
55.04441498
55.05680094
55.14609187
55.17946587
55.25744654
55.35347261
55.41898259
55.48772612
55.52376520
55.61155599
55.69197971
55.77665158
55.84514248
55.88507074
55.91135844
55.99514042
56.10325402
56.20670315
56.30062655
56.35274007
56.41534734
56.67269196
56.70514690
56.97977426
57.27123652
57.37291540
57.44583226
57.57525460
57.71923988
57.85743945
57.88865835
58.06576507
58.15193285
58.33823029
58.39245518
58.39562576
58.50641186
58.68378096
58.72435128
58.79524530
58.88691022
58.94143855
58.94317699
59.02152301
59.06768890
59.09094169
59.10106425
59.24465943
59.26188665
59.44579941
59.64058246
60.03553336
60.04272908
60.06330157
60.31606217
60.34592236
60.39537415
60.53080420
60.59386063
60.70246137
60.75977487
60.82083568
60.84470276
60.89687593
60.98258213
60.99535860
60.99776300
61.03608139
61.12654236
61.17025130
61.19571488
61.24412023
61.36786944
61.49136890
61.49539695
61.60861215
61.75283278
61.79501280
61.83621831
61.94750149
61.97580908
61.99517328
62.02130387
62.06107249
124.00000000
