0.03112140
0.05793275
0.09615165
0.26603151
0.37493663
0.39351948
0.41635028
0.42319081
0.50796176
0.53377201
0.54295178
0.60077270
0.61391518
0.62675352
0.65985865
0.72857198
0.73587397
0.76901996
0.86221850
0.89568356
0.90268750
0.97693789
1.04975644
1.21179428
1.21256703
1.22365764
1.41689476
1.45501793
1.50653001
1.58564652
1.60171810
1.63457398
1.64898372
1.71487651
1.80745032
1.90160282
1.91984515
2.00325524
2.02696374
2.05431474
2.11644419
2.28603161
2.50758475
2.72025418
2.90064871
3.05360886
3.13973920
3.20501483
3.30350458
3.31603678
3.50780579
3.62073336
3.63577431
3.69015633
3.72249916
3.79524617
4.05355790
4.05987801
4.06575879
4.09311021
4.16942643
4.19963005
4.35899840
4.42593073
4.45144358
4.60766790
4.67345468
4.71682966
4.78424349
4.84394106
4.90490997
4.99817820
5.00428464
5.05254123
5.12553452
5.13275418
5.15460055
5.43866422
5.45517720
5.56391414
5.75177541
5.81222746
5.81319138
5.93284567
6.17614924
6.18066067
6.27862633
6.53640174
6.53931732
6.60806823
6.74428453
6.80175262
6.81010732
6.82164774
6.84064905
6.84769483
6.88413975
6.97912134
7.03609485
7.15984934
7.24416467
7.33301880
7.41420647
7.42539813
7.48772880
7.59580323
7.67925622
7.70323744
7.73930871
7.86348306
7.93107136
8.00279678
8.02794123
8.07086064
8.14504184
8.23665959
8.28035684
8.55941111
8.61052139
8.69351674
8.72478620
8.79394092
8.93420256
8.93908220
8.97151898
9.19894601
9.34128046
9.36610450
9.45906983
9.50048414
9.52773303
9.56091404
9.59813601
9.70777165
9.79176964
9.79492228
9.82998346
9.88437504
10.03088468
10.30801377
10.31145926
10.36213895
10.41885063
10.46872538
10.51455861
11.08063187
11.21127880
11.26469359
11.27018026
11.34683493
11.43035981
11.61786324
11.67212104
11.75582355
11.95135577
12.03116175
12.07155932
12.20854670
12.21844051
12.50153233
12.53799274
12.55578475
12.60192803
12.76633486
12.86375477
12.91807433
12.97498332
12.98171111
12.99573102
12.99728272
13.01564707
13.05309336
13.06717658
13.18162589
13.25965379
13.49843944
13.64827475
13.78783086
13.91208392
13.93234177
14.07100522
14.09763362
14.18091410
14.18499464
14.19664426
14.23026217
14.24950292
14.34913381
14.37744434
14.37945386
14.49040648
14.73695558
14.86375243
15.08780399
15.09969289
15.10374028
15.20215041
15.20821530
15.24448068
15.31531765
15.32183280
15.59204099
15.60786374
15.69044000
15.77543175
15.78192330
15.80109495
15.82287785
15.83002467
15.90907693
16.01207226
16.05893400
16.20561543
16.23666937
16.32148242
16.32222637
16.39997943
16.40640633
16.43983996
16.46888214
16.61275445
16.77763697
16.77973360
16.96765525
17.03583707
17.08229656
17.09974151
17.41474935
17.55572434
17.62754450
17.74169228
17.77817534
17.77917617
17.94519603
18.06274665
18.09796063
18.10345917
18.20520154
18.63706994
18.71126480
18.78470255
18.79986237
18.89781702
19.12075589
19.14229779
19.22998045
19.24561135
19.30369792
19.32552380
19.36728728
19.38764134
19.39993545
19.43833709
19.58595768
19.66931674
19.68986958
19.71366159
19.80017279
19.82514765
19.90000064
19.90952540
20.14458206
20.32375257
20.41211251
20.50485440
20.73201802
20.75205956
20.85016486
20.87907283
20.97860802
21.64986524
21.73548959
21.91481669
21.93023678
21.93131783
21.93137753
22.08096030
22.11820667
22.16795840
22.17575397
22.28014779
22.29579707
22.61741698
22.62526298
22.73389689
22.77676506
22.84634681
22.96497015
22.98616996
23.01891232
23.13714719
23.16861307
23.20749922
23.26021230
23.49495727
23.66521377
23.71077694
23.73283326
23.74647193
23.83622167
23.97073860
23.97738852
24.00355443
24.08197437
24.37766903
24.43660643
24.49765707
24.59912986
24.62523007
24.70069858
24.70408018
24.73748857
24.80179452
24.95794273
25.17923315
25.18822645
25.25046920
25.37146258
25.38636035
25.52293770
25.56426812
25.60761892
25.72188985
25.92255807
25.96298545
26.02691547
26.05321880
26.09890452
26.38793911
26.54194626
27.08697617
27.16408708
27.25507824
27.34022224
27.61100936
27.62451976
27.76627739
27.78204639
27.81315527
27.82958008
27.90415357
27.91588871
27.96768724
28.03586883
28.17811981
28.18662185
28.28961007
28.37109830
28.68663598
28.71630828
28.88245456
28.97662245
28.97804493
29.01480295
29.05503898
29.07750175
29.10881963
29.20174517
29.21917393
29.29389496
29.39893393
29.41317268
29.49196175
29.50357040
29.53531776
29.54244396
29.63035467
29.69486700
29.74020973
29.84458272
29.99883448
30.09440731
30.21804858
30.25095583
30.30038703
30.32352626
30.52332572
30.60576192
30.68810151
30.72713833
30.77715285
30.85693680
30.86047247
30.98606924
31.23614641
31.34658424
31.51668076
31.54267969
31.85623589
31.96154632
31.99765419
32.06088278
32.06165823
32.08293443
32.24579256
32.27221282
32.38813831
32.41191663
32.46874921
32.63358696
32.65540439
32.84607545
32.84890264
32.87391156
32.94396752
32.95180530
33.00949491
33.02844779
33.05079549
33.09423511
33.29324657
33.37529342
33.38158290
33.38192093
33.45282129
33.47155927
33.50529878
33.65857269
33.81875203
33.99013984
34.02186321
34.10502201
34.25079000
34.25990500
34.29914759
34.33478228
34.51773955
34.56976921
34.60696181
34.67726508
34.94595500
34.95033116
35.05986765
35.14236063
35.15826939
35.17560313
35.20997063
35.54678175
35.55052513
35.60734838
35.88086725
35.93283041
36.19397388
36.24781736
36.25217234
36.40072949
36.47199591
36.49519435
36.52970440
36.54012045
36.54303880
36.54366341
36.58172383
36.66582521
36.86925552
36.92215612
36.92752536
36.96767092
37.00017978
37.07580061
37.11910457
37.29972778
37.52406864
37.55391126
37.72458717
37.77941934
37.80759928
37.90583600
37.95411457
38.03030417
38.07217064
38.09933666
38.31626941
38.31848892
38.39146850
38.47223995
38.49994850
38.52331190
38.59649160
38.60693397
38.70917708
38.81635995
38.90622549
38.96019447
39.04734228
39.11936816
39.24151793
39.25143629
39.36492028
39.61470670
39.74275045
39.97949788
40.03086643
40.46546194
40.56991530
40.62629234
40.65570017
40.80323319
40.82632176
40.84737671
40.86932008
40.98800257
41.05491694
41.07638326
41.21195312
41.42812527
41.43091273
41.46842574
41.47548301
41.47581429
41.75376902
41.78898294
41.83737220
41.88786498
41.89036022
42.09093624
42.11654827
42.13627681
42.21893096
42.36432726
42.42108963
42.63955537
42.68158959
42.71015209
42.76829216
42.79178847
42.83598869
42.85770307
42.87210594
42.91031866
43.02564038
43.03801194
43.09001508
43.11375531
43.20951018
43.30751062
43.40916051
43.52834301
43.58618855
43.69930454
43.71968506
44.04015661
44.06613323
44.09755549
44.14063189
44.37614638
44.42533269
44.43694410
44.55018111
44.65178556
44.82349984
44.86152197
44.90716893
45.25232229
45.37343273
45.53365396
45.55551726
45.58633638
45.62782563
45.65926269
45.70806906
45.78326970
45.82053911
45.95210122
45.98508272
46.06852306
46.13546187
46.13660622
46.15400505
46.21255662
46.24349162
46.38794241
46.44451317
46.48168872
46.68415060
46.69047583
46.79091974
46.92412984
46.97079222
46.99002593
47.06998787
47.13464433
47.13706780
47.13875514
47.27874847
47.39920693
47.43759179
47.44213902
47.54138798
47.74680863
47.88959720
48.07712281
48.15144324
48.17023757
48.17284227
48.65778230
48.95957282
49.10749184
49.24545310
49.27804530
49.41702851
49.43953777
49.56019543
49.56192892
49.59807436
49.67119994
49.80083221
49.80861641
49.83368608
49.95690210
49.97873091
50.02891955
50.14264325
50.24447328
50.35606315
50.47545536
50.65560670
50.65732532
50.73716678
50.75937412
50.98895887
51.05885811
51.15982958
51.16752815
51.32491681
51.35833120
51.60730501
51.60776254
51.69248330
51.76936302
51.82123659
51.97285840
52.00334438
52.05598565
52.10091104
52.12150116
52.14636170
52.27873960
52.28430620
52.38270413
52.52016620
52.53693490
52.57031194
52.62893843
52.84612183
52.87936825
52.94175688
52.97260640
53.23445215
53.23787523
53.30844459
53.48815866
53.56540496
53.57278656
53.61103216
53.65008196
53.66012008
53.68084540
53.68435177
53.70457923
53.73894885
53.75049236
53.94434776
53.98134360
54.06438518
54.09845374
54.49643314
54.56904643
54.59837076
54.62311158
54.62851018
54.66032159
54.72254144
55.21436906
55.25405116
55.27328303
55.45334058
55.64504742
55.70020680
55.70882100
55.85652988
55.91453948
55.91940873
55.97080926
56.06004315
56.06287387
56.09277524
56.32258830
56.44090306
56.53764508
56.66983285
56.67467758
56.83394531
56.93939309
56.96193098
57.08825128
57.16296611
57.17173838
57.34659973
57.35189956
57.44056413
57.47901896
57.77111470
57.89177504
57.97624780
58.09543399
58.29906669
58.66773741
58.81153324
58.85940734
58.93560037
58.97028194
58.97524153
59.06019123
59.12365514
59.28675353
59.29800767
59.41015949
59.49168204
59.80383944
59.83855275
59.85936119
59.87288758
60.07371187
60.10384149
60.12562184
60.18123695
60.21363833
60.22125389
60.27442205
60.44138536
60.46027404
60.55228623
60.70926534
60.74980675
60.76111964
60.80858098
60.99183402
61.03152561
61.04263788
61.13558108
61.24650924
61.31149558
61.33423770
61.39569375
61.50118070
61.70144313
61.85267993
61.89054352
61.93243454
61.94161543
62.02904767
124.00000000
