0.00789358
0.09615165
0.10682882
0.27330325
0.36070522
0.44468892
0.49407497
0.66536250
0.70483639
0.82530259
0.91976850
1.14494606
1.17978911
1.37523809
1.37532392
1.38328784
1.41588724
1.50538166
1.56635454
1.59464089
1.72947401
1.80424256
1.83681736
1.86311022
1.88366748
1.92503273
2.04297130
2.07109153
2.20457728
2.25648705
2.26037814
2.31335446
2.37079739
2.45194101
2.45738923
2.51435011
2.64115025
2.70072357
2.70575045
2.71447437
2.74643670
2.77308906
2.80024504
2.86219690
3.04059250
3.14534941
3.24499935
3.41196135
3.41605845
3.47342720
3.48400953
3.56167258
3.60991652
3.76401522
3.87203630
3.87733503
3.90987640
3.93465425
3.95714730
3.95816562
4.15317874
4.22593161
4.32487239
4.40975127
4.51937368
4.52570978
4.56693020
4.75697564
4.84341497
4.97674801
4.99846612
5.05526557
5.05585919
5.11582151
5.21472909
5.40883671
5.53761376
5.54717295
5.58519945
5.69353147
5.74190799
5.78639918
6.21203760
6.32122715
6.46971736
6.55910904
6.67174768
6.68184814
6.75047921
6.88287808
6.91906264
7.00136822
7.03273113
7.26163268
7.42539813
7.46026547
7.59151060
7.63908374
7.72844498
7.76016549
7.76983496
7.88497847
7.93468767
8.09204738
8.15917053
8.23483517
8.34083714
8.60700545
8.61712045
8.78309119
8.81846897
8.84034316
8.88200915
8.91440452
8.93034044
9.20898241
9.38219201
9.41897364
9.48296878
9.60928496
9.63018919
9.79946952
9.85402998
9.87530846
10.01343482
10.55175290
10.71915589
10.82659468
11.20097826
11.33973169
11.34468951
11.46086124
11.47715310
11.69516051
11.84693215
12.00505256
12.09030182
12.13116001
12.23342075
12.23734316
12.24143659
12.33438699
12.37413659
12.42784054
12.46391254
12.51577346
12.58569510
12.61397791
12.70376672
12.71476185
12.76063862
12.80918679
12.86371823
12.87540230
12.90353315
13.28139377
13.34720180
13.37323348
13.57594006
13.66364240
13.82988274
13.85013874
13.85168638
13.94510409
14.06405689
14.22519789
14.34130362
14.35809684
14.47858753
14.62754492
14.81660433
14.82298073
14.91569727
15.05904420
15.07107255
15.07443204
15.30854129
15.34846664
15.36067434
15.65454401
15.84979249
15.86998485
15.88582874
15.91562840
15.92558195
15.95120006
16.18134340
16.27859111
16.32112365
16.40214366
16.47430944
16.51548048
16.64347469
16.67622432
16.69131909
16.77855297
16.83941214
16.92464642
17.00465082
17.07221993
17.17810901
17.31793840
17.32101022
17.51307692
17.61744229
17.67468792
17.73623515
17.76980326
17.95038246
17.98824353
17.99520309
18.01091443
18.03363354
18.05294000
18.13678140
18.24578794
18.38155165
18.41333137
18.54665942
18.57208656
18.59808989
18.65877055
18.71121576
18.79807993
19.07326300
19.13408992
19.23340110
19.27037160
19.31352421
19.73220916
19.77159300
19.78650923
19.81132614
19.88708667
19.90952540
19.97293398
20.07042827
20.19951788
20.20078085
20.30372995
20.35486285
20.36454377
20.37729667
20.38029444
20.49208059
20.53631347
20.55195028
20.58481843
20.59169665
20.63030359
20.65269931
20.70664337
20.85385423
20.90166108
20.92914295
21.11201687
21.13504485
21.14184158
21.14240587
21.43921090
21.44946135
21.51975808
21.52792347
21.63115307
21.68059196
21.71092568
21.93294620
22.02159037
22.11777977
22.20167622
22.20420196
22.56507164
22.67897284
22.86940847
22.90431504
22.90970273
23.19687394
23.22296042
23.26878927
23.40157360
23.42847556
23.69257259
23.74111066
23.79589218
23.80825562
23.91735852
23.92907708
24.13049748
24.13895057
24.17405718
24.26742277
24.26943069
24.37553063
24.39872667
24.42691252
24.52775134
24.64045483
24.82207347
24.92723294
25.28047065
25.31693464
25.33082384
25.71732295
25.72671550
25.80217396
25.81694963
25.96529315
25.99895301
26.01297399
26.11209922
26.30428624
26.36735684
26.66488944
26.69192947
26.72927728
26.98721398
27.01669236
27.06259711
27.19842405
27.27139600
27.27361508
27.29962823
27.34217221
27.44109067
27.62550211
27.71584923
27.73492970
27.77816893
27.97555545
27.99531730
28.20097077
28.22605580
28.23099659
28.28537635
28.50367237
28.51017103
28.55390225
28.57821055
28.72600214
28.79712925
28.82423518
28.90870901
28.96046237
28.98586296
29.01450047
29.06021759
29.31975729
29.38731248
29.40454169
29.45531343
29.51467721
29.57908426
29.65367503
29.66655425
29.71590571
29.76855032
29.82580202
29.84505014
29.85700990
29.86393278
29.88332444
29.95932916
29.96496985
30.00566443
30.14893258
30.18529253
30.22072743
30.24717315
30.27515515
30.27956643
30.31041092
30.34574991
30.41354143
30.55533858
30.72810246
30.93359000
31.06198006
31.13422533
31.13540459
31.16108414
31.20449798
31.21406390
31.22612003
31.28163102
31.38290712
31.62735901
31.67954235
31.77829423
31.86755530
31.93202907
31.95854721
32.16048780
32.28155667
32.33830472
32.33979748
32.45880922
32.50035303
32.55534657
32.65014132
32.69572962
32.70307833
32.70427095
32.88223837
32.89124102
32.92079368
33.04699203
33.14377917
33.16244894
33.19738431
33.22655547
33.23701381
33.24489861
33.37403260
33.39617809
33.53085205
33.58626857
33.75658505
33.84606035
33.99398207
33.99534349
34.15244864
34.19917559
34.23230293
34.32255329
34.48117150
34.48621785
34.49598800
34.53976929
34.63256455
34.69067602
34.97475782
35.00577446
35.22605999
35.36755896
35.43912677
35.53045809
35.69172977
35.95754104
36.01514725
36.08933976
36.24087889
36.28619427
36.31013512
36.32773152
36.71995616
36.80667206
36.90458735
36.98585312
37.02958818
37.12018816
37.16881800
37.21999538
37.29814361
37.45434646
37.47356962
37.75837840
37.94712875
38.04581513
38.11674913
38.11882166
38.29803205
38.39445242
38.42892438
38.43837436
38.56741225
38.63101991
38.86922881
38.89099271
38.90347633
39.08230481
39.19680635
39.27241370
39.37942300
39.40292177
39.61712999
39.63355123
39.68004951
39.84381209
39.85889311
39.88337517
39.92636444
40.04791737
40.15049182
40.20310610
40.27230832
40.37259300
40.48372628
40.50022951
40.56564657
40.56990535
40.56991530
40.60828500
40.68233268
40.77266632
40.86316799
40.89710189
40.91495822
40.98952499
41.15397093
41.29414591
41.31783772
41.32151212
41.40655507
41.47202597
41.54069666
41.54974496
41.69904211
41.78669570
41.82412913
41.86794922
41.86843016
41.90507602
41.95612284
42.02256479
42.13502953
42.15635648
42.17989278
42.18588882
42.29143531
42.29145741
42.30447664
42.44769735
42.55808793
42.64617064
42.66148874
42.76447537
42.76552586
42.89954292
42.96119474
43.03173195
43.05762900
43.17702552
43.44162264
43.48111805
43.48162480
43.50225542
43.56519162
43.63353622
43.69708519
43.71746985
43.72132111
43.75055086
43.76148791
43.91709692
43.96669760
44.17405288
44.19364218
44.22345833
44.22700480
44.23468440
44.48354801
44.50595649
44.51314537
44.54835730
44.84838497
44.92819631
44.95861722
45.11532013
45.38781149
45.57708479
45.65395782
45.67785593
45.71137135
45.80263595
45.90717092
45.97503152
45.99582463
46.05296379
46.19454104
46.20740411
46.34854099
46.38631375
46.42039221
46.42630096
46.53280547
46.54431425
46.55506238
46.70677601
46.82230047
46.84073829
46.97156787
47.02304663
47.15400916
47.31604752
47.33387541
47.48295821
47.48453954
47.57423312
47.78185895
47.80543476
47.86326197
47.95187287
48.08586630
48.15462466
48.19455182
48.28459376
48.33031058
48.43561086
48.43809219
48.44364501
48.55245537
48.62547909
48.68019183
48.83035493
48.85224073
48.97552385
49.07194558
49.09063892
49.16568017
49.18719972
49.27152253
49.27820942
49.36464052
49.44967895
49.49977398
49.53804123
49.54560355
49.90458918
50.01773200
50.04008829
50.15477142
50.21264090
50.43787199
50.44062913
50.57169878
50.66716188
50.81860631
50.82605346
50.96607227
51.01494325
51.04539238
51.15836638
51.16922920
51.18875126
51.34164571
51.34710918
51.46755443
51.48404119
51.53372885
51.62807875
51.68360528
51.80445777
51.93230969
51.95735990
51.96611738
51.96637020
52.06217610
52.07718851
52.10238329
52.15392620
52.16391416
52.46808703
52.54109236
52.63418621
52.64421596
52.71260375
52.76390098
52.81562924
52.88812417
52.96325229
53.07954835
53.19043215
53.20236684
53.21430694
53.24050064
53.26585034
53.27681335
53.38864244
53.39069400
53.51650759
53.60140675
53.62877219
53.64639313
53.80400818
53.81332570
53.92674530
53.97840093
53.98619654
54.00202842
54.02391908
54.03814376
54.06438518
54.11170731
54.23024856
54.27317020
54.30163544
54.34246571
54.39073108
54.54376736
54.60254128
54.61919855
54.71951977
54.74311820
54.75586000
54.79644927
54.80623801
54.80790448
54.81599167
54.82632409
54.95146134
55.01139327
55.19637085
55.33163214
55.50230684
55.56584746
55.58002926
55.58292146
55.70411105
55.85652988
55.94944560
55.95085143
56.05627721
56.16524748
56.34382791
56.40147827
56.53995553
56.62394220
56.63554868
56.73022689
56.98327877
57.04332630
57.05145485
57.06754862
57.41375975
57.43986846
57.57832446
57.60738161
57.67862858
57.76342152
57.80785512
57.88871053
57.96550978
58.01159720
58.04677525
58.08654221
58.11027120
58.12655683
58.23947212
58.30633471
58.45305962
58.54599672
58.55849379
58.63711331
58.69133009
58.72150495
58.73342005
58.79054176
58.83863792
58.90235581
59.03455603
59.12135205
59.20554905
59.22070065
59.25430187
59.26700547
59.35034126
59.55524159
59.65242670
59.86938858
59.95019782
59.98584576
60.08290937
60.09474418
60.16297717
60.20644995
60.27442205
60.35369901
60.36197682
60.74303099
61.07090868
61.12735773
61.15327800
61.25869088
61.26786792
61.28973933
61.36510499
61.47104689
61.51378756
61.58780392
61.60215200
61.62469203
61.70144313
61.73963687
61.76691569
61.83551307
61.88879064
61.99068512
124.00000000
