0.02669129
0.02748569
0.07215796
0.38536986
0.51790278
0.72428276
0.79030909
0.91461280
0.99270499
1.16905231
1.25718722
1.28264632
1.56313570
1.68608397
1.71359427
1.79937398
2.09458106
2.14866549
2.16753461
2.19947846
2.19978474
2.24471250
2.31506407
2.33630031
2.40445740
2.64344426
2.84010069
2.85927571
2.89881208
3.00847606
3.09284064
3.09771106
3.16496866
3.25389025
3.38497381
3.60781608
3.61994055
3.72380969
3.74841139
3.88575555
3.99809032
4.12348070
4.27438750
4.55346178
4.56346024
4.78874224
4.89795515
4.92666095
5.01428227
5.09104897
5.11801021
5.22134277
5.39556971
5.80234888
5.81614097
5.92364600
5.98461103
6.06126135
6.11338568
6.17856502
6.22923512
6.26294341
6.28235474
6.38554881
6.41921375
6.47353546
6.54089036
6.67048714
6.70877071
6.82542109
6.85656036
6.94196970
6.94337719
6.95800712
7.02789256
7.05164203
7.07189089
7.10669380
7.20098429
7.21000925
7.25389090
7.38441293
7.41124274
7.50817888
7.55844425
7.60777109
7.61771052
7.80871900
7.85836499
7.87880711
7.89711207
7.96211443
8.02434533
8.16612277
8.21230021
8.30116540
8.32883849
8.33315646
8.34386252
8.43331605
8.44900078
8.58506333
8.70494838
8.89661091
8.91276919
9.07889934
9.07968076
9.12702913
9.21908113
9.29010438
9.33451988
9.36610450
9.39251120
9.51325474
9.64684150
9.76016886
9.77600090
9.78206497
10.01590201
10.02288289
10.09636141
10.10138199
10.30380235
10.46148630
10.54047991
10.55757553
10.76925179
10.91199380
10.92377291
10.99268810
11.03546435
11.10025838
11.14941718
11.22367815
11.26512779
11.27900593
11.28271978
11.30700734
11.45797209
11.53918149
11.65179471
11.65624857
12.40452418
12.52752236
12.56852666
12.60109204
12.61471890
12.75983812
12.80407417
12.86464607
12.94382366
13.09018559
13.13794589
13.27308212
13.32296679
13.33765524
13.38680330
13.40250122
13.41831531
13.49831417
13.75364601
13.84115819
14.02525573
14.08965399
14.16402700
14.24225305
14.28231074
14.33708389
14.42345663
14.47858753
14.54152239
14.57794381
14.60845819
14.71445299
14.84807332
14.95202258
15.06820124
15.09001078
15.14378963
15.16698005
15.20215041
15.60841618
15.87739163
16.05780494
16.12176994
16.25539094
16.35021665
16.59215266
16.61317449
16.76736441
16.87418622
17.10463269
17.24454468
17.25077607
17.29877501
17.36858381
17.42933961
17.44835108
17.63075403
17.69173337
17.77208135
17.77237812
17.78337831
17.80701026
17.81470764
17.83496665
17.83965230
17.84215549
17.96070259
18.05990603
18.10040282
18.23792083
18.25626198
18.26191877
18.34619389
18.37038402
18.39797688
18.50330383
18.54483784
18.55455100
18.59163021
18.59648119
18.60747140
18.71680179
18.74422624
18.74728709
18.76498087
18.78887363
18.97683407
19.20789732
19.22690649
19.41872768
19.53950694
19.55462724
19.58624936
19.65322543
19.78091005
19.79655045
19.98334103
20.06538664
20.10349706
20.15124762
20.19962221
20.25750634
20.34197014
20.36761867
20.55349472
20.56920160
20.64747684
20.66130801
20.89313089
21.19272051
21.22500706
21.39374742
21.40119726
21.47465893
21.64374070
21.65355906
21.73673318
21.82103301
21.95227713
21.99995098
22.17691117
22.18081783
22.20250696
22.20352259
22.32967521
22.43890751
22.47790596
22.72062046
22.75089982
22.88549117
22.96263808
22.98732314
23.00151042
23.03581887
23.07164671
23.12824932
23.16266714
23.16482575
23.28243396
23.48298206
23.48322271
23.55615130
23.61165138
23.65405489
23.73808922
23.93726159
24.09884338
24.18260734
24.29659999
24.32059555
24.36980588
24.40461348
24.52307257
24.53359144
24.57925228
24.61042907
24.62248189
24.64278404
24.83126476
24.94439728
24.96656409
25.00419923
25.04890643
25.07353026
25.18822645
25.44861242
25.49477097
25.50479465
25.56822321
25.64762908
25.98566777
25.99236421
26.25755177
26.25917052
26.28533983
26.50640524
26.53457513
26.55198491
26.62043934
26.63061511
26.70052603
26.75872432
26.84112002
27.19927875
27.22735334
27.23720574
27.29799538
27.30981848
27.70009241
27.72053509
27.92469037
27.97566240
27.98538944
28.05188206
28.11398257
28.22603885
28.25415693
28.31644706
28.45534355
28.54088142
28.57283046
28.71349089
28.78696370
28.83067401
28.88245456
28.88970770
29.06611209
29.14894655
29.33513232
29.36603319
29.39893393
29.53351309
29.55007206
29.59556339
29.60150843
29.61565716
29.85772468
29.87444435
30.04483319
30.13303610
30.22368408
30.23511203
30.23762235
30.27946537
30.37815414
30.41104004
30.46311657
30.60662655
30.63114101
30.87580339
30.91577159
31.03141814
31.18738415
31.28496737
31.46817174
31.65368018
31.71587100
31.74067270
31.75069380
31.77518329
31.77752297
31.79650688
32.05716104
32.09741750
32.13360206
32.27912804
32.37435575
32.42156736
32.51295427
32.71691457
32.81502647
32.96428674
33.05079549
33.09057703
33.18323492
33.22772895
33.23994525
33.30531867
33.43154342
33.47701116
33.61079224
33.73814129
33.76481769
33.84057884
33.96686245
34.13734609
34.14535443
34.20478239
34.31361248
34.32205646
34.33482032
34.43729133
34.45489506
34.50759587
34.65740955
34.99962122
35.01683814
35.04887178
35.16354584
35.46474899
35.60318999
35.83276250
35.84015359
35.85541604
35.89273355
35.90596442
35.96460082
36.02072252
36.03114683
36.22574760
36.28057680
36.44062142
36.45744807
36.46410543
36.48759776
36.54621021
36.67085244
36.67509702
36.74916984
36.84938017
37.03186755
37.03356402
37.03782011
37.07642677
37.08476777
37.09330300
37.11845705
37.33928454
37.46147605
37.49458673
37.51013936
37.57886420
37.83423471
37.85097566
37.92342651
37.97425439
37.98831302
38.03537374
38.04243741
38.05303387
38.10200884
38.13420291
38.32520154
38.45015918
38.60217135
38.60973357
38.74182492
38.88012647
38.89378782
39.02670204
39.09190480
39.20155214
39.21174822
39.25480030
39.31198716
39.41124795
39.49445320
39.49771694
39.51467390
39.52699996
39.55950340
39.80161059
40.17710544
40.27358008
40.29921816
40.30367699
40.40494356
40.42351985
40.43172551
40.63534281
40.67396258
40.78767741
40.80705761
40.82190027
40.94922619
40.96557040
40.96685491
41.04538571
41.46031010
41.52733465
41.57348644
41.71784178
41.95155810
42.00175417
42.08503347
42.12422727
42.39077367
42.40378124
42.40822245
42.50209025
42.50469508
42.62025154
42.64161354
42.65447356
42.74381113
42.84964076
42.87955879
42.98473653
43.00442894
43.04642891
43.07459095
43.11955407
43.14224847
43.24696060
43.26637103
43.31126771
43.33507769
43.47004818
43.54425164
43.64587776
43.93863134
44.07395868
44.27112944
44.34017247
44.54817434
44.58980331
44.77082278
44.79852124
44.80091045
44.84343235
45.18650644
45.18683848
45.22567934
45.63728174
45.86356072
45.95955047
45.97118892
46.05347988
46.19570060
46.31016257
46.35034540
46.35264876
46.42162323
46.61750523
46.82827091
46.84413196
46.85514165
46.90237291
46.91932621
46.98810369
47.12411806
47.15259514
47.20743690
47.27643169
47.32603299
47.33354861
47.43373234
47.51822544
47.68714809
47.78526247
47.93598640
47.97042094
48.02507333
48.21702796
48.33979251
48.44364501
48.44821943
48.45182587
48.48530625
48.54867059
48.61476245
48.63321079
48.65475834
48.66280133
48.68869901
48.71249152
48.73868684
48.76326466
48.80303915
48.88249958
48.93510557
49.01237692
49.05293680
49.19120146
49.19916106
49.21667512
49.31858706
49.38769408
49.42081733
49.43603782
49.61458001
49.61923189
49.67139757
49.74065517
49.74786912
49.90517652
49.98400692
50.07004359
50.08442829
50.16481003
50.17611674
50.46346666
50.46985938
50.47718382
50.61735589
50.65086156
50.72615521
51.19901003
51.20460412
51.23472913
51.25136996
51.32973041
51.33253585
51.38419113
51.49680434
51.52026577
51.65990137
51.75757563
51.79972641
51.89197394
51.90069949
52.01026500
52.06858509
52.09133755
52.14352285
52.14406088
52.16092978
52.18569124
52.22653871
52.27329023
52.33620363
52.34339087
52.51177217
52.55890783
52.70446377
52.73640519
52.96276993
52.97248682
53.00988619
53.18425821
53.22268245
53.31290784
53.54339713
53.58236676
53.77764916
53.84821495
53.91748822
53.92674530
54.05760856
54.55469029
54.87796748
54.92189683
55.00738811
55.02318460
55.19293960
55.23328394
55.24536542
55.40278996
55.41936414
55.44746357
55.59523422
55.67622347
55.73572701
55.88928735
55.93167513
56.11285145
56.42346496
56.44579597
56.45982940
56.50468754
56.50958006
56.60954732
56.68542749
56.69057689
56.94910886
56.96355807
57.12338581
57.27112773
57.27428280
57.28477733
57.35961210
57.36749525
57.51989903
57.72711103
57.76709510
57.86535459
57.91827011
58.51102626
58.52839117
58.55570135
58.72004854
58.83226745
58.91775258
58.97028194
59.00463005
59.09076487
59.09339531
59.11122310
59.14288241
59.27995560
59.49154693
59.65189786
59.74085486
59.77722591
59.78720293
59.84593952
59.88668308
60.08335871
60.19892384
60.27442205
60.49089864
60.52196901
60.80513464
60.80858098
61.12950426
61.17155609
61.18727160
61.37478255
61.41968956
61.45856717
61.46710871
61.62454632
61.63553601
61.66140437
61.69176417
61.75327358
61.93835120
61.95375604
62.05941266
62.08480265
62.11454744
124.00000000
