0.14022990
0.39298341
0.61147201
0.82135885
1.12639123
1.13557413
1.16163482
1.25170933
1.34666389
1.55688141
1.62447181
1.64263879
1.98056823
2.03224752
2.19833354
2.30322575
2.39379187
2.52464760
2.56717073
2.66461121
2.75505432
3.12377206
3.17928976
3.24499935
3.30351699
3.38467074
3.42293667
3.56932776
3.62317487
3.68474921
3.84768797
3.89773723
3.90052287
3.95792641
4.20351827
4.20905464
4.30922526
4.43012136
4.47274715
4.53395502
4.70342885
5.05024756
5.05968173
5.06128883
5.07186063
5.09842459
5.11322012
5.18458387
5.20547643
5.21963449
5.49746932
5.54040918
5.54282690
5.56373434
5.57693261
5.64440676
5.68333637
5.70845045
5.79613656
5.79990187
5.82179066
5.93284567
6.02846285
6.04813287
6.08378424
6.09158102
6.16304736
6.18612960
6.29786605
6.30336713
6.46031383
6.54770247
6.67614618
6.78453795
6.81010732
6.86872914
6.89167378
7.33804086
7.53861352
7.58773823
7.59170986
7.64042079
7.87379423
7.98104080
7.99098895
8.07974323
8.09616132
8.14476760
8.47849834
8.66350627
8.66894634
8.70048572
8.71551168
8.73739523
8.89661091
8.96197395
9.04021744
9.12094911
9.13555105
9.16233044
9.31011064
9.38925459
9.39287922
9.44115264
9.64445192
9.95422979
9.96081029
10.00903796
10.03009343
10.10383096
10.19895077
10.28027698
10.33656317
10.33834215
10.45492423
10.53734305
10.55633493
10.57477716
10.76036644
10.95320870
10.95940545
11.14311579
11.29649064
11.30577094
11.35151779
11.51270807
11.53436884
11.84686016
11.96817889
12.02020921
12.06047892
12.10912573
12.35095266
12.41312350
12.60561761
12.70203850
12.70534862
12.80754519
12.86639949
12.94605442
12.99023142
13.09573491
13.40304330
13.56520697
13.58269830
13.66366274
13.67728989
13.72926763
13.80758915
13.82683197
13.87304167
13.93847123
13.98465126
14.11317349
14.18358218
14.20263581
14.21686527
14.23296215
14.26865134
14.29231886
14.56522753
14.62579428
14.69463419
14.80126379
14.84286508
14.88092042
15.22819809
15.28509163
15.50516659
15.65844710
15.72757440
15.78837983
15.79696937
15.80109495
15.87409932
16.08312317
16.26802550
16.31462367
16.39474537
16.40640633
16.40794543
16.47875816
16.49306274
16.57051113
16.66577585
16.69958901
16.70429876
16.74222360
16.76662291
16.77701248
16.78282239
16.91564534
17.02146336
17.23394446
17.25276639
17.32466094
17.40758453
17.43292501
17.43605525
17.46497002
17.46973772
17.66498850
17.76440832
17.76672061
17.86446421
17.88543961
18.10239993
18.12133757
18.13082932
18.36331661
18.37706958
18.46294128
18.50469130
18.76265791
18.93222354
19.02899113
19.07697123
19.15149967
19.15390756
19.35891049
19.54549951
19.71762544
19.77930195
19.79945651
19.86840936
19.88739854
19.90203712
19.92741226
19.99851917
20.01057126
20.17039932
20.26759423
20.28867975
20.51904987
20.67402868
20.77500853
20.88006388
20.88240460
20.90289713
20.97860802
21.01999868
21.03506060
21.03961329
21.32992526
21.39523249
21.74212668
21.77527683
22.04268361
22.09565222
22.12172089
22.21165747
22.37218157
22.44266778
22.48682645
22.75683251
23.03355901
23.27046101
23.27378246
23.58101347
23.58298563
23.85612601
23.95399726
24.13926737
24.26323362
24.36526652
24.40187731
24.53359144
24.58352259
24.62007283
24.62969708
24.68490413
24.79573392
24.96181483
25.06081184
25.09261071
25.55030665
25.57035626
25.71209616
25.81837165
25.93751922
26.11517566
26.17318912
26.55053559
26.57772022
26.64533876
26.67484397
26.67489846
26.69872548
26.73289526
26.74412024
26.80328125
27.09881859
27.19980351
27.30118694
27.35221836
27.45108340
27.52578279
27.73898452
27.76541989
27.96287979
28.04070763
28.35098285
28.51829001
28.58197588
28.63717519
28.68125554
28.77664948
28.81372113
28.91755049
28.95861066
29.00504349
29.15904260
29.25691165
29.26566654
29.34076867
29.40591880
29.59563170
29.66649605
29.89738671
29.92103089
29.92721565
29.96483206
30.12023243
30.22950589
30.24237714
30.38654479
30.58590417
30.76403205
30.86453688
30.87303997
30.98220190
31.00143704
31.16018907
31.19081305
31.22141278
31.25404350
31.38261580
31.39900358
31.49496262
31.51586679
31.60286820
31.62538909
31.68382830
31.69710614
31.70597656
31.74665369
31.75432532
31.82257702
31.94480080
31.96311096
32.17915104
32.23156606
32.34063938
32.41199473
32.42508273
32.44598916
32.54617324
32.72772109
32.81274935
32.87890393
32.94084947
32.98370891
33.00813105
33.04153111
33.09397863
33.16709321
33.30141252
33.49247751
33.65167465
33.65258844
33.72422750
33.73080232
33.75838991
33.78373568
33.83908543
33.85182313
33.93192000
34.13167052
34.23059205
34.24712411
34.33884288
34.48813751
34.61091419
34.64667475
34.69551726
34.77846431
34.78194344
34.83524980
34.86245127
34.89772470
34.95968834
35.19630650
35.20997063
35.39421570
35.80180826
35.80425264
35.88385882
35.93885705
35.94264543
35.98758434
36.22255182
36.25941313
36.37594618
36.39812450
36.46989876
36.47822884
36.53982458
36.55951137
36.62183020
36.79985873
36.89324708
36.96385051
36.96885181
36.99976946
37.05951566
37.15863454
37.27342353
37.36935373
37.41885963
37.48941568
37.52989055
37.81479897
37.81733198
37.85275320
37.86263835
37.94093740
37.95839230
38.08463691
38.09408945
38.20531660
38.26539444
38.42738567
38.60631495
38.64630181
38.69618106
39.05425736
39.05958556
39.06793086
39.09368224
39.17457231
39.18103356
39.26113608
39.35546057
39.40370015
39.55409349
39.55582016
39.64546743
39.71692241
39.76346950
39.79193183
39.85507339
39.89498846
39.89593440
39.89788338
39.97599754
40.00574074
40.04877191
40.17589464
40.29687774
40.35601194
40.50022951
40.51856875
40.74002591
40.76322625
40.92787454
40.97869096
40.99037751
41.09084815
41.60990267
41.81111390
41.86843016
41.88187716
41.89803516
41.90053659
41.92602236
42.14869834
42.22447151
42.34721139
42.35681638
42.40822245
42.44568953
42.52253090
42.67281922
42.71589536
42.71874562
42.75132588
42.78644960
42.89284536
42.91051172
43.11986268
43.14238739
43.21420374
43.37172121
43.46048552
43.48710846
43.55204770
43.55737162
43.56989361
43.70069500
43.70711833
43.84181273
44.03220507
44.33241048
44.35082939
44.43209826
44.54327582
44.94406244
45.20213568
45.26768313
45.32502706
45.34277417
45.39809471
45.40288720
45.44464581
45.47735139
45.48547965
45.53738401
45.56476207
45.71285955
45.78658276
45.79235360
45.83055472
45.98444021
46.04505825
46.06703008
46.20877433
46.32575715
46.34561942
46.44185090
46.47284783
46.50423465
46.54556194
46.60577805
46.60900143
46.61100096
46.63455508
46.63953189
46.77423968
46.83128940
46.98810369
47.02610549
47.06925279
47.18112373
47.20183816
47.26948923
47.44676150
47.98972448
48.02946285
48.16089168
48.17442113
48.28246905
48.30001762
48.34209000
48.35122715
48.41306799
48.44253229
48.48613405
48.48995119
48.54617669
48.63564954
48.80550677
48.88104513
48.88963073
49.00143992
49.01261840
49.03371241
49.11683291
49.21592646
49.45216968
49.57667470
49.76614020
49.79517723
49.86450554
49.91053280
49.94787797
50.03183045
50.21539987
50.22088388
50.22419072
50.25627961
50.31653585
50.39435600
50.59623847
50.85998373
50.97924184
51.06972664
51.10915891
51.11202596
51.11470490
51.18875811
51.26187501
51.31360733
51.31417867
51.37867063
51.43417280
51.50297815
51.50524634
51.52464390
51.52580571
51.54814699
51.66334775
51.74642791
51.75757563
51.76234312
51.95244740
52.02679073
52.04342816
52.49578084
52.55527619
52.64864973
52.80465442
52.95784864
52.97383319
53.28506619
53.34205244
53.49307036
53.55372449
53.59717718
53.59997591
53.67848630
53.69324509
53.70121959
53.73728922
53.74791323
53.75049236
53.80067914
53.91448654
54.03707440
54.11093076
54.16546666
54.27907566
54.29654173
54.30129221
54.32452924
54.37824262
54.49106851
54.56388638
54.58785620
54.84641087
55.09864134
55.16356544
55.18453009
55.24568494
55.30031919
55.30230932
55.47920225
55.57725749
55.60879140
55.66367721
55.73572701
55.76099956
55.83686517
55.88542987
56.09075144
56.09514631
56.17768735
56.18378027
56.32984641
56.33059746
56.38662548
56.56768534
56.72061657
56.85401562
56.86368196
56.87132684
56.94416700
57.12634059
57.16883474
57.30847781
57.31534868
57.32901363
57.44718758
57.57201394
57.71799394
57.72417962
57.73955745
57.85339273
57.96842078
58.26185525
58.39898247
58.66563184
58.67219554
58.67397256
59.05663463
59.13198777
59.29870406
59.43571448
59.50026190
59.52916748
59.52976013
59.54740807
59.58251856
59.60905184
59.64406948
59.65757384
59.70846286
59.76272306
59.81164446
59.91406068
60.00772139
60.11403053
60.21401932
60.32403943
60.44344191
60.56729248
60.65218925
60.73806141
60.78043117
60.78175985
60.81029900
60.85941230
60.89448756
60.90547683
61.11962091
61.16059995
61.17951856
61.27806031
61.51585468
61.61258302
61.67042948
61.68308433
61.76568904
61.89985455
61.90163048
124.00000000
