0.03342556
0.08095848
0.30964634
0.33819335
0.38047460
0.41635028
0.48455199
0.51100801
0.62675352
0.75497591
0.84436302
0.84905426
0.90088327
0.93053111
1.02442668
1.10121550
1.13065439
1.34803510
1.41654306
1.57708781
1.58602344
1.61761360
1.68772948
1.83354826
1.90083941
1.91602079
1.98511741
2.00752453
2.06755513
2.06959457
2.19947846
2.20171260
2.30314396
2.51192869
2.60851785
2.74114744
2.76738769
2.82498247
3.05572338
3.12301750
3.30629010
3.47533715
3.54899340
3.56307658
3.56839569
3.58500292
3.67556387
3.80093037
3.82738776
3.91182585
3.99030657
4.06575879
4.41792888
4.51499562
4.65225314
4.93834445
4.99989113
5.03171944
5.03359932
5.08713833
5.17550643
5.57287244
5.57775960
5.74894772
5.75661962
5.76907772
5.90923045
5.91167232
6.09972222
6.13902434
6.26654954
6.37924526
6.42667927
6.43053195
6.49996036
6.55211735
6.58609570
6.74223998
6.83417576
6.95606020
6.97694337
7.07745073
7.12922945
7.18888163
7.25339988
7.39469301
7.41195283
7.48995077
7.55771967
7.59580323
7.61083022
7.64149977
7.73729090
7.88852418
7.99486555
8.15730041
8.22040599
8.70161620
8.71410490
8.73177196
8.99475171
9.01373403
9.03645404
9.36178860
9.52808768
9.64445192
9.66556314
9.72183208
9.76086155
9.84614673
9.91395943
9.92713089
9.93355630
10.09813235
10.15157978
10.21068135
10.25881360
10.28419865
10.33720411
10.53668582
10.55669537
10.57331117
10.69990771
10.79855374
10.86691625
10.96794525
10.99025449
11.04528549
11.20164668
11.24196089
11.28617758
11.46003560
11.56439083
11.63677704
11.65518547
11.65968845
11.73956608
11.79971833
11.81815525
11.87418901
11.90977654
12.04798114
12.12313847
12.21366515
12.23706764
12.52047209
12.56071924
12.64402125
12.64562348
12.75131346
12.81788730
12.89803383
13.03148640
13.07090290
13.25938939
13.52560545
13.53807544
13.57246171
13.63461192
13.74921100
13.76701670
13.78019558
13.85025432
13.99810087
14.09744803
14.16161776
14.18091410
14.31322309
14.33945837
14.42345663
14.44158535
14.44449690
14.50556398
14.57704953
14.59895038
14.67266730
14.68296549
14.69939821
14.74509633
14.94931201
15.08104390
15.10374028
15.36021624
15.46624288
15.49659458
15.52907922
15.53020943
15.53726496
15.61982278
15.68382912
15.71889067
15.77167707
15.90551518
16.23368773
16.26802550
16.32016560
16.33879486
16.40640633
16.43666652
16.44849818
16.68952930
16.72029676
16.88809455
16.96556428
17.02018867
17.02952313
17.04158800
17.12381022
17.22204083
17.30426125
17.34205618
17.35607557
17.36505056
17.41846367
17.46587164
17.61617280
17.62406160
17.70910666
17.75820408
17.76232310
17.94519603
18.00950300
18.05258811
18.12688015
18.18951069
18.28260847
18.38416499
18.40649464
18.46358673
18.59098310
18.69723140
18.76498087
18.82057261
18.84452941
18.85132557
19.04300791
19.18321307
19.23263648
19.25485073
19.27745693
19.33353745
19.35402059
19.39581357
19.50234797
19.51397722
19.60624392
19.67948761
19.79829360
19.81950500
19.95797139
19.96875742
19.96882899
19.99299933
20.00406338
20.16124893
20.18445240
20.19203725
20.30908974
20.32273254
20.36408129
20.50317796
20.52257897
20.59563105
20.68064463
20.70886125
20.75746687
20.76772447
20.90923159
20.96992250
20.97931456
20.99591683
21.05273144
21.10684341
21.12675984
21.14677057
21.18873712
21.33422720
21.37404176
21.38335973
21.47620364
21.73734614
21.80043376
21.89103608
22.01092614
22.04542108
22.12741397
22.17575397
22.26274266
22.27329364
22.38313147
22.50785569
22.54640178
22.60183336
22.68038126
22.70945048
22.71029153
22.72810786
22.89428578
22.94466004
22.98616996
23.03285113
23.09592179
23.18811634
23.25631754
23.35061990
23.37776901
23.52889713
23.56443298
23.59295361
23.77546067
23.84110225
24.00959860
24.02556512
24.33716518
24.52868414
24.56505907
24.74981761
24.87798984
24.96137546
24.98592227
25.07635680
25.08080126
25.10681981
25.23351408
25.28715927
25.31780868
25.42040944
25.51535452
25.56491601
25.57664079
25.59726510
25.68994054
25.79058322
25.92561347
25.95887311
26.13871262
26.20052867
26.24909390
26.25616884
26.35216616
26.48343417
26.50878310
26.63663053
26.79375750
26.82310083
26.82318976
26.83163853
26.91398597
26.92650747
26.98817275
27.02693214
27.07737602
27.41394811
27.47414103
27.56947996
27.61674899
27.71488816
27.84455742
27.96642467
28.00843095
28.01566185
28.05820184
28.10526695
28.26852637
28.27168069
28.39298708
28.42343462
28.45534355
28.80111215
28.84167215
28.88757066
28.95905976
28.96046237
29.08345651
29.08808604
29.11358881
29.22748107
29.25566259
29.28006119
29.28646043
29.33544740
29.35195609
29.48731801
29.48836569
29.50449772
29.56122998
29.88998060
29.95122160
29.97372750
30.13238175
30.13441757
30.15207637
30.18033018
30.20525532
30.36074459
30.47237637
30.65609255
30.74456696
30.80400471
31.12762460
31.26168994
31.28312851
31.40860549
31.42995873
31.54592867
31.64307780
31.69244721
31.69802954
31.72451444
31.83168429
31.86259361
31.88567783
31.89131515
31.96133442
32.03582266
32.04559509
32.08698799
32.15403761
32.30615039
32.47948915
32.55209064
32.75025267
32.77060689
32.77825559
32.81252998
32.91323361
32.91882821
33.17785614
33.20690448
33.48972548
33.54939651
33.58858093
33.59312457
33.64196004
33.71694399
33.77125815
33.82697919
33.83989976
33.89038209
34.00363452
34.06670736
34.15564284
34.18564994
34.19921353
34.20478239
34.23055094
34.23888413
34.24258952
34.28324367
34.34586720
34.38740527
34.50426137
34.52120617
34.54205623
34.55872027
34.63064249
34.63256455
34.66442268
34.98678026
34.99832515
35.05257829
35.19930065
35.28561307
35.49060895
35.57492250
35.60460133
35.80667087
35.91322841
35.93885705
35.94539196
35.99286555
36.06129977
36.14983703
36.35370021
36.39667994
36.42251778
36.43820752
36.44410222
36.58088093
36.58600698
36.62290443
36.70249262
36.71321123
37.10219512
37.33197262
37.38384391
37.40244908
37.42088653
37.48632374
37.53527645
37.59349992
37.67438029
37.79810331
37.93070816
37.95326677
37.98873221
38.03473423
38.16951416
38.25337161
38.42021370
38.65641373
38.90137449
39.04418607
39.25066324
39.31715229
39.33113520
39.50466179
39.57611029
39.58284776
39.64352224
39.65307924
39.72769427
39.80573424
39.81540373
39.87997339
39.88144193
40.02604587
40.07552709
40.15858676
40.28218047
40.35686360
40.39342139
40.46363762
40.46941007
40.48837089
40.53506977
40.72960804
40.75218688
40.76277845
40.80033476
40.81285255
40.87690562
40.89097613
41.11337622
41.14209615
41.29997961
41.33686076
41.46161665
41.47312689
41.59226165
41.88902366
41.89468842
41.89842921
42.07940047
42.23899683
42.28955017
42.34925436
42.41682948
42.65996771
42.78766609
42.99656109
43.00807999
43.06710869
43.10352101
43.11827173
43.65617800
43.69708519
43.70324420
43.73807102
43.93832143
43.96367736
44.19560753
44.33135226
44.38207405
44.53337155
44.57379776
44.64318798
44.73262435
44.80645418
44.92384897
44.97881112
44.98926614
45.02111161
45.07883944
45.08190668
45.08226011
45.19542665
45.33152923
45.54882656
45.55148171
45.70327192
45.75668501
45.75863477
45.76349335
45.80473812
45.84830065
45.89322186
45.93616195
45.94950161
46.04734390
46.07302590
46.19081560
46.30335982
46.30516667
46.31405209
46.35440199
46.36382846
46.37487520
46.84280604
46.90602418
47.05790895
47.18131150
47.38765474
47.47834106
47.54690964
47.70044857
47.78526247
47.89522190
48.01418058
48.08210287
48.08636172
48.12794798
48.25375684
48.41862014
48.46584198
48.54577038
48.61217806
48.74183081
48.85203642
48.95193273
48.97083821
49.11292006
49.11774135
49.16821588
49.23193697
49.25168121
49.25805601
49.44413816
49.48289552
49.53397586
49.61458001
49.67151335
49.86958445
49.87517001
49.92611878
50.05992084
50.08835789
50.14910494
50.17338676
50.17833568
50.18359428
50.27103285
50.27578404
50.29573449
50.37057781
50.38053570
50.39118717
50.43327816
50.47545536
50.50666403
50.57040293
50.59935147
50.80781053
50.94438306
50.94741533
50.96890054
51.13078237
51.21065934
51.28954288
51.53393591
51.60134504
51.61528096
51.71058545
51.81164055
51.97061439
52.03269733
52.05879005
52.17249465
52.18517876
52.22348643
52.25422187
52.45969552
52.54267556
52.80966965
52.87059806
52.97431730
52.98227078
53.11392269
53.13369313
53.17744917
53.19569567
53.20613575
53.23938492
53.28273732
53.34492518
53.40750626
53.54296956
53.54903897
53.65337102
53.65449593
53.69661668
53.70645529
53.72635025
53.88451423
54.04406843
54.05035173
54.12247916
54.43983779
54.49075636
54.68477708
54.68956714
54.75980630
54.77187866
54.92164049
55.12209681
55.15235526
55.18453009
55.21040540
55.30790878
55.35981053
55.64176307
55.78417759
55.89594210
56.10443282
56.22215479
56.33262023
56.35112828
56.41462920
56.50509890
56.70605172
56.72906836
56.80378920
56.82109742
56.82758715
56.83255036
56.93849137
57.02257388
57.04089589
57.07686122
57.12983830
57.13532567
57.62806854
57.63746938
57.69131125
57.71799394
57.87413757
58.13367912
58.15187955
58.16949700
58.30066663
58.84112786
59.08564471
59.12280457
59.14071529
59.19347633
59.26153285
59.34740325
59.46296418
59.56974230
59.77212433
59.82513386
59.83970989
59.87112913
59.97853535
60.02876288
60.22831575
60.23618475
60.26099575
60.35534140
60.40288098
60.41276854
60.48262946
60.71728126
60.74980675
60.78712606
60.85252739
61.05429400
61.08371861
61.25477077
61.31979674
61.44806079
61.56719868
61.59132305
61.74963365
61.98980481
124.00000000
