0.02748569
0.04020356
0.07335635
0.45200536
0.52831612
0.60360739
0.72480385
0.74872045
0.79905031
0.81103529
0.89183825
0.95668983
0.97327714
1.09610628
1.14494606
1.28839331
1.33569701
1.35139476
1.39434183
1.64898372
1.69195048
1.76656267
1.80584860
1.82869243
2.09302339
2.10009975
2.10973433
2.15035397
2.18109423
2.18355072
2.18546676
2.26347416
2.28436292
2.38892026
2.44324172
2.45738923
2.46144315
2.47101363
2.47226089
2.50064890
2.52956643
2.57650144
2.67570119
2.71722131
2.77696131
2.83010247
2.85436221
2.86682376
2.94125452
3.30089229
3.36757271
3.39844471
3.41605845
3.59820518
3.61274850
3.61490514
3.64275144
3.64906886
3.71418380
3.74252963
3.82555805
3.87358266
3.92926827
3.97053810
3.97450835
4.06668789
4.22504973
4.24488302
4.62192341
4.63054962
4.79017940
5.01407630
5.03443750
5.04140613
5.04714017
5.07813722
5.10858908
5.13337698
5.23878497
5.27167133
5.33984119
5.39881769
5.48213312
5.72339563
5.76532701
5.80489263
6.04898854
6.19274044
6.40414094
6.45490856
6.59801298
6.60609114
6.68650788
6.75156888
6.84469347
6.86212708
7.25372566
7.37034596
7.40729663
7.45601272
7.60041598
7.63945666
7.68765369
7.77195113
7.78192781
7.90564525
8.03647527
8.13934124
8.21654186
8.28969041
8.44039328
8.54715797
8.63991576
8.68139170
8.74854227
9.28685326
9.43539831
9.48594214
9.91018596
9.95760621
9.98602968
10.08946013
10.15900461
10.16887713
10.17016489
10.24486369
10.32970156
10.42302131
10.46148630
10.59257241
10.61465722
10.71701457
10.73296940
10.81959045
10.83648488
11.01559569
11.05406231
11.12375328
11.14177956
11.14690974
11.21990301
11.35230752
11.40692516
11.41537055
11.51928212
11.68796691
11.70074961
11.72671247
11.73957264
11.83679879
11.86545760
11.97989216
12.07526957
12.10783425
12.12043727
12.24712943
12.28190449
12.37486269
12.42784054
12.50966335
12.55616800
12.60969184
12.89658385
12.98171111
13.11177776
13.15798552
13.24423420
13.77017914
13.82626260
13.96472046
14.02018908
14.03989279
14.19048591
14.19085392
14.25791559
14.35629709
14.40280100
14.46611727
14.61067799
14.84807332
14.87932576
14.90118723
14.90978604
15.03135636
15.04705590
15.08252374
15.12479152
15.15890466
15.23622856
15.29615228
15.34893783
15.41248786
15.59095152
15.64083819
15.67817914
15.77661383
15.79388380
15.81642412
15.86193170
15.90389945
15.92558195
16.09441329
16.13935997
16.19310551
16.20418928
16.25591691
16.34338325
16.44002927
16.62308665
16.99158708
17.02613744
17.05468844
17.20508268
17.34413416
17.69707647
17.70910666
17.90724167
17.93028477
17.93531321
18.02018868
18.06137125
18.09951786
18.14039395
18.22183153
18.26147714
18.31410376
18.42731207
18.46356955
18.47437166
18.51767805
18.92864708
19.04300791
19.18822134
19.21369451
19.22403171
19.24421219
19.24531608
19.24561135
19.33740267
19.34242830
19.40026343
19.44957139
19.45872065
19.52710289
19.69818654
19.72701163
19.84456947
19.84773860
19.88962550
19.92818172
19.92976074
19.95454640
20.05030180
20.14055683
20.20078085
20.31616584
20.35486285
20.36123282
20.65150702
20.68375957
20.76772447
20.91481174
20.92740294
21.03365095
21.05586742
21.13145818
21.17459397
21.32964757
21.34665352
21.79849028
21.84140978
22.09712173
22.23160625
22.25684472
22.33239227
22.35170875
22.38700772
22.45562895
22.61851009
22.64029001
22.66830155
22.97864472
23.06315293
23.08121923
23.12228398
23.18228522
23.24260194
23.47664492
23.48018533
23.48811472
23.58101347
23.64568806
23.71986716
23.80786436
23.82473389
23.98215007
24.02101940
24.05548998
24.24589936
24.26875807
24.43415906
24.44304470
24.48715250
24.50135819
24.55020353
24.65308283
24.66125640
24.67543827
24.67776564
24.82527561
24.99393363
24.99427787
25.03601037
25.18921707
25.40958384
25.64473708
25.69033891
25.81650764
25.82395729
25.91054816
25.96453817
26.15850241
26.48230768
26.50340043
26.78067662
26.91021007
27.13320309
27.20733030
27.29962823
27.32244936
27.38473856
27.46254805
27.59298718
27.63780879
27.67212049
27.70099996
27.72716338
27.78104703
27.87509010
27.96934833
28.03783990
28.10821938
28.47016869
28.48883534
28.54016574
28.58303213
28.59186150
28.60685716
28.68964381
28.81171836
28.87926570
29.00442877
29.00455201
29.05121463
29.07185753
29.16173046
29.16674532
29.26439768
29.32875120
29.46010390
29.54223268
29.56407371
29.74816703
29.75246096
29.82990804
29.85147555
29.96852057
30.06031224
30.09391932
30.09616799
30.10893913
30.26023528
30.27330901
30.28290091
30.38002256
30.64633682
30.75022133
30.87011733
31.03961009
31.20320765
31.22330385
31.27598250
31.33947536
31.52162258
31.61375117
31.62505042
31.63929928
31.66335093
31.69874173
31.70508994
31.70597656
31.74487343
31.87919104
31.95854721
32.20109803
32.41199473
32.42638214
32.43684139
32.69776900
32.85026138
32.87183212
32.98370891
33.16508824
33.21556493
33.30315970
33.36825771
33.38574130
33.47472482
33.56130935
33.70080821
33.77798041
33.92933652
34.03591528
34.04736006
34.04965613
34.12152117
34.13602613
34.14535443
34.23658919
34.24455501
34.40691001
34.56768851
34.60890650
34.73410456
34.74110575
34.87280817
34.98378292
35.18505466
35.22888833
35.46096610
35.47676587
35.52671188
35.56343008
35.82922560
35.83307836
35.85932054
35.91137733
36.12241197
36.16107603
36.17641726
36.41928052
36.42286654
36.44598014
36.56871831
36.64872146
36.65113408
36.66396153
36.71434097
36.80593667
36.83527501
36.85914255
36.88225062
36.95636475
36.95677362
36.97304319
37.11370603
37.11499960
37.25257981
37.48975887
37.52402152
37.57522100
37.61009412
37.65595664
37.68036724
37.70426097
37.73245369
37.91688270
38.13476040
38.22191803
38.22292391
38.31080372
38.33596420
38.38279681
38.40243050
38.57645663
38.57710382
38.81699970
38.86548584
38.98295877
39.08230481
39.29419950
39.35079212
39.36820873
39.39597218
39.57598674
39.63797892
39.64039876
39.73618488
39.90902200
39.90993855
40.29016119
40.29901066
40.33587935
40.36630280
40.39263104
40.60755940
40.69218920
40.71645071
40.79370616
40.81111283
40.91495822
40.96557040
41.08367652
41.45611417
41.45692537
41.69883655
41.72856139
41.74191630
41.87221341
41.97317118
42.05417258
42.19040069
42.33223971
42.37488401
42.43226129
42.56999418
42.71075699
42.80914267
42.85096395
42.88579278
43.08474146
43.11375531
43.16761319
43.22870892
43.37000309
43.40188557
43.43600518
43.69791759
43.87753892
43.95823350
43.97499443
44.13507799
44.17308408
44.19084078
44.28743553
44.37457904
44.39201265
44.54817434
44.64401116
44.70129348
44.70479258
44.99403917
45.01876264
45.21409052
45.22036885
45.46812877
45.58609658
45.62481724
45.66186465
45.70134082
45.96078576
46.01823375
46.13062061
46.13826954
46.15323704
46.21323757
46.33420212
46.36838218
46.39684608
46.43056774
46.76320107
46.81254377
46.85319728
46.87134827
46.91932621
47.01827172
47.15180212
47.20874916
47.22612944
47.26948923
47.58297216
47.59055961
47.66567277
47.74656697
47.93700867
47.98503152
48.05637923
48.14016426
48.17274478
48.22254621
48.22718699
48.46175376
48.56296191
48.57858196
48.60743916
48.64069988
48.74124220
48.88560655
48.93571321
48.98208601
49.04389154
49.33872166
49.37004666
49.37448688
49.53866909
49.72813067
49.82569697
49.87050818
49.90458918
50.08514521
50.20276558
50.21411064
50.43817105
50.56579008
50.66408259
50.80132158
50.84553876
50.85073058
50.85548550
51.02247045
51.05569278
51.10915891
51.32973451
51.36938869
51.39217548
51.50547163
51.50630361
51.53641443
51.59680307
51.63798639
51.63819279
51.68955246
52.02848325
52.06517537
52.07542355
52.27873960
52.32268653
52.41593170
52.52016620
52.68675452
52.68992627
52.74185984
52.76620346
52.80363422
52.91540755
52.95876769
52.97423401
52.97431730
53.17316421
53.24280434
53.30670665
53.31338654
53.32674863
53.32910815
53.41843401
53.47297084
53.50022382
53.55997624
53.72906829
54.07547351
54.16524091
54.18048857
54.25511556
54.25785530
54.44709535
54.47800029
54.61946307
54.81249626
54.82118119
54.87487105
54.88807586
54.94369849
54.95672939
55.02133841
55.28134078
55.28396390
55.35114882
55.41621386
55.44662513
55.47758946
55.51710401
55.53758171
55.55595976
55.57296866
55.79706352
55.93698012
55.96762009
56.01859217
56.06246378
56.10616350
56.17487648
56.20877114
56.31549468
56.41141303
56.45118800
56.57698818
56.64435932
56.91466998
57.12538220
57.16646223
57.21832528
57.36894942
57.46189372
57.60014081
57.69131125
57.71091818
57.75912591
57.89348703
57.97482451
58.24662881
58.24813927
58.43559890
58.51509568
58.58518879
58.84117074
58.85611829
59.06799150
59.11832877
59.15258072
59.15675966
59.16163189
59.22761952
59.25914069
59.31115216
59.31273045
59.38169264
59.41018377
59.53999953
59.56278636
59.59971767
59.67033294
59.81246095
59.84222668
59.86398213
59.91940425
60.09759815
60.13573771
60.16297717
60.20721152
60.28750907
60.30342251
60.36546333
60.39599840
60.44944622
60.46485135
60.47929621
60.65123537
60.69837565
60.78010266
60.80842706
60.84647362
60.95815099
60.99451076
61.04323621
61.08469687
61.13558108
61.13600253
61.41968956
61.46917814
61.81893247
61.92253038
61.99050671
62.05539543
124.00000000
