0.13431536
0.44639814
0.49353496
0.51232505
0.55957535
0.60872800
0.70919146
0.78922325
0.88409861
0.93016995
1.09608836
1.13412159
1.14639300
1.21279446
1.59352150
1.63634836
1.67341158
1.67762616
1.70728261
1.91218769
2.09035191
2.15059798
2.15738179
2.15891029
2.22506359
2.33515937
2.42572767
2.42869526
2.45194101
2.62355395
2.67570119
2.75303265
2.76074483
2.80865273
2.87731884
3.02672988
3.06691291
3.08749622
3.11438557
3.31480623
3.42428087
3.52229300
3.67035504
3.68784701
3.76815233
3.80282446
3.81122034
3.84072904
3.91948166
4.14722104
4.28717218
4.41929214
4.49685607
4.50233296
4.60385103
4.74755503
4.75527459
4.80896972
5.01846235
5.03070210
5.08069827
5.21963449
5.26416985
5.32046791
5.36220221
5.40633629
5.44611522
5.74035524
5.76882441
5.82122580
5.86276082
5.86729818
5.96850701
6.00124175
6.02300595
6.03881162
6.04104354
6.13687882
6.22293727
6.25618160
6.27673709
6.40076711
6.55910904
6.58909786
6.67614618
6.84500489
6.92933319
7.09488135
7.12715013
7.27551530
7.28120729
7.36813182
7.46459701
7.55862912
7.56119920
7.60922257
7.63331413
7.78947235
7.80994292
7.99993809
8.00177027
8.07974323
8.09979474
8.16612277
8.16680934
8.17417439
8.19244815
8.25425687
8.33746825
8.34047464
8.59177438
8.61135236
8.61951857
8.80220546
9.44550161
9.47389110
9.50052316
9.51185537
9.60243063
9.79662747
9.84637911
9.92366150
10.09222688
10.12919328
10.13330723
10.32245255
10.40879627
10.56377921
10.67103943
10.83375794
10.84420441
10.93276126
10.97076683
10.98042700
10.98129902
10.98574255
11.01219280
11.03374654
11.16012746
11.24584148
11.34683493
11.41339685
11.51270807
11.56178178
11.58129811
11.64677784
11.65968845
11.74493470
11.85248770
11.92746013
11.99537843
12.23472466
12.61066070
12.70292180
12.77337822
12.77456421
12.84219127
12.98866261
13.16157153
13.27185313
13.62456676
13.67668424
13.69569173
13.71372413
13.74598243
13.75034581
13.91282574
13.96515465
13.97866527
14.06948521
14.10274362
14.52105711
14.52484027
14.62720005
14.90784603
15.03419450
15.06229841
15.06820124
15.23987626
15.33946435
15.53053949
15.59486457
15.66744566
15.75254101
15.84462845
15.94047231
16.01110311
16.07151617
16.08689450
16.09579314
16.22484149
16.33074600
16.41473782
16.53137578
16.54145543
16.62535303
16.69131909
16.85878518
16.93583609
17.05580282
17.09111301
17.16851673
17.20093607
17.29088442
17.39313356
17.49058131
17.51928087
17.52562827
17.78421145
17.84524693
17.84813352
17.89341984
17.90825904
18.17186004
18.22769310
18.29311145
18.37253588
18.37528806
18.40612004
18.42579125
18.49728788
18.64155023
18.64738003
18.66134921
18.72191413
18.78099177
18.85908311
19.03934232
19.16295683
19.40545947
19.43211829
19.51427001
19.70793642
19.76020344
19.88424263
19.91594249
19.92582847
19.98873903
20.04544432
20.20019150
20.32680919
20.34197014
20.38126129
20.39041251
20.39513285
20.43111896
20.53981412
20.55738127
20.59191981
20.92740294
20.94641573
21.08304684
21.27223023
21.27997472
21.34694919
21.59049848
21.64010570
21.66255174
21.68494218
21.91249619
21.92718129
22.05401537
22.21375098
22.22202965
22.32999643
22.33897836
22.41512057
22.44077191
22.49643788
22.68009176
22.82404544
22.94157771
23.02084028
23.11154166
23.18811634
23.27561859
23.33124591
23.39931125
23.43516814
23.58259609
23.80985547
23.92497540
24.11361799
24.19405187
24.30217374
24.32367188
24.42691252
24.50065446
24.56799232
24.73639851
24.81407715
24.83330439
25.00617952
25.03081110
25.16610957
25.19823047
25.20492396
25.25529707
25.27032185
25.43013555
25.43130490
25.45434359
25.49326808
25.68035759
25.71607873
25.84284235
25.94874599
25.95085696
25.98568139
26.18126618
26.23549023
26.24591548
26.30992737
26.31381926
26.37961085
26.41690765
26.44313071
26.49181688
26.53812389
26.56560243
26.58529257
26.65170945
26.74057681
26.79910923
26.91011441
27.01969781
27.04838331
27.15780140
27.16744537
27.30970255
27.32520339
27.38234107
27.64878650
27.70804356
27.71008072
27.92278299
28.05188206
28.08569548
28.19944356
28.39138658
28.47618323
28.49207889
28.52520672
28.56594852
28.65070541
28.68359703
28.69982171
28.72573142
28.75304135
28.75656283
28.77099080
28.83075400
28.94265911
28.98068485
29.00857382
29.01624460
29.04001665
29.06536086
29.24816696
29.38614028
29.50407389
29.54731270
29.76931950
29.81040470
29.86630581
29.93481234
29.95138763
29.96047621
29.96427757
30.08587755
30.28181204
30.45936715
30.72810246
30.77662329
30.80255352
30.90056488
31.14689255
31.22481270
31.28277653
31.45965576
31.46239352
31.98692965
32.03527532
32.07069164
32.07294196
32.17375289
32.17433152
32.21932047
32.33443114
32.71496579
32.73771967
32.89604585
32.90643424
33.05673608
33.05830730
33.17815746
33.22962809
33.27098392
33.33512598
33.34433697
33.35525639
33.36303532
33.42133332
33.43639286
33.53438733
33.57741478
33.59438407
33.81185832
33.89445674
34.22915014
34.42262439
34.44122776
34.45533204
34.48345919
34.48813751
34.49978723
34.54803827
34.55541626
34.62962774
34.64255555
34.82640843
34.93751187
34.97074932
34.99910707
35.04784608
35.15543293
35.21854982
35.23739893
35.27433007
35.57985863
35.78665869
35.94539196
36.22574760
36.29940952
36.32588765
36.34863603
36.47424078
36.52719088
36.55951137
36.62826137
36.75009038
36.81282545
36.83561371
36.92877474
37.02825642
37.06630825
37.10895713
37.12710364
37.19394072
37.19630472
37.31062260
37.40876327
37.42826995
37.54432433
37.59766949
37.66624904
37.74760324
37.75530412
37.75843849
37.78065008
37.88064047
38.00785225
38.01249351
38.02354825
38.10200884
38.12447475
38.25821311
38.37894229
38.39230731
38.43467583
38.50223293
38.55896527
38.63200859
38.70693613
38.71029603
38.84706039
38.87376455
39.32402519
39.33113520
39.35099970
39.37718068
39.40918061
39.45122388
39.48454112
39.53778696
39.58128716
39.58259759
39.62507345
39.67067678
39.73764530
39.81235447
39.86149969
39.92546018
39.95194852
39.97409372
39.97949788
40.06972275
40.09264579
40.09787430
40.11554901
40.30513362
40.30563741
40.69453018
40.80990573
40.81208403
40.96132819
41.01493411
41.24489267
41.47202597
41.58256189
41.65546641
41.68003586
41.75630142
41.86807393
41.93045612
41.93425655
42.07276138
42.07940047
42.13371989
42.18388415
42.29175976
42.60641342
42.71516486
42.77205611
42.80558239
42.86287124
42.90627389
43.01860348
43.04838939
43.05473660
43.06101358
43.06235073
43.18549507
43.24869882
43.37725009
43.51683990
43.54437718
43.54747553
43.63683779
43.65291758
43.75547566
43.85697708
43.88019860
43.93108064
43.97369431
44.13315540
44.20943381
44.30215579
44.44379255
44.54534317
44.59708162
44.64257500
44.71710694
44.77537566
44.77981954
44.78435534
44.80995099
44.85536920
44.91251637
44.93014217
44.95365115
44.95821296
44.97649254
45.12123391
45.22052655
45.27932907
45.34870106
45.46505428
45.49930969
45.56238003
45.64989062
45.69431757
45.71053382
45.92534906
46.02552047
46.22273384
46.26359700
46.43807169
46.76138035
46.84462645
47.25684317
47.27721254
47.30676433
47.31491680
47.57909577
47.98145231
48.01501539
48.07257736
48.08254089
48.57281796
48.66991975
48.74397584
48.81939385
49.08092142
49.11223727
49.14413728
49.27820942
49.31897657
49.48546252
49.61045882
49.63028845
49.70194914
49.98620483
50.14910494
50.30508308
50.30524185
50.30769659
50.67053665
50.70365416
50.81768043
50.85073058
50.87254264
50.97447211
51.01200116
51.11451317
51.11662869
51.33591087
51.36938869
51.41985973
51.50090596
51.53410809
51.65477270
51.75155859
52.01210181
52.11057613
52.14352285
52.29358138
52.30902264
52.31930124
52.48592317
52.50170696
52.54785920
52.65910839
52.70170529
52.81766997
52.94077952
52.97410610
53.02177030
53.05887971
53.22109747
53.22334110
53.24494023
53.24827570
53.27826486
53.30349634
53.39466036
53.39843560
53.48032043
53.54462994
53.60114906
53.81944995
53.82216238
53.87613634
54.13463660
54.17093205
54.45819933
54.50007935
54.51932952
54.57644774
54.68049896
54.74115760
54.84292829
54.84487723
54.97144073
55.03617485
55.07525367
55.31948614
55.34663342
55.41084312
55.55688761
55.58487925
55.65127250
55.82623383
55.83300776
55.86935605
55.89440225
55.91083995
55.92530106
56.00982911
56.04379077
56.21381375
56.22307262
56.28264299
56.37025760
56.67765172
56.79181045
56.80201317
56.81387979
56.82553191
56.85586481
56.89611160
56.90297547
56.92039581
56.93341482
57.17784346
57.32532832
57.36038836
57.36404843
57.60185233
57.66662785
57.83978420
57.88089776
57.89348703
57.99493673
58.19375397
58.38195934
58.47715982
58.54557149
58.55954588
58.58869824
58.64506073
58.74740886
58.76476211
58.80020141
58.81870916
58.92188656
58.96262826
59.08564471
59.24517226
59.32528555
59.40389325
59.62326196
59.63321276
59.78418492
59.88393404
59.96341699
60.00381180
60.17592342
60.20659420
60.26129602
60.66259067
60.91401292
60.92465296
60.94786636
61.00576535
61.02808588
61.11545094
61.12950426
61.25728691
61.29697390
61.32801914
61.35174357
61.35443565
61.36930973
61.45906052
61.46143607
61.51820244
61.52216960
61.53934190
61.57199452
61.81036144
61.82426376
61.89237085
124.00000000
