0.15207155
0.50865381
0.75301577
1.13759683
1.20866703
1.22544654
1.23491575
1.41709388
1.64558148
1.64898372
1.69718732
1.78248174
2.05291494
2.16641520
2.17415626
2.21061006
2.39254311
2.40445740
2.57456959
2.59912262
2.60902473
2.61711301
2.62930282
2.91051396
3.04782687
3.07821701
3.08122253
3.44940970
3.52450951
3.56481796
3.57811875
3.57919229
3.89100333
3.90052287
4.08009087
4.20550502
4.24488302
4.51556741
4.59940451
4.74799703
4.95341265
5.01333370
5.04584037
5.34063701
5.45115262
5.53500935
5.54044903
5.60394969
5.62026920
5.74529088
5.80762569
5.82132559
5.83182965
5.85743425
5.88203196
5.91095788
5.91752515
5.98349017
6.15916136
6.28839218
6.52523831
6.52836921
6.54770247
6.59415679
6.62973725
6.67926132
6.70222248
6.71348552
6.77253712
6.84021393
6.85696145
7.02758471
7.13981339
7.23284928
7.24444043
7.30281657
7.35407539
7.37199724
7.46871654
7.62292131
7.71112861
7.86121095
7.89340513
8.08243566
8.13377341
8.20638217
8.31683575
8.40641630
8.45322545
8.75378647
8.80035754
8.91357604
9.01373403
9.08758898
9.10654534
9.30397863
9.46892153
9.56259182
9.56695224
9.66802111
9.81485034
9.95293965
10.05030226
10.17612186
10.23987971
10.26684379
10.27932918
10.30070634
10.36141572
10.46613785
10.54938930
10.56931152
10.59253026
10.62323474
10.66214370
10.92032130
11.26803964
11.27659521
11.28531210
11.45531617
11.46160534
11.49055034
11.49402220
11.66545762
11.75589398
11.76225820
11.78689651
11.92614861
12.03702455
12.06784989
12.10701438
12.14231259
12.28812088
12.35230473
12.39053435
12.40481255
12.42699669
12.46999484
12.48527952
12.51328630
12.69942038
12.70408864
12.80918679
12.87948769
12.93063579
12.93605071
13.12453078
13.16645883
13.27214903
13.27781929
13.39439376
13.54062256
13.57789966
13.98514412
14.24784731
14.26808110
14.52665546
14.53803337
14.75718586
14.86174243
14.89029941
14.91324780
15.16353856
15.16981056
15.21512971
15.31266579
15.31766749
15.47463303
15.51069357
15.56676230
15.62432767
15.98163613
16.18716804
16.23695011
16.29083639
16.31070288
16.33528834
16.41426336
16.58117561
16.82287529
16.87418622
17.03660699
17.10827291
17.25276639
17.28713843
17.33373110
17.66498850
17.76609439
17.91467312
18.03870689
18.15858087
18.23725938
18.33670004
18.39468494
18.50302211
18.61211549
18.72000811
18.75118931
18.77109938
18.80765842
18.80830049
19.02391494
19.18673691
19.20262243
19.24561135
19.32431915
19.34820112
19.41035976
19.46982421
19.63067236
19.70003136
19.86755337
19.91597864
20.00164895
20.05402559
20.05855102
20.14056301
20.19176722
20.46767136
20.50157020
20.68064463
20.81312108
20.95721418
21.04693695
21.05502979
21.28029416
21.56738382
21.65221568
21.66729704
21.70688123
21.71792395
21.75401267
22.15269121
22.19274861
22.22024243
22.23327259
22.39306371
22.59333251
22.60406341
22.62444181
22.70839594
22.73028062
22.83361633
22.89223000
22.89356055
22.89543589
22.95935525
23.14366870
23.14409745
23.24874565
23.28390234
23.47103535
23.70099717
23.77337353
23.80825562
23.80860327
23.82499171
23.94284701
23.96508898
24.02221375
24.09929594
24.13201355
24.29659999
24.59737925
24.60440771
24.68560858
24.74125785
25.05925855
25.15361256
25.33832410
25.35639762
25.36350130
25.65701820
25.69201271
25.72832963
25.79419251
25.79885287
25.92288013
25.93121958
26.26274002
26.53031567
26.55936813
26.73025876
26.78967023
26.92430176
27.29328617
27.38223858
27.62844234
27.94000715
28.25343385
28.26496384
28.33303436
28.33547257
28.50279546
28.53397147
28.53550307
28.68259133
28.87437789
29.06830641
29.07296477
29.17713145
29.28935771
29.29233163
29.42746082
29.47697940
29.67104882
29.77346824
29.81047010
29.84505014
30.03844099
30.05917503
30.32037793
30.38002256
30.43786468
30.46327531
30.67144477
30.70561705
30.90848370
31.10537511
31.14208076
31.16108414
31.21687977
31.35658223
31.40124928
31.42733229
31.75792072
31.81547597
31.83168429
31.96133442
32.07686244
32.11145458
32.26337443
32.44714607
32.56538029
32.72676466
32.82761571
32.88630625
32.91323361
32.92330957
32.93368484
32.93757346
33.01562097
33.07272377
33.09663181
33.20904958
33.21555065
33.26385638
33.27412458
33.37862269
33.42596849
33.52536759
33.54939651
33.55888262
33.58174946
33.62952290
33.73994305
33.83716076
33.85487165
33.93749712
33.95494387
34.11025997
34.37170365
34.41100138
34.45533204
34.53390350
34.60696181
34.66007443
34.71732076
34.83219704
34.86103178
34.86569471
34.92742848
34.94420038
35.00359644
35.12873660
35.20451006
35.20462272
35.36391503
35.38599591
35.40267944
35.45860790
35.70036733
35.90385888
35.92300923
36.09682966
36.15300154
36.21193626
36.22005808
36.39900675
36.67875490
36.74515042
36.89058224
36.92050225
36.92215612
36.97501184
37.18373926
37.22658412
37.24983929
37.29058696
37.36239186
37.46778555
37.48865382
37.53052491
37.64348533
37.65074850
37.73245369
37.86623675
37.88264817
37.91543370
37.93612737
37.96208242
38.00167220
38.00339988
38.03309251
38.04171313
38.26488557
38.31057488
38.40310306
38.43866548
38.56137127
38.60973357
38.63212559
38.68382926
38.73882608
38.74891654
38.78919937
38.81564313
38.94057306
39.00575486
39.12919116
39.35387254
39.41571089
39.45929137
39.60231556
39.69278238
39.70597666
39.71837279
39.92319050
40.01029054
40.04269179
40.25849587
40.55782506
40.81554305
40.93264166
41.28677018
41.32094357
41.37050093
41.62571861
41.71832988
41.75820149
41.76179939
41.76867835
41.79381900
41.95926190
42.01886658
42.13318607
42.19040069
42.22245433
42.53765575
42.91875329
42.99656109
43.20412205
43.21341752
43.24642592
43.36753379
43.42147792
43.50310241
43.50366816
43.82038669
43.86328230
43.91236152
44.02947844
44.10491688
44.24130094
44.37335892
44.39922985
44.43694410
44.43965002
44.50990822
44.62312478
44.63207583
44.64842174
44.68150890
44.77775062
44.90492328
45.07187830
45.08521428
45.15903960
45.32857888
45.33152923
45.34850968
45.37952571
45.39809471
45.50242589
45.51790098
45.54990474
45.57876471
45.86126985
45.86255418
45.91120646
45.92606446
45.94683735
45.97118892
45.97539061
45.98586812
46.03759110
46.12395169
46.29622635
46.29744821
46.53307938
46.66683220
46.70406020
46.71809574
46.72189674
46.77106473
46.88058822
46.88340208
46.88432366
47.09616911
47.09832974
47.15677934
47.22612944
47.32745073
47.36331153
47.39829795
47.52924636
47.66395040
47.68592784
47.69382599
47.79610163
47.81968684
47.82930530
47.88376369
47.92099406
47.98032156
48.04679961
48.05076698
48.28798348
48.32904681
48.42348014
48.43423351
48.51373563
48.57885234
48.61820224
48.61903153
48.77489180
48.81846669
48.81939385
49.01261840
49.13069542
49.20718980
49.41190141
49.60095652
49.63901281
49.68074650
49.82174043
49.94327599
50.05956537
50.05961590
50.13797933
50.46757372
50.46980274
50.47953217
50.48550668
50.58419445
50.59280236
50.72848105
50.75937412
50.79909999
50.81470678
50.82931417
50.93781617
51.12871587
51.21303776
51.33472475
51.34181819
51.39626949
51.66120038
51.75356995
51.82712486
51.91428368
51.93251303
52.02441968
52.04979685
52.08336755
52.23550520
52.25572181
52.36541694
52.43373383
52.50600435
52.53307607
52.63525447
52.64921582
52.78990936
52.85425201
52.90358943
53.33800087
53.35990724
53.36371671
53.59304496
53.62986598
54.02065646
54.06065757
54.14863351
54.17331962
54.18958287
54.33212263
54.37328195
54.51167294
54.52603043
54.58796667
54.76661422
54.79569797
54.97594415
55.10447283
55.31345552
55.34444657
55.41429563
55.57451901
55.68232398
55.71264464
55.73503755
55.76252820
55.95522516
55.99848882
56.11891372
56.18271125
56.22215479
56.26279666
56.40472387
56.41513492
56.72997207
56.75825140
56.80546436
56.83650302
56.89565700
56.94292175
57.02763581
57.15305069
57.22825670
57.24957453
57.36466404
57.44056413
57.56440014
57.62363550
57.62803716
57.74743896
57.92204757
58.01346863
58.10187472
58.17126847
58.46865222
58.52819066
58.52839117
58.53873424
58.54288064
58.54697707
58.57539917
58.60772563
58.72141703
58.79553594
59.04239708
59.13975734
59.23462343
59.24687764
59.28845144
59.35788574
59.42855440
59.48340322
59.54595298
59.63015345
59.70383718
59.75937062
59.81516801
59.97903304
60.00494373
60.09743056
60.12956246
60.13117326
60.15757271
60.20468082
60.30675465
60.32582050
60.35447315
60.38598721
60.54062514
60.54921573
60.63196190
60.68418193
60.90134383
61.07090868
61.17038982
61.32693224
61.38471082
61.40747476
61.43503117
61.53223316
61.61861902
61.63191737
61.66661112
61.67472542
61.69772663
61.70761540
61.72806651
61.81849707
61.89024277
61.97187831
62.18014092
62.24106137
124.00000000
