0.00121216
0.03810169
0.05547034
0.13715067
0.19457120
0.28163292
0.38817415
0.53116807
0.61584619
0.70919146
0.80671972
0.82901531
0.88316376
1.02673982
1.05036772
1.11108392
1.16369342
1.17759004
1.25170933
1.29483623
1.33299843
1.63770552
1.77380267
1.79901938
1.87520986
1.89904445
1.94397752
1.99200735
2.01059736
2.05007793
2.29732615
2.44557238
2.50078178
2.50937414
2.72230238
2.78413440
2.87134579
2.97291580
2.97654176
2.98059418
2.98269216
3.02541685
3.14377726
3.21126065
3.28984131
3.32255887
3.34650710
3.54920648
3.68933741
3.74580586
3.83420315
3.86224953
3.93588187
3.99430890
4.13500653
4.15307524
4.15555722
4.23281320
4.23305968
4.27509215
4.37648709
4.40358212
4.41290807
4.45720468
4.55346178
4.58667473
4.61965563
4.73769631
4.93770814
4.94096928
5.03930748
5.05254123
5.15273966
5.15460055
5.20451420
5.22826516
5.25626311
5.26156763
5.27980940
5.28246329
5.28549913
5.37737147
5.37855338
5.43705993
5.53140376
5.63008753
5.67177160
5.67648258
5.69502634
5.72369264
5.84359209
5.95296665
5.99319735
6.01819445
6.08593484
6.11232435
6.26853636
6.28447142
6.32230567
6.35948242
6.43509758
6.53753698
6.65021080
6.89899067
6.96946935
7.00365860
7.11164692
7.12479835
7.30281657
7.56255852
7.59136269
7.60777109
7.61354026
7.61827737
7.84632414
7.89340513
8.06800350
8.18067270
8.54258558
8.54928721
8.81020215
8.86828268
8.87047806
9.03645404
9.05720010
9.08193587
9.28504283
9.43737755
9.46191584
9.60326195
9.63018919
9.63644949
9.66556314
9.71586004
9.86127703
9.95760621
10.13446255
10.17091265
10.33460535
10.48595816
10.87223691
10.96111434
10.98574255
11.25969421
11.30033355
11.32175069
11.35212329
11.52609958
11.56049791
11.84693215
11.88202689
11.89015694
11.93946057
11.97836983
11.98909228
12.22884456
12.47550262
12.57322114
12.64948262
12.79318581
13.01564707
13.02303729
13.03453091
13.10994717
13.23028782
13.43691743
13.44673392
13.47369437
13.49894272
13.50202000
13.59679162
13.62474648
13.73368243
13.90903608
13.92851078
14.01096457
14.03451126
14.09057103
14.21677953
14.31056508
14.49682935
14.64199711
14.71807386
14.78308323
14.83877804
14.90273122
15.01282901
15.04538772
15.09288352
15.22101352
15.24439903
15.39400241
15.46870254
15.54989418
15.59892400
15.91808942
15.97663782
16.07617041
16.41385819
16.58985356
16.62774788
16.90917071
16.92079317
16.96681317
17.02295700
17.08229656
17.11098842
17.16086772
17.22265734
17.25616671
17.26829168
17.29982174
17.34395358
17.52385728
17.54515485
17.65411447
17.78337831
17.79669793
17.94680626
17.98622889
18.13678140
18.43877283
18.45731851
18.49419256
18.54229568
18.66857593
19.04472891
19.29548705
19.30405124
19.34079994
20.13424325
20.20421972
20.25319937
20.35409550
20.36544672
20.58286479
20.61911117
20.64646552
20.74944658
20.75746687
21.01183737
21.01202656
21.02826920
21.03268506
21.11959296
21.23137505
21.23925377
21.24624327
21.29504582
21.33958092
21.41424992
21.45335767
21.50694373
21.54746171
21.64724966
21.66874988
21.67890714
21.77841747
21.91552431
21.97762962
22.00259157
22.46724237
22.69195809
22.73808211
22.75874191
22.77105054
22.84485702
22.96530485
22.97312645
23.02027989
23.03523792
23.06236740
23.06673067
23.11226841
23.16266714
23.16345415
23.29997527
23.35855430
23.63755695
23.69955065
23.80786436
23.93761375
24.11191073
24.17158523
24.39872667
24.42135514
24.52503986
24.59477584
24.69232651
24.71147556
24.78091852
24.83388994
24.84455337
24.87299380
24.93957243
25.03782911
25.42951505
25.45505103
25.47034478
25.60057445
25.75031703
25.79058322
25.88561095
25.92218789
26.07564258
26.19964594
26.43364911
26.54326248
26.60952666
26.75612920
26.82446818
26.83641224
26.84319239
26.97151646
27.53081293
27.77449938
27.80082482
27.81494278
27.83116322
27.97916747
28.05965646
28.10821938
28.11882551
28.27297923
28.27605324
28.28177098
28.33312407
28.37852709
28.38971915
28.46167364
28.64616890
28.66972084
28.77759263
28.90414284
28.90523149
29.09537428
29.14352028
29.25500675
29.39551853
29.47602622
29.50368390
29.52321455
29.53235566
29.56054191
29.60308783
29.62509539
29.65584629
29.93928963
30.12023243
30.19301480
30.23762235
30.25426888
30.27946537
30.27965848
30.33708160
30.39086413
30.58935607
30.60826330
30.63733203
30.66660102
30.67066350
30.67265287
30.80255352
30.91904127
30.92434425
30.96205470
30.97052522
30.97374221
31.10054127
31.29423663
31.51317345
31.57811600
31.58722550
31.65414045
31.75069380
31.84217505
31.87508030
31.91030201
32.28155667
32.30723565
32.49481003
32.52476676
32.54214537
32.55305787
32.77920318
32.81502647
32.92368081
32.94135394
33.06073276
33.08587296
33.11754041
33.19893749
33.29811398
33.33259094
33.43516646
33.43652677
33.56149491
33.65167465
33.65664371
33.65684842
33.73650969
33.74751117
33.83716076
33.99792573
34.01716456
34.03216856
34.08474554
34.10238396
34.20489552
34.30993605
34.31931333
34.35382422
34.68999061
34.87532601
35.04464706
35.07296770
35.31876961
35.31945715
35.36083299
35.45901651
35.48358490
35.57985863
35.64345221
35.67195867
35.80652730
36.14983703
36.16498525
36.18939424
36.24781736
36.47992364
36.56075679
36.59902036
36.61028392
36.62290443
36.66775320
36.74376161
36.76944223
36.92227292
37.03068112
37.16073280
37.23749481
37.27342353
37.28503591
37.29793613
37.31353160
37.43889143
37.45726758
37.46632527
37.54355102
37.67438029
37.73740120
37.89312597
37.94700149
37.96583581
37.99734200
38.13605800
38.31030621
38.31626941
38.32173092
38.32769546
38.52827477
38.65429027
38.68382926
38.79685370
38.91663893
38.92439335
39.01948843
39.13338178
39.27236327
39.39597218
39.44009750
39.47881864
39.50466179
39.74684156
39.77621707
39.90722240
39.96906124
40.11554901
40.19665717
40.25010052
40.39605948
40.51682020
40.52540004
40.53172241
40.86425030
40.98287738
40.98490055
40.98800257
41.03197568
41.21175299
41.23002575
41.33881146
41.39301576
41.54176701
41.58682762
41.66331423
41.80234581
41.80280013
41.90507602
41.99641094
42.04405168
42.16139775
42.20176364
42.28965963
42.32556389
42.33929253
42.34360047
42.58387521
42.65863696
42.67847521
42.72366663
42.73748034
42.74370979
42.75660650
42.91642036
42.94074124
43.12167391
43.21341752
43.21442160
43.53351272
43.53471778
43.57526455
43.67735462
43.76549327
43.80314344
43.97369431
44.00317902
44.01819334
44.03220507
44.17983898
44.28995554
44.29667385
44.30624812
44.45692243
44.46686650
44.48813250
44.53337155
44.54311580
44.63295280
44.69746616
44.74997252
44.80645418
44.87062643
44.93495021
45.01860883
45.16814223
45.31447911
45.34387346
45.39429858
45.43642415
45.60251695
45.62783774
45.66891289
45.68468740
45.69293715
45.75926763
45.82757512
45.94758582
46.12374739
46.20877433
46.22321836
46.45990064
46.48672216
46.50534371
46.51416483
46.57828600
46.67795638
46.74282619
46.83649969
46.92747796
46.94315815
47.02917600
47.31746060
47.43082157
47.78185895
47.81166495
47.81968684
47.97826628
48.13275496
48.22932208
48.24651336
48.31544039
48.32904681
48.37868662
48.42507555
48.44925379
48.81331728
49.06881495
49.08092142
49.18896303
49.27405432
49.29081473
49.30073002
49.36358563
49.48844531
49.54795755
49.72603890
49.80083221
49.91361658
49.97649419
49.98716223
50.11888711
50.24039358
50.42270210
50.47317442
50.52224739
50.63103357
50.86991854
50.90717656
50.94142803
50.96504727
51.04322147
51.10452983
51.13546727
51.21598001
51.36150656
51.60203282
51.60294363
52.00179898
52.04860076
52.05204100
52.14700046
52.21557831
52.28549348
52.35136920
52.40158761
52.50409445
52.75214869
52.75985748
52.84287829
52.90955430
53.05886890
53.13373097
53.24788375
53.33361665
53.34251066
53.53327062
53.59481659
53.77607515
53.86882018
53.87613634
53.96635800
54.00430756
54.10390882
54.20272509
54.35951653
54.39034370
54.39618729
54.54221071
54.54595048
54.63471532
54.67199534
54.74474423
54.97298800
55.02318460
55.11925342
55.12431347
55.25720771
55.26623147
55.30589344
55.40994969
55.42263094
55.51024029
55.63047454
55.78733207
55.92870515
56.00314821
56.10365447
56.10616350
56.12708525
56.27810981
56.45118800
56.46296870
56.48893637
56.52866541
56.57698818
56.81934227
56.82908624
56.99005304
57.21939133
57.29424494
57.33976628
57.37179923
57.43708900
57.45080891
57.56550473
57.64048896
57.86656212
57.89152758
57.91953143
57.98936959
58.00644244
58.02463202
58.11027120
58.24356468
58.24954579
58.26198205
58.33155118
58.37227463
58.44229847
58.63802903
58.79431325
58.94952696
59.06533688
59.14355464
59.23696804
59.24688633
59.28954738
59.35962151
59.49154693
59.59617264
59.62832680
59.66566207
59.90010317
60.19892384
60.20268345
60.37201799
60.39066271
60.43400355
60.48699702
60.87047001
60.89834383
61.11638859
61.23269778
61.26599134
61.38836800
61.49512310
61.67724098
61.75460450
61.93812856
61.93835120
62.00384796
62.18431953
124.00000000
