0.09050989
0.14556340
0.45975183
0.47769397
0.62265796
1.10338992
1.21039933
1.27839584
1.38383649
1.38560717
1.74905287
1.87950968
1.89377835
2.04566248
2.08104205
2.12412575
2.13019797
2.14243611
2.24085584
2.28152736
2.33865088
2.40239036
2.58838345
2.59034082
2.60902473
2.86440855
2.89084427
3.01423107
3.01629716
3.11786210
3.48845510
3.65679464
3.74293630
3.94453391
3.99197447
4.10158752
4.30922526
4.32331861
4.36459197
4.49958607
4.52144158
4.96566137
4.97653415
5.03032019
5.06128883
5.13778670
5.23304064
5.24071272
5.40320552
5.43999160
5.49677493
5.51580518
5.62463322
5.72758341
5.75762549
5.94517207
6.07385081
6.15412402
6.27673709
6.36077923
6.42743764
6.51987557
6.60651625
6.63276010
6.64664575
6.71633219
6.86083921
7.06314995
7.19352842
7.25647109
7.41420647
7.59580323
7.64028660
7.67771733
7.70644531
7.77717515
7.96862062
8.05678272
8.21557463
8.29787819
8.34942505
8.35933058
8.45403505
8.59235618
8.93874317
8.95849177
9.04315102
9.05181529
9.10344330
9.12902771
9.35659267
9.48967576
9.54776668
9.55770879
9.65527970
9.67335761
9.70034444
9.70336089
9.76407713
9.87008335
9.88814634
10.05565863
10.08304943
10.17394337
10.27992790
10.36113720
10.50881085
10.52027587
10.54645581
10.74516372
10.76036644
11.04529569
11.10741504
11.13896708
11.15928480
11.21544648
11.22680052
11.25499230
11.40718316
11.45348313
11.47152457
11.48022516
11.68829882
11.79776323
11.87310519
11.89996387
11.91461791
11.94271906
12.03951833
12.15286608
12.24172494
12.28667505
12.58777185
12.63463125
12.63808256
12.71277098
12.71691488
12.78663297
12.81258078
12.81788730
12.82494712
12.89236645
13.12199551
13.23950627
13.33967219
13.38164615
13.39165169
13.62959718
13.63447018
13.64827475
13.69558062
13.73342187
13.85942416
13.93380638
13.96712715
13.98688660
14.15111572
14.26899443
14.34913381
14.40047335
14.41223502
14.60232585
14.62015223
14.69207509
14.74449455
14.93342989
15.08144382
15.13600356
15.33000985
15.46524761
15.59128689
15.60008372
15.64207023
15.73280005
15.79996315
15.87216823
16.06280016
16.09579314
16.23464383
16.42617827
16.70329934
16.72508022
16.96085929
16.98152565
17.00941634
17.07397470
17.11320837
17.27092515
17.34198527
17.45571080
17.62908898
17.67784648
17.73449689
17.76245712
17.97547422
18.10604898
18.20855515
18.21842284
18.27316320
18.27492594
18.31442848
18.31863424
18.34460041
18.45776013
18.48446326
18.58738289
18.66857593
18.71582730
18.73816496
18.95445852
18.99132236
19.07326300
19.09103786
19.14229779
19.20036821
19.20877486
19.27153048
19.30315835
19.36116508
19.53391681
19.68767270
19.79090228
19.80048203
20.00406338
20.01885107
20.20558962
20.35635472
20.37893344
20.47148254
20.48157626
20.48196569
20.53496150
20.53631347
20.68964212
20.72729166
20.81547307
21.06976051
21.22754477
21.23193933
21.27371574
21.37426289
21.53074674
21.62620443
21.88119249
22.25102244
22.33813617
22.35185634
22.38902358
22.41688589
22.65828855
22.68423117
22.73799770
22.76108764
22.82286813
22.84944966
22.93013075
22.99138991
23.01570319
23.02651078
23.07480273
23.20008425
23.27046101
23.42346631
23.42577416
23.51055107
23.73896938
23.77430992
23.87943961
23.96805474
23.98629169
24.09597195
24.34837153
24.43261779
24.45566324
24.50404378
24.81934551
24.83481852
24.96985034
25.15489434
25.16207840
25.26717632
25.29686476
25.52263045
25.58615044
25.71732295
25.77868403
25.91164639
25.98207746
26.22829453
26.25532214
26.33780827
26.37961085
26.49372848
26.52776354
26.52884136
26.67741289
26.99057029
27.16129496
27.19851664
27.21644407
27.29656045
27.29821067
27.30970255
27.76069486
27.82907197
27.89459958
27.93743808
27.97639026
28.03783990
28.06238262
28.22041517
28.26536825
28.27605324
28.38624703
28.40473938
28.42783286
28.47059041
28.51829001
28.68663598
28.75381084
28.80134813
29.02319348
29.06545797
29.06727867
29.07528285
29.09932542
29.20362826
29.41814160
29.64780293
29.69043678
29.84767862
29.85305167
29.90741021
30.06723583
30.17989380
30.22629998
30.38002256
30.45422901
30.70995910
30.81514244
30.96178572
30.97157412
30.97629945
31.02172600
31.06695875
31.26229645
31.26846153
31.31500442
31.32527573
31.33023362
31.37594610
31.55425747
32.06812163
32.11242347
32.16048780
32.16773924
32.17433152
32.28899074
32.34344172
32.35025345
32.37087252
32.39555933
32.40629390
32.40860551
32.44788929
32.53295140
32.57817449
32.70660469
32.71757661
32.82465751
32.88591151
32.92396033
33.13458694
33.17856287
33.22636071
33.34518470
33.45335907
33.48244000
33.48476259
33.74589594
33.75809631
33.99792573
34.06365577
34.07728769
34.08643266
34.16172511
34.26165414
34.45489506
34.58335709
34.71315166
34.71539390
34.79688245
34.81244173
34.81686378
35.22407651
35.25364776
35.32277290
35.36888427
35.37381736
35.57985863
35.65413051
35.72204674
35.87067068
35.95696995
36.00785568
36.02164408
36.27498960
36.32346576
36.32579899
36.42251778
36.46597127
36.50731271
36.63482216
36.75851264
36.86860353
36.93071601
36.93911170
36.94625406
37.05066271
37.06816056
37.07576596
37.12254758
37.33446005
37.38750131
37.45580800
37.59148978
37.77966752
37.99959820
38.05430404
38.07508346
38.11786333
38.19588800
38.24416680
38.33736648
38.54821058
38.57227107
38.58628302
38.64127614
38.70580307
38.99751188
39.05850370
39.13253428
39.13424197
39.13868132
39.18103356
39.23142423
39.31715229
39.48275225
39.51122228
39.62361397
39.63797892
39.74684156
39.85437479
39.87526465
40.00902242
40.14701017
40.17497933
40.23362918
40.27405786
40.45614692
40.60121971
40.73080514
40.80272788
40.83396184
40.89097613
40.89770591
40.95054072
40.95158671
40.95688302
40.96557040
41.03481337
41.07430746
41.10708244
41.16327962
41.16658321
41.17788311
41.24264394
41.25325901
41.27623740
41.41881165
41.50779018
41.56221972
41.73512586
41.87110462
41.91021886
41.97317118
41.99446329
42.12059202
42.16019138
42.23601476
42.25074011
42.31497345
42.33655624
42.36336374
42.41325792
42.45518978
42.46874565
42.52371641
42.62181901
42.92822064
43.01767007
43.48109499
43.61390687
43.75081484
43.93832143
44.01149440
44.15262394
44.17324633
44.17858403
44.65353830
44.65796361
44.72543568
44.73670324
44.78540299
44.80995099
44.85210389
44.95784629
45.08234651
45.22296307
45.25018935
45.41626795
45.66832950
45.81558908
45.89191832
46.01823375
46.20828268
46.49882841
46.50417405
46.50513828
46.52969620
46.53831611
46.54222898
46.64554546
46.66032049
46.67176738
46.69471207
46.78046615
46.78261563
46.91091262
47.06925279
47.09616911
47.13894409
47.14858748
47.40528385
47.48426277
47.55928866
47.75241326
47.79125294
47.92415587
47.93207868
47.98145231
47.98832936
48.05785569
48.18605257
48.19867194
48.20026137
48.32976552
48.39228605
48.40381519
48.60237537
48.64480975
48.88249958
48.88771392
49.04336007
49.11880824
49.22643182
49.26215069
49.31993206
49.34232244
49.35292317
49.35493752
49.36404593
49.39354490
49.44280563
49.49629753
49.55894146
49.73563971
49.78223470
49.82822075
49.84607127
49.90118651
50.20763253
50.33316961
50.50763321
50.65796369
50.87302814
50.97451823
51.13213233
51.27139016
51.49316402
51.57480356
51.64897148
51.75586420
51.80013426
51.86007713
51.89635817
52.00179898
52.21557831
52.23065962
52.23635575
52.39357474
52.50457516
52.59083326
52.60674356
52.70708476
52.72819118
52.77800339
52.86158831
52.96641915
53.07399892
53.08210238
53.12902503
53.23815624
53.24839097
53.34352503
53.38823441
53.53022196
53.53314860
53.70619494
53.71824501
53.79955421
53.99447567
54.04916787
54.09635761
54.16524091
54.21983836
54.23128457
54.27773467
54.31411776
54.33148957
54.38210303
54.38764771
54.53333897
54.58785620
54.65426644
54.66534970
54.75122660
54.83234882
54.90863958
54.91257281
54.91313746
54.91591619
54.92353039
55.05377797
55.25720771
55.30790878
55.33494267
55.38872215
55.46996269
55.47129200
55.49504114
55.61170184
55.62581981
55.65454681
55.72102497
55.75494763
55.79928626
55.82651658
55.88995610
55.89572381
56.04840048
56.17030189
56.25755629
56.37077344
56.51077689
56.54165402
56.61825691
56.63072310
56.63394644
56.79431545
56.80283946
56.81387979
56.82758715
56.92208410
56.93818164
56.99460522
57.01576957
57.36532441
57.40296736
57.43365744
57.55904450
57.62363550
57.79779331
57.83916615
57.86899128
57.91076517
58.01652776
58.04146770
58.13774494
58.18141055
58.19477935
58.23047250
58.25387321
58.43570432
58.43728664
58.43984229
58.49731240
58.53939309
58.57338263
58.73956442
58.86237251
58.88673997
59.14355464
59.16781469
59.17181157
59.33907582
59.44471241
59.58813412
59.61528436
59.76435777
59.87415858
60.09865155
60.10693545
60.14199065
60.21900750
60.26991171
60.48262946
60.48337904
60.52743886
60.59460998
60.80629637
60.80678976
61.01804989
61.08787898
61.14703395
61.19910040
61.43352432
61.54986234
61.82398509
61.91521339
61.92514336
61.97138034
62.00262906
124.00000000
