0.07139272
0.09821533
0.15355023
0.25197371
0.28527071
0.44946931
0.53866814
0.60485348
0.99387301
1.20532591
1.38477096
1.39392118
1.47645194
1.54316176
1.56049371
1.65781276
1.67341158
1.77425545
1.86309485
1.87259339
2.10973433
2.13502808
2.17437234
2.23057093
2.27046258
2.44244026
2.48022938
2.48229521
2.48702696
2.49554537
2.50850340
2.50889420
2.55421734
2.61910251
2.63974164
2.97287613
3.02322008
3.28765283
3.33969600
3.38497381
3.39170433
3.40791754
3.47081335
3.55348740
3.55875233
3.82167605
3.83358612
4.08730526
4.13416557
4.13468195
4.17820801
4.18691220
4.21163308
4.29901129
4.33262300
4.50928129
4.56907602
4.64667275
4.65319683
4.84355959
4.86673038
4.86801696
4.87718507
5.03485406
5.30937987
5.32708779
5.54476640
5.58519945
5.59889977
5.75094585
5.93284567
6.10833170
6.27690202
6.38457829
6.46762315
6.49776189
6.62492757
6.65107340
6.67174768
6.69563003
6.70405754
6.73652754
6.90350500
6.93844276
7.08393621
7.20477804
7.24444043
7.28499648
7.35854306
7.42126566
7.42154043
7.45659172
7.53980880
7.63982494
7.66445807
7.68996652
7.83787223
7.89249387
8.02919772
8.06600261
8.11915998
8.25429456
8.28269919
8.41685831
8.50118528
8.69684543
9.07574113
9.10556608
9.19122159
9.26664020
9.38897717
9.46147919
9.49256330
9.53562708
9.54038542
9.58520715
10.16775017
10.19767984
10.26539871
10.39884220
10.54203474
10.57331117
10.62414641
10.64923445
10.70786586
10.73146547
10.76666807
10.77908769
10.79279489
10.82074568
10.93515757
10.96794525
10.97618929
11.25692859
11.28056959
11.32334435
11.36011039
11.41775491
11.45902257
11.55450104
11.57468418
11.67057749
11.93426274
12.03084919
12.10285719
12.28425611
12.39244581
12.40751367
12.44605052
12.45399672
12.51338824
12.53799274
12.54433762
12.54763017
12.61443705
12.78301037
12.80918679
12.81298423
12.86639949
13.06129273
13.17246675
13.20946075
13.23986285
13.24471738
13.25448622
13.51548852
13.55063191
13.60533993
13.75240814
13.75712968
13.89708611
14.02417534
14.35261889
14.43898219
14.45259506
14.81024021
14.84744199
14.91177784
14.96586457
15.00187226
15.26495987
15.39790823
15.47309448
15.60786374
15.77082046
15.85896545
15.97508023
16.02390779
16.26258133
16.38068359
16.60999568
16.76343084
16.81293894
16.83584413
16.98436150
17.04150972
17.04158800
17.04186242
17.05525807
17.10426773
17.11885425
17.28246707
17.30150188
17.35598618
17.36505056
17.45498931
17.56379921
17.66992490
17.72937671
17.76540768
17.86872633
17.91894255
18.01012259
18.02752814
18.08972106
18.18704047
18.21673079
18.27885849
18.34869761
18.55712443
18.59974342
18.65505463
18.71680179
18.74875604
18.89854494
18.93690172
18.94214985
18.98377637
19.04629490
19.10675042
19.12118170
19.34800696
19.36127107
19.59701509
19.71964880
19.80334446
19.89759755
19.97843958
20.07295603
20.15149343
20.26195674
20.38669717
20.45646709
20.47887239
20.50659885
20.53324646
20.63930300
20.71909211
20.78716502
20.80661847
20.99509395
21.22034075
21.29545363
21.40808544
21.51868631
21.71092568
21.71181811
21.82231654
21.97124650
22.04842823
22.08728945
22.09530078
22.11061916
22.12684910
22.14452881
22.44670518
22.45215454
22.48994895
22.50169993
22.55964372
22.60677760
22.61328633
22.65706272
22.70152514
22.78763131
23.06673067
23.11333700
23.12360143
23.15413743
23.26157198
23.42954855
23.60265101
23.60689623
23.73183793
23.89611898
23.93640715
23.93852733
23.96845329
24.09394578
24.58623972
24.79327045
24.80611452
24.81780065
24.84806380
24.85343216
24.93330602
24.96162800
24.98927123
25.08631149
25.16960971
25.32951618
25.39450115
25.56013429
25.57964184
25.60156492
25.77098617
25.97827078
26.00330397
26.41908762
26.45864175
26.71038119
26.73289526
26.73387924
26.79375750
26.91290535
26.99027508
27.33299391
27.43996837
27.53462894
27.54092680
27.57288790
27.59272209
27.59681709
27.71992528
27.79081980
27.88292795
28.03055277
28.10662396
28.18720250
28.32021568
28.47776946
28.52736404
28.58675926
28.63233109
28.88024652
28.93477415
29.02476751
29.15831350
29.18507197
29.23800830
29.27824293
29.29608009
29.43358748
29.54825903
29.80080244
29.84505014
29.85158177
29.94224769
29.95122160
29.96066239
30.05428557
30.24030438
30.27418890
30.29169158
30.54187371
30.58055042
30.67080580
30.87202846
30.91864199
30.94215686
30.95294698
31.07671906
31.26506595
31.30481302
31.33360052
31.43891904
31.59695406
31.60591312
31.63011195
31.78874650
31.79973844
32.08488934
32.19487974
32.20440815
32.25406813
32.30472914
32.41963814
32.42621451
32.70841067
33.00855448
33.01748847
33.07937770
33.29032093
33.33668403
33.46321963
33.51388342
33.52473348
33.62655501
33.68067363
33.80789159
33.80835010
33.80864201
33.87417974
33.87986660
34.01485509
34.30478054
34.38161171
34.60555172
34.79611346
34.82478631
34.92958426
34.99759750
35.00321148
35.11633142
35.11789579
35.28344411
35.46054566
35.49529742
35.53217356
35.53316361
35.69852909
35.79697926
35.84910519
35.86313947
35.90948063
36.12241197
36.24006020
36.41557338
36.83022925
36.87956853
36.94131194
37.04077914
37.14442217
37.15908605
37.26128285
37.35272939
37.42088653
37.43604385
37.46931659
37.53645410
37.67159046
37.80310084
37.89657023
37.99467524
38.03269943
38.08019976
38.08463691
38.09587644
38.11019426
38.27618750
38.46031872
38.53895643
38.66819797
38.75536266
38.82360563
39.10321752
39.11936816
39.21515553
39.27241370
39.27482493
39.47644932
39.57401207
39.57605303
39.63557719
39.70325025
39.80156398
39.81269145
39.84446866
39.88337517
39.90902200
39.93747491
40.05747525
40.09856940
40.15983962
40.22897052
40.28601313
40.29819789
40.36081768
40.39030934
40.48846615
40.57338848
40.59816404
40.71659505
40.87267481
40.91028885
40.91509780
40.93857232
40.93919946
40.97869096
41.13454326
41.13898442
41.31331841
41.33109894
41.46238182
41.50911431
41.66913294
41.72451293
41.79265936
41.83443497
41.87789169
41.89117227
41.90674450
41.92209492
41.95612284
41.95896877
41.99446329
42.01749946
42.14008696
42.19040069
42.26899548
42.30601490
42.43435905
42.47461631
42.51820739
42.56478392
42.65971454
42.67668536
42.69767542
42.74381113
42.77370609
42.78241447
43.04130903
43.12167391
43.17554826
43.22870892
43.48997941
43.58405746
43.65122663
43.82203899
43.92925594
44.13644762
44.20429127
44.21332562
44.29667385
44.30424369
44.49553130
44.80279391
44.81050003
44.81809076
44.84428613
44.90246340
44.92395008
45.00728441
45.13459477
45.23489521
45.38652199
45.39508740
45.54010549
45.73998579
45.77180336
45.82677357
45.89696544
46.10106345
46.11394314
46.17025743
46.36602977
46.37810997
46.39721593
46.43505894
46.54457736
46.57044828
46.61100096
46.67124717
46.68848691
46.84317235
46.91932621
46.93895710
47.07020523
47.16009904
47.18553850
47.18566828
47.21783791
47.27258456
47.28648724
47.34587352
47.34820335
47.44407271
47.52675934
47.78347714
47.86718971
47.90771378
48.02078888
48.08591551
48.17998665
48.28640014
48.35980439
48.43039352
48.50772438
48.55245537
48.58095420
48.63056845
48.64185373
48.68540669
48.73185986
48.75309117
48.82104336
48.86514226
48.90558294
48.97680798
49.04645837
49.13933336
49.27405432
49.29081473
49.29856058
49.37105967
49.42942272
49.46998387
49.61923189
49.64175209
49.69927999
49.80661873
50.06297847
50.08209877
50.08864215
50.57221939
50.57928589
50.65688044
50.67407942
50.70684166
50.85848695
50.92228742
50.96509429
51.07179136
51.13965194
51.14168728
51.22585919
51.26338570
51.26572109
51.39856189
51.44856644
51.49199057
51.49316402
51.49335100
51.50600711
51.56334184
51.56838818
51.57719556
51.92267411
51.96154582
52.13813741
52.30436696
52.32169425
52.35321507
52.59415542
52.75028947
52.78455131
52.82981450
52.83950099
52.87611111
52.90544445
53.04660793
53.07105294
53.20291337
53.34596471
53.37896476
53.46014113
53.57031201
53.58949054
53.59883818
53.62828161
53.75111784
53.77922854
53.81255546
53.81654938
53.88598319
53.97821245
54.00569125
54.02065646
54.06358560
54.14179665
54.22345045
54.51167294
54.60465631
54.88764920
54.89867913
55.02009358
55.06662197
55.12159309
55.16615834
55.21436906
55.29111118
55.29114729
55.30093844
55.31948614
55.40181778
55.42789606
55.49931613
55.50230684
55.81431784
55.88680000
55.96113912
56.42681174
56.52729906
56.59883462
56.83650302
56.87281054
56.93370016
56.93717586
56.95677477
56.96052926
57.20993782
57.21832528
57.39536230
57.51328801
57.69434736
57.71472218
57.72321653
57.72580120
57.85771985
57.90752810
57.96243226
58.05216041
58.14261487
58.26017726
58.27783912
58.34129394
58.35768463
58.45386261
58.63869722
58.69836339
58.72681075
58.81722162
58.82865220
58.89556547
58.90099222
59.12135205
59.12310029
59.45285534
59.60567641
59.76879795
59.77108688
59.84234555
59.85171983
59.89048567
60.23951332
60.25293172
60.38985674
60.46086259
60.50121054
60.72674617
60.83868704
61.04701072
61.15873992
61.16312553
61.20529829
61.26681577
61.28302003
61.69600389
61.80998153
61.96728371
62.07145361
124.00000000
