0.03033353
0.05850115
0.07966762
0.14941795
0.29088671
0.34795162
0.44178518
0.45420427
0.50384271
0.50873628
0.53426697
0.54317623
0.57870992
0.75650692
0.79366926
0.86689906
1.00129344
1.04301863
1.11714268
1.17277507
1.24486135
1.33554079
1.34306188
1.42684942
1.67210134
1.75267321
1.99044948
2.05413311
2.12412575
2.16213039
2.17712835
2.25126398
2.28219713
2.28619132
2.31982228
2.33739647
2.41996801
2.47541509
2.69450562
2.81626600
2.96812258
2.97637804
3.15657418
3.24656634
3.36885659
3.59552937
3.62840361
3.69054638
3.70429364
3.93071430
4.05272885
4.19137832
4.25363390
4.27674280
4.30305381
4.33265427
4.54701904
4.75527459
4.93780592
4.95933924
4.99351083
5.08859635
5.27720380
5.29883933
5.73772735
5.76055019
5.78391356
5.81871498
6.07995779
6.08227117
6.18799856
6.23128337
6.30936665
6.48146977
6.49220594
6.51548527
6.54171927
6.79020309
6.79783928
6.88121693
6.99624806
7.07745073
7.09598482
7.10043714
7.15529742
7.20837051
7.31890468
7.35381788
7.38724820
7.39381796
7.44053763
7.48995077
7.61258858
7.72416388
7.73748874
7.95438672
7.99275992
8.00944917
8.03565475
8.10509434
8.13972943
8.19847645
8.25251460
8.29301357
8.38379909
8.38494108
8.52303276
8.55385686
8.58967353
8.62497933
8.64923854
8.71404776
8.71947961
8.85283874
8.89870552
9.07261521
9.09001387
9.13418194
9.17484583
9.24545761
9.49555062
9.49859138
9.63596234
9.86647941
10.04412589
10.15157978
10.27306430
10.35339261
10.47456491
10.56219243
10.64377306
10.77918772
10.87682683
10.87840238
10.94715260
10.96729996
11.12673166
11.16382819
11.20164668
11.23373602
11.30791423
11.45802691
11.47885586
11.50942655
11.78105575
11.80161182
11.95988700
11.96151353
12.28172852
12.32361104
12.33886364
12.41716651
12.43620069
12.44581133
12.44763351
12.45134340
12.54393219
12.62620839
12.67643395
13.08161063
13.08780468
13.15422219
13.18086496
13.37012674
13.62959718
13.68517939
13.78163701
13.78380374
13.99330756
14.10274362
14.23296215
14.30068355
14.30073307
14.41703119
14.45097267
14.47191335
14.59076643
14.60485594
14.60565109
14.62513413
14.70525944
14.72186740
14.73762847
14.75852380
14.79447233
14.83307013
14.93144316
14.97910118
15.15598433
15.18645484
15.20862371
15.33429196
15.38179183
15.38887338
15.87034867
16.02072167
16.23027999
16.51669376
16.55305763
16.67356060
16.68857850
16.70016462
16.73469830
17.16306734
17.22265734
17.27775446
17.33670532
17.36277165
17.55375655
17.61332860
17.66498850
17.66846108
17.72903088
17.73174331
17.73599470
17.74325166
17.76219782
17.82158774
17.86857829
17.96070259
17.98861000
18.05387041
18.08751310
18.14202434
18.55745719
18.75487489
18.92722311
18.93591518
19.17122295
19.21043601
19.24699388
19.37980584
19.38976276
19.62965323
19.64440337
19.67230188
19.72366735
19.73806836
19.88283318
20.03524372
20.22792171
20.46224108
20.67446666
20.69236046
20.77188209
20.85618495
21.10965559
21.20228602
21.23280259
21.23581362
21.31831889
21.32527407
21.42922507
21.43530189
21.63846604
21.70511656
21.74457108
21.83614352
21.91249619
22.02570197
22.03655650
22.13524498
22.34883845
22.54128502
22.59618708
22.83109143
22.97394524
23.02651078
23.04456482
23.12933784
23.17180484
23.39834817
23.41609098
23.42504104
23.45787453
23.50538617
23.50952334
23.78691923
23.81870732
23.98629169
23.99169067
24.09394578
24.22609706
24.29341372
24.34123269
24.35490151
24.53815969
24.68743591
24.77341211
24.86678233
24.95851119
25.00617952
25.00887641
25.18941305
25.36472763
25.37128153
25.51232021
25.54223700
25.67744196
25.76662125
25.77197711
25.79845702
25.84020632
25.92849239
25.95887311
26.09940192
26.12925880
26.13877865
26.15850241
26.22080533
26.22818230
26.29387640
26.33029088
26.49462338
26.55638272
26.60305282
26.85110090
26.85222136
26.85718510
26.87246321
26.99096049
27.16257935
27.24377258
27.24933949
27.28807469
27.42401420
27.44023015
27.46355254
27.63909240
27.76669306
27.85467881
28.01886968
28.09532478
28.21125314
28.35073763
28.44121176
28.48548428
28.53140720
28.57729358
28.58859815
28.67762938
28.77099080
28.83435632
28.94946891
29.00840355
29.01626482
29.08550315
29.11760656
29.28270361
29.44270521
29.57346911
29.57778564
29.57846772
29.61095894
29.63920296
29.66341759
29.67197140
29.67572059
30.02259553
30.09813290
30.11094751
30.30007947
30.62470036
30.77004851
30.88494394
30.88581651
30.92140568
31.03436270
31.13571946
31.15157557
31.22929103
31.25483032
31.29157334
31.39372975
31.51668076
31.62180891
31.76913148
31.82334008
31.83541680
31.93202907
31.98143265
31.99939309
32.03944626
32.28284880
32.31328202
32.59102538
32.80451532
32.91990007
33.03143259
33.04218138
33.06161293
33.09663181
33.15676800
33.26420004
33.48476259
33.53256917
33.56184425
33.66099381
33.69112848
33.73080232
33.84028891
33.85644027
34.03596760
34.30230772
34.53151910
34.57916253
34.59199560
34.65610810
34.73778934
34.76033214
34.80676335
34.86329084
34.86348382
34.86661692
34.90914961
34.95956352
35.11450552
35.22406148
35.26708143
35.31666573
35.38633976
35.40360798
35.47752820
35.48167126
35.53242652
35.54822857
35.68201380
35.71051102
35.76564954
35.91221724
35.98937948
36.04605694
36.14439582
36.21493164
36.21917514
36.39912171
36.46820236
36.73375090
36.82298346
37.07922209
37.09510755
37.25588211
37.38473001
37.44290441
37.47601806
37.53052491
37.62078763
37.62875974
37.77446642
37.82133966
37.82399691
37.95326677
37.95461678
37.98830752
38.24013779
38.32769546
38.32987800
38.35671695
38.37736874
38.46178182
38.50149849
38.62182706
38.66979901
38.68508190
38.79866161
39.04920234
39.06619366
39.23142423
39.30887290
39.31851933
39.47962934
39.55585278
39.65780960
39.73481571
39.81041062
39.88144193
39.90993855
40.05415306
40.22709238
40.25742869
40.29772845
40.30748348
40.69437084
40.75626565
40.76547636
40.99201954
41.02013222
41.06175007
41.17632530
41.23808691
41.24003292
41.44288439
41.49583406
41.51899802
41.59777233
41.63861913
41.64064558
41.71035216
41.72009978
41.77749436
41.82412913
41.87893870
42.05011522
42.14063995
42.20582697
42.53765575
42.54451027
42.60641342
42.71015209
42.82789696
42.92903227
42.93140500
42.95869670
42.96261054
42.99917019
43.00078474
43.11123889
43.11375531
43.18513311
43.34953487
43.55553998
43.70782796
43.71377105
43.73005053
43.85511311
43.91398445
44.04058486
44.07262258
44.14569527
44.15149390
44.29146763
44.32426964
44.37031578
44.63742329
44.66251403
44.78814679
44.81404117
44.90304889
45.06351678
45.10835764
45.15330301
45.22846194
45.49251348
45.80809488
45.91221721
45.96254919
46.00977646
46.02298554
46.05106252
46.38156546
46.46680469
46.53280547
46.60682810
46.61884431
46.65348661
46.81444351
46.88058822
46.93306789
46.93531002
46.97291975
47.08412879
47.13487988
47.13577959
47.15728981
47.25227497
47.45835018
47.50561471
47.60049879
47.71537291
47.73986168
47.86989587
47.99792875
48.03072138
48.08254089
48.10224554
48.12429894
48.18790409
48.22511066
48.29235437
48.59819082
48.63299972
48.71926340
48.80223618
48.90789962
48.93577028
49.03777422
49.22088632
49.22538655
49.40944317
49.51571788
49.54898411
49.60698177
49.68921748
49.69073165
49.78751605
49.81299061
49.83583313
50.19344814
50.27216086
50.30530361
50.34690604
50.35434227
50.36487399
50.44067789
50.75967689
50.90508629
51.10266311
51.14928811
51.33767260
51.39260767
51.45081146
51.46280445
51.63817173
51.72631429
51.97061439
52.04890298
52.05916309
52.06327390
52.49309047
52.49388262
52.52436669
52.53245122
52.64430206
52.69197900
52.74471468
52.82557829
52.84601035
52.86258867
52.95876769
53.00476852
53.02822501
53.06122517
53.08059098
53.11027154
53.21630722
53.31154442
53.36737139
53.43579923
53.45834824
53.51650759
53.56503041
53.62678341
53.71522225
53.72188685
53.98402972
54.33005042
54.60254128
54.68600143
54.71642054
54.73898316
54.81657953
54.97298800
54.98550395
55.07930729
55.12235228
55.14484279
55.20130408
55.27173030
55.32124398
55.35189278
55.43314675
55.45930824
55.71500770
55.72778851
55.97274478
56.06995336
56.07362981
56.11592870
56.14349190
56.16588016
56.25670741
56.48593545
56.59574352
56.60090176
56.67063338
56.71028861
56.77158896
56.79858413
56.82506390
56.86368196
57.09901913
57.17770989
57.54959095
57.60718577
58.00301380
58.29252559
58.45437642
58.54579393
58.60262190
58.66649521
58.85444961
58.89353972
58.89990837
58.91646903
58.94095458
59.10487686
59.32394488
59.33335114
59.89175243
59.91596068
60.03485076
60.26057898
60.34973472
60.44819384
60.47480383
60.70525395
60.77675824
60.83465154
60.89787206
61.10787193
61.17122220
61.17364375
61.23610271
61.35354096
61.39569375
61.39575251
61.42468743
61.45531024
61.49831293
61.68999233
61.93812856
62.01111606
62.06463634
124.00000000
