0.28422069
0.35865758
0.51422138
0.56714728
0.63090169
0.83696683
0.87773297
0.87902090
0.91183929
1.19825743
1.27948048
1.29133106
1.40761332
1.49535036
1.74425659
2.00988431
2.11166431
2.11776914
2.47911526
2.52967742
2.57653391
2.58742843
2.63974164
2.66261196
2.71352955
2.78413440
2.90988433
2.97070440
2.99675245
3.00703133
3.05188631
3.07431981
3.11781865
3.13191657
3.32255887
3.39489252
3.42595009
3.60991652
3.65572412
3.69833172
3.72672246
3.74252963
3.75619096
4.11598101
4.12661611
4.12730621
4.16525973
4.26330656
4.27675657
4.28055004
4.57363863
4.63054382
4.69335352
4.74799703
4.81971545
4.87045481
4.92166401
4.99989113
5.12254238
5.18458387
5.27164197
5.61144135
5.63265122
5.65565834
5.66382695
5.70637915
5.72730225
5.73574746
5.88547950
5.89923515
5.99947331
6.07052680
6.09542388
6.10047199
6.15371538
6.34986074
6.39999393
6.44410735
6.60806823
6.70020855
6.82596508
6.98058344
7.02597133
7.12578739
7.18894946
7.42598832
7.60811942
7.61022364
7.62292131
7.70349956
7.77925596
7.78907878
7.81570314
8.01880980
8.06778145
8.09663695
8.15227156
8.15268527
8.15596064
8.18276154
8.19857624
8.24510717
8.28386295
8.30030817
8.38831202
8.47169928
8.52748437
8.68847725
8.70494838
8.71385917
8.84209350
8.87319212
8.98440873
9.04263720
9.13463411
9.45906983
9.48341174
9.53192068
9.55006470
9.56468262
9.60928496
9.66314302
9.69331198
9.88058586
9.90432895
9.92662216
9.94084742
10.00903796
10.09946857
10.20337819
10.28966975
10.33720411
10.34954356
10.45566271
10.46613785
10.46872538
10.49739776
10.56377921
10.56608509
10.62465422
10.73783204
10.86973384
10.94091005
10.98870758
11.04229150
11.15285176
11.18675448
11.21127880
11.46342454
11.50862321
11.56241421
11.64913721
11.71018888
11.75582355
11.76554841
11.96223018
12.06414541
12.14599400
12.19534030
12.27466728
12.44605052
12.49084321
12.50654274
12.52485582
12.53676444
12.58777185
12.60442957
12.61402274
12.75049328
12.77570208
12.82205776
12.85785523
12.87672631
12.87856100
13.03958426
13.05260925
13.09791681
13.13686172
13.16157153
13.16572063
13.21035337
13.24747273
13.25053744
13.26377406
13.31953321
13.33276331
13.33779579
13.64013774
13.66080969
13.71293403
13.71862685
13.80848563
14.17454813
14.19337484
14.24599945
14.30011610
14.35809684
14.38767632
14.59799583
14.62542305
14.71537420
14.78284917
14.83384439
14.99819379
15.22819809
15.31414485
15.32951831
15.46624288
15.88886005
15.93325361
16.01461819
16.03669811
16.14954109
16.26086871
16.43684634
16.55640782
16.62959947
16.71350032
16.82366665
16.84235551
16.85096154
16.90817110
16.91189922
17.01211221
17.08920231
17.08982726
17.27149669
17.37025988
17.40264471
17.45498931
17.46745554
17.49100670
17.51263602
17.69707647
17.88348500
17.90670084
17.92866062
17.97770220
18.18453715
18.18529483
18.20850391
18.36543430
18.50957003
18.67887576
18.69196992
18.71582730
18.72600834
18.94654719
18.96067196
19.08818010
19.18033864
19.26048510
19.29548705
19.37573061
19.46090850
19.55037818
19.58276512
19.68681460
19.80501392
19.86674484
19.93574429
20.00564375
20.03269332
20.07651374
20.13691536
20.21274582
20.26738636
20.31669591
20.35062252
20.41087997
20.48361662
20.55478408
20.64183241
20.64646552
20.73831899
20.85385423
20.87781448
20.91272237
21.01193447
21.05586742
21.11160458
21.53446952
21.75681206
21.91541571
21.95182498
21.99017565
22.26130465
22.34647436
22.41528873
22.45017213
22.51024724
22.55713220
22.56024624
22.56524474
22.66697769
22.78623640
22.81338275
22.85219738
22.93430231
22.97639225
23.24168784
23.41261836
23.76735248
23.80993869
23.91127691
24.13775555
24.25059704
24.27339099
24.29457180
24.49611184
24.56311279
24.57060576
24.59726526
24.63447992
24.66372907
24.71032144
24.73246320
24.74041175
24.89946488
25.04447882
25.16629665
25.20492396
25.24769980
25.45903664
25.46156880
25.49477097
25.52065147
25.70582636
25.78877331
25.79311160
25.80806472
25.89937130
26.02636842
26.05468274
26.19512300
26.23282671
26.25532214
26.27697484
26.58787723
26.62321225
26.62653594
26.62757620
26.80985820
26.85524568
26.86259305
27.04770769
27.15285192
27.24044303
27.26134475
27.33676891
27.41581162
27.47400387
27.54089932
27.60192085
27.72640435
27.75629423
28.11398257
28.14807119
28.27297923
28.32402467
28.44209578
28.44965303
28.47585771
28.56215102
28.65312538
28.77281315
28.89638905
29.00254076
29.34478337
29.35746855
29.44084729
29.51956799
29.52140315
29.55760534
29.83874851
29.84753664
29.86291589
30.01684020
30.05283478
30.08587755
30.11155747
30.12998717
30.23064990
30.33029434
30.42565832
30.50630233
30.58506834
30.87011733
30.97629945
31.08030691
31.15262539
31.19439656
31.35298809
31.42471266
31.45969196
31.47123309
31.62018856
31.83298721
32.01221645
32.08293443
32.11145458
32.18118098
32.24248385
32.65014132
32.83350057
33.03554796
33.10640814
33.15706096
33.15823270
33.17785614
33.20904958
33.34504769
33.38190568
33.50320191
33.50393402
33.51223942
33.67198679
34.12116021
34.15248324
34.18446628
34.23169980
34.35041243
34.54803827
34.55003076
34.60513633
34.65039351
34.69999031
34.70857318
34.73433951
34.74471811
34.83018949
34.83598060
34.99759750
35.15432182
35.26266036
35.27433007
35.29058101
35.37667756
35.53217356
35.54846105
35.69981303
35.78408778
35.82128201
35.82324182
35.83620268
35.84972136
35.95159554
35.96386957
35.96652210
36.01312405
36.23909679
36.35360687
36.38511866
36.40642695
36.49264754
36.49426614
36.58600698
36.65113408
36.84938017
36.87043201
37.08839214
37.09701621
37.14075727
37.14907959
37.16427309
37.32107829
37.32219807
37.39974133
37.53673551
37.80275715
37.87441799
37.87866409
37.96510568
37.98476340
38.23117029
38.46228313
38.47473984
38.71267277
38.79866161
38.81830369
38.82385559
38.84536872
38.87131449
39.08462131
39.29419950
39.32167054
39.39201919
39.44696273
39.48001557
39.72769427
39.85345504
39.92692263
39.95699888
39.96294906
39.99589404
40.02110181
40.02391375
40.11122272
40.13483617
40.16055625
40.17994570
40.29167729
40.40944781
40.46941007
40.55782506
40.58094805
40.63534281
40.70353107
40.78283412
40.95561989
40.97975859
40.99972350
41.11413862
41.25463218
41.48674698
41.51959279
41.52580787
41.54199246
41.55651757
41.65400944
41.78715436
41.82891534
41.89772580
42.18540269
42.20565105
42.22215025
42.25438652
42.29175976
42.34695616
42.60012793
42.80872873
42.86744505
42.88633307
42.97129734
42.98473653
43.10352101
43.35463850
43.68110278
43.74445454
43.77692437
43.99689006
44.08466260
44.16007863
44.24130094
44.28765285
44.34421117
44.39201265
44.44313366
44.48903300
44.53049086
44.53107472
44.59045103
44.61306508
44.65270313
44.73085999
44.76159475
44.80422274
44.90524884
44.93465597
45.03514346
45.04779026
45.09569593
45.13033986
45.17883046
45.20690518
45.22828778
45.23489521
45.25047523
45.36355875
45.48863085
45.54401629
45.68894871
45.91375096
46.01451469
46.02713043
46.04483045
46.09594270
46.13669022
46.20238652
46.33711362
46.41129665
46.52237226
46.62107022
46.69764803
46.86509093
46.93098108
47.02988775
47.12446035
47.13894409
47.22819325
47.64933168
47.77983123
47.80263839
47.89680153
47.98565893
48.12812568
48.25045989
48.27036237
48.30668128
48.30731295
48.34246061
48.45980529
48.66966587
48.69105795
48.70728886
48.72965413
48.75155858
48.90546142
49.03649689
49.08830588
49.10885870
49.14619138
49.19901239
49.38152491
49.40492444
49.42081733
49.47941235
49.49693785
49.53054970
49.58086923
49.66263735
49.72069513
49.93803695
50.69085688
50.71986667
50.79640953
51.12080391
51.25499075
51.28244030
51.35920948
51.39661283
51.41863037
51.48853851
51.50547163
51.61639213
51.81595117
51.82871731
51.89934757
51.97117104
52.03164078
52.11685900
52.15203077
52.17249465
52.23950875
52.30730343
52.38867289
52.39898565
52.44090625
52.45479620
52.50735592
52.55359866
52.63845408
52.70868699
52.74113932
52.74813767
52.76590640
52.79379445
52.89000045
53.09380669
53.18876494
53.29577248
53.46106681
53.51097541
53.60140675
53.61494689
53.73789591
53.89769892
54.07235354
54.17841263
54.18555125
54.19660025
54.21806991
54.22214809
54.30595262
54.31174484
54.49899002
54.62591269
54.67199534
54.81351217
54.88171224
54.93111467
55.08437997
55.31044978
55.33046760
55.34421363
55.34781619
55.35255492
55.40930947
55.48054253
55.53423875
55.55688761
55.56698679
55.58165081
55.60766534
55.65971953
55.75391360
55.77224636
55.87473982
56.06287387
56.14845040
56.24003359
56.56357425
56.64514512
56.69180250
56.98820549
57.28957031
57.33706532
57.62927970
57.78269913
57.79435723
57.82637017
57.99783384
58.04805945
58.07213532
58.11027120
58.13023278
58.13835600
58.15351176
58.15540078
58.16858672
58.23623362
58.23947212
58.32456226
58.34723626
58.36328291
58.45844098
58.48700599
58.56797797
58.57309230
58.59366630
58.66296531
58.73183564
58.76285584
58.92532246
59.26388321
59.29870406
59.30441665
59.43023056
59.63895622
59.65593337
59.81604915
59.83589863
60.11626033
60.13645895
60.28017683
60.34455590
60.42211336
60.46637274
60.55338233
60.64153541
60.70582965
60.79221272
60.82616079
60.83200755
60.90134383
60.95815099
60.97490931
60.98035011
61.06493399
61.16727476
61.26046615
61.41172148
61.53746442
61.60215200
61.67472542
61.67485057
61.68842864
61.77905322
61.78654539
61.98070875
61.99050671
124.00000000
