0.05774446
0.05930313
0.07203641
0.12219007
0.25074350
0.49816480
0.54811099
0.64487991
0.77534311
0.81306178
0.85901855
0.94654543
1.06154297
1.11214798
1.42009038
1.47816889
1.69718732
2.10578575
2.20450209
2.29502159
2.52050497
2.53848703
2.64106531
2.87898777
2.91880456
2.94168245
2.98409444
3.03605789
3.04877406
3.15048785
3.17550266
3.22859157
3.30410507
3.33569308
3.37069361
3.40907344
3.42534656
3.82773781
3.87358266
3.92780675
4.13005245
4.19863839
4.25947321
4.35103571
4.42593073
4.45485562
4.57341360
4.68089166
4.71653688
4.77973483
4.87286724
4.88066613
4.89795515
4.93770814
5.04121407
5.11570628
5.11714039
5.17014131
5.34334015
5.40338193
5.47485406
5.58599686
5.66194586
5.71113061
5.75762549
5.80924970
5.81550276
5.92798987
5.93255955
5.94189363
5.98551451
6.01468137
6.05823529
6.09044055
6.18109112
6.22398742
6.23497402
6.37494515
6.38457829
6.38989314
6.48288703
6.52571185
6.57904598
6.59251940
6.64721929
6.71572279
6.71780404
7.10614038
7.11945911
7.20107541
7.23191992
7.35444484
7.39111279
7.43187289
7.64125851
7.69124923
7.75430218
7.84784491
7.99049777
8.02181431
8.09971765
8.21557463
8.23483517
8.34897674
8.43961323
8.45111139
8.67064258
9.06409146
9.15324238
9.16966388
9.27513918
9.52242520
9.58456861
9.61389105
9.85234475
9.85393363
9.86504907
9.87290591
9.87827923
9.96059303
10.00005358
10.03428697
10.07921798
10.32287666
10.43891477
10.50633848
10.55242811
10.80394055
10.82774505
10.87915840
10.89580937
11.15961407
11.36627573
11.46854546
11.47037345
11.58083138
11.60902649
11.68366274
11.72677524
11.85036413
11.86792350
11.96223018
12.09647306
12.11870756
12.15712270
12.18041532
12.19065635
12.25821786
12.27952911
12.29935460
12.42474189
12.48300665
12.53349620
12.56529173
12.56852666
12.65656775
12.70999751
12.88606289
13.13745890
13.16072751
13.21134396
13.25794729
13.48161285
13.49540558
13.55480856
13.57246171
13.65567062
13.69543695
13.76074255
13.80273320
13.87094618
13.87552666
13.98930123
14.03870947
14.13723822
14.24817376
14.47466954
14.48695038
14.52879803
14.67264758
15.09113981
15.09443007
15.10441879
15.12745375
15.13492604
15.38423238
15.48533952
15.53032733
15.59951828
15.64302872
15.67817914
15.77082046
15.81975402
15.83435004
15.86093800
15.88215504
16.04433911
16.08224661
16.08628171
16.17477717
16.35021665
16.36411248
16.49794896
16.51968363
16.62308665
16.72140767
16.82563474
16.87183728
16.99907697
17.01989296
17.15256151
17.33373110
17.39473004
17.63704817
17.73770683
17.78296864
17.78822172
17.89745653
17.96338070
18.15049266
18.34966373
18.43019079
18.43624367
18.46460834
18.47581972
18.48269649
18.58304086
18.67069355
18.73816496
18.82140847
18.88846631
18.91251974
19.00815141
19.02638160
19.02865420
19.04295224
19.14425523
19.34605196
19.42008682
19.50537891
19.55461925
19.58658754
19.59240622
19.62455360
19.68016864
19.68923456
19.86248398
19.88520512
19.98202625
20.03262955
20.05484663
20.09068524
20.14417759
20.21597874
20.25080428
20.36408129
20.39170159
20.69685301
20.73246279
20.80287919
20.80856992
20.84054890
20.87282590
20.92918741
21.13497874
21.20348394
21.32818869
21.35481170
21.35747305
21.45586015
21.74579089
21.86748500
21.88812119
21.95407783
22.17372800
22.27389131
22.36441307
22.39703206
22.59278577
22.63188718
22.95131539
23.07173628
23.10650567
23.22035502
23.27890729
23.32241054
23.33124591
23.38592898
23.48446152
23.51403369
23.59234115
23.69037234
23.72215536
23.81835566
23.85052139
23.88710108
23.90223612
24.28295131
24.50960964
24.52090158
24.52190183
24.60440771
24.66125640
24.67445831
24.70905516
24.84538202
24.86777777
24.87840082
24.89604987
24.97499679
24.97710795
25.02480839
25.03270066
25.11465616
25.28715927
25.36779422
25.45111192
25.45836353
25.47672376
25.53925057
25.54223700
25.68716886
25.72180211
25.73198485
25.73436741
26.00703099
26.10884471
26.36261745
26.48311380
26.92270168
26.98721398
27.08697617
27.14846279
27.19240180
27.44936466
27.53822144
27.54416530
27.58241847
27.74842907
27.86659822
28.03782135
28.21243736
28.29031668
28.35655977
28.44877750
28.47202984
28.59422521
28.65070541
28.70579377
28.92844939
29.00504349
29.09436277
29.17713145
29.18657938
29.23069278
29.31964791
29.37533538
29.38705228
29.41944564
29.46419784
29.47583162
29.51133928
29.67126520
29.69038948
29.73446556
29.78507497
29.80695702
29.89787073
29.99353188
29.99943821
30.00716906
30.16457819
30.20604142
30.27944483
30.34695660
30.47186819
30.47767100
30.49046361
30.72303625
30.94107379
30.94234591
31.15540876
31.16262890
31.18994805
31.24773664
31.41598268
31.56700868
31.61848425
31.65298038
31.66247398
31.67778641
31.84217505
31.90148734
31.95723201
32.06954881
32.17746049
32.18906283
32.27659122
32.33333689
32.43074815
32.56617499
32.70307833
32.75431269
32.76073223
32.76878463
32.76912310
32.78719342
32.86201103
32.92152926
33.02902430
33.11351247
33.51651005
33.58843612
33.68241130
33.74469869
33.78559914
33.83092089
33.96115232
33.98990018
34.22717974
34.28778531
34.34743731
34.49076185
34.79686165
34.79797838
34.84214746
34.84572466
34.86348382
34.86569471
35.05015349
35.08406782
35.10160562
35.16563933
35.27533063
35.54450365
35.82783458
35.88908858
36.13952364
36.21493164
36.31009312
36.32049879
36.42525255
36.53627286
36.58003977
36.69905020
36.71589887
36.75009038
36.83043115
36.94428680
37.00310090
37.19902555
37.28500487
37.29793613
37.33950091
37.42826995
37.44325835
37.48865382
37.57910472
37.78849939
37.81980463
37.86096078
37.96042268
38.00347288
38.07596840
38.14009036
38.16951416
38.19402173
38.19832134
38.20041841
38.20813585
38.22447748
38.28685766
38.43106083
38.48783577
38.66022158
38.67107472
38.68543464
38.78842037
38.82368072
38.86752958
38.88762348
39.05679640
39.11135227
39.23674805
39.56857264
39.66275590
39.70349234
39.73618488
39.82122810
39.85773123
39.91711270
40.06361477
40.13133685
40.16055625
40.17236353
40.33000525
40.39263104
40.43107588
40.45956676
40.50351392
40.74002591
40.75218688
40.76364630
40.80959542
40.86837416
40.97975859
40.98717720
41.03212916
41.04009044
41.26031266
41.46854789
41.60929046
41.61221489
41.64418667
41.77263493
41.81066865
41.83559725
41.95881593
42.09506141
42.27949299
42.28955017
42.30594118
42.33154736
42.49480699
42.55637968
42.80558239
42.81043502
42.98957138
43.10499924
43.32471645
43.49167408
43.66883200
43.82680178
43.85608014
43.89489832
44.16585559
44.23959602
44.28075347
44.28948799
44.35339760
44.44908012
44.46061251
44.47726526
44.52157107
44.69030842
44.71642680
44.75209464
44.80091045
45.24866086
45.32834446
45.39432853
45.45309700
45.59061886
45.68198758
45.71285955
45.78145845
45.79015665
46.20238652
46.23131899
46.29744821
46.41364082
46.48014575
46.50199205
46.55711576
46.56076337
46.65132329
46.83242496
46.83693487
46.85465612
46.87736787
47.06108783
47.20743690
47.45260860
47.57320560
47.68099560
47.80532971
47.92324396
47.96439089
48.08025072
48.08088180
48.11913847
48.12794798
48.17749827
48.20105944
48.23791826
48.29817269
48.37077241
48.57885234
48.60736487
48.62282567
48.93210643
48.94541024
48.98529074
49.31799167
49.35368137
49.36104377
49.38985657
49.39413674
49.46998387
49.57882816
49.72233719
49.75525914
49.86733271
49.90699746
49.91226294
49.91378639
50.06922250
50.09195925
50.18517431
50.22858586
50.42444130
50.47307290
50.50675145
50.54333051
50.62838777
50.88077309
51.12531211
51.22295533
51.22585919
51.25472462
51.32196655
51.42959289
51.47530983
51.53268298
51.54371758
51.63834240
51.70930650
51.73196610
51.81994547
52.00763395
52.08661635
52.25422187
52.30759699
52.59740341
52.67024411
52.80489939
52.84783631
53.08413675
53.11812632
53.18863404
53.34489519
53.34638209
53.42369555
53.44082071
53.45717096
53.52966555
53.62547304
53.64681836
53.73932299
53.83243627
53.93646224
54.36934985
54.47980182
54.61336055
54.68164175
54.86260151
54.92066730
54.94800152
54.98449899
55.02102017
55.08405851
55.09192109
55.12693209
55.20026445
55.24516967
55.26519098
55.35041745
55.44199607
55.47582008
55.60745764
55.61893804
55.81515347
55.88384017
56.05049415
56.22307262
56.29265941
56.29469447
56.56995272
56.57334812
56.57357995
56.57540044
56.67601748
56.72871987
56.86469805
57.06675355
57.14033477
57.23233994
57.24718770
57.36215325
57.58601970
57.63356094
57.72971823
57.88112903
57.98685806
58.14452206
58.22189479
58.29623543
58.43341757
58.50990728
58.65622576
58.67915579
58.76473498
58.79529344
58.86016864
58.92394931
58.95040892
58.96905206
59.04075707
59.12855215
59.19347633
59.26593701
59.29226352
59.36690226
59.52423290
59.74667352
59.75435369
60.03776419
60.14081922
60.24741514
60.34796150
60.39599840
60.42533829
60.48337904
60.49544928
60.58602157
60.62879509
60.65123537
60.67310117
60.85550758
60.88149601
60.89209334
60.90032174
60.92838120
60.93900641
60.97744852
61.00401109
61.15888339
61.20292551
61.31131438
61.34585235
61.36092027
61.46821735
61.48951762
61.61602383
61.63191737
61.72145853
61.90988868
61.94885671
61.96518294
62.18014092
124.00000000
