0.08277477
0.18443803
0.22086682
0.25950739
0.50881497
0.57138970
0.71773335
0.74872045
0.77405753
0.78206593
0.82846325
0.89362764
0.90885171
0.93260265
0.95431593
0.98682880
1.05929489
1.23198194
1.26751111
1.29462761
1.32478256
1.41980668
1.49256442
1.49720347
1.51642812
1.76548765
1.77103681
1.84977683
1.87520986
1.91602079
2.03023392
2.05223306
2.11228806
2.19457954
2.27405429
2.27545228
2.28152736
2.34012588
2.44866024
2.50838506
2.53949089
2.63912170
2.69329188
2.78294558
2.78918233
2.82122643
2.87705324
2.95052985
2.97248453
2.98059418
3.01303081
3.17402839
3.19270287
3.19914524
3.33044554
3.43413556
3.59657398
3.77207485
3.89813922
4.51734171
4.59075200
4.63163544
4.65319683
4.71059757
4.74294584
4.76581074
4.82499832
4.83707247
5.08949337
5.17019987
5.17135528
5.19760669
5.20798522
5.27167133
5.41616909
5.53595484
5.57287244
5.59079091
5.70973847
5.74802485
5.79698577
5.81804755
5.99484629
5.99760576
6.01349423
6.17401350
6.17579313
6.26035988
6.28432504
6.29030082
6.31728207
6.43509758
6.49669395
6.68621967
6.79469059
7.12315916
7.37849251
7.45234668
7.53673670
7.58947045
7.63167538
7.63982494
7.73252873
7.79753259
7.86586245
7.94526820
8.03211450
8.15596064
8.18154906
8.18276154
8.19377071
8.28000556
8.28949071
8.30585836
8.34546380
8.37462714
8.44900078
8.59799364
8.69351674
8.79967557
8.99948866
8.99969726
9.03203567
9.03518789
9.06204617
9.11855156
9.30592803
9.33724834
9.46696209
9.51651516
9.66631435
9.78692379
9.78799998
9.79409396
9.92109030
9.98947979
10.02279689
10.27964853
10.28144688
10.32287666
10.35635837
10.55455853
10.55700498
10.57100508
10.62912208
10.65031881
10.91243339
11.06857514
11.09103328
11.09635487
11.33387986
11.40697969
11.54243897
11.67006126
11.71665441
11.83276349
11.86686632
11.91630530
11.92378556
11.92475551
11.96657057
12.04212871
12.06877008
12.45817479
12.57331173
12.69400199
12.77643847
13.06332085
13.16134272
13.38998336
13.44208097
13.44505435
13.68093286
13.79328633
13.97297513
14.06132511
14.24778873
14.24947746
14.34660436
14.40149501
14.44094463
14.44181674
14.46705976
14.50013395
14.52307545
14.55494777
14.56096534
14.56363539
14.61067799
14.78262865
14.85594511
14.89474130
15.01882436
15.06229841
15.09473324
15.19664386
15.34683900
15.35992867
15.44483132
15.46524761
15.53053949
15.71591564
15.73172191
15.79411959
15.81056813
15.82287785
15.87769339
15.95581544
16.00779945
16.23368773
16.33327366
16.37420148
16.64301008
16.69131909
16.80982041
17.02578705
17.20459941
17.21945858
17.29264161
17.42103196
17.57155333
17.78228544
17.85288460
18.00757458
18.05294000
18.10473511
18.19059431
18.22769310
18.23751520
18.27258865
18.45461213
18.49586755
18.68785714
18.91239334
18.98945631
18.99656250
19.03155450
19.19584219
19.20086129
19.21993430
19.24645823
19.28901469
19.38981262
19.62106877
19.84356354
19.93168602
19.95539013
19.97318200
19.97400332
20.01679075
20.05251477
20.34203763
20.35011207
20.43111896
20.54454780
20.61895624
20.68939690
20.77028706
20.81610251
21.02652921
21.13436460
21.14159818
21.41027933
21.43781739
21.48955409
21.62294117
21.99401649
22.09530078
22.09826502
22.10529691
22.12371739
22.12918311
22.27051470
22.30633469
22.39881376
22.53879388
22.61425566
22.72569035
22.83383697
23.03909067
23.09592179
23.11808922
23.17330938
23.20430139
23.38910399
23.74647193
23.85790979
23.86587885
23.98757516
24.01317460
24.02398491
24.02548604
24.08399317
24.11073775
24.19342805
24.26142447
24.31431545
24.32059555
24.44118802
24.48633846
24.51772227
24.55574031
24.66372907
24.70219474
24.80092909
24.85453460
24.93617100
25.00892155
25.02442984
25.18676849
25.22867982
25.31116676
25.34409600
25.34898893
25.54046119
25.61497466
25.64621944
25.71045527
25.74621057
25.74661581
25.79684100
25.90431858
26.04996009
26.05497615
26.06502405
26.22541143
26.27739964
26.30140361
26.34406795
26.34970967
26.45221219
26.48288928
26.48610009
26.53457513
26.55198491
26.63701298
26.66736648
26.69075148
27.21253849
27.56351643
27.58766856
27.82958008
27.90556220
27.99064695
28.00315017
28.09670187
28.16177621
28.17811981
28.21395503
28.25779519
28.29454949
28.29894850
28.30097509
28.37082580
28.44121176
28.48136808
28.50379849
28.76753068
28.86457187
28.92691233
28.95568013
28.99825987
29.26113097
29.28926523
29.34208299
29.49551491
29.53663174
29.54411894
29.59540003
29.63718358
29.63854620
29.67920451
29.71617173
29.71655549
29.85022900
29.85700990
29.95609799
30.04754538
30.04877423
30.10896559
30.16579429
30.17270453
30.18529253
30.29607927
30.38654479
30.42586859
30.44903146
30.44990983
30.76340883
30.76671113
30.88355335
31.14796459
31.16398257
31.36930193
31.51812586
31.52155697
31.77534445
31.83318862
31.84043024
31.91030201
31.94823051
31.97047952
32.21604694
32.34616044
32.43834009
32.52584978
32.59950315
32.66682349
32.71275834
32.72151874
32.78719342
32.79223058
32.95831926
32.96179302
33.08110245
33.11821413
33.21566959
33.30086881
33.46190935
33.48889506
33.49825564
33.54318140
33.72277728
33.73958925
33.75838991
33.96934807
34.05181517
34.08276330
34.08659916
34.17265508
34.19019362
34.28148424
34.47967720
34.56168173
34.57117778
34.61048954
34.61091974
34.61775561
34.66989106
34.69505367
34.69914483
34.76814120
34.81684390
34.85211082
34.95378098
35.11463580
35.26661732
35.33246457
35.38442538
35.65213441
35.81783348
35.91347708
35.91907759
35.96131778
36.09029664
36.18181428
36.25941313
36.28617896
36.29940952
36.46136814
36.89718185
36.93026157
37.06798702
37.07922209
37.14124800
37.17217582
37.17458665
37.32107829
37.67040393
37.72550536
37.76499776
37.86872376
37.93612737
38.03533937
38.05228971
38.08843693
38.29803205
38.29900733
38.32769546
38.33684145
38.40879115
38.53255513
38.65781025
38.68115067
38.68592489
38.70504327
38.74891654
38.80243000
39.21636594
39.21809633
39.22212100
39.30397505
39.31200513
39.36413542
39.50174532
39.73481571
39.82774870
40.00171415
40.21257296
40.39171240
40.55536360
40.63534281
40.72475409
41.01299220
41.01404591
41.11815067
41.20425032
41.25325901
41.27395339
41.28677018
41.49211863
41.50815647
41.57888502
41.66185209
41.76493653
41.86843016
41.87511153
42.06448575
42.24800953
42.25717057
42.28318124
42.32346515
42.48374965
42.52901727
42.55053900
42.62063345
42.69674648
42.90081794
42.95589672
42.97815374
43.03719006
43.21107901
43.22645332
43.24642392
43.30603823
43.41384082
43.47156868
43.47569241
43.48080772
43.63683779
43.65122663
43.69848845
43.75009547
43.87177728
43.90103813
43.96888270
44.07371535
44.32035156
44.32266248
44.41612295
44.46610594
44.56351140
44.58273653
44.61002170
44.77724495
44.78925288
44.82247850
45.00630126
45.02981460
45.10383350
45.17782051
45.23489521
45.29228415
45.30436493
45.32834446
45.40549811
45.41051117
45.48232793
45.50161487
45.79247796
45.92534906
45.96472493
46.18139679
46.27448476
46.29882753
46.32646824
46.43908989
46.45769959
46.49380330
46.56384203
46.61202599
46.67167745
46.79675792
46.84353933
46.93098108
46.94703191
47.12108082
47.23206910
47.26972793
47.37818538
47.54511164
47.64945923
47.91319914
47.94743396
47.99595426
48.05640857
48.07131893
48.08037869
48.10751980
48.12753222
48.19322437
48.22932208
48.25422724
48.27415279
48.33031058
48.35255410
48.56244705
48.66781485
48.68540669
48.75896325
48.86853170
48.88771392
48.98208601
49.11048117
49.19012667
49.20287812
49.21286772
49.31962030
49.32401284
49.46058909
49.54795755
49.60446096
49.62582933
49.80325442
49.95690210
50.06922250
50.12016637
50.13480732
50.13850020
50.42097303
50.61337109
50.87328494
50.97947191
50.98595367
51.03427861
51.03981836
51.37655616
51.41251174
51.45081146
51.67482365
51.67836132
51.75586420
52.20101255
52.21246628
52.22653871
52.30889990
52.41625696
52.47385370
52.48962341
52.61161644
52.65658187
52.72660987
52.87059806
52.91047221
52.92136886
53.08124224
53.17647087
53.31721688
53.34032921
53.34792742
53.37811080
53.45876405
53.46607306
53.75252277
53.75739985
53.76977232
53.80915993
53.84821495
53.92503633
54.11149960
54.27673456
54.31342465
54.38582619
54.50636753
54.74502662
54.80592190
54.92108014
54.93036211
54.99053510
55.03025443
55.29054795
55.39285069
55.46244530
55.60521236
55.64692593
55.66725856
55.72909868
55.82346899
55.89241984
55.94997263
55.97041692
56.01304463
56.16565165
56.16588016
56.31549468
56.31808175
56.33433319
56.38662548
56.40067182
56.65353283
56.82593586
56.94832077
57.00458749
57.01177536
57.15305069
57.19534777
57.20751054
57.22368050
57.24184438
57.52478372
57.53969772
57.63396763
57.68495428
57.69434736
57.76087563
57.76342152
57.81214827
58.07213532
58.23706973
58.67670746
58.76023607
58.90219925
59.24711402
59.32774389
59.41792266
59.45186936
59.49443639
59.50633620
59.60905184
59.65777682
59.74703133
59.78600492
59.86974868
59.89857118
59.93728743
59.95248537
60.06294734
60.16342925
60.18288218
60.22831575
60.24881255
60.38970557
60.58128308
60.58531590
60.61423676
60.63006088
60.75248506
60.79449630
60.81916790
61.01558559
61.32127557
61.33845370
61.45185709
61.48823270
61.72796991
61.76036467
61.77332586
61.80140186
61.80552552
61.82417714
61.98709941
61.98980481
62.05726784
62.09403895
124.00000000
