0.01088748
0.14746589
0.24893396
0.28665457
0.28731267
0.39282164
0.39575512
0.39683466
0.49064054
0.98589868
1.00611604
1.06576594
1.10667293
1.15354987
1.25650540
1.31872411
1.32320852
1.37497020
1.55451809
1.60391402
1.63670998
1.63915831
1.67979752
1.76497300
1.79704930
1.85898473
1.85996603
1.89365976
1.96021721
2.04189875
2.11537063
2.12097763
2.14304216
2.16391297
2.21110085
2.34025446
2.38256653
2.40521316
2.45767817
2.50850340
2.59844618
2.62804084
2.74410078
2.84065699
2.87337633
2.99675245
3.01522743
3.10886394
3.15174887
3.16510111
3.18488602
3.32595024
3.35357820
3.37240990
3.48054951
3.54920648
3.60958263
3.61087555
3.70573152
3.95792641
4.24858929
4.25074562
4.39791783
4.45748451
4.62741670
4.63420279
4.93780592
4.98762013
5.15123635
5.27263157
5.37885728
5.38654976
5.40909417
5.67821377
5.75441980
6.01349423
6.22398742
6.42548366
6.47153512
6.52064498
6.53886671
6.63213231
6.85039662
7.09345758
7.22248529
7.38006237
7.43654853
7.60944563
7.79653090
7.91856409
7.94554899
7.96514799
8.05422740
8.09979474
8.12509323
8.18071896
8.18727865
8.28000556
8.40049005
8.40919449
8.57173332
8.60473511
8.61951857
8.64248166
8.74384811
9.20275726
9.38584003
9.51903188
9.52028056
9.52994944
9.57065879
9.65494275
9.89120426
10.11329885
10.11691243
10.12957596
10.16154067
10.27591445
10.37796801
10.49370342
10.56907170
10.74856449
10.94048193
10.95427373
10.97428275
11.13944162
11.16250176
11.29710893
11.31512812
11.36911551
11.41693678
11.64515840
11.88729434
11.90880436
11.93426274
12.02972686
12.03639866
12.06513156
12.16319040
12.22816700
12.24312090
12.24377779
12.39246828
12.45271423
12.46937825
12.53639325
12.56245637
12.57075826
12.65289527
12.83222437
12.83233061
12.89230429
12.91557487
12.99023142
12.99838660
13.07019716
13.13409623
13.17690618
13.18162589
13.25743315
13.26801288
13.35879571
13.36994152
13.45077213
13.57594006
13.62152695
13.63425338
13.70461926
13.76701670
13.77499501
13.84277059
13.89595011
13.96315258
14.05036915
14.21109881
14.21318890
14.22964742
14.29051221
14.46936781
14.51527549
14.57473205
14.61330182
14.68871322
14.76227482
15.08126025
15.14348349
15.26927819
15.36262644
15.49600655
15.57742256
15.59892400
15.61863067
15.72612317
15.80109495
15.86847142
15.87341787
15.92783759
16.04441945
16.17987962
16.30974200
16.32148242
16.36241334
16.52971561
16.56938477
16.61502010
16.63725369
16.71681664
16.79888743
16.80079657
17.01232857
17.04271061
17.04401651
17.05330313
17.10792368
17.11228191
17.26669404
17.29808282
17.50311051
17.52385728
17.61503193
17.62072733
17.66785998
17.72068594
17.78968833
17.80618110
18.03975896
18.04902964
18.12048767
18.19822697
18.29361648
18.44101385
18.59381873
18.71468665
18.75415055
18.78413263
18.82760998
18.98671933
19.12943042
19.13364223
19.14531615
19.15653318
19.16081340
19.22403171
19.24271230
19.24571168
19.25090260
19.37091669
19.52814192
19.75086589
19.99087235
20.04544432
20.33936125
20.62080626
20.69852446
20.80540095
20.96108982
21.01405071
21.29022382
21.32453997
21.36007464
21.41464470
21.43994498
21.48194608
21.48727047
21.60294132
21.62520556
21.65637396
21.72457672
21.73432817
21.75851138
22.08145620
22.29473849
22.33239227
22.38724794
22.39306371
22.44685722
22.50012045
22.73492562
23.17287630
23.26157198
23.26672357
23.36549103
23.60627622
23.61707028
23.74671152
24.07469540
24.10347216
24.40159338
24.40561200
24.58511072
24.72633277
24.85971623
24.88662737
25.03081110
25.05925855
25.07414844
25.09546620
25.13027152
25.21255632
25.22245847
25.23829342
25.33243214
25.37128153
25.47457598
25.59733311
25.65194932
25.81261187
25.83702224
25.86729373
25.93976017
25.94987217
26.22818230
26.28125714
26.31629706
26.38211273
26.48288928
26.48941341
26.71191141
26.82483204
26.91579268
26.95704433
26.96144315
26.96714512
26.97194635
27.22735334
27.29932031
27.32349322
27.52956592
27.61659102
27.63532860
27.76241442
27.78926443
27.79716910
27.83572503
27.86308048
27.95759164
28.03787902
28.12527197
28.13913404
28.14392489
28.22201346
28.24782597
28.39100304
28.40123252
28.82763283
28.84356827
28.87051737
28.91755049
28.97415494
29.01535522
29.16729408
29.36933515
29.37051154
29.42812257
29.50357040
29.59084691
29.60757202
29.76238556
29.79549820
29.82864820
30.04866062
30.05786447
30.08173141
30.09604456
30.13503157
30.17251339
30.30482513
30.33667063
30.42205498
30.51166115
30.52237351
30.60574179
30.79832155
30.89416355
30.91904127
30.96205470
30.96895300
30.99598415
31.04224874
31.16018907
31.36195429
31.44568160
31.47749144
31.48325869
31.50056416
31.60357456
31.61695177
31.61747942
31.77255755
31.92092575
32.03621227
32.13591025
32.54050845
32.61956719
32.62175281
32.82269163
32.93432049
32.93834171
32.98388297
33.12936170
33.13646767
33.17815746
33.20197451
33.22444854
33.24292028
33.45335907
33.57027342
33.61834289
33.77015330
34.09945919
34.16504906
34.32776836
34.33535470
34.53090976
34.57417426
34.71707217
34.74012313
34.77398098
34.82842159
34.89135069
34.96275955
35.12050863
35.12862432
35.29070994
35.40130840
35.43912536
35.44399881
35.45894127
35.51618208
35.78597949
36.09758615
36.27851878
36.30017246
36.45675348
36.46665772
36.49483057
36.52134782
36.66891857
36.67846908
36.68193971
36.82378328
36.82830810
36.97044999
36.99432750
37.12196272
37.15384320
37.28242913
37.42775068
37.43046714
37.53860450
37.58605052
37.66016032
37.80913529
37.87117066
37.88100660
37.96583581
38.01008894
38.03375702
38.10604040
38.25735988
38.35804612
38.47156619
38.49047199
38.51639693
38.55635231
38.60542138
38.71634093
38.79166389
38.93177191
39.36365709
39.42751862
39.45971094
39.46730028
39.58259759
39.65723736
39.73731418
39.86102081
39.89272514
40.07743742
40.10767230
40.16635482
40.25270371
40.38786324
40.40226783
40.46400971
40.50871166
40.65831418
40.66958366
40.74510985
40.81779451
40.83154004
40.92042425
40.99972350
41.00419348
41.06306791
41.09155833
41.09210001
41.14142653
41.49211863
41.59359945
41.75000188
41.90063922
41.94614500
41.95155810
42.01217425
42.06846080
42.18241093
42.24884948
42.26648556
42.26699932
42.29104272
42.30447664
42.41466410
42.41963140
42.48713732
42.52550144
42.59162605
42.64517044
42.83709596
43.05013372
43.08381902
43.09898196
43.21132871
43.23679518
43.31207722
43.37000309
43.38816284
43.62452108
43.65590126
43.67315590
43.73992564
43.79584593
43.96309741
43.99511254
44.32258821
44.54539140
44.56351140
44.73573544
44.73670324
44.74706911
44.74787046
44.78777346
44.79652596
44.81556375
44.95537175
45.03104861
45.04094225
45.14706942
45.14928872
45.24866086
45.38844123
45.49889382
45.52058636
45.53162927
45.54401629
45.58869958
45.73850403
45.79342746
45.86126985
45.98969891
46.02649476
46.05349632
46.17276700
46.19078505
46.45646910
46.46479681
46.54979967
46.54982619
46.62913282
46.63616329
46.64212452
46.67795638
46.72076677
46.90788636
46.92812205
47.08756364
47.12670579
47.14473120
47.16630366
47.17567383
47.24646185
47.36479620
47.43280754
47.59719424
47.71872806
47.80025511
47.94544567
48.23420271
48.25084065
48.35384701
48.56296191
48.57253917
48.68105984
48.70735914
48.75667560
48.84080441
48.88040142
48.91492180
49.05696448
49.06299041
49.15125780
49.20957760
49.26042908
49.28836946
49.33161942
49.45980570
49.47536273
49.70920764
49.70972426
49.72054103
49.83108130
49.87517001
49.97369437
50.06035458
50.06199156
50.16611068
50.17154476
50.21511691
50.23116908
50.35496801
50.36947353
50.40147498
50.42622470
50.43859035
50.49759645
50.99803119
51.13546727
51.13619506
51.49199057
51.52612276
51.69894897
51.74322340
51.78122578
51.78558078
51.97300760
52.03524655
52.08462393
52.18252497
52.49064975
52.53307607
52.58400606
52.60674356
52.62193801
52.63808266
52.70261941
52.70446377
52.77088905
52.86080302
52.92428905
53.00110684
53.33375809
53.39744142
53.39843560
53.39942087
53.63039987
53.71625157
54.09447975
54.11170731
54.29440035
54.36215040
54.41668591
54.43006177
54.46589036
54.62591269
54.65070096
54.80269560
54.82980103
54.92189683
54.93879744
54.98696302
55.33046760
55.35981053
55.40181778
55.41313146
55.41568076
55.46954735
55.51064705
55.65321332
55.79528497
55.79763493
55.80477973
55.83655741
56.01825444
56.08935547
56.15686349
56.20877114
56.30421565
56.55675280
56.59883462
56.65088770
56.66063408
56.67487412
56.73846154
56.87132684
57.05277113
57.18987470
57.21587461
57.22709382
57.42067259
57.45294417
57.65344086
57.83266364
57.84259661
57.92845534
58.00725306
58.06057079
58.14452206
58.16238728
58.23365047
58.28736173
58.33084739
58.34815129
58.60297565
58.73893987
58.76630700
58.77432340
58.84824173
58.92857296
58.96497874
59.05785752
59.12693165
59.36153334
59.39836690
59.44124875
59.45285534
59.45696915
59.68123849
59.79256982
59.79984918
60.03518838
60.07371187
60.19046142
60.19281177
60.38028834
60.59460998
60.62489019
60.63166675
60.69395778
60.71035104
61.15616920
61.25911857
61.26674612
61.31409458
61.38608867
61.44315468
61.50118070
61.55524950
61.68990667
61.70439658
61.84397564
61.89964815
61.99148465
61.99843018
62.06755550
62.11440573
62.13851293
62.17635626
124.00000000
