0.39799350
0.42473680
0.51014301
0.59274862
0.63676790
0.70385661
0.71817891
0.74423246
0.88409861
0.91461280
1.01548901
1.03082680
1.12336300
1.14639300
1.25088942
1.45901039
1.64567527
1.70584580
1.86751899
2.02498303
2.05174094
2.09194187
2.09432354
2.21360542
2.28342054
2.28913992
2.30642520
2.36734959
2.83431372
2.83954741
2.86356259
2.93579897
2.94354148
2.95755435
2.97048092
3.02339824
3.03426150
3.08124856
3.28171966
3.30351699
3.38903042
3.48327394
3.58642630
3.59431562
3.74580586
3.79701564
3.82555805
3.84827724
3.92889451
4.03484503
4.09311021
4.20995201
4.37162329
4.37758020
4.40975127
4.42380355
4.42689991
4.51855669
4.56497597
4.91947590
5.08713833
5.19373632
5.21748107
5.22767473
5.23878497
5.26207299
5.28583560
5.32683348
5.43818676
5.44959505
5.57249034
5.64376539
5.84814669
5.89923515
5.94517207
5.98086886
6.06444991
6.22823334
6.45834580
6.57174787
6.67926132
6.70311272
6.71200179
6.72347517
6.81617110
7.06653957
7.21020424
7.34464621
7.58816580
7.63908374
7.67796519
7.69914649
7.73252873
7.73341609
7.91755086
7.93578841
7.98356580
8.17899833
8.25591695
8.31593404
8.47255874
8.69684543
8.71410490
8.78470181
8.82486441
8.91164355
8.92433958
9.01421472
9.11855156
9.14554288
9.16750356
9.38897717
9.52593433
9.55828256
9.62971998
9.64061395
9.65494275
9.69544929
9.82866270
9.85408989
9.90352463
9.93955029
10.16944374
10.41784807
10.49967998
10.55669537
10.79489730
10.88302639
11.06269166
11.11102408
11.15522295
11.23373602
11.24732384
11.29461951
11.34257160
11.55184365
11.57204467
11.59787042
11.78689651
11.89068312
11.92284879
11.96425848
12.03606687
12.10703905
12.29710103
12.37696724
12.38739301
12.42117123
12.45118717
12.46235626
12.49939964
12.61090995
12.71337294
12.72776221
12.83079911
12.85391621
12.87037187
12.88165270
12.99984999
13.14214349
13.32037024
13.32978679
13.37084349
13.52312539
13.66990863
13.77017914
13.91459968
13.92555489
14.01848579
14.10420581
14.12079098
14.19664426
14.20483535
14.24950292
14.35023515
14.39283409
14.43898219
14.48078206
14.55373182
14.64748221
14.76011384
14.88707962
14.98967765
15.12315385
15.14507299
15.15091924
15.33614363
15.50219053
15.57621643
15.70640985
15.73191735
16.04159314
16.05780494
16.16950596
16.20561543
16.29111694
16.45831875
16.62228207
16.64516494
16.90735513
16.92045242
17.08134127
17.08229656
17.23095081
17.26446456
17.26783324
17.32090036
17.34395358
17.35699679
17.38538855
17.44014317
17.46983288
17.47045363
17.67020536
17.74223740
17.82068219
17.89810824
18.02467250
18.09828647
18.12261493
18.14551137
18.16222430
18.17420636
18.18972034
18.23725938
18.34910135
18.35488110
18.53214194
18.57362971
18.71121576
18.87493266
18.90872334
19.00047415
19.17681393
19.28582467
19.34242830
19.46867616
19.86049369
19.87914305
19.89798425
19.94993024
20.19951788
20.22632747
20.22829574
20.41504880
20.45597933
20.47579592
20.59755426
20.68319891
20.68964212
20.69076764
21.04500622
21.06106265
21.10526282
21.24579582
21.31386912
21.33270867
21.47036558
21.48194608
21.51868631
21.68188002
21.72589977
21.84023839
21.87675435
21.92718129
21.99914105
22.02364685
22.03130417
22.05329317
22.12779966
22.14966179
22.16599186
22.19845831
22.20505882
22.32497813
22.39794419
22.40073408
22.44711955
22.60605389
22.66589600
22.98011315
23.05205463
23.07705637
23.15025502
23.17025052
23.25601638
23.26442481
23.30698013
23.36549103
23.36555100
23.52275222
23.52591893
23.57481746
23.60560448
23.70589043
23.81029291
23.85916812
23.86607740
23.93317880
24.04601244
24.08743521
24.16754009
24.41363848
24.44650650
24.46398142
24.61334580
24.80030740
24.81780065
24.94147139
24.98078859
25.04507829
25.16884755
25.42951505
25.46141594
25.55821881
25.77295427
25.84876690
25.92733676
26.07600147
26.22718640
26.23376255
26.52981306
26.89314125
27.17920908
27.24534106
27.33559551
27.34022224
27.39562124
27.53462894
27.55416222
27.55905891
27.77759378
27.81170676
27.98014613
28.00341088
28.29237972
28.33068129
28.58044893
28.58063086
28.58557652
28.68259133
28.68663598
28.69107216
28.71499650
28.75656283
28.84118611
28.93477415
28.96792479
28.98108827
29.00388233
29.06021759
29.09337082
29.15507101
29.21986875
29.24489241
29.35195609
29.43343566
29.46321358
29.48748334
29.51116052
29.56263060
29.56296401
29.56886660
29.61095894
29.96371626
30.03609287
30.30853947
30.30883103
30.32625561
30.32640658
30.39171571
30.49886783
30.54973618
30.55818651
30.59616077
30.60800535
30.71354780
30.71637089
30.75338225
30.83342106
30.86047247
30.88581651
30.95413325
31.04150139
31.12474139
31.22912049
31.26733083
31.54863629
31.66012756
31.85174241
31.87478625
31.98143265
31.99765419
32.11837297
32.37366140
32.39181096
32.50086158
32.61667209
32.65189291
32.70440568
32.81502647
32.91834081
33.03661408
33.11163043
33.15670189
33.18821427
33.27737145
33.30531867
33.30534421
33.43468400
33.49247751
33.52465412
33.63845130
33.64788578
33.69112848
33.73875428
33.81683089
33.83092089
33.94347956
34.08659916
34.68096577
34.74392414
34.80102739
35.13851798
35.36904466
35.37667756
35.63111560
35.64273663
35.77564244
35.82655531
35.84061990
35.85541604
35.97890406
36.04688904
36.11849868
36.34442006
36.34863603
36.58204936
36.64399097
36.66396153
36.68126131
36.76944223
36.92215612
37.22151474
37.30205386
37.30683424
37.47579129
37.53956107
37.74294546
37.76543091
37.86765246
37.89499574
38.25905207
38.35870992
38.42738567
38.53029982
38.62073109
38.75751169
38.78919937
38.92674920
38.93422212
38.93610973
39.05341263
39.41557981
39.56879386
39.85510648
39.86000307
39.93858968
39.97026357
39.97653708
40.01029054
40.02815944
40.05415306
40.10657640
40.19094284
40.21989957
40.41710885
40.60828500
40.72810635
40.73249424
40.74274315
40.79161189
40.79426361
40.83154004
40.87542364
40.91892930
40.94422021
40.94748523
40.95707510
40.96101687
41.03992420
41.04627962
41.09084815
41.25203773
41.25231953
41.50796482
41.76974701
41.81631518
41.82347038
42.27984480
42.28807170
42.29905271
42.41361335
42.49248218
42.52491168
42.68158959
42.71516486
42.76943799
42.82909622
42.83025373
42.84056044
42.84964076
43.00046462
43.03173195
43.04419972
43.10957438
43.23679518
43.29201206
43.37776872
43.40923016
43.53667974
43.71065024
43.80692467
43.80789699
43.84857920
44.00399369
44.06682361
44.07894096
44.11106546
44.17834873
44.19084078
44.38619650
44.44121440
44.46638586
44.53098173
44.56351140
44.65569485
44.72543568
44.75112020
44.86317379
44.93905878
44.94181722
45.03384550
45.04355361
45.18182915
45.18651280
45.21656117
45.42547822
45.49213047
45.54573374
45.62230148
45.67330372
45.76232234
45.85304358
45.86356072
46.01582507
46.22182689
46.32469632
46.37067321
46.40036504
46.52431592
46.52528712
46.60900143
46.87811157
46.94442560
47.04170951
47.08412879
47.09616911
47.11685862
47.25818603
47.27095845
47.37934297
47.42027813
47.44332174
47.47525192
47.66354646
47.72945051
47.74332767
47.75094047
47.75979357
47.83462194
47.88580744
48.04721673
48.07825948
48.09375130
48.19135355
48.33868672
48.50092340
48.50594890
48.64945964
48.68501769
48.94404892
49.12682393
49.23896822
49.27750426
49.34145077
49.34427518
49.37127973
49.46727717
49.47879533
49.49965150
49.60246809
49.60446096
49.62442244
49.63413359
49.74189177
49.75118251
49.78290033
49.80861641
50.06922250
50.08592195
50.11888711
50.12980872
50.22648479
50.26213679
50.30767482
50.51022422
50.69293785
50.96269810
50.96889643
51.06944608
51.09207956
51.16056154
51.22766568
51.27962994
51.41345547
51.43245823
51.48459652
51.52464390
51.62167265
51.70163728
51.71154300
51.73997791
51.78558078
51.80064209
51.87939688
51.98781095
52.00459091
52.28184820
52.51177217
52.64864973
52.66069157
52.66495906
52.88434130
52.96249902
53.08348095
53.12599564
53.18877663
53.30943450
53.31012216
53.34535855
53.35482717
53.38224784
53.38928438
53.40551266
53.42305369
53.42631937
53.42696137
53.50022382
53.77922854
53.81712145
53.86134505
53.92503633
54.01095086
54.03503896
54.19850684
54.24231392
54.25955228
54.27907566
54.28787735
54.44886295
54.46154731
54.60696680
54.60699070
54.83138589
54.97144073
55.01925876
55.05817644
55.22052347
55.27993976
55.35711294
55.39048972
55.48391193
55.53039258
55.64022944
55.76092923
55.76748334
55.88723522
56.06229790
56.06444483
56.10659949
56.13091294
56.21855887
56.28513458
56.29756629
56.30421565
56.32442922
56.34207764
56.40907706
56.65224771
56.72871987
56.74584865
56.77638420
56.93153729
56.99659601
57.11697881
57.13117737
57.17378683
57.26556586
57.37913228
57.40730711
57.56440014
57.59442287
57.60472797
57.62803716
57.65529228
57.65590475
57.86917704
57.91745471
57.94457650
57.94749946
57.96718582
58.03103847
58.08917576
58.15187955
58.17778994
58.20591676
58.25417152
58.38027124
58.68804261
58.88672241
59.02953890
59.06630795
59.07156881
59.10532981
59.15607716
59.16699114
59.53227697
59.57890451
59.77722591
59.80011517
59.86291106
59.87288758
59.94065953
60.00493065
60.21482850
60.32336538
60.34532987
60.35986365
60.46534199
60.52611389
60.61090217
60.61566458
60.74303099
60.76962578
60.87523873
61.03813323
61.04552410
61.04611379
61.07549763
61.13600253
61.19430403
61.20154299
61.32577369
61.37759375
61.50029460
61.62641472
61.64162567
61.65928789
61.75257618
61.94582577
124.00000000
