0.00121216
0.03482917
0.09615165
0.15717711
0.16236527
0.18546375
0.28137140
0.31350391
0.53087198
0.68874213
0.85442882
0.93561731
0.94691938
0.95431593
1.01245824
1.13319454
1.32223496
1.51137527
1.56049371
1.75920161
1.84270682
1.84909659
1.93758166
1.97949751
1.98399253
1.99907976
2.00413209
2.01805265
2.03901742
2.16581805
2.39064531
2.41461373
2.45175766
2.52195760
2.55274481
2.61101723
2.64282143
2.65323964
2.66435642
2.69096716
2.69414460
2.76057960
2.82145923
2.98548768
3.05888552
3.35126019
3.36445405
3.42283870
3.42908969
3.46849898
3.47450911
3.49231337
3.70325045
3.74961240
3.77748746
3.87225590
3.89773723
3.92881928
4.23773370
4.35285716
4.37185783
4.38013461
4.42309372
4.43617765
4.44231875
4.59569596
4.64356530
4.76230800
4.76462454
4.87045481
4.87286724
4.98144297
5.07103894
5.20768163
5.23900066
5.24607383
5.36220221
5.46902484
5.55266211
5.57466687
5.86275641
5.89631419
5.89923515
6.10156627
6.14528893
6.20613029
6.25181852
6.29906881
6.31325904
6.35615048
6.39166665
6.43085593
6.46610328
6.56320934
6.60953118
6.80555772
6.82327985
6.99976849
7.12993330
7.33104030
7.34128339
7.55209541
7.63151677
7.94340442
7.95995880
8.02576945
8.15596064
8.17420998
8.29246490
8.32499228
8.32599795
8.36141840
8.43080053
8.46759161
8.52666554
8.53874115
8.79259322
8.82815556
8.93533740
8.97449253
9.10887598
9.36260211
9.38296916
9.43919361
9.50273287
9.52137638
9.55116033
9.70078055
9.70768511
9.70859644
9.79492228
9.86671403
9.87394805
10.02792919
10.09273794
10.13666982
10.20874213
10.29820227
10.38218220
10.43545288
10.57294516
10.62496685
10.63427659
10.65068077
10.83509751
10.86318289
11.15961407
11.22643367
11.29525908
11.39969295
11.45531617
11.51398146
11.57729430
11.63356196
11.65968845
11.80719031
11.81815525
11.85280936
12.00405238
12.14150548
12.18152837
12.44885649
12.48331025
12.50322346
12.54772885
12.57578403
12.64341359
12.77337822
12.84533686
12.85310358
12.99984999
13.13797218
13.28890555
13.97070592
14.06154591
14.10562354
14.10960601
14.15741262
14.30068355
14.30874179
14.34056946
14.45380453
14.54595924
14.64706704
14.78995722
14.91983602
14.98083132
15.02822038
15.10884140
15.16479178
15.22998055
15.25217177
15.40002619
15.45906066
15.56071655
15.73058448
15.74184326
15.75470966
15.80440649
15.85030133
15.98730491
16.04474462
16.04826327
16.06525479
16.09865128
16.15907011
16.24921416
16.25753292
16.37991169
16.46161850
16.57916700
16.62641744
17.12933514
17.21895878
17.42036178
17.55159200
17.62217411
17.67349823
17.69490471
17.85781817
17.91227817
17.93841505
17.98933926
18.01725284
18.06274665
18.18906250
18.23133613
18.26251564
18.45731851
18.55423261
18.64049707
18.73658704
18.76234738
18.86589299
19.16149717
19.20459086
19.34271938
19.34492673
19.43464999
19.52052863
19.54893952
19.69577060
19.75204314
19.85837437
19.88708667
20.09373227
20.19527830
20.55872980
20.60308392
20.62338962
20.76351804
20.82909010
21.00404110
21.01999868
21.03365095
21.06106265
21.18739546
21.20175720
21.22745960
21.22978945
21.27371574
21.38263464
21.44119727
21.54115073
21.55108903
21.60689766
21.66187017
21.66751676
21.80200981
21.86600817
22.03398399
22.08985475
22.13727188
22.16226658
22.18505028
22.21054067
22.35739668
22.38865525
22.38902358
22.61673114
22.65349729
22.66150041
22.69876272
22.70512030
22.77137161
23.03909067
23.07839965
23.18412339
23.30698013
23.49449710
23.50425838
23.83139348
23.86500313
24.10121834
24.17654695
24.21040204
24.29892043
24.30180155
24.32573400
24.54266179
24.94782477
25.11896558
25.34197322
25.46033613
25.49046233
25.70184355
25.74370299
25.76969459
25.77197711
25.81292298
26.05142543
26.13433385
26.18649464
26.19398840
26.24230262
26.42094336
26.47785325
26.48831024
26.73289526
26.76311828
26.76852744
26.99839765
27.03216838
27.09881859
27.21433478
27.34112411
27.36970430
27.43615075
27.45136720
27.52002671
27.59800077
27.67310978
27.70766576
27.72020695
27.76241442
27.77043513
27.78699988
27.98162326
28.05733406
28.11296339
28.20697593
28.23900399
28.31914449
28.33960469
28.38673640
28.51596333
28.59223726
28.72870791
28.73664197
28.75803604
29.01339851
29.01990329
29.25355351
29.32684781
29.32759321
29.33544740
29.39536726
29.44478841
29.65267089
29.71590571
29.76319165
29.77254447
29.81198953
29.81604975
29.96066239
30.06017097
30.30436450
30.35668130
30.36074459
30.55414472
30.65076508
30.66332773
30.68836930
30.74266720
30.74376149
30.81352857
30.87203018
30.87777304
30.88047018
30.97096909
31.02877985
31.11326074
31.18761024
31.19839686
31.54517343
31.68397065
31.82648131
32.01221645
32.04524162
32.10756651
32.26343076
32.26922861
32.28393033
32.39055472
32.48921647
32.49465871
32.60690770
32.65638556
32.71691457
32.77181984
32.82968232
32.85201389
32.87127884
33.46291596
33.50529878
33.53122773
33.70463230
33.74028043
33.80703893
33.82164300
34.24920250
34.40688394
34.50147197
34.57272617
34.63064249
34.63220950
34.92880381
35.00214466
35.05151216
35.26708143
35.30908395
35.31467619
35.58101348
35.63185939
35.66625491
35.67195867
35.84543517
35.98693763
36.09127297
36.09807857
36.20718704
36.31650337
36.34172253
36.36120555
36.50189564
36.54255047
36.57132087
36.57570805
36.58769191
36.83555326
36.85646406
36.90875531
36.98526310
37.02608398
37.07576596
37.26783803
37.41118687
37.42775068
37.53276987
37.54432433
37.63526132
37.64335567
37.66557654
37.68677432
37.70482264
37.76497818
37.79258984
37.86623675
37.95326677
37.98582591
38.15860068
38.23447324
38.36724439
38.43891801
38.43977093
38.57592006
38.63730305
38.68993257
39.06458261
39.06619366
39.08462131
39.17368156
39.32806714
39.35668610
39.46613011
39.91146826
40.01526150
40.18269635
40.20526133
40.33354631
40.37899095
40.39305518
40.44698279
40.93703168
40.93857232
41.06164342
41.16769836
41.17549638
41.24489267
41.29466953
41.40432115
41.46880097
41.58683328
41.59621146
41.63094803
41.70994461
41.81434593
41.84379509
41.92310552
42.01666612
42.13457419
42.21050595
42.23248940
42.28028175
42.36545347
42.39470637
42.43435905
42.44443293
42.48476914
42.48640806
42.50209025
42.63931876
42.85192198
42.89607783
43.00270262
43.03173195
43.13194230
43.17869739
43.23613814
43.25742033
43.28280809
43.31290102
43.36079229
43.40550929
43.54768010
43.66806351
43.71968506
43.91398445
43.95065720
44.08438980
44.22890105
44.45450179
44.63628270
44.70479258
44.72598983
44.73751138
44.74152840
44.78777346
44.81423811
45.16821171
45.20047219
45.20656648
45.20967426
45.25047523
45.37662926
45.60251695
45.65381239
45.67031219
45.70172268
45.73933460
46.00180961
46.01823375
46.03612816
46.10365385
46.30639943
46.48780542
46.67997122
47.19255104
47.22275256
47.23878441
47.28727376
47.43082157
47.55862194
47.57448386
47.61078322
47.70361256
47.70375457
47.82202910
48.11286582
48.15171104
48.16927117
48.24651336
48.37200530
48.43260058
48.50294765
48.51793414
48.56208360
48.82946398
48.83043341
48.90306987
48.94813209
49.06231974
49.07065717
49.14314952
49.24286195
49.24489250
49.25066092
49.41702851
49.51645463
49.90072165
49.94456419
50.12215519
50.23019695
50.51555441
50.58205119
50.65296969
50.66437739
50.74986233
50.83209297
50.96607227
50.96992332
51.03082834
51.28884839
51.42733189
51.60442842
51.62989268
51.64884154
51.87352790
52.06322200
52.07965060
52.16391416
52.22607371
52.33156192
52.33927779
52.37880831
52.39253118
52.40344675
52.47171561
52.60674356
52.61850606
52.74400923
52.74948243
53.06484975
53.07767046
53.38864244
53.41959833
53.45698946
53.57484702
53.63781960
53.65008196
53.75413622
53.81090654
53.97999985
54.00202842
54.09318522
54.12031355
54.19067169
54.20292904
54.27136927
54.35495553
54.36446505
54.62688297
54.63806700
54.83981703
54.86051047
55.08055346
55.08374254
55.19293960
55.25641685
55.26623147
55.36728922
55.44370159
55.47758946
55.52750893
55.56982721
55.59315970
55.71492016
55.81319062
55.82485669
55.82525237
55.84687837
55.89882346
56.23409690
56.29265941
56.40290114
56.47407811
56.52916158
56.58217589
56.66962483
56.72821928
56.76310434
56.79342177
56.84584751
56.93955731
56.94227984
56.99659601
57.03156182
57.17162624
57.36507458
57.60017792
57.64278374
57.85046560
57.87555385
57.88613157
58.02471587
58.22026978
58.30350284
58.30445592
58.48852419
58.53254654
58.57672548
58.71209209
58.72736749
58.85940734
58.95530254
59.10350601
59.21334410
59.34914387
59.34945191
59.48993131
59.56374186
59.78881868
59.82472114
59.86011782
59.92589448
60.05976650
60.07777819
60.11871804
60.14204440
60.26588748
60.31752877
60.38970557
60.65603837
60.70680257
60.84487859
60.86994799
60.99730266
61.03740535
61.09561542
61.17364375
61.22900657
61.34260259
61.70563047
61.76568904
61.88465485
61.97954584
62.00700105
62.13357477
62.32309385
124.00000000
