0.00789358
0.07139272
0.11665283
0.29696515
0.31109940
0.39594770
0.47506516
0.55477283
0.65750264
0.77711446
0.78683559
0.81248772
0.95595488
0.96660574
1.03285515
1.04209255
1.09608836
1.29702432
1.32369976
1.53516272
1.68374315
1.79704930
1.98056823
2.19925574
2.24317198
2.28913992
2.30110761
2.31049605
2.31666986
2.35949754
2.36329977
2.43759161
2.45586539
2.50351767
2.54156765
2.61910251
2.72216520
2.77308906
2.77388342
2.80837501
2.81413504
2.90521136
2.93356333
3.05888552
3.10597706
3.13168391
3.17645536
3.19924710
3.32255887
3.36987550
3.43578220
3.46849898
3.47543272
3.59245062
3.65422787
3.71952413
3.74246889
3.92704413
4.09862511
4.14799846
4.26332288
4.37045562
4.39892978
4.40461337
4.57329666
4.66062082
4.69465600
4.75594665
4.81597032
4.82525625
4.85058903
5.02475647
5.09869073
5.13275418
5.39322317
5.40575426
5.49529512
5.64264077
5.69613398
5.93888363
5.97350849
6.13018560
6.26654954
6.30511181
6.41921375
6.51360174
6.52110846
6.55334972
6.55870391
6.75943210
6.85991059
7.03640012
7.23635998
7.31568405
7.37034596
7.41124274
7.53505763
7.56945200
7.67925622
7.69914649
7.77779127
7.84026141
7.86776798
7.91659141
8.22869503
8.30116540
8.38244733
8.47849834
8.52677641
8.76819766
8.86828268
8.88643396
9.00476079
9.13381047
9.22070625
9.29129223
9.32538786
9.35373520
9.53743004
9.57933357
9.58242525
9.64231155
9.66556314
9.67993538
9.78799998
9.97493633
10.22959377
10.29190441
10.39283135
10.41976505
10.42061654
10.47654351
10.48437081
10.51139200
10.56252060
10.63126672
11.06496777
11.10473448
11.12375328
11.18913666
11.21544648
11.32155741
11.46761520
11.47909644
11.59177716
11.66904947
11.67064618
11.95988700
11.96643003
12.03084919
12.45399672
12.46235626
12.57298114
12.58413962
12.86440558
12.90353315
12.90533878
12.99338134
13.04450106
13.17804637
13.20585193
13.25673410
13.28935330
13.36057590
13.43141146
13.51893287
13.55380367
13.69480301
13.76143617
13.79982956
13.92490393
13.96353760
13.97542972
14.10190661
14.23191002
14.29309033
14.31896922
14.39939755
14.62822430
14.65219722
14.72405263
14.84807332
14.97441170
15.01882436
15.06630834
15.08073405
15.08546888
15.13672504
15.55908109
15.60294277
15.76610620
15.87563026
15.92403058
15.95581544
15.97663782
16.06525479
16.18204603
16.34398811
16.35907920
16.40591616
16.48258267
16.48652494
16.59920342
16.85980114
16.92471444
16.93099103
16.97885556
17.02226898
17.09303238
17.09737600
17.09853331
17.20042601
17.20943970
17.36277165
17.47838682
17.49094495
17.49756304
17.50127610
17.64399876
17.66763063
17.70778201
17.86444894
17.87774653
17.96791965
18.03870689
18.09876170
18.12274588
18.12643457
18.37249925
18.42579125
18.45388329
18.46294128
18.57242753
18.71308352
18.72000811
18.72468161
18.79896597
18.99133519
19.01888025
19.15145374
19.16558162
19.24312756
19.31730220
19.34271938
19.41500837
19.43411369
19.53519510
19.75090422
19.80091064
19.82655100
20.02909479
20.05402559
20.10327657
20.12276061
20.13000605
20.40771903
20.48132461
20.51350901
20.68050852
20.72302161
20.73246279
20.88161020
20.89262161
21.01327061
21.08959395
21.11959296
21.27683698
21.32454656
21.38128003
21.42746981
21.44759804
21.54115073
21.54950768
21.61222802
21.71194215
21.79800352
21.88749131
21.98582832
22.07032720
22.19776484
22.31916966
22.32967521
22.46643294
22.49640052
22.57419223
22.59381884
22.59758637
22.67784340
22.78881566
23.07872911
23.14903939
23.27178355
23.30352593
23.33886325
23.35908875
23.37818912
23.43101492
23.45694412
23.47341826
23.50190167
23.50863034
23.58259609
23.62577217
23.87778142
23.90223612
23.91073958
23.94823567
23.95402773
23.98215007
24.09886993
24.19559154
24.24022717
24.27114704
24.34249832
24.38673791
24.41524601
24.42840239
24.48915370
24.52536825
24.60097660
24.61026428
24.69251975
24.72633277
24.73591765
24.77333094
25.11920978
25.18822645
25.24662879
25.31789621
25.32527036
25.34757217
25.35052506
25.36472763
25.50345816
25.53216400
25.54223700
25.58964257
25.64473708
25.83824454
25.84696714
25.84937322
25.86229508
25.88193893
25.89295728
25.90889190
26.07063738
26.18399979
26.20038916
26.25579981
26.43364911
26.54650967
26.60727192
26.63046785
26.68031590
26.70282034
26.72858583
26.79375750
26.84354254
26.97628151
27.03798915
27.14565705
27.19846680
27.25133443
27.31877801
27.47171359
27.51161224
27.54865043
27.68249975
27.71969424
27.72053509
27.75987480
27.80042095
27.90161871
27.98274231
28.18665656
28.20075564
28.46420667
28.50842984
28.66526096
28.66934191
28.79004857
28.95905976
29.01304140
29.09187379
29.19743792
29.25500675
29.37270138
29.44633398
29.46743383
29.51970428
29.56856584
29.60850113
29.67952676
29.70267283
29.81626387
29.91069020
30.01197241
30.18418441
30.19420528
30.30822425
30.33598121
30.36617778
30.42320388
30.50171478
30.50838757
30.57212733
30.70995910
30.84888239
30.87212844
30.89416355
30.90210468
31.02094115
31.21898983
31.23360974
31.29281064
31.32761154
31.35809750
31.38713766
31.40707204
31.62087468
31.63529498
31.69654043
31.95118019
31.99939309
32.01285731
32.03183833
32.18497426
32.19613850
32.38559371
32.40315486
32.43961389
32.64229502
32.78217154
32.79122130
32.93038094
32.97195803
32.97398424
33.12113433
33.19602025
33.24573360
33.26694537
33.34504769
33.67179225
33.73994305
33.81643566
34.06563448
34.12051815
34.22915014
34.23451436
34.23660446
34.24967133
34.43782111
34.47807329
34.57489680
34.57722492
34.71941614
34.91472653
35.05645365
35.14987821
35.21401826
35.28561307
35.34230365
35.65739642
35.78244578
35.81093584
35.93906774
36.05967709
36.18434592
36.35717078
36.36568434
36.42477025
36.48028438
36.57131114
36.75194048
36.77081064
36.78115124
36.78551777
37.04956442
37.07257502
37.22276552
37.36635577
37.38473001
37.51213445
37.57958271
37.63299775
37.68475326
37.79291481
37.84507124
38.26073601
38.49496412
38.56528431
38.65066162
38.65781025
38.81882702
38.90675035
38.97359927
39.04820842
39.21622628
39.29299830
39.47106031
39.51910144
39.55598535
39.92041230
39.95658695
39.97336217
39.97599754
40.14930413
40.28218047
40.40561336
40.44548988
40.46546194
40.48039412
40.52815558
40.66368171
40.74415691
40.75581620
40.76703301
40.86165567
41.02159568
41.13421385
41.24325685
41.31405410
41.35949507
41.49428664
41.61372082
41.70573001
41.73140453
41.95844689
42.10884320
42.18254389
42.30467765
42.39333589
42.50090126
42.62524025
42.64137297
42.65490166
42.70598902
42.74381113
42.88417824
43.03238907
43.04642891
43.11998883
43.17715386
43.19639038
43.62380070
43.85511311
43.86883014
43.94368985
43.96438962
44.03220507
44.04280476
44.11821186
44.29262139
44.35656974
44.37267372
44.43338942
44.46458094
44.54542860
44.55098455
44.56626492
44.71062318
44.88058587
44.90086459
44.92395008
45.04094225
45.27932907
45.32171479
45.38422743
45.57449372
45.71471788
46.04483045
46.20378490
46.50534371
46.63051243
46.80134311
46.80971288
46.95481092
47.08270750
47.08988041
47.10237293
47.16862594
47.32878517
47.37980342
47.60792368
47.92099406
47.94348381
47.94637277
47.95192105
47.99859829
48.03349485
48.12560423
48.14228433
48.24282215
48.26946622
48.42015014
48.42507555
48.47062300
48.48613405
48.49047704
48.51540327
48.64070467
48.85863723
48.85993568
49.00642692
49.01165314
49.17471108
49.22302056
49.24914280
49.31811337
49.44171865
49.53017876
49.58606882
49.62582933
49.63687877
49.68060558
49.89762982
49.90699746
49.93622584
50.07188355
50.12085710
50.19220063
50.26896972
50.32826986
50.36497863
50.47314999
50.72420683
50.73646813
51.03578688
51.33546386
51.33798826
51.34164571
51.37568589
51.37707536
51.37798018
51.39626949
51.48676263
51.50524634
51.66819351
51.67739489
51.68503606
51.72597688
51.91770878
51.92395879
51.93403242
51.98269793
51.98382101
52.08025409
52.29046170
52.35463170
52.37730145
52.43705005
52.47277038
52.60330662
52.62193801
52.72598511
52.73150438
52.86094906
52.97453588
52.99820115
53.00110684
53.00149290
53.08461186
53.16814088
53.24908539
53.41278610
53.44909228
54.15580877
54.18808825
54.29718780
54.37980735
54.43479021
54.48540962
54.71148108
54.84467594
54.86904672
54.87921090
54.89469951
54.90096242
54.97444091
55.08845808
55.15077539
55.20341758
55.50677272
55.61170184
55.77695521
55.79221313
55.84967006
55.87387686
56.05619905
56.09232937
56.14568819
56.15640347
56.18593341
56.20783963
56.21227577
56.55627353
56.68889787
56.73201061
56.73700606
56.83254742
56.89611160
56.93955731
56.95100205
56.99005304
57.06805104
57.07686122
57.13704267
57.22369365
57.30458351
57.35268336
57.47369723
57.49032451
57.55607820
57.80150332
57.80994486
57.88613157
57.91214772
57.92117647
58.02914323
58.06994260
58.12722470
58.16482906
58.20121491
58.37118109
58.38398738
58.50391063
58.54333820
58.73183564
58.73977369
58.77331854
58.81201859
59.01680385
59.04977404
59.09492067
59.15576124
59.21725054
59.38169703
59.58884663
59.62182515
59.65704031
59.74085486
59.75435369
59.83864193
59.85001362
60.01285611
60.12506651
60.33291828
60.53914578
60.55183233
60.65523876
60.68212633
60.70955211
60.96689286
61.10787193
61.20526925
61.21045540
61.31375987
61.45280004
61.49361794
61.52448565
61.61991984
61.70591427
61.89985455
61.96138165
124.00000000
