0.00395527
0.10130042
0.10654747
0.12380500
0.15313728
0.15746655
0.41157038
0.53590724
0.71817891
0.82901531
0.91094954
1.17828932
1.20960632
1.32320852
1.32781521
1.34873849
1.38668842
1.44567828
1.50168301
1.63571892
1.87583871
1.88325163
2.05413311
2.11485426
2.30713613
2.54156765
2.54831719
2.59844618
2.62850695
2.82122643
2.84048971
2.87695832
3.09989388
3.21576298
3.57739285
3.57766182
3.60987723
3.69451036
3.78148544
3.81322426
3.86429341
3.89879865
3.99593773
4.02194063
4.04731744
4.36459197
4.42416896
4.47381281
4.51855669
4.56641828
4.65040553
4.65130049
4.65642660
4.69465600
4.69573734
4.73041796
4.74799703
4.77889317
5.08036196
5.08324287
5.27720380
5.27853925
5.35730640
5.36644745
5.49998112
5.50640066
5.52454593
5.53256661
5.55371398
5.65674877
5.71665000
5.73918482
5.77144068
5.77810109
5.86200901
5.90584372
5.91040040
5.94184947
6.07726920
6.09542388
6.14187282
6.24008733
6.34389167
6.34869434
6.37177676
6.41011210
6.46869876
6.49088204
6.51360174
6.63571589
6.65056222
6.67084789
6.85217913
6.86590116
7.05517067
7.13246991
7.20850641
7.33491543
7.33804086
7.38059177
7.41921187
7.46459701
7.60345455
7.69306094
7.78649536
7.95787785
7.96225265
7.99308093
8.26188372
8.33097488
8.34083714
8.38044856
8.38103724
8.71413100
8.73871345
8.81383896
8.82113552
8.85915350
8.94413400
8.95456061
8.99764819
9.09042292
9.11213055
9.11635694
9.12094911
9.29328995
9.30273040
9.35381818
9.37910306
9.43919361
9.51753398
9.66514450
9.67770221
9.69573345
9.71332757
9.71334941
9.87394805
9.97281877
9.97954156
10.00488250
10.12557057
10.31300418
10.53782265
10.62164843
10.65711607
10.75591672
10.77139075
10.84498541
10.90587513
10.96314544
10.99179361
11.01762162
11.04964968
11.05598003
11.12754625
11.19407791
11.34304375
11.46160534
11.60171507
11.82674808
11.88433546
11.89888468
11.90753554
11.93531956
11.99206627
12.11110264
12.18898620
12.19102027
12.22369218
12.30787937
12.43316896
12.83145176
12.86668755
13.08450965
13.16072751
13.28046502
13.30795818
13.32543886
13.33765524
13.38455195
13.40661166
13.43691743
13.45120477
13.54764356
13.60750498
13.69597351
13.72426107
13.75034581
13.84239043
14.14054259
14.17454813
14.27641666
14.51736735
14.65348104
14.77460163
14.78728643
14.79925007
14.82298073
14.94639003
14.98544641
15.05811332
15.16981056
15.25393938
15.28509163
15.36401996
15.47178121
15.47758019
15.53225951
15.69176557
15.96867893
16.18825037
16.21002043
16.30001134
16.30142415
16.41473782
16.43503121
16.44409272
16.70874259
16.95160551
16.96348296
17.01686442
17.29424115
17.30383874
17.31345490
17.53368772
17.67020536
17.84691693
17.90712857
18.07362861
18.11870115
18.18048248
18.19645068
18.27492594
18.27805598
18.34672027
18.38955393
18.40242710
18.47599318
18.48045548
18.49419256
18.49508083
18.50890432
18.56788903
18.64659475
18.75826124
19.24110136
19.33479869
19.35528290
19.38981262
19.67197679
19.74142058
19.74515380
19.80048203
19.84518689
19.97387798
20.22784049
20.54511809
20.56965226
20.82623579
21.02218681
21.11930699
21.29758321
21.38263464
21.45456975
21.51545265
21.51868631
21.65534855
21.70511656
21.79808033
21.82482537
21.90430761
21.99347099
22.03597166
22.10460063
22.12779966
22.20167622
22.39415134
22.41528873
22.45562895
22.58553224
22.69601351
22.95707223
22.99824257
23.00992546
23.08522308
23.12432141
23.12933784
23.25304998
23.31267796
23.40281739
23.51520217
23.62681782
23.67423845
23.88701510
24.03597139
24.09929594
24.22739829
24.26130909
24.54889489
24.64278404
24.67543827
24.72209194
24.77341211
24.80810291
24.95209639
24.95327075
24.97499679
25.04653704
25.07617629
25.15082731
25.24759960
25.25323321
25.37229854
25.56660852
25.56826141
25.61457428
25.77575385
25.84719188
26.00424069
26.00703099
26.22818230
26.33689321
26.46489809
26.50064732
26.57585237
26.62892291
26.65210714
26.77318303
26.77332613
26.79533527
26.87620330
26.88860124
26.90295079
27.02889685
27.07997309
27.35578508
27.36426171
27.42249432
27.50732770
27.51880766
27.62451976
27.66459180
27.69683577
27.77914411
27.94000715
27.98945136
28.01971690
28.04321547
28.32164042
28.44672572
28.54797732
28.71184547
28.72361898
28.76437700
28.77812895
28.79458479
28.98897233
29.00710973
29.01396478
29.07394927
29.16058797
29.42459755
29.47099648
29.82064637
29.89351404
30.09082962
30.13407806
30.21943652
30.44921562
30.47310559
30.47658519
30.50594822
30.63439387
30.71862203
30.79832155
30.86504539
31.00974344
31.04292434
31.06871756
31.07105412
31.21689883
31.35379188
31.40124928
31.40860549
31.52465087
31.60286820
31.60707433
31.64307780
31.78604043
31.79332085
31.88402633
31.93541344
31.95926619
32.01231233
32.04684912
32.24405659
32.34063938
32.60407545
32.67835206
32.81737569
32.81935931
32.82123885
32.82269163
32.94551121
32.98683436
33.03688529
33.11892107
33.20096524
33.26816938
33.35414345
33.59787780
33.72297571
34.24434877
34.31608293
34.51832576
34.65264846
34.67165109
34.72264721
34.74392414
34.76022258
34.77816855
34.78219378
35.13300961
35.15576933
35.16354584
35.17945984
35.18677130
35.24137701
35.38161570
35.47488777
35.49265045
35.73473553
35.74287490
35.79744897
35.83063612
36.04292478
36.07394266
36.09232325
36.10901024
36.14715124
36.20718704
36.26342338
36.35124613
36.57088836
36.58112427
36.66688350
36.78915988
36.87364227
36.89878660
36.99309131
37.03344633
37.10258878
37.25396863
37.40953540
37.42554808
37.47939960
37.50922065
37.52248148
37.60555579
37.73245369
37.80608267
37.86355939
38.03609285
38.22694360
38.24416680
38.34175909
38.47952116
38.50372040
38.52227522
38.54160639
38.63717875
38.63749458
38.68433520
39.04231616
39.20930955
39.30445545
39.37718068
39.42506271
39.59416349
39.59952309
39.82122810
39.87316533
40.04269179
40.05609222
40.08573329
40.17526582
40.28452650
40.42420071
40.51856875
40.52325618
40.54290153
40.55848980
40.58585006
40.78794739
40.79604242
40.80705761
40.80990573
40.84717785
41.02390566
41.14352969
41.22006709
41.26629974
41.42238059
41.42269479
41.46031010
41.48431579
41.48674698
41.50740304
41.52766745
41.65256858
41.66040693
41.76290685
41.78685355
41.80847362
41.83849331
42.15242736
42.21052208
42.26580460
42.34819610
42.37871289
42.50474468
42.52305279
42.57500908
42.72757105
42.74256345
42.75132588
43.01320643
43.01767007
43.02700695
43.06823090
43.13581481
43.40149145
43.42773911
43.43003167
43.44403625
43.45915392
43.56725949
43.71065024
43.97150615
44.05796734
44.10007102
44.16007863
44.16585559
44.18654004
44.26439681
44.29930073
44.30981716
44.31032185
44.39580616
44.60610991
44.63037598
44.70351806
44.73751138
44.87055773
44.92819631
45.04176741
45.08234651
45.26875326
45.35233978
45.37982970
45.60632513
45.68744257
45.98294667
45.99320328
46.03176338
46.31784887
46.32618085
46.42062950
46.47284783
46.67997122
46.68118068
46.81756905
46.87971846
46.91331884
46.92684069
46.93081727
47.02609249
47.02947053
47.08461823
47.12967258
47.16928865
47.30523475
47.45063535
47.46603776
47.54079281
47.69830210
47.83212694
48.03072138
48.06119439
48.11056476
48.15171104
48.18643542
48.21364518
48.43809219
48.60258719
48.71372965
48.72446701
48.76076915
48.86507699
48.93362315
49.11544242
49.16416502
49.17949891
49.22024902
49.28998005
49.32031923
49.33469112
49.37707037
49.42723825
49.52354916
49.57224032
49.62654143
49.71222249
49.75839391
49.80215622
50.29902915
50.36134625
50.36751342
50.40371143
50.44735295
50.46985938
50.47446789
50.48249704
50.52184411
50.64533773
50.65704050
50.67293188
50.69243957
50.73594468
50.81477966
50.86786612
50.88804117
50.97772543
51.00598926
51.16752815
51.22227271
51.43477935
51.48676263
51.60776254
51.75450724
51.76917837
51.91036824
51.98393867
52.00402305
52.11176378
52.22682655
52.47171561
52.47240097
52.51433119
52.60833387
52.69785651
52.79510294
52.81306777
52.81323045
52.88128692
52.88260209
52.97260640
53.34596471
53.53023584
53.66012008
53.67224107
53.70457923
53.75136447
53.78220666
53.80067914
54.02572548
54.18555125
54.31013464
54.37283882
54.38891292
54.42221072
54.42382301
54.50638060
54.50854510
54.94628881
55.07679974
55.07781398
55.11058355
55.23498264
55.29634289
55.30031919
55.47769933
55.78733207
55.92404683
55.93698012
56.05344985
56.15383013
56.20391511
56.36380315
56.44206363
56.47988398
56.54982507
56.61479585
56.67042540
56.73208373
56.95582483
57.01187042
57.10823290
57.35687773
57.40341615
57.55309239
57.60112806
57.61205159
57.63582019
57.78821127
57.85822458
57.91953143
58.04757219
58.06958830
58.24150973
58.28794456
58.43101736
58.43984229
58.54659067
58.55007050
58.56936379
58.61068684
58.72128249
58.75673688
58.98375432
59.06484595
59.08062798
59.17721558
59.20554905
59.30473953
59.35327574
59.55950601
59.58884663
59.60771075
59.63586331
59.68364796
60.18806473
60.19631163
60.20289432
60.21028295
60.22687000
60.31271067
60.54073402
60.54695109
60.64845480
60.67358354
60.71839905
60.86269035
60.91496643
61.00777964
61.11400429
61.12950426
61.19453938
61.33313477
61.42362838
61.48244620
61.55892371
61.60658450
61.61144309
61.61237452
61.61997776
61.97928464
124.00000000
