0.08867334
0.14690981
0.39147594
0.43737270
0.48588911
0.65134118
0.70366735
0.74887633
0.75650692
0.79993541
0.88197531
0.95278364
1.00513017
1.09201184
1.30048231
1.43224660
1.52337506
1.57274456
1.61702069
1.68326070
1.68884945
1.71679438
1.77380267
1.92215401
1.98399253
2.01632208
2.17712835
2.22166902
2.25984353
2.26037814
2.28464845
2.32151395
2.39379187
2.41996801
2.47911526
2.61925603
2.66705498
2.77804857
2.83010247
2.84378183
2.86108537
3.08749622
3.14252360
3.20827955
3.26227449
3.35715913
3.61274850
3.62310365
3.65235332
3.70096415
3.79179774
4.05966934
4.23587077
4.30852927
4.31396918
4.33112881
4.34099822
4.61005273
4.74815125
4.84981381
5.03443750
5.09368783
5.23809578
5.37204114
5.38186621
5.58234692
5.93442830
5.95982430
6.01565317
6.02836695
6.16509549
6.20485836
6.26853636
6.34066206
6.34851304
6.37121006
6.38554881
6.41165874
6.45081613
6.60127170
6.68567530
6.69563003
6.89678374
7.17493789
7.18692410
7.29900401
7.33140189
7.40734719
7.45588105
7.45659172
7.49961169
7.49971760
7.54982781
7.62185310
7.68008098
7.73695854
7.94306193
7.96486937
7.99725868
8.02434533
8.06778145
8.25581722
8.29246490
8.48460614
8.51370667
8.61467824
8.62260250
8.73712888
8.77447148
8.80220546
8.82658741
8.89988256
8.90654225
8.92467115
8.97030484
9.05501886
9.21710078
9.26529187
9.45725252
9.52559952
9.52994944
9.54535490
9.55116033
9.78490650
9.88019934
9.90889942
9.96781603
10.01678763
10.10068036
10.11294734
10.12919328
10.19812163
10.26593656
10.44778533
10.49418198
10.56808548
10.67390507
10.70805563
10.71701457
10.93283687
10.97151178
11.05103226
11.28166179
11.32334435
11.35789436
11.40331113
11.65034743
11.66108013
11.78371126
11.96177514
12.05446401
12.09263648
12.09688015
12.18812221
12.20420316
12.22798281
12.57183132
12.60315386
12.87202461
12.91315033
12.95094193
12.98924084
13.00021548
13.11820652
13.29856720
13.43885750
13.48468882
13.50888130
13.71740564
13.89745734
13.98871161
14.00724995
14.03870947
14.26932354
14.29886258
14.43504070
14.44112026
14.48087191
14.57528008
14.67287870
14.70264985
14.70472939
14.97693841
15.02926523
15.08126025
15.08132899
15.17396484
15.24780153
15.52211239
15.53934086
15.60771577
15.64869699
15.66123441
15.69609623
15.70453906
15.73994821
15.99090551
16.13909288
16.20418928
16.44393552
16.70921952
16.72369220
16.75143857
16.79115962
16.88580058
16.92126660
17.03583707
17.04670375
17.06941192
17.08159224
17.18567152
17.19377703
17.40829754
17.46994855
17.59998291
17.72122937
17.82994245
18.17140596
18.19219993
18.31466311
18.37528806
18.46347262
18.48045548
18.61276701
18.74999640
18.92864708
19.01575722
19.02391494
19.08756670
19.12118170
19.22097175
19.31149141
19.33000092
19.33681790
19.35744401
19.36863563
19.47916737
19.55037818
19.56030306
19.61367645
19.61398766
19.71387484
19.80293666
19.91771636
19.96589004
19.96595280
20.33522839
20.43738810
20.45842645
20.51381669
20.52694036
20.63625119
20.99615746
20.99728440
20.99870662
21.01183737
21.11402569
21.27223023
21.43781739
21.57306407
21.61225584
21.65901224
21.72023673
21.78296918
21.98382982
22.00858827
22.12000770
22.18571690
22.22024243
22.27541433
22.30213565
22.35402840
22.52038161
22.56024624
22.62913747
22.66150041
22.70789653
22.73087928
22.76122148
22.76663200
22.77863008
22.78511512
22.84476834
22.84981823
22.85186379
23.00320080
23.01352867
23.10650567
23.11280718
23.21772493
23.56988148
23.63176185
23.67009947
24.32726072
24.34601567
24.38362272
24.42622387
24.43819805
24.44402360
24.46590323
24.48321355
24.52536825
24.61042907
24.70502894
24.85710482
24.93012291
24.99481252
25.10703844
25.14891686
25.16529822
25.25051560
25.27403531
25.31007222
25.38357408
25.56654073
25.56660852
25.66646600
25.74955142
25.86729373
25.96437894
26.19512133
26.31629706
26.31770352
26.40951935
26.50328523
26.67755590
26.68469421
26.76189517
26.77337809
26.85322813
27.00298437
27.02891644
27.03416568
27.23172660
27.32848952
27.36737311
27.44109067
27.60276647
27.60781186
27.64878650
27.86014212
27.90161871
28.08990843
28.14272230
28.17706550
28.20180599
28.35222677
28.48402769
28.50565063
28.53842749
28.61721990
28.68272599
28.81314508
29.07528285
29.16279280
29.20084786
29.38981905
29.51741216
29.53525125
29.54663752
29.57778564
29.65156130
29.67920451
29.80080244
29.81523519
30.02269265
30.03439330
30.04866062
30.09051464
30.09892259
30.11302977
30.20388958
30.23064990
30.28219087
30.31129644
30.33829963
30.47423719
30.50089253
30.51560001
30.78363224
30.96270664
30.96512662
31.06799702
31.10054127
31.10759434
31.18872196
31.24200116
31.27424100
31.29611044
31.41004878
31.66335093
32.14555467
32.31121259
32.31223404
32.42290138
32.42683074
32.46189658
32.65836149
32.73877574
32.75062458
32.78139698
32.84660695
32.88126491
33.05474654
33.06204207
33.09454995
33.11488562
33.19071225
33.20004427
33.34433697
33.40897282
33.77798041
33.87986660
34.04693569
34.08189238
34.11862301
34.18791837
34.31052638
34.33191146
34.48875209
34.58247138
34.65033184
34.77816855
35.01517605
35.11633142
35.19033053
35.30928426
35.43024551
35.62434620
35.63478917
35.63647287
35.72595834
35.78787637
35.88385882
35.89812819
35.93676964
36.38645176
36.38855815
36.48310466
36.58585545
36.73310270
36.87864511
36.88263921
36.89358418
37.03344633
37.09628712
37.11767664
37.17934653
37.36819341
37.52066680
37.53081765
37.61756541
37.61792647
37.87558694
37.90187873
37.90698487
37.93070816
38.04519435
38.18560858
38.21633951
38.33528558
38.34759344
38.34955455
38.37571177
38.47821007
38.89461530
39.02177600
39.04591398
39.40369805
39.49015434
39.56879386
39.98354490
40.09753206
40.15483803
40.19099294
40.19707927
40.20526133
40.22641579
40.24264023
40.30367699
40.45046982
40.45614692
40.48383746
40.57156452
40.74728018
40.85906698
40.86075816
40.92461255
41.01166484
41.04360620
41.09847003
41.20279111
41.20861236
41.31777223
41.72013684
41.89159811
41.89935733
41.97159086
41.97727542
42.00046277
42.02677296
42.03575526
42.07241763
42.11058868
42.43385143
42.55618846
42.57343784
42.71655691
42.71895986
42.91453314
42.91967726
42.99213867
43.01571805
43.01863827
43.02564038
43.49290957
43.54340904
43.54425164
43.59053453
44.34017247
44.38538053
44.40560117
44.46476776
44.61523155
44.71356619
44.81404117
44.81809076
44.93480659
45.00872770
45.07951613
45.17181725
45.44561703
45.49213047
45.57324878
45.76338288
45.83628900
45.87552448
46.01987270
46.11913080
46.21438203
46.25559898
46.34054337
46.38093304
46.42094806
46.46479681
46.56525067
46.61667316
46.69480534
46.99841991
47.39680530
47.43895544
47.75543469
47.78347714
47.89442445
47.96264301
47.99792875
48.06931786
48.08832500
48.40572791
48.51828638
48.54617669
48.57281796
48.57986744
48.75108035
48.84839502
48.89610369
49.00627664
49.04887275
49.26630521
49.38998633
49.47536273
49.58657420
49.65454159
49.67119994
49.70850729
49.82242621
49.88023615
49.89426621
50.10877662
50.17197707
50.18132396
50.19344814
50.21619887
50.35387056
50.43589088
50.60004740
50.62838777
50.65774276
50.79640953
50.86882413
50.96070982
51.01496075
51.02894267
51.08321686
51.09514325
51.16839726
51.18225038
51.38380597
51.54441188
51.64851908
51.65474352
51.71038903
51.71266031
51.71344903
51.88814505
51.91110200
52.12666219
52.29831913
52.33898347
52.50690917
52.67375845
52.70800878
52.71426215
53.03791213
53.12273863
53.21401576
53.41213099
53.54339713
53.80702476
53.89641184
54.03167782
54.17322462
54.19443535
54.23494946
54.39034370
54.41323605
54.62548955
54.64996508
54.83261478
54.86521001
54.91910328
55.03744426
55.23134979
55.30439434
55.37369501
55.56698679
55.70043933
55.75296414
55.76092923
55.78753413
55.81434514
55.82829879
55.92847801
55.93689843
55.95058796
55.99897244
56.04758585
56.09776053
56.16588016
56.26112485
56.26777165
56.30340020
56.38661582
56.42635450
56.46658317
56.48403781
56.48667427
56.50550084
56.59142186
56.59660309
56.61219964
56.61479585
56.70787781
56.71548006
56.79082076
56.83255036
56.86587735
56.87281054
56.89804565
56.94608612
57.09974512
57.12452628
57.23233994
57.38501442
57.47225307
57.53214126
57.55920357
57.57039081
57.57185675
57.58301696
57.60721237
57.69101529
57.73397895
57.84887691
57.88098389
58.08489730
58.12781131
58.14947451
58.16328612
58.17020695
58.17172881
58.48613547
58.57038465
58.90913744
59.09893544
59.11225822
59.12693165
59.19347633
59.21833532
59.27160704
59.38883954
59.60999772
59.65368094
59.68554150
59.71710376
59.94045331
59.97734972
59.98220614
59.98644831
60.01011768
60.04604300
60.09679193
60.12506651
60.15757271
60.22352419
60.24087892
60.33503437
60.40870184
60.61566458
60.69481083
60.74516435
60.75146295
60.92836948
61.05560863
61.12950426
61.13045878
61.13870351
61.17155609
61.17908628
61.28361303
61.44231691
61.50558546
61.58251922
61.59418130
61.65575409
61.68424942
61.79773564
61.80270577
61.84636723
61.95461851
62.30355188
124.00000000
