0.01611824
0.13715067
0.19335275
0.36432091
0.53634237
0.60385035
0.61994814
0.66978842
0.70646229
0.77805419
0.83167815
0.93260265
1.06576594
1.15199343
1.40279773
1.47475689
1.49535036
1.60312239
1.64205749
1.65659335
1.73432140
1.78985220
1.87453933
1.91548819
1.97679225
2.11971088
2.15827701
2.20877783
2.22166902
2.23756201
2.24165500
2.26143374
2.30314396
2.32317250
2.32810343
2.36193956
2.41194394
2.65350428
2.66461121
2.71352955
2.78457990
2.83271466
2.86131396
2.99012315
3.29297840
3.33212006
3.44580045
3.55332691
3.69883898
3.82738776
3.87286361
3.90775873
3.93543416
4.04620858
4.06575879
4.09311021
4.14591175
4.25384242
4.36717571
4.46671277
4.63634310
4.70101193
4.97350845
4.98566958
4.98861731
4.99198758
5.04580700
5.10194215
5.10782546
5.24518411
5.30934290
5.55550625
5.64987119
5.70336898
5.70698152
5.78676874
5.81550276
6.09158102
6.10156627
6.12261486
6.31749455
6.35016690
6.40612991
6.48034200
6.51143349
6.51360174
6.60989818
6.62157137
6.67006298
6.68389363
6.74096288
6.84560721
6.94951362
7.01868954
7.12922945
7.43074754
7.55729641
7.55862912
7.59021576
7.62654395
7.69193848
7.69910345
7.73386468
7.94065346
7.99831395
8.11753915
8.18154906
8.19008280
8.47749710
8.58606866
8.68676023
8.75408943
9.03871441
9.13285367
9.31911860
9.43612762
9.64141984
9.80023133
9.80325737
9.81141884
9.81279221
9.83005826
9.89884273
9.99172016
10.04412589
10.13264183
10.15750751
10.32890752
10.33750987
10.69641749
10.71566502
10.81151646
10.83264264
10.88149982
11.09103328
11.11476550
11.23608030
11.24584148
11.35335491
11.41537055
11.44066902
11.45659673
11.54834957
11.59606694
11.59695793
11.69522340
11.74998700
11.77931158
11.79927815
11.92284879
11.95655906
11.95994147
12.09044469
12.11698795
12.14037797
12.15509008
12.24177753
12.33561837
12.48845345
12.74425112
12.76957002
12.78828755
12.79458829
12.90533878
13.04665886
13.06794281
13.30409688
13.32037024
13.37466680
13.51039340
13.64674773
13.67997632
13.68731458
13.72426107
13.82190468
13.88723962
14.11382006
14.30073307
14.35543808
14.51227223
14.54617254
14.61404252
14.64277717
14.71860830
14.93342989
14.98656899
15.14790242
15.18752445
15.30413023
15.39935257
15.52021860
15.54011307
15.67625282
16.13909288
16.27779672
16.33295255
16.44615703
16.48685276
16.64187325
16.66477536
16.80480779
16.91370573
17.02835231
17.03154748
17.09591742
17.26170836
17.50528279
17.57159447
17.59243029
17.68103735
17.69575577
17.77906415
17.84876446
17.96081796
18.01306256
18.02745943
18.11460492
18.15911278
18.23282519
18.30550532
18.32981276
18.35686071
18.37766412
18.39192561
18.40242710
18.48071295
18.51767805
18.56670463
18.60718544
18.61500737
18.62992135
18.67717208
18.75883939
18.76893441
18.91995582
19.12632569
19.15627855
19.47991414
19.54176011
19.59972324
19.77562264
19.79376209
19.90550250
20.05733271
20.10253057
20.21275548
20.29639159
20.77564184
21.03057158
21.10965559
21.11573431
21.18378743
21.41356481
21.59049848
21.69617635
21.75989331
21.82231654
21.88372613
21.97672267
22.02552613
22.04268361
22.11855876
22.14105569
22.15619755
22.38865525
22.42626202
22.43004483
22.60042601
22.75308788
22.80054755
22.80754339
22.87912972
22.94141070
22.95419609
22.95998721
23.00992546
23.19177814
23.24168784
23.47475466
23.52591893
23.66961953
23.84096770
24.13101716
24.22859070
24.29113543
24.38893103
24.43415906
24.45309068
24.53101329
24.54575193
24.56667480
24.61754697
24.72134718
24.73639851
24.74125785
24.89742979
24.92147886
24.94014976
24.96319286
25.14602131
25.14785416
25.32201388
25.36401351
25.37175933
25.39987806
25.51001358
25.60820094
25.70881887
25.73513017
25.88784302
25.90889190
25.91334163
26.00549236
26.05566783
26.09101039
26.21974377
26.26379792
26.50126631
26.54194626
26.58505833
26.65194002
26.67387712
26.74145497
26.81923919
26.82446818
27.14947896
27.23720574
27.34235945
27.34726581
27.51211459
27.59158680
27.61935989
27.70886605
27.78797033
27.95539465
28.05820184
28.18324366
28.31013674
28.33245003
28.41235187
28.46865750
28.48071977
28.65909406
28.72600214
29.01372203
29.03258601
29.11537423
29.24405100
29.31975729
29.32013588
29.77208744
29.79275210
29.94329659
29.98171231
30.09647402
30.14333019
30.14712499
30.19893658
30.27593702
30.49743547
30.55205738
30.61285291
30.72187065
30.81289461
30.88374841
30.95048621
31.03436270
31.11988963
31.22481270
31.24773664
31.28496737
31.41223707
31.53399745
31.66400793
31.69802954
31.78874650
31.82914444
31.83305591
31.84179065
31.92016472
31.92633070
32.02484207
32.13386428
32.46476375
32.49891011
32.67983014
32.76263923
33.08123946
33.09423511
33.19436006
33.27737953
33.31279717
33.32484991
33.33523250
33.48935078
33.68067363
33.72839963
33.73021033
33.74083637
33.85046946
34.04736006
34.05844254
34.34218425
34.34613486
34.39138489
34.44380730
34.79611346
34.82305079
34.96080222
35.08417883
35.21049848
35.25164529
35.48220451
35.49529742
35.53900893
35.76251330
35.76874906
35.95881516
35.98066544
36.04456363
36.05942925
36.09699556
36.09807857
36.18181428
36.33800006
36.39428171
36.40032400
36.44670073
36.58112427
36.84181657
36.87337744
36.95049600
36.97482413
36.97501184
37.16102704
37.32073695
37.38162383
37.41346061
37.65074850
37.66624904
37.74953355
37.78046651
37.83193740
38.08620252
38.21599965
38.27706664
38.52769763
38.74041378
38.93159143
39.20930955
39.42591336
39.51689240
39.53778696
39.69278846
39.73618488
39.88724040
39.89687756
39.90993855
39.95477374
39.96918613
40.13404593
40.13941984
40.29353397
40.31951175
40.31987116
40.38997304
40.43282483
40.50871166
40.62368201
40.65550264
40.66368171
40.67056197
40.76058463
40.86165567
41.18323176
41.31256921
41.48388118
41.63049728
41.67825153
41.71540526
41.93449046
41.96476102
42.10889977
42.12926313
42.21139253
42.49223740
42.67932635
42.73515450
42.95009445
43.03730104
43.10080985
43.24568928
43.50783104
43.58157921
43.66636511
43.68110278
43.69791759
43.71882877
43.76106643
43.80805233
43.85511311
44.01149440
44.02961500
44.09706515
44.16123783
44.16398621
44.23143659
44.31642039
44.34618171
44.44778923
44.79894943
44.97227673
45.03850563
45.04143411
45.14875479
45.44464581
45.55862830
45.60847552
45.67553340
45.69415462
45.72096290
45.80384138
45.87309045
46.04398770
46.29815682
46.34770282
46.39281978
46.42492858
46.61100096
46.64493904
46.71386601
46.72447732
46.86584538
46.89700413
46.91074522
47.39463376
47.43896201
47.55426718
47.75979357
47.80592703
47.93761264
48.07225713
48.18459852
48.45980529
48.50772438
48.70919848
48.75896325
48.80974990
48.90961484
48.98995159
49.00759180
49.22302056
49.25066092
49.29802190
49.30025180
49.66986978
49.75840649
49.80325442
49.80861641
49.84669533
49.90699746
49.91053280
50.06297847
50.07004359
50.10667457
50.23717169
50.25986750
50.29708233
50.30303743
50.31653585
50.38691174
50.52202219
50.75436776
50.83386708
50.85614747
50.87410782
50.97447211
51.61528096
51.61785895
51.63594971
51.64662275
51.79262917
51.85157891
51.91177062
51.91413129
52.16035275
52.37770705
52.41913019
52.43074438
52.53162157
52.54785920
52.66069157
52.74933342
52.76471660
52.76629991
53.05886890
53.06122517
53.13498518
53.34205244
53.37135901
53.44466244
53.61734278
53.76383020
53.80834144
53.83300600
54.12102381
54.12247916
54.13634037
54.26178892
54.28957188
54.32617205
54.44129321
54.44519863
54.46236575
54.47800029
54.51122704
54.54682311
54.55947591
54.58196844
54.69236658
54.76192914
54.76355137
54.84632877
54.84864949
54.85210279
54.92232560
55.14077404
55.14563550
55.23167940
55.31898329
55.42344232
55.49499291
55.60228351
55.73503755
55.76252154
55.76522588
55.81375619
55.81903792
55.81913066
55.84570683
55.99996809
56.00642109
56.14139563
56.15878941
56.20438531
56.28345810
56.29693491
56.35289089
56.36449671
56.63111983
56.71825464
56.89654142
56.91960310
56.98820549
56.99933297
57.11462747
57.20751054
57.36358970
57.55914359
57.56373934
57.58177920
57.62191728
57.73887569
57.76342152
57.82402138
57.84329426
57.85038860
57.90993685
57.91681481
58.02162981
58.23706973
58.25778612
58.32815209
58.43559890
58.48716696
58.51407029
58.57309230
58.60916038
58.74361203
58.81257770
58.90560638
58.98416462
59.04644061
59.05900816
59.12538830
59.13975734
59.14548437
59.23083748
59.28291492
59.33147287
59.37122533
59.42796273
59.52201574
59.53081289
59.72250125
59.73055334
59.75466320
59.94065953
60.02699246
60.06961468
60.19161822
60.21900750
60.26057898
60.47432642
60.55347010
60.57000627
60.58128308
60.60022008
60.71481045
60.78010266
60.83298240
60.95063190
60.98808132
61.09794495
61.15327800
61.54655997
61.55588434
61.69313747
61.73214762
62.02500833
124.00000000
