0.04558496
0.07217384
0.07335635
0.15701011
0.20376018
0.25225095
0.29613936
0.36803376
0.38883613
0.44327156
0.67176572
0.72673178
0.79564877
0.81087970
0.89897334
0.90268750
0.93204767
0.93260265
0.99840286
1.04376956
1.04739495
1.08113112
1.11842555
1.12621451
1.13061586
1.14969513
1.17425283
1.17781301
1.28238391
1.41685171
1.65032154
1.71359427
1.79370506
1.82507027
1.85388835
1.85878402
1.99985834
2.03505753
2.08499214
2.09194187
2.14175207
2.22506359
2.31049605
2.32303353
2.47923511
2.49659785
2.58672889
2.71567310
2.96749784
2.97002162
2.98944997
3.00064945
3.11458157
3.16769613
3.24245833
3.65048605
3.65976003
3.68253464
3.71661422
3.73428428
3.74841139
3.78995018
3.79179774
3.85691587
4.06852221
4.16091679
4.25668468
4.31238418
4.35285716
4.37162329
4.79764423
4.93341427
5.12358846
5.13183179
5.15451488
5.15460055
5.15871459
5.28945026
5.86151405
5.95866818
6.04459426
6.16214069
6.28432504
6.29427928
6.37991278
6.41740279
6.55420819
6.61028558
6.64123171
6.69563003
6.90176979
7.12917035
7.27254507
7.38899659
7.52021288
7.52505337
7.60777109
7.69124923
7.74705170
7.93128573
8.00485607
8.08765066
8.45952273
8.53759820
8.61756207
8.62632148
8.64813782
8.90116110
8.94801227
8.99948866
9.05658587
9.08671492
9.20665528
9.27767871
9.40266427
9.45541101
9.53054385
9.54038542
9.55116033
9.55367993
9.71334941
9.75458122
9.91956359
10.07165093
10.18442951
10.55795595
10.69374916
10.70113480
10.85199763
10.89128532
10.89680004
10.98199989
11.16913501
11.30958664
11.41775491
11.46322586
11.59670099
11.96302854
12.17128906
12.18041532
12.28761039
12.38132628
12.42474189
12.43238022
12.47053576
12.62411557
12.70254096
12.92545095
12.95898794
12.96877183
13.01685529
13.07486108
13.08056698
13.26377406
13.38077484
13.43174978
13.58936949
13.68910701
13.70371471
13.73418881
13.74127527
13.80305235
13.84816816
13.91090255
14.02737529
14.03948565
14.13953905
14.14054259
14.19893021
14.23784911
14.26991209
14.35809684
14.36956537
14.46696727
14.53403894
14.78995722
15.03419450
15.12315385
15.19177017
15.19688393
15.20342093
15.30007953
15.32062417
15.33385186
15.37725995
15.41741108
15.82285068
15.90420087
16.01701634
16.05804867
16.06310475
16.20907335
16.23877408
16.29111694
16.48714091
16.57051113
16.68009886
16.69698035
16.86313441
16.92048590
16.96137470
16.97839560
17.00367334
17.01211221
17.04670375
17.14484106
17.15868027
17.31793840
17.36082344
17.36479334
17.59998291
17.61547682
17.71876381
17.78275236
17.82159059
17.84876446
17.91129058
17.92640738
17.99609111
18.07212436
18.11262269
18.16647315
18.21652930
18.36331661
18.46358673
18.61500737
18.67936485
18.75537601
18.76400869
18.88099005
18.92913920
19.02023476
19.12325039
19.17838970
19.20535757
19.22097175
19.22287464
19.24645823
19.26614769
19.27077157
19.34604943
19.34942990
19.50586195
19.55037818
19.65997709
19.69818654
19.75204314
19.77570236
19.97113264
20.01528125
20.04897616
20.05251477
20.10111378
20.20303936
20.23339335
20.30579778
20.33555722
20.38661322
20.51350901
20.54593376
20.63738567
20.74144157
20.88453325
20.97184074
21.06303496
21.16300477
21.27236966
21.35532733
21.41954256
21.42329169
21.47905461
21.51978580
21.53164082
21.54746171
21.58656957
21.64440611
21.67422545
21.72916283
21.79305194
21.81734669
21.82002598
21.91401355
21.98982505
21.99777782
22.16226658
22.50785569
22.54182607
22.55646166
22.56524474
22.69523660
22.71155742
22.72051168
22.73808211
22.76731681
22.79084739
22.90101945
22.91721845
22.93650616
22.94190989
22.95702987
23.04064140
23.05005840
23.20155600
23.35829784
23.41696761
23.41795683
23.60711061
23.75381964
24.23840826
24.26531402
24.26673126
24.28615519
24.41290038
24.45672656
24.99629013
25.00473054
25.12669017
25.17848074
25.36350130
25.39403679
25.50479465
25.59422103
25.64138473
25.84838640
25.85050828
25.96193118
25.98833665
26.00359811
26.01563859
26.21974377
26.33439278
26.37625128
26.45427492
26.55936813
26.72839918
26.87429937
26.88167077
26.90679288
26.91110388
27.11390676
27.21253849
27.41534820
27.42401420
27.52578279
27.54385992
27.62861838
27.67212049
27.77679276
27.79234355
27.87553250
27.95997367
28.25796196
28.35036494
28.39328338
28.62376942
28.65015620
28.65806213
28.66842176
28.92914341
28.97290829
29.21986875
29.23298046
29.28935771
29.30333165
29.32908121
29.49944346
29.50219439
29.57624561
29.65416169
29.65803377
29.69379074
29.75177884
29.75246096
29.77771299
30.00607084
30.02414307
30.09604456
30.27644919
30.41858112
30.49743547
30.70565557
30.75179069
31.03436270
31.10711517
31.14554057
31.15674026
31.19171057
31.24836833
31.42646272
31.43891904
31.46530704
31.55087990
31.60591312
31.62951219
31.68914234
31.74067270
31.76650146
31.77177200
32.13536055
32.16193169
32.25307914
32.27062092
32.28131262
32.28143114
32.33830472
32.38582434
32.39055472
32.42980301
32.71496579
32.89857413
33.23959666
33.27838026
33.31279717
33.39443682
33.62177894
33.73599605
33.85221467
34.10192194
34.12908495
34.19425127
34.19917559
34.27382768
34.39387729
34.49177644
34.55872027
34.62958080
34.69987642
34.79686165
34.83515102
34.85755131
34.89116108
34.94083466
34.98182509
35.02956752
35.05042472
35.14851254
35.16563933
35.23035820
35.39678385
35.42403437
35.46438704
35.51458278
35.53900893
35.64164382
35.64961927
35.76475275
35.99367926
36.10294572
36.19852209
36.21201867
36.24871247
36.28904233
36.45528002
36.57945120
36.63073380
36.71321123
36.73032069
36.93397279
37.03307023
37.14907959
37.26940183
37.37268856
37.55991281
37.62470668
37.78411571
37.92553104
37.93070816
37.98312406
38.02706418
38.06730272
38.12276801
38.12722706
38.12830370
38.15811012
38.22362881
38.33427256
38.37894229
38.45182426
38.50957197
38.51919765
38.54414265
38.57064117
38.69583945
38.83025660
38.85483851
38.93057393
39.04006717
39.07563146
39.12375761
39.13253428
39.13461557
39.57605303
39.66981268
39.71970594
39.80663055
39.84492218
39.86000307
39.94039332
39.94570630
40.16222748
40.18898288
40.20975358
40.21494512
40.30899393
40.36035238
40.46546194
40.51856875
40.57727342
40.73916586
40.75581620
40.76236119
40.82982159
40.85397495
40.87759045
40.95054072
40.97863481
41.06897894
41.13094545
41.17135247
41.28223008
41.65293161
41.66765602
41.67030930
41.72580476
41.96709378
42.00175417
42.01988888
42.03712638
42.05417258
42.07271604
42.38253223
42.58695153
42.73271476
42.82933507
42.85409706
42.99910769
43.00487341
43.10415344
43.10732019
43.12663606
43.13314213
43.24728208
43.25266453
43.27929734
43.30381469
43.34426893
43.34507338
43.40916051
43.42636634
43.75454300
43.76331449
43.78447435
43.81922789
43.87847794
43.91050481
43.91929097
43.95770363
44.13124058
44.14040323
44.20084759
44.24224133
44.38619650
44.45692243
44.52488274
44.54217332
44.65795522
44.69717617
44.71805800
44.73262435
45.14305729
45.14522832
45.16974211
45.21047024
45.21878586
45.30075247
45.31469269
45.41626795
45.41829246
45.64656794
45.66377276
45.66569449
45.71053382
45.98508272
46.02728747
46.03759110
46.19852437
46.26293586
46.38947310
46.46382447
46.48975089
46.49380330
46.49833983
46.62511574
46.64509458
46.89933245
47.15405999
47.20218028
47.40272863
47.54615090
47.57712075
47.70361256
47.74983508
47.85859627
48.10224554
48.21048943
48.28888528
48.30621620
48.43039352
48.49210068
48.59624291
48.78330549
48.91189883
48.94404892
49.21707478
49.35368137
49.67157950
49.80925124
49.88983185
49.97144879
50.02699202
50.04014329
50.06199156
50.15796359
50.23116908
50.23749078
50.27901127
50.28529097
50.31876017
50.38030210
50.56596982
50.78342603
50.80843550
50.94791056
51.00283456
51.00846899
51.02489060
51.13664216
51.22961158
51.31360733
51.34904212
51.36127369
51.38659999
51.49680434
51.49703671
51.50351598
51.67446728
51.67896205
51.86661862
51.96220119
52.01075674
52.10305377
52.29313402
52.45479620
52.61347580
52.63584705
52.66004467
52.81323045
52.91292733
52.94029659
53.02282129
53.15488890
53.18491321
53.41929162
53.51224515
53.68378734
53.80833713
54.02454872
54.06088533
54.10060158
54.19418108
54.20932182
54.37962364
54.85219428
54.86051047
54.88171224
55.11371879
55.16834809
55.22196096
55.28668035
55.35647008
55.48007840
55.49301961
55.63250097
55.64615742
55.73899525
55.76092923
55.82084659
55.86107889
55.91066910
56.01756272
56.17873707
56.36156092
56.73208373
57.16893429
57.24688197
57.24957453
57.29034898
57.32402829
57.45114001
57.52888289
57.55920357
57.57454114
57.61650298
57.73195851
57.74178643
57.87679659
57.88239637
58.47038260
58.49385341
58.54958402
58.60741321
58.74645206
58.75332160
58.81201859
58.92147434
58.92483421
58.97524153
59.22459104
59.31986971
59.33329404
59.34333251
59.35788574
59.38408342
59.47809152
59.63757055
59.65119231
59.84325588
60.01204880
60.15698713
60.16455018
60.18692161
60.36682203
60.57181227
60.57730209
60.77936099
60.91171283
60.92093240
61.08559222
61.16741537
61.35693351
61.39599656
61.41694123
61.50029460
61.55892371
61.61861902
61.66874499
61.74523900
61.78975262
61.89338783
61.91235121
61.92489520
61.98252271
124.00000000
