0.07883764
0.47962121
0.60606815
0.62656909
0.67475393
0.83345246
0.97281772
1.04345320
1.12712074
1.14639300
1.15799037
1.37524658
1.38445031
1.49251140
1.56319862
1.58225494
1.58886652
1.69687073
1.82507027
1.88366748
2.00226188
2.03918392
2.36329977
2.42572767
2.49647817
2.67087195
3.01404919
3.04137239
3.06841564
3.23613245
3.45766959
3.45836296
3.66078060
3.76503205
3.79200572
4.10763145
4.11328653
4.26893687
4.34729112
4.42351862
4.50640052
4.51033270
4.63163544
4.71068949
4.79366397
4.93869665
4.98079298
5.01226417
5.08328538
5.32761450
5.53047242
5.56627312
5.76532701
5.76696105
5.88203196
5.99670942
6.01122061
6.03520101
6.08951985
6.28324725
6.58609570
6.62495060
6.62998638
6.67138540
6.73228563
6.84021393
6.88717377
7.05636367
7.06314995
7.31800283
7.37471424
7.39654582
7.39996900
7.52505337
7.57228496
7.64239514
7.69483703
7.71256546
7.74705170
8.37850002
8.41361636
8.53172178
8.82658741
8.88962404
8.91948023
8.94526205
9.03871441
9.08361618
9.13870252
9.24914134
9.29011109
9.32019672
9.33151693
9.46803519
9.55006470
9.69229134
9.96059303
10.02792919
10.52464234
10.59253026
10.71481709
10.82717473
10.83375794
10.95051411
10.96825503
11.18442993
11.19328049
11.23905959
11.26099272
11.34040274
11.45544077
11.53186209
11.58532714
11.66619886
11.69923763
11.74341382
11.82683637
11.85440890
11.93528144
11.98871709
12.00010961
12.02972686
12.04915011
12.43949439
12.61047683
12.68421414
12.76426132
12.85075780
12.86371823
12.87540230
12.90720659
13.03958426
13.12033199
13.16964786
13.27058313
13.36707736
13.46455173
13.54026011
13.63608473
13.66205392
13.73080231
13.79998493
13.82107999
13.97297513
14.07051697
14.07794144
14.19664599
14.24379667
14.29830935
14.39063049
14.56688370
14.69852716
14.69943566
14.74374733
14.79425166
14.93318895
15.02822038
15.12976665
15.26119236
15.28106007
15.31766749
15.40471323
15.42238482
15.55517382
15.57621643
15.58641406
15.64941019
15.65874709
15.68502643
15.90969851
15.96825710
16.16984136
16.41577840
16.41680255
16.58173648
16.63431529
16.80400299
16.85747451
16.91370573
16.92797208
16.98622037
17.10899275
17.17443264
17.20500096
17.26783324
17.33986385
17.53145483
17.55782170
17.56537381
17.57441865
17.59381584
17.64612935
17.67468792
17.73678745
17.87224096
17.91756806
17.95829918
18.10866090
18.18545499
18.25144099
18.30723034
18.55423261
18.57372687
18.70589633
19.01880607
19.02951418
19.36116508
19.46569664
19.47233802
19.48869132
19.61965045
19.62965323
19.65322543
19.68014092
19.75172665
19.75753015
19.79316960
19.93300339
20.05030180
20.05706349
20.43044072
20.45646709
20.52941474
20.58068284
20.92687288
20.95720054
21.01779606
21.03156601
21.20154521
21.23427284
21.35747305
21.39428497
21.53051900
21.62109336
21.64242835
21.65637396
21.66485902
21.77036006
21.79305194
21.81381640
21.91924574
22.11777977
22.21530443
22.25637648
22.26238457
22.37503949
22.41528873
22.45760357
22.55019065
22.71526438
22.76319303
22.77986646
22.79084739
22.90970273
22.93430231
22.99800033
23.20301846
23.34283630
23.44263502
23.53646366
23.63316891
23.77281651
23.77960364
23.89611898
23.92582125
23.96944153
24.10799744
24.12749059
24.13041044
24.21063774
24.28495300
24.31645114
24.32405506
24.44118802
24.47600899
24.49611184
24.86043392
25.08882046
25.11840275
25.13209975
25.37189865
25.56141623
25.60761892
25.65277930
25.66288404
25.69033891
25.83592163
26.00111193
26.10884471
26.13904287
26.26582492
26.27337064
26.27710309
26.33321619
26.39189855
26.44710703
26.47412709
26.50064732
26.50860043
26.62722110
26.63591823
26.70052603
26.70550760
26.77472128
26.79953165
26.81617236
26.88513300
26.89754548
26.97917280
26.99839765
27.06489039
27.08521807
27.08726507
27.22517861
27.27014156
27.40075303
27.42408059
27.47622425
27.47941325
27.60398390
27.76145794
28.11657142
28.28957232
28.36209502
28.36575112
28.43980583
28.48440962
28.53996768
28.67223604
28.70764238
29.15507101
29.26789656
29.49758038
29.61021087
29.74501899
29.81012506
29.96116580
29.97779362
30.04955921
30.14807547
30.25417248
30.42421044
30.47658519
30.52073798
30.60535507
30.68036672
30.92379691
30.97295408
31.31448012
31.43766251
31.51311749
31.58511146
31.82991742
31.83360351
31.91088724
31.92144380
32.46189658
32.49427815
32.71046071
32.81145660
32.84128049
32.98349478
33.07244799
33.30888952
33.33969276
33.34699798
33.37533449
33.56169270
33.61834289
33.80703893
33.80924779
34.00080828
34.01002113
34.08643266
34.11263445
34.12908495
34.23723904
34.31606755
34.52810477
34.53090976
34.55463323
34.62036260
34.65506114
35.01517605
35.11789579
35.20286109
35.33241021
35.36755896
35.41328170
35.56343008
35.84735654
35.95084793
36.26397871
36.49408313
36.55261106
36.65150833
36.79536678
36.87379319
36.88349794
36.94386219
36.97825029
37.20898908
37.24651528
37.32583035
37.33665161
37.41267136
37.43604385
37.47722365
37.52230832
37.55033010
37.56065201
37.70548912
37.76851023
38.01008894
38.01249351
38.03804542
38.04440173
38.04450649
38.05811144
38.12276801
38.19223907
38.22292391
38.29133134
38.32987800
38.33359878
38.48287756
38.63839527
38.77217012
38.81830369
38.82939098
38.85728790
38.85899521
38.90347633
38.96369027
39.05577321
39.08513849
39.19843436
39.28587774
39.34354589
39.36365709
39.40054600
39.46624040
39.47962934
39.77097721
39.96014763
39.96509790
39.97990274
40.05380423
40.09032548
40.21806954
40.23692599
40.26057385
40.35841115
40.43166748
40.43172551
40.64081233
40.64181091
40.68331904
40.70252773
40.72413939
40.89250031
40.90896463
41.03481337
41.03882097
41.04769148
41.31418119
41.36000653
41.54780116
41.62571861
41.68485514
41.73733159
41.82720303
42.00011704
42.00342378
42.29236889
42.31453213
42.57382416
42.58053184
42.65153540
42.66564477
42.69880805
42.72178187
42.77366076
42.88603026
42.91373004
42.97122029
43.11359243
43.31290102
43.52685143
43.65780098
43.65825025
43.66310466
43.95206296
44.03193330
44.03204044
44.04862666
44.09675107
44.15821081
44.18585186
44.19476677
44.26964574
44.27636646
44.32189965
44.35249906
44.52116122
44.54327582
44.55853424
44.56859464
44.59708162
44.74493874
44.84331563
44.97903175
45.01901153
45.07563367
45.10956121
45.14062488
45.17375167
45.21556248
45.22828778
45.32407782
45.51415572
45.55076310
45.55551726
45.55930028
45.56461629
45.59931539
45.60847552
45.62370030
45.67171178
45.69293715
45.75247880
45.84077171
45.84876646
45.86104185
45.91649104
45.99347803
46.17754572
46.32836808
46.39026003
46.41129665
46.42162323
46.46854102
46.48694225
46.61272724
46.62241165
46.86298501
47.02746739
47.37291891
47.45411236
47.62786756
47.66452177
47.78529287
47.90523445
47.97406846
48.12210391
48.29722383
48.30001762
48.41834313
48.51238611
48.58095420
48.69105795
48.78312329
48.78719842
48.81939385
48.83563052
48.88507947
49.20957760
49.21079181
49.22002001
49.22799049
49.27405432
49.29489854
49.31445274
49.50448224
49.56759031
49.58725418
49.60106683
49.65490125
50.02891955
50.11803397
50.17413667
50.21566317
50.23717169
50.40948965
50.46346666
50.72489131
51.03578688
51.37298647
51.41863037
51.43677655
51.52464390
51.68091070
51.68503606
51.72830062
51.78482885
52.23732782
52.23950875
52.26751513
52.62183999
52.85744927
52.89094389
53.08727275
53.11623292
53.33880369
53.40267843
53.69408174
53.82367720
53.83687192
53.84506322
53.84807831
54.08926420
54.14150774
54.16972509
54.20463968
54.22214809
54.39026230
54.40462424
54.49075636
54.65608135
54.74474423
54.85210279
54.87732938
54.97862332
55.00163960
55.04278927
55.31420911
55.32283344
55.39078513
55.41652100
55.51064705
55.58166614
55.60123285
55.69588920
55.75713263
55.76296241
55.77015056
55.94247941
55.98162179
56.01825444
56.04715242
56.11948825
56.19794970
56.27665959
56.28513458
56.35891708
56.38629823
56.44706686
56.45918296
56.46022087
56.68780680
56.70043032
56.88703623
56.96040022
57.20648784
57.41525161
57.43365744
57.49599685
57.84164828
58.04146770
58.07823705
58.33045371
58.37526500
58.41570335
58.51414453
58.54579393
58.58113516
58.89225711
59.12788167
59.20554905
59.24938612
59.37791991
59.50581375
59.54595298
59.56008829
59.77722591
59.90010317
60.04226441
60.10532522
60.15546196
60.20077759
60.26129602
60.36423406
60.37931937
60.38089555
60.46105317
60.46779358
60.60822519
60.82421397
60.86598844
61.08469687
61.23056534
61.33421070
61.40277937
61.61408724
61.61602383
61.72576570
61.76251519
61.82159291
61.93721280
61.97522906
124.00000000
