0.11407746
0.12380500
0.17189048
0.22017288
0.23871606
0.25003070
0.29941702
0.37493663
0.37622122
0.41352900
0.44132442
0.48312025
0.52210293
0.55805154
0.56806168
0.76227711
0.78535250
0.82527950
0.85162949
0.92249833
0.99842906
1.35626648
1.40839341
1.47436378
1.48862767
1.53135028
1.53666451
1.54503683
1.61127888
1.65437954
1.67972120
1.68884945
1.70222619
1.75985336
1.80745032
1.84572139
1.90814374
1.93758706
2.05797533
2.20457728
2.24297535
2.33286882
2.44557238
2.57104380
2.67606357
2.75487251
2.85993192
3.02541685
3.27647677
3.30500133
3.31069659
3.33294507
3.39547901
3.39774898
3.79395268
3.80545727
3.82555805
3.96933327
4.08278089
4.25016669
4.41832969
4.47063350
4.59114097
4.65130049
4.66938821
4.73563017
4.85788262
4.86698523
4.87222528
4.90064448
4.96238862
4.99971890
5.08344201
5.08859635
5.16078708
5.22142933
5.43077079
5.45517720
5.53684898
5.61144135
5.63008753
5.64005666
6.06215579
6.11128169
6.13980810
6.20543150
6.34923030
6.37159410
6.38875741
6.52632651
6.64839779
6.66497751
6.73051874
6.75170275
6.83406662
6.93128814
6.96263193
6.97567677
7.04228476
7.04827700
7.11264108
7.11506990
7.17346228
7.17460559
7.19282785
7.21280366
7.26823652
7.47351318
7.50817888
7.66403613
7.77717515
7.78973510
7.88804420
7.93199611
8.01451094
8.03929119
8.12090079
8.20698890
8.28969041
8.48157853
8.60774384
8.61071518
8.63825352
8.73194517
8.83184728
9.15027624
9.21564720
9.26765966
9.49555062
9.52994944
9.53370343
9.61725783
9.63775386
9.75723012
9.80609634
9.81000971
9.83205029
9.92283433
9.99682815
10.13264183
10.18431461
10.43446806
10.45109504
10.49558950
10.50296847
10.61028095
10.64839871
10.64955191
10.71851571
10.84479598
11.03204357
11.06778403
11.09900925
11.16055678
11.34854065
11.40802251
11.41408854
11.45866090
11.56782129
11.60389019
11.67814511
11.73901926
11.89205492
11.92251380
11.93490300
12.32459010
12.34133414
12.34249869
12.62411557
12.75363449
12.81635152
12.93326207
12.96556327
12.99418184
13.07649130
13.19083292
13.24287232
13.65567062
13.75222284
13.79557205
13.79982956
14.07051697
14.20483535
14.53939274
14.57821660
14.65429001
14.76970867
14.78977484
14.86778970
14.88092042
14.92977076
14.98694392
15.02271093
15.03135636
15.14862360
15.16371696
15.20834411
15.21757608
15.30709654
15.33815906
15.42930723
15.54358877
15.60135488
15.66508329
15.70142465
15.99806097
16.04826327
16.13452502
16.20126662
16.21203471
16.33879486
16.34398811
16.49183178
16.50206756
16.68857850
16.72756593
16.78618776
16.84856555
16.87749945
16.98415766
17.02512254
17.09220918
17.34980620
17.43107264
17.45472976
17.50022481
17.63629648
17.66790148
18.02241967
18.05098681
18.17558730
18.19931894
18.20546423
18.22283899
18.24804784
18.37540887
18.49497900
18.62452869
18.74875604
18.77109938
19.02391494
19.17838970
19.18184455
19.19713547
19.21156377
19.21794631
19.25140413
19.39484791
19.43211829
19.45143080
19.79167601
19.80293666
19.82958903
19.83288055
19.83587761
19.99851917
20.01463562
20.32956708
20.35485992
20.35774207
20.37931689
20.37944878
20.48132461
20.55389250
20.57173495
20.60325325
20.61279792
20.69776983
20.70588068
20.90289713
21.16379937
21.20565797
21.54115073
21.73308917
21.74233016
21.76781945
21.82027700
21.82482537
21.84380346
21.86600817
21.92438937
22.01463025
22.08291680
22.12561204
22.29103840
22.42319744
22.61741698
22.74581780
22.77676506
23.13589764
23.14028768
23.15288431
23.52287539
23.53355046
23.71077694
23.76401475
24.09801996
24.28286779
24.43014280
24.44650650
24.49456034
24.52706670
24.58014321
24.62969708
24.73620541
24.74902510
24.79464472
24.96069239
25.07478362
25.19823047
25.31300323
25.48305387
25.55447387
25.60156492
25.65194932
25.70881887
25.84763711
25.87687095
25.99236421
26.17174794
26.36065085
26.39034645
26.40296039
26.42558976
26.55169296
26.75612920
26.80150880
26.87353994
27.02891644
27.05866319
27.09338056
27.09839273
27.12893192
27.17573209
27.34676185
27.36569333
27.41450593
27.54813048
27.56245478
27.60781186
27.70659157
27.74080544
27.75005954
27.79619862
27.83472912
27.92899050
27.97818761
28.03413036
28.05300668
28.07428679
28.12980588
28.15879328
28.18268879
28.19689932
28.54088142
28.56321048
28.58881052
28.64720520
28.65070541
28.75402105
28.85945166
28.92914341
28.98910608
29.03660653
29.13397357
29.50240473
29.65148367
29.65623437
29.69177235
29.70562943
29.71621196
29.73880257
29.87550932
30.00827247
30.12845097
30.12856937
30.15138226
30.17989380
30.23762235
30.25426888
30.25835555
30.37683034
30.44990983
30.49039965
30.60602176
30.64695735
30.68384101
30.86050958
30.98829441
30.99445165
31.04199034
31.40124928
31.53459762
31.60707433
31.62180891
31.67078053
31.68034934
31.70078122
31.74928882
31.84909267
31.87859061
31.93710598
31.95743877
32.12168439
32.27369451
32.32172224
32.42508273
32.44054143
32.56538029
32.58569722
32.62984326
32.64646622
32.65304962
32.95699716
33.23565478
33.26898162
33.42962977
33.68940576
33.73308591
33.77484548
33.78456239
33.79419450
33.81075360
33.87494562
33.98022389
34.05181517
34.14779834
34.15886257
34.34024386
34.35382422
34.65642378
34.78125862
34.79492293
34.81276668
35.00493355
35.20413572
35.38475524
35.55052513
35.70947391
35.73351030
35.79356228
35.82881912
35.89163554
35.90266700
35.94456455
35.95159554
36.00395321
36.05476920
36.29679382
36.33482484
36.44845919
36.61379632
36.64091768
36.74802453
36.93693778
37.05119899
37.07237569
37.15384320
37.41178553
37.49569015
37.53777374
37.58158636
37.65134346
37.69992797
37.72125913
37.81338127
37.83011203
37.84469902
37.97117701
38.19203366
38.41681252
38.55635231
38.77080492
38.93856658
39.00951618
39.20692158
39.35099970
39.38839675
39.39105572
39.47597331
39.54896766
39.56695813
39.65307924
39.68676146
39.70415845
39.93463437
40.01261439
40.09753206
40.13335342
40.17784877
40.43952467
40.54120299
40.68331326
40.79044056
41.30159863
41.40773881
41.56221972
41.75195069
41.86117774
41.91366859
42.39799486
42.41361335
42.53554896
42.68278195
42.71589536
42.72640933
43.08090122
43.08155302
43.33152033
43.43600518
43.44729169
43.49701942
43.65838645
43.76972645
43.81754671
43.98006037
44.22782944
44.23416040
44.33604040
44.40516099
44.45931617
44.46638586
44.57901184
44.68044599
44.81272918
44.88043073
44.99403290
45.00246921
45.01944168
45.03509467
45.15330301
45.24910457
45.29628676
45.37008134
45.39432853
45.46849726
45.50161487
45.56519014
45.57876471
45.58633638
45.67777699
45.70255023
45.71753720
45.82201890
45.82349408
45.86988316
45.88378179
45.88755868
45.92534906
45.95761270
46.04478342
46.20740411
46.31357630
46.40268436
46.45820916
46.54089790
46.65354273
46.75949844
46.79525420
46.80871269
46.81219103
46.81378561
46.86509093
47.25018961
47.28498637
47.30138880
47.44876265
47.52340731
47.58740311
47.60824367
47.64452813
47.79033746
47.91418425
48.05076698
48.23514145
48.24844277
48.32628276
48.37618984
48.48995119
48.81486327
48.85344891
48.88600590
48.95175607
49.12908719
49.19144605
49.30073002
49.31897657
49.67843679
49.72074866
49.75770398
49.76627686
49.95299304
49.97478361
49.98976420
50.32763645
50.52954299
50.54825816
50.57952346
50.77864942
50.85217135
50.93426727
51.04088619
51.08063469
51.10224011
51.28102958
51.48286534
51.51667771
51.57480356
51.67199114
51.94975339
51.96314075
51.96920673
51.98718201
52.11100446
52.15392620
52.16237090
52.45400124
52.51906657
52.52239127
52.67277817
52.78730481
52.86080302
52.91145747
52.92922086
53.14173636
53.25874529
53.25941734
53.49868089
53.58236676
53.80915993
53.88027266
54.04249937
54.05932539
54.06088533
54.09884925
54.12010917
54.14179665
54.31261368
54.37962364
54.51279148
54.63777307
54.72991888
54.80175174
54.89867913
55.16834809
55.19278085
55.22434713
55.26999643
55.32741465
55.48538626
55.87473982
55.95058796
55.98025362
55.99848882
56.03842376
56.04567540
56.05049415
56.09885684
56.12346010
56.14512484
56.39396078
56.62251634
56.66859498
56.73315428
56.77560313
56.77760887
56.90798074
56.96039186
57.11092054
57.15759384
57.18312799
57.24837894
57.36503438
57.40692504
57.46410167
57.84119490
57.86019605
57.95435314
57.99800301
58.15016670
58.19595482
58.20930703
58.22795666
58.23017919
58.28269841
58.37990349
58.46258117
58.49922617
58.74900748
58.77054388
58.83734318
59.08060432
59.08100627
59.38654284
59.39288791
59.63015345
59.72062659
59.76691875
59.87940359
59.99398601
60.09268699
60.31299387
60.38598721
60.55859105
60.56729248
60.74026618
60.75994007
60.79264172
61.05894130
61.17155609
61.17609055
61.21745987
61.23832031
61.36337025
61.53320762
61.53746442
61.59038961
61.72315339
61.76661568
61.92901571
61.93685757
61.96590954
62.01229025
124.00000000
