0.25950739
0.25955083
0.40947320
0.51363285
0.53186598
0.59325784
0.66778011
0.82075054
0.95278364
0.95630054
1.11022106
1.21794966
1.30950267
1.37523809
1.41700368
1.51881079
1.60224346
1.75829619
1.93148820
2.00310400
2.04307966
2.37553175
2.40200568
2.44466482
2.65101917
2.69595634
2.70954663
2.98185620
3.04725513
3.17808737
3.23106071
3.42283870
3.43190522
3.48845510
3.54819620
3.59197816
3.64071816
3.71661422
4.01836912
4.03403344
4.04650959
4.09816390
4.11310283
4.24488302
4.28097148
4.48829248
4.53791444
4.63398273
4.63538296
4.64682714
4.70997353
4.76312752
4.76581074
4.89881573
5.09856527
5.11005355
5.32407616
5.32621579
5.37660468
5.42697761
5.57670028
5.65014751
5.86729818
5.87843717
5.90092286
6.02452740
6.32661040
6.65007712
6.72160500
7.07745073
7.08655848
7.11718306
7.18348793
7.21280366
7.28716289
7.34572515
7.45718572
7.47092253
7.64070327
7.72332203
7.99630040
7.99663634
8.03580360
8.19008280
8.21131820
8.29770511
8.39999855
8.46723631
8.77138659
8.88809727
8.91393974
8.94413400
9.00747794
9.23545260
9.24167926
9.25180392
9.35373520
9.49757708
9.55293620
9.59537555
9.74344195
9.88986114
9.99274337
10.00372676
10.08003339
10.09328289
10.11100829
10.12491665
10.35397670
10.41503786
10.53542972
10.53734305
10.56023684
10.57294516
10.62465422
10.76163981
10.84669546
10.92689121
11.27688648
11.47469728
11.52831823
11.57276848
11.59523057
11.67305695
11.70996968
11.92944141
11.98403787
12.23270681
12.28163062
12.34990189
12.37288048
12.42784054
12.44294557
12.49322855
12.55935907
12.57646324
12.58880153
12.59988233
12.73407714
12.75963560
12.95560285
13.04611528
13.11277652
13.13797218
13.19617188
13.32542530
13.42745882
13.59679162
13.76096201
13.86170320
14.03746106
14.04291211
14.19337484
14.30804053
14.39608269
14.51721975
14.53939274
14.58252800
14.80233114
14.87932576
15.04584087
15.11517965
15.15621438
15.20215041
15.22358786
15.22650251
15.24427331
15.35750688
15.42286385
15.45251290
15.49671920
15.56834109
15.56938565
15.86598331
15.88605509
15.94327950
16.03093259
16.05535650
16.16950596
16.24305820
16.29834348
16.35425785
16.51136173
16.56861178
16.65368518
16.75706982
16.85369642
16.90931545
17.02295700
17.10617759
17.14353447
17.14837637
17.18309061
17.24355490
17.27056865
17.32821759
17.39960629
17.57813181
17.81470764
17.98568371
18.09829384
18.16513183
18.25188810
18.25992197
18.36443845
18.58339837
18.61276701
18.62452869
18.72136216
18.86072939
18.93690172
18.94487206
19.33718186
19.43411369
19.59134204
19.67994716
19.75464578
19.86755337
19.93524982
19.99455547
20.10470441
20.11654806
20.14836369
20.30806220
20.36588317
20.47876307
20.52489592
20.61294793
20.64506312
20.89524127
20.99907367
21.04673899
21.09321490
21.19272051
21.25396389
21.36268182
21.48084120
21.56148871
21.60294132
21.68292748
21.83269373
21.87313351
21.95407783
22.00629590
22.07834147
22.09591701
22.30271824
22.34883845
22.41291751
22.60183336
22.90999049
22.93464878
23.08770888
23.09905193
23.12517114
23.15288431
23.17503388
23.26212621
23.30048782
23.40281739
23.56485499
23.60778263
23.61165138
23.67009947
23.73011715
23.85673669
23.92907708
24.01317460
24.09801996
24.26882134
24.32230280
24.41853021
24.48142169
24.52706670
24.55088330
24.56799232
24.58352259
24.60097660
24.73748857
24.92033743
24.92698343
24.96319286
25.09792500
25.13924801
25.17662004
25.20828701
25.33082384
25.35052506
25.44216056
25.48738088
25.59422103
25.62561906
25.65262472
25.78118601
25.79310369
25.80779198
25.97214685
26.14821655
26.37450104
26.47750509
26.50195322
26.75632233
26.88584824
26.92744651
26.96714512
27.07355514
27.09338056
27.16815777
27.27416824
27.29799538
27.37511449
27.42998158
27.49490397
27.56752454
27.66505469
27.66915418
27.71992528
27.73776237
27.75066947
27.81429140
27.82359919
27.83660433
28.16376112
28.26907805
28.30050320
28.39219355
28.39708022
28.47639491
28.48679524
28.79316173
28.83308650
28.89000059
28.92597830
29.10402199
29.42056564
29.51608409
29.52435853
29.70530351
29.77145603
29.90867796
29.96259423
30.03803526
30.04011417
30.09295829
30.26703154
30.28657361
30.29990465
30.36176036
30.41507273
30.44060105
30.53051208
30.57396442
30.66142170
30.72547952
30.87570960
31.01774294
31.21786612
31.24775300
31.49275889
31.55013843
31.58149927
31.63571000
31.65170125
31.85356821
31.95084376
31.98143265
32.01244925
32.08059256
32.08293443
32.34032123
32.35004737
32.36135724
32.36370439
32.36613962
32.43243233
32.48921647
32.63454544
32.66298961
32.82149788
32.97647707
33.00019743
33.07899092
33.07971722
33.12687928
33.15471461
33.16913802
33.45234847
33.48155302
33.68668515
33.77333897
34.08311494
34.23564728
34.45095185
34.53365023
34.55239917
34.59276172
34.76478253
34.77196244
34.84388551
34.85328263
35.05374792
35.12050863
35.23110494
35.25794169
35.32566606
35.38599591
35.44675839
35.66208190
35.69657214
35.69799007
35.71895057
35.73102636
35.74359910
35.76785660
35.82783458
35.86170454
35.93045959
35.98876330
36.09029664
36.21201867
36.21380566
36.34952148
36.42787707
36.99236845
37.02207345
37.05951566
37.07580061
37.11326843
37.32926408
37.33665161
37.34134921
37.44407912
37.47722365
37.57083638
37.61087801
37.62770996
37.70879298
37.75672799
37.76551255
38.28959415
38.33359878
38.38727472
38.51919765
38.60218980
38.67447654
38.74020066
38.91608525
38.96575548
39.30826087
39.42095897
39.48237976
39.51995037
39.56433895
39.62218316
39.65307924
39.67803598
39.68633391
39.91117639
39.93190322
40.05380423
40.11760264
40.20494640
40.21334349
40.24935790
40.59756341
40.71307266
40.73725868
40.87557288
40.92313729
40.92667077
41.07979865
41.09307486
41.23002575
41.35385096
41.45892230
41.66156415
41.79889478
41.88786498
41.90258591
41.94128069
41.94182365
42.10369530
42.21139253
42.42192854
42.53106937
42.56890156
42.68402897
42.78569304
42.80932304
42.81454615
42.93766091
43.11370518
43.12663606
43.12858926
43.18687041
43.28487535
43.33507769
43.33526879
43.40011610
43.52685143
43.69188867
43.79051744
43.82017084
43.89329350
43.94368985
43.94773521
43.95206296
44.01066495
44.04393108
44.07606157
44.17308408
44.31428967
44.32426964
44.33042954
44.37614638
44.57459392
44.63619573
44.65569485
44.69030842
44.69523559
44.69756820
44.77412947
44.85394414
44.94450792
45.07883944
45.18001545
45.19871714
45.24877804
45.24910457
45.26620158
45.35211761
45.54456673
45.55314111
45.59931539
45.61633894
45.66186465
45.86016197
46.32879463
46.44185608
46.53534202
46.74131147
46.94440044
46.96322382
46.98528783
46.99733102
47.06998787
47.20218028
47.29989728
47.37612578
47.47404336
47.48426277
47.50278458
47.54401068
47.68711705
47.72260965
47.75893943
47.75948080
47.82963248
47.89385145
47.89982025
47.93083362
48.64312825
48.66499261
48.72670992
48.84127033
48.86453875
48.90389207
48.91969107
48.97831553
49.21550255
49.26984531
49.36645063
49.47828222
49.48799470
49.49331137
49.52082197
49.52350392
49.56515132
49.61923189
49.68627930
49.68921748
49.84276407
49.99191182
50.01348553
50.02767264
50.06199156
50.12980872
50.22748912
50.37886138
50.54783212
50.56360354
50.58517841
50.76050301
50.99012258
51.07277365
51.12172607
51.27324779
51.29881834
51.45112681
51.52672893
51.57504078
51.59903401
51.69467887
51.71390745
51.72275954
51.84428661
51.94235151
52.03813159
52.06315594
52.08025409
52.11716149
52.18816492
52.23071653
52.26312107
52.65560164
52.67784149
52.80518420
52.90153057
52.93115685
52.98608570
53.23644561
53.32889812
53.41668129
53.44038388
53.46807224
53.48708075
53.55377738
53.59896317
53.62877219
53.68815435
53.69903089
53.77899621
53.90532468
54.13757111
54.20771736
54.20948000
54.25551471
54.33043597
54.45746912
54.48540962
54.68956714
55.01268535
55.29813446
55.35459646
55.43597722
55.44554940
55.54465294
55.58415622
55.73334769
55.75190084
56.00314821
56.10283254
56.11406281
56.15114292
56.20516475
56.23478598
56.58716006
56.63779873
56.65353283
56.71902533
56.72076612
56.95126881
57.06675355
57.08117950
57.11588986
57.15213078
57.16450845
57.28957031
57.31534868
57.43791174
57.46990807
57.49430535
57.55698883
57.80638568
57.84164828
57.84973630
57.86804650
57.88098389
58.02027493
58.03103847
58.03752474
58.04757219
58.10217317
58.23947212
58.24999181
58.33155118
58.45033248
58.50051139
58.51159263
58.55801605
58.60690145
58.64780486
58.65168098
58.80085693
58.83727726
58.87469367
58.91598687
59.07979287
59.24568733
59.43982848
59.48830700
59.68668896
59.73890266
59.79988853
59.81604915
60.16092053
60.18610796
60.18806473
60.21482850
60.27042142
60.28118911
60.28563735
60.33535528
60.34662944
60.47084999
60.47410143
60.51083251
60.57789872
60.58131549
60.68781325
60.74472201
60.76625396
60.97552353
61.06527378
61.10146011
61.11588218
61.23882179
61.27285981
61.53232576
61.59474027
61.74090752
61.78988533
61.82738543
61.90130638
61.91964914
61.92253038
124.00000000
