0.09878314
0.41635028
0.50676981
0.53629741
0.60051156
0.69369737
0.70805107
0.76901996
0.81226430
0.85442882
0.92249833
0.93790673
1.04861051
1.25826503
1.26751111
1.32478256
1.35989257
1.37523809
1.41781497
1.45119462
1.55216692
1.55262907
1.55486555
1.58735198
1.76807013
1.85878402
1.88366748
1.90083941
1.97540960
2.05644418
2.07243686
2.35353555
2.36732711
2.39254311
2.42700546
2.70575045
2.73011843
2.87340080
2.93474328
2.95052985
3.33969600
3.39857847
3.43413556
3.44034211
3.47917550
3.49391829
3.52105109
3.66534236
3.78365671
3.80977955
3.92485583
4.09262614
4.13578175
4.16396046
4.18444542
4.21422363
4.31238418
4.42690687
4.47945092
4.53321247
4.53862640
4.58448427
4.75298603
4.75688740
4.78299554
4.87897021
4.88796335
4.93209728
4.93500931
4.95396481
5.07102372
5.07103894
5.10005784
5.13286078
5.14333218
5.16841029
5.18458387
5.32486631
5.39082789
5.40633629
5.44003120
5.46944691
5.57693261
5.59168312
5.67175113
5.81389514
5.97413302
5.99068372
6.35387775
6.38104466
6.48187137
6.48188631
6.52476226
6.63224161
6.65664761
6.83146234
6.86872914
7.03640012
7.05932563
7.09232908
7.12156966
7.27549257
7.35768996
7.36526212
7.75992149
7.84433030
7.93866697
8.05778162
8.07274107
8.12090079
8.13519031
8.18764981
8.19674640
8.21105090
8.34400353
8.34696195
8.45281336
8.52681243
8.60739402
8.91730372
8.99540764
9.04302374
9.04307883
9.08362842
9.18324988
9.42289686
9.46762963
9.61393696
9.69397463
9.71332757
9.75350976
9.86924917
9.90249618
9.95581038
9.96081029
9.96926246
9.98378405
10.09487831
10.19180717
10.22962164
10.23474221
10.26622024
10.33989596
10.36587837
10.38977667
10.53668582
10.58284863
10.60824705
10.63363723
10.66485643
10.68964964
10.69511630
10.74976273
11.04660224
11.07284023
11.19749157
11.29582477
11.34468951
11.70952744
12.00511167
12.01399981
12.03685634
12.21594245
12.27952911
12.28740127
12.41356451
12.55070997
12.63459508
12.75049328
12.77570208
12.77679568
12.77835153
12.90770323
12.94556377
13.09018559
13.40767325
13.60058061
13.71305067
13.83995669
13.90664101
14.32894444
14.36672596
14.40650723
14.55543417
14.58283502
14.69909160
14.70525944
14.78541713
14.91178655
15.07443204
15.16722111
15.22358786
15.24780153
15.27062231
15.31414485
15.45210831
15.52466892
15.59095152
15.61477467
15.62487876
15.72588578
15.83429329
15.86018082
16.09156357
16.11842061
16.13923169
16.20126662
16.23843588
16.25591691
16.31985542
16.38250125
16.50765729
16.51968363
16.60303578
16.69228435
16.75204695
16.76786441
16.80958336
16.85096154
16.85747451
16.89245874
16.96026851
17.00314406
17.10015785
17.32090036
17.40503774
17.44014317
17.50629644
17.52813627
17.60901195
17.66293340
17.80125603
17.86411343
17.88348500
17.99466057
17.99829478
18.28700779
18.31173906
18.33309503
18.34971813
18.35977624
18.36794875
18.38101681
18.53359254
18.53614355
18.59808989
18.68625106
18.82297005
18.89854494
18.91251974
18.95211310
19.02653535
19.05513815
19.13364223
19.20789732
19.29808230
19.38764134
19.48794907
19.48871997
19.53976802
19.68503894
19.75995181
19.88739854
19.93300339
19.96466877
20.01169147
20.04475922
20.07589998
20.37851474
20.40273477
20.60604582
20.91073040
20.96007200
21.06314766
21.13497874
21.29718565
21.33270867
21.38609568
21.38938175
21.57450455
21.85973403
21.86426126
22.04036974
22.24345827
22.35402840
22.57657088
22.60167120
22.61718025
23.02725766
23.05181762
23.12055846
23.23304658
23.26821128
23.29297443
23.41447112
23.62577217
23.85545166
23.99311791
24.01216758
24.13665285
24.29007831
24.29892043
24.33970991
24.52503986
24.55020353
24.68155135
24.78383870
25.01136745
25.03274811
25.08892596
25.15889605
25.20492396
25.24469396
25.41520765
25.48239572
25.55875767
25.67976268
25.72243941
25.98877764
26.00669685
26.03493386
26.03734471
26.05468274
26.10552898
26.12236667
26.13152295
26.15741842
26.47018428
26.49922106
26.50633145
26.52107389
26.64900377
26.75590334
26.85524568
27.01608109
27.23390605
27.38786103
27.43650698
27.63780879
27.70659157
27.73387422
27.75005954
27.87995667
27.91555437
27.95383541
28.02460993
28.15940794
28.16868724
28.21505418
28.33108449
28.39708022
28.41041470
28.47037420
28.94600416
28.95955444
28.97140988
29.17372746
29.29782768
29.34829294
29.37921173
29.39935465
29.41635339
29.46019438
29.49761691
29.53883990
29.56634804
29.66482027
29.68707495
29.82841720
29.84857292
29.86999586
29.91518660
29.96047621
30.01650001
30.10788299
30.18228432
30.37541393
30.43671413
30.46279304
30.47186819
30.67561890
30.89323945
31.15083904
31.21687977
31.28496737
31.52011293
31.73087601
31.92144380
31.95394175
32.02337064
32.42971874
32.43495995
32.51969993
32.54062900
32.60856013
32.61667209
32.70748175
32.71430145
32.72146693
32.78200257
32.81197700
32.81502647
32.86376303
32.88613565
32.97284012
33.09397863
33.14461046
33.18323492
33.21076261
33.50799580
33.55899001
33.64274648
33.65684842
33.81643566
33.85059348
33.98942674
34.00795250
34.09809321
34.24338646
34.40303373
34.44925072
34.57245825
34.61487547
34.65684881
34.85659077
34.95052204
35.06790083
35.10513332
35.18207078
35.23656672
35.24663993
35.30553404
35.31930404
35.35524306
35.37385900
35.37510225
35.43912677
35.44593639
35.47910941
35.61058165
35.81551451
35.92214248
35.92557450
35.96131778
35.96697216
36.01789777
36.07916781
36.16293212
36.26214078
36.28947710
36.36475740
36.43021663
36.54201431
36.55082630
36.63815346
36.68193971
37.06798702
37.14442217
37.17436239
37.37774244
37.44076951
37.44762460
37.80209098
37.96910598
38.04581513
38.05430404
38.15766056
38.17820195
38.25667856
38.28876803
38.34309959
38.41582215
38.46872049
38.65075545
38.65641373
38.66417390
38.70179625
38.77515712
38.79501346
38.90675035
38.93053303
38.94954278
39.07859584
39.25536576
39.49556070
39.55803462
39.62507345
39.85792520
39.95943196
40.05415306
40.24369630
40.25448138
40.28601313
40.39241865
40.51086617
40.70176271
40.80323319
40.81213525
40.81779451
40.87557288
40.90177598
40.91848203
40.96101687
40.96134527
40.98933369
41.10344308
41.12039235
41.14294195
41.40318796
41.47312689
41.50485117
41.62421118
41.65977213
41.72855390
41.74016790
41.76659027
41.77102518
41.81215999
41.89803516
42.00342378
42.08944773
42.14083747
42.25285721
42.32271082
42.34738241
42.40722330
42.56036244
42.79889848
42.94340192
42.95589672
43.24642592
43.30077583
43.41434112
43.46675539
43.53978171
43.56246032
43.67066050
43.69416905
43.73701938
43.81922789
43.88323010
43.95402933
44.03203063
44.09969098
44.33260113
44.42295216
44.56555146
44.64401116
44.64411476
44.70475265
44.71758690
45.07951613
45.16428070
45.20290500
45.55760765
45.61980569
45.71645255
45.71891699
45.76763797
45.80809488
45.81569529
45.90027291
45.91278480
45.91407075
45.94950161
46.00073696
46.02298554
46.17694301
46.29964743
46.33370659
46.35440199
46.41364082
46.46896556
46.48920004
46.50981989
46.51166762
46.53307938
46.56349151
46.75335112
46.79250818
46.88832391
46.91543233
46.94300806
46.97979187
46.99502199
47.16009904
47.16928865
47.19989441
47.30707965
47.50051879
47.53046633
47.73701329
47.85649294
47.85798525
47.89522190
47.95494175
48.00541246
48.15769997
48.17403630
48.19498237
48.40535545
48.48147087
48.72413635
48.75015748
48.78451074
48.78905888
48.84075000
49.00245074
49.19056398
49.42081733
49.44171865
49.45775879
49.47580132
49.49629753
49.50712523
49.56019543
49.65454159
49.91408156
49.96616878
50.04014329
50.07390006
50.19427123
50.43787199
50.56373469
50.77393460
50.77948846
50.78294141
50.82931417
50.84205346
50.88286603
51.16374909
51.33819198
51.42966312
51.43245823
51.67084652
51.68612097
51.80023477
52.09780361
52.10342103
52.18532972
52.19839384
52.22551653
52.23732782
52.28602324
52.41255472
52.53171060
52.85842889
52.92539639
52.95741712
53.20236684
53.25760047
53.37354812
53.38040361
53.39714826
53.49219983
53.64597343
53.69603687
53.80197466
53.80915993
53.94375114
53.98841186
54.11920698
54.17331962
54.24037334
54.38764771
54.46943138
54.54634326
54.74789625
54.77277211
54.80080698
54.81657953
54.92245487
55.02979896
55.13865764
55.21438534
55.26623147
55.29634289
55.39078513
55.42205767
55.55430718
55.66320377
55.67097238
55.83268330
55.86795951
55.88995610
55.92870515
55.94806164
56.00394895
56.23441607
56.35289089
56.36730200
56.41513492
56.52728286
56.52866541
56.53578992
56.59858850
56.67056541
56.77951524
56.80320289
56.84295088
56.89990556
56.91744666
57.04685300
57.08265989
57.16036873
57.25446685
57.33854633
57.37258186
57.38414624
57.42353358
57.46914341
57.48092623
58.05730947
58.19263117
58.32051701
58.50431621
58.52254656
58.52868025
58.57648241
58.60197987
58.64286515
58.91418194
58.92532246
58.96568902
59.15279114
59.17286977
59.24978774
59.37162307
59.39686255
59.50063620
59.58301356
59.58742052
59.75337376
59.93220266
60.07371187
60.19892384
60.36344448
60.43719057
60.46637274
60.47534204
60.53914578
60.66761139
60.80577817
60.90466866
60.98774407
61.18668204
61.23020954
61.30721755
61.49777639
61.64257898
61.83551307
61.92952932
61.98980481
62.02200015
124.00000000
