0.11028879
0.17189048
0.19392071
0.27943760
0.31616554
0.39804850
0.49565846
0.51363285
0.65750264
0.67891137
0.74096849
0.76901996
0.82846325
0.86221850
0.95422542
1.10864347
1.13268571
1.20866703
1.25170933
1.41788086
1.43351466
1.56476473
1.57492993
1.60414897
1.65520485
1.71359427
2.00342159
2.00988431
2.20811193
2.24292342
2.58974011
2.62135360
2.73529498
3.14335677
3.45267519
3.63489975
3.71965999
3.79179774
3.84527281
3.90901362
3.91086298
4.12949220
4.30458044
4.30583541
4.39892978
4.52220008
4.64159804
4.83921595
4.90265605
4.90690959
4.95180312
5.15168489
5.28858264
5.28928856
5.29146967
5.30934290
5.36530529
5.43263120
5.75489158
5.87561480
5.87763626
5.95799513
6.01349423
6.03806404
6.05351302
6.08951985
6.34623642
6.36044023
6.38285004
6.52870314
6.54647776
6.66006376
6.69995679
6.70042502
6.70405754
6.77979966
6.84989087
7.01735316
7.05536312
7.21524680
7.46047328
7.60388257
7.69961362
7.77537944
7.78958931
7.79889033
7.82301494
7.86253631
7.92125127
7.97966358
8.11904907
8.24430428
8.66457198
8.68139170
8.79798404
8.91271580
8.91276919
9.01134488
9.06671332
9.13463411
9.13870252
9.24382216
9.25363717
9.37910306
9.51086933
9.52137638
9.53743004
9.78786160
9.81936778
9.93684526
10.26828334
10.27580690
10.34810839
10.63788416
10.65295805
10.75280469
10.84524502
10.85536560
10.87326753
10.88203472
10.94758692
11.07420257
11.10741504
11.22680052
11.25205220
11.26025288
11.26512779
11.34387902
11.40487193
11.44436161
11.47469728
11.48022516
11.48666553
11.55450104
11.60963785
11.67873455
11.68994904
11.75582355
11.77931158
11.79632267
11.85330912
11.85568117
11.98520856
12.00010961
12.03606687
12.10783425
12.14599400
12.25233548
12.46030412
12.55138865
12.58576145
12.60257455
12.60818687
12.70463766
12.73035683
12.73311949
12.81930111
12.93560987
13.25053744
13.26013057
13.38164615
13.48506108
13.52876482
13.56980334
13.59679162
13.79369977
13.82583132
14.08465624
14.11382006
14.13723822
14.24379667
14.29859664
14.39814676
14.39863112
14.55699713
14.62542305
14.74454482
14.76970867
15.24780153
15.37586764
15.38266298
15.40535958
15.47288562
15.48537759
15.49578501
15.49659458
15.53032733
15.59818368
15.71594758
15.87373561
16.01775954
16.07595866
16.13975199
16.14777133
16.23027999
16.40608506
16.52837344
16.55438497
16.69222017
16.74198533
16.76879146
16.80958336
16.93342989
17.02996552
17.09303238
17.09853331
17.17837692
17.24929667
17.27115001
17.32968322
17.35290527
17.38189678
17.41151123
17.46874599
17.60885242
17.61906251
17.64773730
17.72935032
17.89810824
17.92917636
17.98694882
18.00171869
18.15881853
18.18453715
18.18513271
18.24796935
18.26323113
18.48370444
18.57924675
18.58235229
18.58645433
18.68378604
18.77919801
18.80205045
18.80814985
18.83983438
19.12681915
19.21620626
19.25772505
19.34715214
19.40545947
19.47683842
19.51339796
19.67197679
19.84424092
19.87585982
20.01145889
20.11353005
20.22632747
20.34852895
20.38184750
20.44111765
20.52781121
20.55195028
20.62027185
20.62677950
20.72393140
20.87297464
21.02989077
21.08562741
21.13235910
21.51376951
21.52573601
21.61057612
21.78369841
21.79452942
21.88252476
21.89410448
21.91968525
21.92097688
22.00858827
22.45125895
22.48971130
22.72938605
22.73089486
22.93224474
22.94466004
23.00363726
23.65692320
23.66791058
23.71195203
23.80058451
23.92958975
23.98758604
24.11853525
24.19921112
24.21241474
24.25714876
24.31549407
24.34886718
24.38758808
24.41441406
24.53815969
24.62987398
24.63033931
24.66288887
24.92756941
25.01772453
25.02894117
25.07414844
25.08882046
25.13385011
25.30193068
25.35895669
25.55924297
25.61915956
25.65051224
25.70582636
25.75055331
25.80217396
25.84696714
25.88348249
25.90917357
25.92791099
25.99375986
26.27697484
26.38952923
26.46663815
26.50640524
26.56822193
26.64476168
26.68315928
27.04737934
27.08719721
27.27198821
27.28505483
27.31013631
27.33454782
27.43370359
27.51109576
27.56087905
27.59298718
27.65356577
27.69325939
27.73264513
27.73737819
27.76535605
28.08154481
28.24153313
28.36693666
28.42286292
28.48180411
28.51284871
28.57486520
28.57996224
28.82763283
28.84140267
28.90580714
28.90823855
29.01703062
29.11537423
29.12785166
29.52675699
29.67126520
29.68572408
29.82199642
29.82504074
29.86773347
29.94008581
29.95415832
30.00367883
30.31495449
30.46553791
30.50929460
30.52073798
30.56389496
30.61133187
30.61994726
30.66733678
30.72510307
30.73998378
30.75044710
30.87138307
30.97421293
30.98501039
31.06190769
31.18572544
31.22612003
31.24790080
31.48826378
31.64375680
31.65170125
31.65398160
31.65503303
31.67910511
31.72681232
32.06830521
32.20766007
32.40629390
32.56001420
32.74648800
32.74892676
32.76396828
32.84236436
32.85851005
32.90626931
33.17499588
33.17818961
33.19030033
33.28003123
33.52130733
33.57745140
33.59503559
33.60415556
33.61617317
33.62372346
33.72839963
33.77680213
33.78456239
33.81252386
33.87050504
34.03528450
34.04072184
34.20449144
34.38740527
34.56453258
34.74899858
34.83572772
34.83904311
34.88394311
34.99829707
35.12901291
35.46438704
35.65872208
35.67979361
35.73639445
35.80942779
35.81551451
36.05740189
36.08638667
36.22514482
36.23807882
36.35717078
36.53778304
36.64399097
36.73146635
36.77219744
36.92215612
36.93225966
36.99174282
37.08793344
37.15239845
37.21760216
37.29769427
37.43889143
37.53558260
37.76851023
37.82749089
37.83231106
37.88464462
37.94712875
37.98252365
38.03018777
38.05450978
38.05789402
38.18424317
38.43134210
38.69637752
38.89680377
38.93233405
38.98197516
39.16884279
39.17002523
39.19354916
39.21862172
39.32702402
39.48046839
39.48068246
39.58926679
39.83466341
39.84690310
39.86137045
39.88352377
39.97783361
39.98623191
40.06357891
40.16055625
40.21989957
40.23057688
40.28933131
40.28988123
40.30513362
40.50271834
40.55794300
40.58773560
40.60893592
40.74455001
40.75752142
40.93990892
41.09123263
41.13094545
41.14601708
41.15898845
41.33585290
41.39306515
41.41283811
41.47548301
41.62421118
41.82657775
41.97727542
42.05963428
42.13236038
42.43817895
42.50474468
42.54076170
42.62177237
42.68813950
42.69158780
42.73748034
42.91778121
42.92864435
43.19195497
43.33526879
43.48997941
43.53054166
43.66310466
43.67331689
43.76073516
43.83065814
43.88843706
43.90960042
43.91189130
43.92925594
44.05220770
44.07894096
44.12691863
44.24224133
44.33451645
44.40250705
44.48828192
44.74920781
44.87227473
44.88729681
45.06371015
45.07951613
45.23497122
45.24428423
45.54573374
45.59037512
45.77637085
46.03335906
46.03425089
46.25004945
46.34770282
46.39866865
46.55286104
46.56315662
46.68638166
46.73476731
46.97079222
47.00036125
47.09659973
47.13270350
47.22589515
47.34993281
47.41533164
47.44514818
47.50780900
47.57015919
47.74983508
47.79517076
47.82678650
47.92420184
48.08025072
48.21536110
48.30668128
48.40580411
48.45957118
48.46490878
48.61217806
48.63564954
48.78314253
48.96548575
48.96674058
49.04887275
49.09000617
49.26599352
49.27073480
49.39434444
49.40706382
49.42341453
49.47595097
49.60444103
49.63475231
49.72603890
49.95366007
50.05956537
50.13158820
50.15035134
50.20982982
50.46257145
50.51986967
50.70108130
50.75791247
50.81400875
50.85998373
50.99444456
50.99613594
51.03981836
51.10680919
51.22273238
51.41645038
51.45112681
51.51050342
51.56934670
51.70241321
51.78599628
51.79852581
51.97061439
52.00459091
52.04932762
52.09092097
52.29601982
52.30297848
52.30902264
52.34187142
52.64342921
52.67664235
52.75422907
52.75985748
52.78732268
52.79776129
52.80363422
52.87917633
53.00222815
53.12184228
53.21802354
53.38486268
53.40710223
53.58695912
53.62336704
53.70121959
53.75514552
53.77764916
53.89856742
53.97817985
53.99498397
54.02955957
54.03395374
54.15588558
54.17502886
54.19379844
54.25406282
54.35088554
54.52846493
54.60443245
54.70161111
54.72924464
54.80112904
54.80623801
54.81960248
55.14147581
55.21040540
55.35151945
55.41243905
55.45334058
55.61445874
55.61493913
55.72535347
55.72646724
55.72747567
55.97884728
55.99917050
56.02918041
56.15933847
56.28555264
56.33724582
56.35891708
56.47912440
56.48667427
56.53764508
56.54278666
56.81006177
57.04251113
57.06691799
57.14852326
57.16795514
57.35944339
57.41103081
57.46561387
57.48583579
57.77868307
57.80994486
57.88198432
58.01760821
58.05045913
58.10281100
58.31819610
58.33581262
58.54817932
58.62339405
58.62625163
58.77321050
58.79311703
59.03430358
59.12478062
59.12788167
59.15576124
59.42241349
59.43184046
59.45076080
59.48028038
59.72350579
59.74861007
59.76802176
59.80852492
59.88693311
59.89909637
59.97542093
60.02862380
60.16513090
60.20268345
60.20468082
60.39048072
60.64168471
60.70290813
60.78146343
60.93663210
61.08157091
61.22687628
61.31131438
61.32021318
61.32917484
61.37392690
61.42524047
61.59975138
61.63884025
61.68870323
61.96003596
61.99777738
62.19426053
124.00000000
