0.06804232
0.07883764
0.12021076
0.24030812
0.29831829
0.35507768
0.51934816
0.57166462
0.72579820
0.77710064
0.78661742
0.87845758
1.00996635
1.16672359
1.19554821
1.21279446
1.27259314
1.30429533
1.38445031
1.47823547
1.53662677
1.56476473
1.56739722
1.70728261
1.74890623
1.75056492
1.79901938
1.84478372
1.88718544
2.09403353
2.10706311
2.16581805
2.31335446
2.36547728
2.54659651
2.58633564
2.67087195
2.68727345
2.84408534
3.13403438
3.14120231
3.26741557
3.35467469
3.36291931
3.39922575
3.45500671
3.48236508
3.55668908
3.59245062
3.60986284
3.66341923
3.71254041
3.71661422
3.73804248
4.02960540
4.08552599
4.09670955
4.15096321
4.26919975
4.45210869
4.48002115
4.54132370
4.63634310
4.75588144
4.78874224
4.80935152
4.85765022
4.88251859
4.91842015
4.93173744
4.93945480
5.07186063
5.16782018
5.19881275
5.24369007
5.25473182
5.27278717
5.36996059
5.39206042
5.39813577
5.43947255
5.59362703
5.72758341
5.73225925
5.80489263
5.84382425
5.84814669
6.06678048
6.18575877
6.22398742
6.32122715
6.40612991
6.62804188
6.88798658
6.90599882
6.92743673
6.94037629
7.07071906
7.11597440
7.20143975
7.33539812
7.36513348
7.39469301
7.56094277
7.73392550
7.74241113
7.76474399
7.77592598
7.89860979
7.99049777
8.01214737
8.04849502
8.10083116
8.10096345
8.13406083
8.32883849
8.34840023
8.44200863
8.65137030
8.71404776
9.02700833
9.10556608
9.26765966
9.29010438
9.32936254
9.33445324
9.34543056
9.40011466
9.43989333
9.46191584
9.68436834
9.77451545
9.80382895
9.94974034
10.04004384
10.04095083
10.05050785
10.11357340
10.15750751
10.53348836
10.93335715
11.08656497
11.24361814
11.40909741
11.44099114
11.55588035
11.69987614
11.81975957
11.95460748
11.95465724
11.97989216
12.09871464
12.10285719
12.14762619
12.22369218
12.33490360
12.38909837
12.52868260
12.68518076
12.69938181
12.73930280
12.87403615
12.92630430
12.95390796
12.99347094
13.09284660
13.19612810
13.30327204
13.43691743
13.45583649
13.63103678
13.75031179
13.82409381
13.91365852
13.92279212
13.96353760
14.10562354
14.29255349
14.32993735
14.48021818
14.60100903
14.74318868
14.82821462
14.88339525
14.98429044
14.99856960
15.00964557
15.06074536
15.06826848
15.15534755
15.20025773
15.21672996
15.24076713
15.32000719
15.34405280
15.44399314
15.47136216
15.56834109
15.65572073
15.82285068
15.82336458
15.83002467
15.96470054
16.09510004
16.13053690
16.28789444
16.36126329
16.43305241
16.49261644
16.51708431
16.52103671
16.57916700
16.58032564
16.70329934
16.88501010
16.88861258
16.89245874
16.90199808
17.00367334
17.02048030
17.10792368
17.26669404
17.29117470
17.31681802
17.62857896
17.63676272
17.78822172
17.80235023
17.83634232
17.84558525
17.85940407
17.86446421
17.93381477
17.94157216
18.06013243
18.12286956
18.12664711
18.13095563
18.30550532
18.31861409
18.31863424
18.33355138
18.34130943
18.36436836
18.39495696
18.45002372
18.49728788
18.74728709
18.77315678
18.98500182
19.04300791
19.05438734
19.21632790
19.26288582
19.30315835
19.35814350
19.36779530
19.41736220
19.43091310
19.45806961
19.48926905
19.54893952
19.66242634
19.68519387
19.68624339
19.70114920
19.72723514
19.78781369
19.84359103
19.97893576
20.09525234
20.19176722
20.20421972
20.22300474
20.22736095
20.23095781
20.34665453
20.37893344
20.52822762
20.54898645
20.87458189
21.21294668
21.37866722
21.59840319
21.66106472
21.81845025
21.85010727
21.98827539
22.09565222
22.20858995
22.28465839
22.55707857
22.56394260
22.59618708
22.89223000
23.13539227
23.23639507
23.27890729
23.28027432
23.41974086
23.82499171
23.93885150
23.97357545
24.03710767
24.39842513
24.59507101
24.61042907
24.62987398
24.64841364
24.70662239
24.73639851
24.90818033
24.98845567
25.04931635
25.10759572
25.13027152
25.19520236
25.32201388
25.49629352
25.54338884
25.64212223
25.75165575
25.81336118
25.82500605
26.19512300
26.49691765
26.56821756
26.65486909
26.67755590
26.69171028
26.70050853
26.78896713
27.03440278
27.05866319
27.06259711
27.06663520
27.12832944
27.17607805
27.28505483
27.30970255
27.44303414
27.48371722
27.51132135
27.52979202
27.69091192
27.77040686
27.87439999
27.88625290
27.90046099
27.91576548
27.99368712
28.03468912
28.14599355
28.25352553
28.26536825
28.29912772
28.35584650
28.39298708
28.42981246
28.43134886
28.47095416
28.60685716
28.62141744
28.75477768
28.78216367
28.94911692
28.98910608
29.00961080
29.05121463
29.10871578
29.13397357
29.27102763
29.54124102
29.76765738
29.79512853
29.80428856
29.90634810
29.91518660
29.95122160
30.08754950
30.12547716
30.36617778
30.38002256
30.42805017
30.58384098
30.74266720
30.86047247
30.87578891
30.91396020
30.98787908
31.08184352
31.12386697
31.25461284
31.84756277
31.86133699
31.93355219
32.07742299
32.11844650
32.17747323
32.34164427
32.51213904
32.80660968
32.86873689
32.88814853
33.03648913
33.05474654
33.05942604
33.06687262
33.10229388
33.11158529
33.14092725
33.19738431
33.28003123
33.35601456
33.40012927
33.44494522
33.47003485
34.11511136
34.20389514
34.33529131
34.41419030
34.55239917
34.55679666
34.57934650
34.60696181
34.70658378
34.83515102
34.90914961
35.02898616
35.19333889
35.21685492
35.27901705
35.29076590
35.29123383
35.39153471
35.41050006
35.44949991
35.47351262
35.48234930
35.63705494
35.84435291
35.85356026
35.85389912
36.08933976
36.17729546
36.20955703
36.21518334
36.26894803
36.58906534
36.72893857
36.76861151
36.77230664
36.87364227
36.91094432
37.06630825
37.11739092
37.27342353
37.29047781
37.39039189
37.41885963
37.44762460
37.53441895
37.80007717
37.80972073
37.81267839
37.88647938
38.03074633
38.07827694
38.14009036
38.48791793
38.51827065
38.52641301
38.63200859
38.69618106
38.74780701
38.77285946
38.82474572
38.90800467
38.96019447
39.02549519
39.05679640
39.08189417
39.08230481
39.15168676
39.26311614
39.41589583
39.46586084
39.80982228
39.87828287
39.90902200
39.95459589
39.96014763
40.03881296
40.23073544
40.28747469
40.30268972
40.73535995
40.73749468
40.78353763
40.78794739
40.87557288
40.97257691
41.02013222
41.10803033
41.11188913
41.20184558
41.21228669
41.25463218
41.25821310
41.27707856
41.39306515
41.43189932
41.43640375
41.53264896
41.55474494
41.56938295
41.64268153
41.66943013
41.72668884
41.74016790
41.80242091
41.94627622
41.97780812
42.12649598
42.25588852
42.29175976
42.39495555
42.43788828
42.48126466
42.49415151
42.54570956
42.65863696
42.66503304
42.83390515
42.83424810
42.92556425
42.99910769
43.03257065
43.03690969
43.27940458
43.53351272
43.54340904
44.07383690
44.14446723
44.22884577
44.24370709
44.27611431
44.35900773
44.37518229
44.59904981
44.70479258
44.84796468
44.96880627
45.02673255
45.03600945
45.05337069
45.13953215
45.20047219
45.47881158
45.52977021
45.54316138
45.57172985
45.60907651
45.86255418
45.88648335
46.00768757
46.01389862
46.13975342
46.32575715
46.33507150
46.37067321
46.40036504
46.47308345
46.53347550
46.82869651
46.88299197
46.90237291
46.94474267
47.15792113
47.23878441
47.27378145
47.39444066
47.79945996
47.89088948
47.91363049
47.92310028
48.05713767
48.07857598
48.12537895
48.28560262
48.34138069
48.39209583
48.44925379
48.48665462
48.61678673
48.63648910
48.64110977
48.69178921
48.75803850
48.77932733
48.91728526
49.10379889
49.15125780
49.33264438
49.44413816
49.46655207
49.50787121
49.50901799
49.58657420
49.63687877
49.79862138
49.90517652
49.92901400
49.94417936
50.10350190
50.16714422
50.20486263
50.21426708
50.43228877
50.51253539
50.61107482
50.62838777
50.66408259
51.00318137
51.07795543
51.12837067
51.13399869
51.36798705
51.51511130
51.91030185
51.92446904
51.96259511
52.00985471
52.17845028
52.26312107
52.41300446
52.52239127
52.55527619
52.58142785
52.69764152
52.71222346
52.71433958
52.72819118
52.75647864
52.86158831
52.94930161
53.07660270
53.41672283
53.53559710
53.57031201
53.61213188
53.61555377
53.62351458
53.66446982
53.77899621
53.82367720
54.06358560
54.07401020
54.07494198
54.12119454
54.12247916
54.12858534
54.19127766
54.20609630
54.35302508
54.41785284
54.44328937
54.46995284
54.49061864
54.50356105
54.65637337
54.79516692
54.89046817
54.97904177
54.98536218
55.18094543
55.21029940
55.27321456
55.35260531
55.83955575
55.90173860
56.18271125
56.32442922
56.32805710
56.36380315
56.51095349
56.73932203
56.80018278
56.91635674
56.92565469
56.96037421
56.97534096
57.02869685
57.07402553
57.11493556
57.12542136
57.19027308
57.21492359
57.24702539
57.38788014
57.68187002
57.71573015
57.74300623
57.90010457
57.92043115
58.08900309
58.11070511
58.16328612
58.33262990
58.52819066
58.54917217
58.54958402
58.57648241
58.67324022
58.67397256
58.77331854
58.97654535
59.03455603
59.04051664
59.15252276
59.25735368
59.35506415
59.45572235
59.49163571
59.49694049
59.50063620
59.56725417
59.76926326
59.90730821
59.92337993
60.13274255
60.20468082
60.26099575
60.27674231
60.31398528
60.32742118
60.37323238
60.46511837
60.50756747
60.51760420
60.52350942
60.56729248
60.75200323
60.96887779
61.15596627
61.37382889
61.39764705
61.46122755
61.66790073
61.72044059
61.72576570
61.74499733
61.74654539
61.83476843
61.88731345
61.90163048
61.92514336
61.99086272
62.13935665
124.00000000
