0.42745465
0.44275598
0.47291104
0.59734882
0.80212570
0.91098999
0.94979071
1.03051565
1.04843753
1.09010529
1.12729678
1.26943359
1.37467051
1.46076366
1.47938595
1.57886148
1.74944051
1.78173698
1.96775324
2.08269227
2.12852182
2.25978349
2.29113194
2.63607078
2.94244983
2.96812258
2.98875404
3.01423107
3.07431981
3.18139616
3.24478694
3.33163642
3.38497381
3.42418642
3.50584055
3.51874586
3.61213789
3.63364526
3.74754698
3.83291982
3.84017836
3.86761139
3.89399098
3.97900135
4.04653488
4.08552599
4.09311021
4.19127318
4.22408823
4.46999584
4.58292542
4.60255048
4.71102730
4.78357564
5.05585919
5.17288878
5.19276420
5.72311570
5.77574349
5.82461316
5.83574224
5.84143636
6.00877496
6.15826061
6.26035988
6.36251056
6.40535069
6.43085593
6.45295091
6.56820623
6.62362719
6.68724884
6.74517142
7.12922945
7.16743834
7.16816017
7.18114186
7.25389090
7.28816632
7.40734512
7.45234668
7.51153712
7.55844425
7.57217743
7.60041598
7.61633657
7.62452031
7.64042079
7.74574305
7.75725480
7.77779127
7.79888057
7.88807034
8.02728094
8.04849502
8.15059361
8.30541457
8.33267736
8.36565495
8.38350710
8.45952273
8.57735425
8.64668411
8.75363473
8.79329921
8.79593940
9.02935206
9.15802147
9.18011869
9.18864637
9.42680662
9.47389110
9.57502552
9.65054576
9.85602414
9.89824490
9.90249618
10.16775017
10.33668995
10.88140258
10.89844841
10.91921037
10.94565125
11.06940740
11.15036282
11.18168256
11.23311030
11.23665250
11.27693085
11.44898900
11.46319620
11.51270807
11.58663397
11.69523569
11.71565045
11.92000931
11.92251380
11.99752375
12.10783425
12.16607103
12.18651450
12.20667004
12.21552492
12.59081914
12.61066070
12.62025239
12.64277750
12.71534902
12.82149417
12.89236645
13.05985545
13.24733935
13.46946442
13.49058764
13.51675969
13.78347136
13.82409381
13.87552666
14.04269154
14.13313552
14.29231886
14.44449690
14.45018000
14.88905121
14.90118723
14.92406858
14.95025431
15.01571410
15.21125923
15.25343951
15.32549116
15.47317563
15.66005519
15.66143411
15.75074217
15.76986323
15.84660211
16.02527767
16.03669811
16.41127370
16.55893869
16.61317449
16.64177370
16.76381016
16.78916818
16.81223981
16.88831640
17.11098842
17.23824741
17.28509930
17.32804879
17.43107264
17.56379573
17.67756854
17.69484943
17.73087511
17.94262702
18.10606024
18.20975277
18.22863792
18.34910135
18.61772870
18.63706994
18.78887363
18.79472295
18.83476025
18.85785934
18.92593912
19.02526875
19.17838820
19.27889160
19.39455302
19.43074884
19.52720427
19.55461925
19.55712106
19.75500944
20.26464010
20.29156749
20.31439626
20.34691416
20.35210996
20.38637467
20.43868889
20.57890082
20.58988905
20.77285911
20.81283884
20.83196877
20.83267670
20.84572718
20.85722263
20.91272237
20.93132449
20.94226189
21.06394469
21.20898226
21.21191257
21.26572677
21.34971077
21.56852367
21.59060153
21.66874988
21.82482537
21.84140978
22.02213649
22.21248311
22.27735791
22.38074021
22.60167120
22.73334114
22.79526880
22.88115488
22.91299021
23.09845829
23.10201285
23.10452503
23.13350731
23.22667667
23.28420743
23.36004379
23.36698399
23.46371391
23.50536568
23.55176555
23.57508277
23.84389999
23.91170400
23.92958975
24.06506865
24.16766253
24.26323362
24.39470029
24.48116911
24.54145456
24.60716732
24.67238834
24.77248299
24.79368888
24.79887858
24.99051371
25.34757217
25.37807132
25.44737497
25.57664079
25.68035759
25.93684537
26.09059740
26.15934436
26.16982438
26.19887544
26.23419563
26.33526358
26.54927000
26.74381087
26.91290535
26.93488034
27.17225167
27.21253849
27.49790062
27.58331637
27.62533985
27.64650291
27.81604146
28.02384860
28.33890959
28.35367968
28.60881012
28.64443023
28.79316173
28.84035926
28.85861437
28.90414284
28.91701884
28.92039686
29.07377402
29.07712947
29.08236840
29.13924568
29.18042670
29.21747541
29.38889383
29.57304247
29.68421139
29.75299868
29.87742267
29.88401101
30.11663500
30.16533964
30.23511203
30.24739298
30.30822425
30.35260831
30.37392413
30.40937063
30.43182277
30.53213762
30.58310722
30.58655254
30.66908238
30.89919595
30.94270058
30.98213478
31.10017377
31.23223699
31.64334501
31.77752297
31.83037898
31.84919568
31.92570612
31.93541344
31.95249084
32.03819679
32.09428819
32.22314125
32.25168330
32.27072233
32.27797401
32.32276257
32.33362972
32.55209064
32.55550360
32.64596237
32.88719848
33.00335355
33.17732437
33.37403260
33.39443682
33.44799790
33.45658361
33.48527722
33.48965971
33.50274137
33.54943561
33.59055308
33.59706475
33.82697919
33.92732959
33.94349177
34.00120398
34.23089591
34.34743731
34.38161171
34.74868148
35.00810468
35.02898616
35.08300117
35.15309989
35.28561307
35.56885614
35.58733229
35.59711431
35.60275633
35.68359013
35.78787245
35.80942779
35.87204083
35.88385882
35.95459577
35.99367926
36.14698035
36.21768307
36.58003977
36.66823626
37.01828126
37.11541393
37.12710364
37.14789948
37.15114484
37.28243456
37.30335260
37.33025795
37.37572135
37.44375142
37.53673551
37.64688915
37.83062992
37.83818902
37.91339130
38.05228971
38.07165057
38.07217064
38.37222719
38.53255513
38.54150582
38.54961089
38.58628302
38.74189015
38.78409560
38.82312400
38.82368072
39.17002523
39.19009751
39.21195121
39.22670725
39.48454112
39.64352224
39.65780960
39.72474624
39.75971461
39.86199353
39.98451176
40.19056655
40.30122659
40.30513362
40.47816125
40.59204561
40.64216862
40.80033476
40.87985454
40.89338376
40.90287022
40.93990892
40.94389870
40.97257691
41.02816253
41.09373254
41.16464986
41.18890464
41.19813646
41.60569767
41.64867801
41.74016790
42.05034923
42.11654827
42.23653638
42.33655624
42.41698366
42.49664291
42.49990497
42.50955544
42.54080201
42.54587940
42.58719105
42.58764724
42.80914267
42.82005874
43.13338350
43.15474171
43.20184672
43.40783593
43.41105931
43.45076622
43.54540779
43.57615704
43.70069500
43.82868636
43.95237913
44.05451139
44.13124058
44.13902279
44.14446723
44.17261005
44.24359135
44.27204506
44.36549408
44.50262808
44.58980072
44.61267556
44.89959633
44.93488822
44.99784747
45.14423835
45.22804230
45.28271605
45.29449206
45.43388529
45.50476532
45.51693869
45.51732829
45.79235360
45.89191832
45.92414568
45.92440646
46.00861927
46.13347239
46.23304427
46.28107074
46.43505894
46.46382447
46.49551532
46.55928626
46.56385559
46.57076328
46.58210163
46.89504717
46.90076558
46.94520467
47.14701546
47.15282974
47.18566828
47.26126847
47.28498637
47.29842228
47.39829795
47.49905794
47.55973571
47.61078322
47.65702500
47.69561278
47.87961719
47.89906832
48.25691448
48.32639694
48.39646219
48.47411967
48.54508937
48.63564954
48.84214570
48.98899986
49.11177876
49.17744467
49.19156086
49.32277616
49.46655207
49.63205413
49.75879907
49.82618049
49.84363117
50.28869041
50.35930597
50.45633642
50.48599502
50.60004740
50.66912433
50.67507565
50.80051770
50.83229184
51.04679514
51.12837067
51.13546727
51.20043281
51.24841480
51.34151416
51.60134504
51.66797923
51.74296144
51.75757563
51.78482885
51.81994547
51.87069740
52.12190706
52.14713221
52.27329023
52.30759699
52.32217632
52.50987970
52.76590640
52.80764558
52.84819038
52.90153057
52.92083139
53.00257389
53.01225547
53.02617998
53.08413675
53.11027154
53.12111644
53.23886027
53.30425198
53.31413901
53.51259040
53.54098864
53.56503041
53.58865532
53.59883818
53.59956437
53.61291468
53.64597343
53.73988803
53.92095158
53.94121433
54.00566050
54.12337048
54.12587417
54.13457862
54.23938333
54.24430654
54.28787735
54.29227283
54.40995461
54.58059494
54.60254128
54.68408686
54.89543304
55.38133188
55.49945536
55.53833755
55.65009926
55.93445282
55.94233829
55.94406435
56.02624350
56.20249959
56.22385990
56.27689489
56.47578285
56.57111831
56.67516962
56.68587411
56.72022422
56.79431545
56.98820549
56.99460522
57.04251113
57.05700430
57.22392504
57.26210776
57.30716213
57.33998843
57.34325342
57.46234470
57.71064715
57.77364328
57.78958987
57.79388501
57.81855257
57.93510514
58.00798687
58.04539800
58.08489730
58.13129610
58.14433922
58.20880702
58.24352849
58.39374267
58.41152303
58.43349007
58.46648295
58.80848172
58.94501903
59.02080897
59.06862241
59.19266516
59.24568733
59.39302401
59.40389325
59.44737796
59.44886166
59.45385090
59.47756665
59.48003929
59.55706821
59.65242670
59.66548916
59.70581360
59.71531699
59.72612991
59.85089532
59.88617328
59.90001389
59.93944178
60.24672418
60.46032480
60.48270643
60.48888280
60.52743886
60.56739426
60.75696913
60.78010266
60.84487859
60.95208103
61.00548203
61.12735773
61.24846102
61.39902716
61.45856717
61.47214675
61.49645686
61.62469203
61.63736862
61.73495744
61.78059088
61.88800302
61.90101446
61.94348340
124.00000000
