0.01831821
0.26603151
0.28823509
0.48495343
0.49955010
0.50384271
0.55916743
0.69435850
0.80179807
0.84366228
0.91976850
0.94488978
1.01419288
1.05470786
1.10084831
1.18279222
1.25922273
1.27804584
1.30169519
1.32478256
1.36722598
1.44554075
1.47879432
1.53624822
1.56876751
1.71558051
1.83135062
1.86047063
2.33048797
2.37827478
2.38200441
2.39254311
2.45720055
2.50488059
2.61033780
2.91284951
2.91834007
2.96135955
3.02339824
3.03605789
3.04137239
3.15931530
3.23046355
3.32156033
3.54819620
3.63537140
3.72380969
3.84788892
3.95792641
3.98109895
4.02583569
4.06063907
4.08552599
4.10586523
4.14722104
4.21518860
4.37941717
4.90260275
4.91947590
5.05994505
5.09899404
5.37855338
5.38970537
5.39881769
5.42270847
5.42304297
5.42697761
5.43389093
5.49653699
5.66732440
5.73225925
5.74190799
5.91669305
6.16371814
6.18436524
6.19929132
6.24079046
6.28686614
6.29030082
6.39502419
6.48034200
6.58909786
6.74518090
6.75079420
6.80446143
7.01735316
7.07977998
7.18542077
7.20473755
7.20477804
7.31568405
7.33068141
7.33499057
7.36030888
7.36633469
7.39111279
7.59477992
7.62452031
7.67802289
7.96594712
8.11854750
8.14069104
8.34217220
8.35373916
8.48366502
8.51721685
8.59235618
8.75163962
8.75929359
8.89109052
8.90045194
8.94319807
9.01160532
9.03540138
9.07261521
9.10191014
9.17484583
9.23085877
9.28249254
9.35172121
9.37204064
9.59813601
9.62220636
9.66314302
9.94732114
10.22962164
10.33856286
10.33964555
10.38723493
10.40074444
10.56404415
10.79702616
10.81085328
10.90681695
10.98938487
10.99900885
11.00242056
11.01550780
11.13937510
11.21544648
11.26892934
11.35823071
11.41380583
11.46319620
11.57566041
11.61556007
11.64856554
11.71963923
11.75356906
11.97049760
12.04915011
12.05359526
12.08950509
12.10624690
12.22884456
12.27597058
12.33929805
12.38846226
12.39244581
12.42169723
12.46697364
12.53349620
12.84240202
12.85363393
13.06243851
13.09532499
13.11071128
13.28412430
13.29856720
13.37068970
13.41457639
13.44125976
13.44762466
13.47186901
13.56176541
13.56677366
13.61524234
14.09434669
14.10922535
14.18765312
14.20379662
14.34203482
14.50650302
14.53280327
14.62286576
14.67439527
14.69309769
15.09071748
15.09630425
15.11517965
15.45109198
15.45706006
15.67907037
15.78837983
15.81443474
15.97294067
16.06720972
16.14515023
16.20371757
16.34338325
16.34605202
16.42906795
16.54599833
16.75953124
16.86991457
17.27046938
17.53643427
17.55329411
17.56806828
17.72500878
17.98779168
18.04715171
18.26251564
18.40649464
18.41328208
18.69492501
18.71308352
18.71468665
18.75523393
18.81334283
19.03155450
19.04300791
19.13001084
19.36304072
19.54414060
19.66271857
19.68016864
20.25260101
20.30102887
20.32889317
20.33308587
20.45842645
20.56540217
20.57232974
20.68367341
20.94559069
20.96008130
21.05675906
21.28375017
21.31270734
21.42368166
21.44320019
21.47862424
21.48934397
21.54746171
21.66703045
21.83269373
21.88252476
21.91968525
22.03469425
22.16799566
22.28465839
22.33758643
22.34184918
22.44818180
22.45905468
22.46910157
22.62535754
22.67752215
22.70290281
22.72283075
22.80054755
22.81752023
22.85963602
22.87843604
23.12055846
23.14344107
23.25272590
23.36403250
23.43730814
23.47341826
23.52143685
23.52709516
23.62504534
23.84809892
23.88851692
24.00915953
24.18720696
24.21092201
24.29974400
24.33646000
24.35457842
24.46779339
24.49239552
24.58693289
24.58701838
24.63033931
24.66372907
24.68118118
24.68155135
24.85865442
24.88881368
24.91352002
24.95260654
24.98154028
25.04828223
25.15489434
25.20778008
25.21108161
25.28231781
25.28277051
25.37358615
25.56822321
25.65563675
25.69977183
25.82169214
26.03353469
26.18649464
26.19398840
26.19512133
26.20321726
26.36621096
26.46270766
26.50328523
26.52588214
26.54756273
26.62024263
26.83715496
26.96412091
27.06080532
27.07737602
27.32349322
27.33256261
27.37111286
27.38112735
27.38360442
27.42401420
27.49039582
27.51953073
27.64953452
27.65672074
27.66506742
27.70181739
27.70886605
27.76259894
27.78329221
27.86659822
27.87553250
27.89680256
28.15940794
28.25415693
28.33312407
28.39673648
28.41786796
28.50842984
28.52010456
28.53842749
28.65015620
28.73109116
28.74856049
28.78572030
28.80408391
28.97819942
28.97890758
29.00442877
29.03782318
29.25355351
29.39476513
29.47602622
29.47769532
29.61095894
29.77589323
30.05428557
30.09391932
30.16119806
30.22629998
30.22664411
30.24286871
30.25095583
30.37209390
30.42805017
30.43786468
30.51640931
30.63604231
30.81916633
30.83802279
30.87570638
30.93359000
31.09395892
31.22280748
31.32999829
31.33592317
31.47522276
31.74561613
31.83037898
32.03264868
32.06139924
32.08006539
32.19271332
32.26919323
32.30496690
32.35283228
32.38298718
32.49427815
32.52081615
32.59962956
32.62984326
32.87566329
32.88613565
33.02535632
33.06940407
33.12687928
33.13777900
33.18238159
33.59147863
33.79607816
33.81722784
33.84057884
33.92933652
34.03289574
34.08643266
34.15248324
34.39607176
34.58822204
35.01517605
35.11662017
35.12572258
35.27701229
35.30277757
35.42403437
35.68001417
36.17936560
36.22088813
36.26600244
36.26894803
36.41024867
36.48374423
36.52103952
36.71224592
36.71804918
36.72230982
36.75625230
36.92381812
36.93432137
37.05621128
37.25161738
37.26670093
37.32551254
37.37011913
37.40191394
37.43670848
37.44762460
37.45055430
37.47262128
37.49776514
37.50800115
37.70243875
38.05883760
38.12720755
38.13420291
38.32246781
38.37968133
38.49496412
38.59880165
38.71522159
38.73509421
38.80217766
38.83358596
38.84809059
38.87833270
39.09498206
39.35438871
39.45201426
39.48755451
39.62111723
39.68122927
39.79929872
39.85345504
40.01191994
40.04562795
40.04803798
40.07932222
40.16248102
40.17589464
40.53123570
40.62139690
40.62599555
40.68400808
40.70282596
40.72738634
40.76058463
40.76458554
40.78213794
40.85770257
40.98914345
41.03775214
41.04598294
41.06889195
41.07820961
41.13094545
41.30180493
41.48795742
41.57446831
41.59067966
41.69274622
41.82755285
41.83800286
41.87893870
41.87901931
41.96587413
41.97727542
42.08511967
42.17286365
42.17989278
42.40506307
42.45465615
42.49492401
42.54111917
42.65605624
42.67443473
42.77120905
42.84964076
42.90668270
43.02564038
43.02983390
43.12369159
43.13612112
43.19398220
43.24477439
43.31645245
43.36677788
43.43234473
43.44920544
43.50417741
43.59753033
43.69848845
43.79051744
43.83233768
43.93037880
43.95323479
43.96438962
43.99569635
44.02334282
44.06355964
44.09899732
44.10273625
44.21296258
44.24135520
44.29675416
44.56209137
44.59084240
44.65353830
44.69431180
44.72045236
44.75313157
44.78587319
44.85654284
45.10045089
45.10261197
45.11648287
45.12079869
45.17072504
45.18307662
45.43476766
45.48268437
45.62949564
45.86575529
45.89942932
46.02754937
46.13062061
46.19640764
46.21323757
46.24103251
46.36127727
46.39704252
46.44004123
46.66982703
46.83128940
46.94611412
46.97309542
47.02590223
47.03689359
47.24664821
47.31810849
47.41973872
47.43288520
47.44007945
47.45260860
47.51231640
47.61640037
47.87361711
47.92302688
47.94816312
48.07754979
48.11056476
48.11163529
48.12035591
48.16551424
48.25634688
48.28462579
48.28824000
48.36234309
48.36509443
48.64395852
48.73124984
48.75401683
48.86668929
48.93663330
48.98186751
49.00143992
49.03205535
49.08101653
49.11544242
49.54560355
49.56192892
49.60653608
49.64374120
49.65454159
49.73832704
49.75730727
49.87177355
49.98660631
49.99813080
50.23895403
50.26832958
50.35915552
50.53331041
50.68112521
50.81489643
50.93626086
51.05975746
51.06865361
51.23406720
51.35645103
51.49822434
51.61785895
51.80280928
51.85485764
51.91434859
51.93558234
51.93671624
52.21966924
52.23662717
52.29783091
52.30581839
52.34132826
52.37254029
52.46492815
52.48592317
52.54250667
52.55187177
52.59384570
52.68738434
52.92555270
52.99820115
53.00476852
53.07399892
53.15363263
53.17918246
53.19528376
53.19830721
53.49178626
53.53425055
53.75533016
53.86178292
53.98440887
53.98619654
54.13730999
54.20176270
54.24231392
54.24878481
54.25692990
54.30844290
54.33522687
54.39253902
54.48219808
54.68793025
54.70064127
54.71099024
54.83138589
54.88448086
54.95214958
54.97797326
55.02133841
55.06773795
55.07679974
55.08055346
55.23799833
55.25360473
55.60647542
55.69156231
55.76168033
55.82591321
55.84438955
55.84650687
55.94944560
56.00818132
56.05438317
56.06690186
56.08243548
56.24321123
56.25173718
56.27675286
56.30857672
56.44237801
56.44576922
56.44692712
56.71902533
56.83319096
56.84789581
56.86192885
56.93084516
56.96699429
56.96711807
57.06949874
57.13117737
57.16036873
57.27547355
57.28299116
57.34763914
57.49979459
57.51397772
57.66662785
57.69052989
57.73042163
58.12548843
58.15229503
58.16953429
58.23642375
58.29596023
58.32582889
58.33466100
58.41414808
58.47284305
58.54917217
58.57182929
58.58626292
58.72128249
58.73700236
58.76332165
58.97524153
59.01889362
59.06519240
59.07520811
59.19266516
59.21087615
59.22344220
59.35034126
59.42131498
59.48206850
59.49443639
59.80956167
59.88521609
59.89587258
59.95153203
60.04296135
60.14461831
60.16229038
60.16692971
60.18123695
60.18806473
60.21401932
60.32498154
60.35684676
60.59380259
60.59600985
60.60822519
60.61450547
60.63683648
60.70525395
60.73323852
60.77151340
60.78469281
60.90697078
60.91496643
60.98236819
61.04702672
61.07109170
61.10455042
61.13600253
61.28890918
61.30054875
61.32366759
61.35751955
61.35883296
61.37392690
61.41397816
61.47647571
61.52794132
61.66816522
61.70460513
61.78180455
61.91964914
61.92914607
124.00000000
