0.02555771
0.03342556
0.08395196
0.30066393
0.32875022
0.43236875
0.48312025
0.59634725
0.61391518
0.84785894
0.85300281
0.87260367
0.91730651
1.06029212
1.08334744
1.08576476
1.13721674
1.17641714
1.26710327
1.28523224
1.37626530
1.52233399
1.67972120
1.70345596
1.78906983
1.79937398
1.96021721
1.97675034
2.15716947
2.26920452
2.34012588
2.39504118
2.41369956
2.46480968
2.62850695
2.65639136
2.67051644
2.70072357
2.84105979
2.86219690
2.93055268
2.95440703
2.95755435
3.04137239
3.13646200
3.22919856
3.38745733
3.51738463
3.57344686
3.75913569
3.80809077
3.90498281
4.03264794
4.09928852
4.23944416
4.26074508
4.28013375
4.32593357
4.42514744
4.44067845
4.44366756
4.53666363
4.61393979
4.79385776
4.86482559
4.98265414
5.04221834
5.10855224
5.13619801
5.13989189
5.16070592
5.29099577
5.58488062
5.65589822
5.76556040
5.78676874
5.84632757
6.07726920
6.10724814
6.17608062
6.19929132
6.37894913
6.50314106
6.63640470
6.90982310
6.95400762
6.97481730
6.98058344
7.05015562
7.06753347
7.25647109
7.33988268
7.36496658
7.42897215
7.43407622
7.50805856
7.59021576
7.59136269
7.62887277
7.63109793
7.65619150
7.72465622
7.83592141
7.86586245
8.12509323
8.13934124
8.26423291
8.26845559
8.49393843
8.62433950
8.63291484
8.82696081
8.82807892
8.84209350
8.92467115
8.94272739
9.07379857
9.07809233
9.10130066
9.14926375
9.21283089
9.21564720
9.26967090
9.38478348
9.46803519
9.47696666
9.54535490
9.55549729
9.57360350
9.66556314
9.67763576
9.76444805
9.79971504
9.80743813
9.89561663
9.96059303
9.97281877
10.03348602
10.11644651
10.16700939
10.17852325
10.24274141
10.29644981
10.29932458
10.34954356
10.37462352
10.50512322
10.53136183
10.64338601
10.69284811
10.73357492
10.90176015
11.01449159
11.14058508
11.14476445
11.20573105
11.21127880
11.22956168
11.24196089
11.27584075
11.29454958
11.39283348
11.43785450
11.44357849
11.57276848
11.66897952
11.82811713
11.83459525
12.04798114
12.06877008
12.17463870
12.23351264
12.27041555
12.27466728
12.42117123
12.53297552
12.63364316
12.66045362
12.90770323
12.92590601
12.98188773
13.06424199
13.16421943
13.27168386
13.44208097
13.50602484
13.71506296
13.93234177
13.94371384
14.01137307
14.03968064
14.15860494
14.16799995
14.17972146
14.24947746
14.29231886
14.34783018
14.40731840
14.53403894
14.54130081
14.64199711
14.66736482
14.76431976
14.76801628
14.81498408
14.96586457
15.00079875
15.07107255
15.19061976
15.25303757
15.31181855
15.32198154
15.70193552
15.90262934
15.93657013
15.99374449
16.09374138
16.22404508
16.23935049
16.29296902
16.31072707
16.52961006
16.56839549
16.65306894
16.68548404
16.76547858
16.77473034
16.82963151
16.85375850
16.87452411
16.98303145
17.02536688
17.03339332
17.24705957
17.26057540
17.28764180
17.46587164
17.46994855
17.51307692
17.60077607
17.62704104
17.72500878
17.80587668
17.89397017
17.90113376
17.99609111
18.04385949
18.15772122
18.15881853
18.21196038
18.43866249
18.53294278
18.56670463
18.57362971
18.60025016
18.63179150
18.70471546
18.75442148
18.79389182
18.91864102
18.97421958
19.02865420
19.05154988
19.07375052
19.18033864
19.18321307
19.26494176
19.26521184
19.28901469
19.31768749
19.42008682
19.43350596
19.51086537
19.59659912
19.60894909
19.66931674
19.69700674
19.72766778
19.75090422
19.76445584
19.92582847
20.06684830
20.15396306
20.19584166
20.23095781
20.24958395
20.39408163
20.41504880
20.53631347
20.56203689
20.64183241
20.68533834
20.69440141
20.82623579
20.84680907
20.93229382
21.00056497
21.01217175
21.04693695
21.09292583
21.11160458
21.12095616
21.20090733
21.24406658
21.47404531
21.69389518
21.72630992
21.74510116
21.77374043
21.92980420
21.97496275
22.00499578
22.00629590
22.06818854
22.09256794
22.22665787
22.23947794
22.33758643
22.37977298
22.44711955
22.44873930
22.52220742
22.64739227
22.73036166
22.76663200
22.77676506
22.85507659
23.00096783
23.07235357
23.18117269
23.18260902
23.19081649
23.22521811
23.31834989
23.36993396
23.37898600
23.38907653
23.42309725
23.68661361
23.71986716
23.73183793
23.74826363
23.82451218
23.90797878
24.11898922
24.20820228
24.25795914
24.32544279
24.33646000
24.44598122
24.45672656
24.74651382
24.76572862
24.77111217
24.78410066
24.82076932
25.05830490
25.07325266
25.22183680
25.26097968
25.28047065
25.33965042
25.39068542
25.39755398
25.40119814
25.45111192
25.45434359
25.60156492
25.65563675
25.65814019
25.71209616
25.76256784
26.01799577
26.01859544
26.02737564
26.33439278
26.35238560
26.55130947
26.56163947
26.65461436
27.04737934
27.16369204
27.16508458
27.40022141
27.43370359
27.44599103
27.62533985
27.65798530
27.68695958
27.69942237
27.88465898
27.93243147
28.00644187
28.02515087
28.04588355
28.07375301
28.08154481
28.18131079
28.28177098
28.38298187
28.40421807
28.49656693
28.59111539
28.84939580
29.10348554
29.14870716
29.20352491
29.23354942
29.28941539
29.31648833
29.36009872
29.40145231
29.46327738
29.50183235
29.56122998
29.65176623
29.76673146
29.96427757
30.00367883
30.10586796
30.12016038
30.29942524
30.32037793
30.37863871
30.40136955
30.42205498
30.43962863
30.44406052
30.48379536
30.49336324
30.52161090
30.66836734
30.68588707
30.70216640
30.77378956
30.81514244
30.87620745
30.93949315
31.12553837
31.19081305
31.38060969
31.41887898
31.43539037
31.51021273
31.54267969
31.68457315
31.69531619
31.74067270
31.77518329
31.78648898
31.81547597
31.83689942
31.84179065
31.95926619
32.03486745
32.07164947
32.07722918
32.22389867
32.26337443
32.26852760
32.30561854
32.38559371
32.52081615
32.55209064
32.59731431
32.59882496
32.66313867
32.71512011
32.87386822
32.95180530
32.98882665
33.00134779
33.03831340
33.08644271
33.10558815
33.14678548
33.17283099
33.33513092
33.38574130
33.61315340
33.62533791
34.00905117
34.01402509
34.12888571
34.17831132
34.24093214
34.27038714
34.43400752
34.65814829
34.74989235
34.75338801
34.76361456
34.76857629
34.83268590
34.85211082
34.85226438
35.04767020
35.05042472
35.07761272
35.40076962
35.53652980
35.62825596
35.73473553
35.80474955
35.80851581
35.84785910
35.85142362
35.92035117
35.93470227
35.95750953
36.11766026
36.20587257
36.26021956
36.28598654
36.35360687
36.49741375
36.65642830
36.72261648
36.78548283
36.83868958
36.89358418
36.90075282
36.92381812
36.95219932
36.95640519
37.08883299
37.15381558
37.18560729
37.23555927
37.25257981
37.25825365
37.30143977
37.66856537
37.67916464
37.88463755
37.95839230
37.98830752
38.03018777
38.13946508
38.20101173
38.21487359
38.34353441
38.59969599
38.64483367
38.79844549
38.90622549
38.93941430
39.02205298
39.33949539
39.41089225
39.41282690
39.45769913
39.46327285
39.48001557
39.51044079
39.59202542
39.65141778
39.65170081
39.65849516
39.80565470
39.82157835
39.91670897
39.98354490
40.05870611
40.19099294
40.41325126
40.51682020
40.52800501
40.56854177
40.60645221
40.62599555
40.66613431
40.73051924
40.78353763
40.83416078
40.86316799
40.87103305
40.94175798
41.03302928
41.06281580
41.24566529
41.34308363
41.58421461
41.77749436
41.81522346
41.84338194
41.90661460
41.91456717
41.94030797
41.94226696
42.14163706
42.24672725
42.38705631
42.61854790
42.69068514
42.91778121
42.92701941
42.92821300
42.96085156
43.11633547
43.15206636
43.21827812
43.33639059
43.34654728
43.49701942
43.56315793
43.56645130
43.65157860
43.77664981
43.78590949
44.15291766
44.15405527
44.32426964
44.48813250
44.74493874
44.95821296
44.97927442
45.03721838
45.34197432
45.43688703
45.44758691
45.58604062
45.71602582
45.89672145
45.92833966
45.95331284
45.96698450
46.25560689
46.31368150
46.38404880
46.42062950
46.42631798
46.45833407
46.49833983
46.52128435
46.62511574
46.66942034
46.69071577
46.79540291
46.82742618
46.95037287
47.02975532
47.15910523
47.21513901
47.44287739
47.48426277
47.50454822
47.55076322
47.55862194
47.68675880
47.68764975
47.69406751
47.81743056
47.82835000
47.88376369
47.97293126
48.01178462
48.09883070
48.10164491
48.10453319
48.21898682
48.29582327
48.29741897
48.33565995
48.34277559
48.64303211
48.78451074
48.84925172
48.86514226
48.88622054
48.91690793
48.91969107
49.14994480
49.15567326
49.16710805
49.22702312
49.23238815
49.24971308
49.29509356
49.43130267
49.68060558
49.72031654
49.72076367
49.88667704
49.95690210
50.23519292
50.28510201
50.32164316
50.40322226
50.59024129
50.63769654
50.65646032
50.79889541
50.83322965
50.92673816
50.99234609
51.06038456
51.09211341
51.13072267
51.15012280
51.16433229
51.17275774
51.25720174
51.46942384
51.49316402
51.49464669
51.50547163
51.53372885
51.55423835
51.68867172
51.73734916
51.74906679
51.81164055
51.98794306
52.03295100
52.06247030
52.09092097
52.29595508
52.33898347
52.40541790
52.44410822
52.49330227
52.60041479
52.63057940
52.68071553
52.68500551
52.69943022
52.71072889
52.77742477
53.04179984
53.18930709
53.24132454
53.43579923
53.46040464
53.59956437
53.65242061
53.90348371
53.92837092
53.95477230
54.22082905
54.26992307
54.50854510
54.53850294
54.57809958
54.62328598
54.64884206
54.80017141
54.99297073
55.05405086
55.14147581
55.40837113
55.59732089
55.72747567
55.73186625
55.95522516
56.16491039
56.22620750
56.28455344
56.44206363
56.54368405
56.67569991
56.69180250
56.69674068
56.70065704
56.83394531
56.85342483
56.85910722
56.92700561
56.93153729
56.95500949
56.97849337
56.99060707
57.02040865
57.21832528
57.24184438
57.36078480
57.40840495
57.52498616
57.52504067
57.56687115
57.71799394
57.94671344
58.02324522
58.03186223
58.24963282
58.24999181
58.33581744
58.34184519
58.42246868
58.46833630
58.62339405
58.73393439
58.74728879
58.79100525
58.80887768
58.83863792
58.85444961
59.01947472
59.02904363
59.10578460
59.12280457
59.29226352
59.37486764
59.37791991
59.49478608
59.60880936
59.76435777
59.79871354
59.89587258
59.92058201
59.93195481
60.21401932
60.26382167
60.31249487
60.36796917
60.39947554
60.44297971
60.54044630
60.56518932
60.65750725
60.79264172
60.85941230
60.92107249
60.96423638
61.02642442
61.02872103
61.05080496
61.05431379
61.06527378
61.31114413
61.38774163
61.48495645
61.48842154
61.54411720
61.60658450
61.77754226
61.79896504
61.80028529
61.85025665
62.01220310
62.09366371
62.16223366
62.24106137
124.00000000
