0.01611824
0.04020356
0.04520159
0.05656858
0.08138576
0.24456684
0.55957535
0.56714728
0.58935706
0.66588109
0.68956659
0.69075402
0.71350847
0.72636152
0.74654472
0.74887633
0.75101432
0.78103365
0.81884475
1.01830566
1.11276959
1.12612699
1.17828932
1.19792524
1.50744617
1.56464441
1.67979752
1.80424256
1.84813982
1.88865367
1.97540960
1.98399253
1.99779432
2.03224752
2.09581890
2.11537063
2.29716483
2.37079739
2.47911526
2.50823262
2.68636896
2.73711805
2.94405484
2.95909658
3.00776736
3.04593596
3.36757271
3.39529685
3.40791754
3.42418642
3.54754786
3.85970232
3.90257565
3.93599893
4.02320760
4.08315792
4.09928852
4.40834739
4.53123820
4.55347836
4.75690680
4.88434070
4.96238862
5.01333370
5.04420012
5.18342833
5.45395847
5.49998112
5.52025276
5.59297234
5.66708320
5.78288468
5.80762569
5.86527344
6.17856502
6.25872102
6.29494448
6.38469394
6.38759403
6.55745582
6.55870391
6.58254548
6.66212128
6.67105760
6.86853409
6.98807130
7.00230802
7.18348793
7.32992707
7.61258858
7.73341609
7.73510886
7.87379423
7.88098691
7.89146571
7.96211443
8.01002157
8.02940222
8.14069104
8.17825360
8.19685414
8.25429456
8.38766452
8.53242588
8.58891777
8.79247153
8.79722218
8.92505150
9.00970833
9.01960300
9.02363651
9.06694097
9.07736879
9.18049966
9.27726182
9.34737509
9.37204064
9.57532432
9.63556830
9.67653061
9.69817294
9.78034248
9.80163667
10.02937020
10.10164812
10.28661005
10.29052522
10.33989596
10.44293693
10.49967998
10.54938930
10.61089192
10.63633970
10.66224984
10.71452060
10.71479705
10.72063660
10.76036644
11.03744010
11.05406231
11.15860912
11.18546626
11.33485556
11.67582783
11.85280936
11.98147978
12.08668611
12.11406252
12.34017525
12.36994075
12.50153233
12.50654274
12.55018232
12.63080668
12.86497318
12.89562377
13.11212834
13.22356326
13.28896459
13.31170334
13.37068970
13.40471869
13.45366194
13.50202000
13.51372073
13.62250770
13.67776272
13.76701670
14.03497468
14.04107928
14.07869372
14.18439871
14.34203482
14.39291010
14.39792764
14.41204997
14.56887618
14.60051402
14.60232585
14.67212950
14.80933006
14.93155644
14.96572013
15.09773501
15.11588922
15.21336655
15.27427128
15.29642502
15.47689254
15.53032733
15.57726045
15.62037161
15.66881251
15.73266775
15.78748256
15.85686641
15.88498369
15.88818897
16.05463832
16.22500692
16.23877408
16.34394211
16.37556295
16.47417520
16.48513816
16.62535303
16.66914089
16.69131909
16.75933620
16.77818073
16.89245874
16.91920279
16.96765525
17.00367334
17.21044003
17.38155693
17.55416894
17.67033435
17.68127987
17.68619025
17.68713504
17.77237812
17.83698851
17.87328098
17.89745653
18.08751310
18.17646177
18.21899584
18.24991838
18.26191877
18.36443845
18.50896164
18.55764014
18.68244738
18.83365257
19.04503551
19.07326300
19.10535413
19.12687836
19.16292961
19.31086727
19.36863563
19.44897952
19.46016908
19.58508027
19.73806836
19.85021564
19.88735355
19.96595280
20.01157347
20.02860483
20.03524372
20.04544432
20.09002129
20.22829574
20.32604358
20.41732097
20.45413926
20.47579592
20.47876307
20.48905424
20.53359737
20.54695409
20.64646552
20.85016486
20.96023802
21.01874939
21.24579582
21.25200013
21.44119727
21.44784424
21.56473663
21.59000901
21.60294132
21.60398399
21.67159059
21.71471055
21.73428656
21.77340046
21.78488723
21.88501836
21.93734812
22.01560894
22.16898261
22.39703206
22.43737608
22.59381884
22.59398000
22.72324330
22.72569035
22.74195394
22.75038316
22.77137161
23.15413743
23.15737362
23.23639507
23.24260194
23.31929150
23.44459349
23.55615130
23.62829369
23.65497825
23.80826376
23.86012754
24.01558814
24.08967564
24.17654695
24.27886160
24.28060249
24.35265906
24.56667480
24.58979906
24.59507101
24.60097660
24.67257044
24.73470703
24.76046625
24.83126476
24.88783982
24.89346229
24.93330602
25.00977660
25.06615952
25.08922288
25.10015533
25.10924320
25.22962322
25.25254139
25.27539138
25.33656968
25.44950735
25.57138471
25.59244912
25.77308070
25.79402730
25.86907940
25.97214685
25.99236421
26.02737564
26.14869216
26.19762718
26.24832178
26.34457215
26.55361451
26.57435816
26.68315928
26.73657216
26.76956345
26.97358118
27.22735334
27.26446755
27.34493549
27.36830801
27.39054511
27.41516604
27.41534820
27.41675459
27.47011860
27.51869466
27.69207073
27.70766576
27.71782046
27.72038129
27.74080544
27.78104703
27.83147621
28.04388793
28.29359270
28.30590168
28.38298187
28.42741842
28.55295600
28.60792183
28.63354859
28.67204907
28.96330400
29.04737919
29.11762295
29.17362665
29.18858210
29.26789656
29.40003800
29.71655549
29.80080244
30.09604456
30.37599173
30.48812321
30.59737491
30.60918749
30.78967446
31.14330871
31.18087676
31.26325143
31.39691414
31.46688476
31.49279835
31.55464164
31.64060297
31.69129783
31.85663852
31.95723201
31.98239500
32.11242347
32.16900527
32.20598918
32.27545106
32.35578302
32.35877103
32.82535575
32.85498126
32.85967011
32.86444324
32.97821933
33.02421509
33.17283099
33.47878441
33.55621945
33.64086118
33.70631629
33.86351584
33.91480850
34.09270455
34.12061803
34.13112892
34.18446628
34.24588449
34.41511920
34.44925072
34.52594892
34.59199560
34.67851640
34.74618337
34.80606256
34.82333328
34.83339525
34.84572466
34.86171058
34.86914523
35.02726405
35.04464706
35.10513332
35.18192591
35.29245378
35.37087418
35.51618208
35.63200480
35.65385600
35.66846564
35.72020831
35.94903318
36.37329821
36.39804756
36.46597127
36.47445688
36.47636743
36.58204936
36.65401945
37.15660146
37.24810910
37.25879129
37.49796714
37.69672250
37.81759945
37.86642704
37.89214096
38.11500265
38.13237908
38.53874284
38.63942830
38.68508190
38.82283614
38.90062090
38.90282672
38.96481949
38.96823140
39.11923832
39.19384639
39.20048302
39.21239984
39.25401745
39.33155502
39.37789481
39.48674212
39.51350883
39.52910010
39.57565921
39.62111723
39.71130701
39.86102081
39.88893665
39.97599754
40.02011247
40.03093589
40.07681966
40.15012185
40.17710544
40.21728717
40.30122659
40.31376240
40.33826730
40.52217227
40.60956258
40.87370106
40.89598530
41.03212916
41.04042670
41.06946391
41.09084815
41.09111322
41.10481597
41.13454326
41.21613621
41.27076785
41.30199633
41.36721923
41.55338561
41.72140892
41.78513528
41.79245729
41.96587413
42.14083747
42.19464339
42.26284569
42.35245474
42.41187548
42.41239584
42.48400181
42.48804956
42.58764724
42.60885978
42.61611741
42.71434551
42.86213494
42.87187786
42.88707133
42.90306608
42.91373004
43.00269906
43.06528725
43.09369403
43.10490369
43.18969790
43.22417746
43.31857673
43.38131980
43.41210648
43.42030181
43.50417741
43.51418298
43.58193189
43.67716405
43.79152346
43.82695340
43.84181273
43.87992905
43.90841550
44.07760447
44.10336237
44.23860913
44.33677117
44.41764032
44.56549872
44.65441541
44.78140174
44.87827189
44.88066542
44.97603148
44.99918856
45.05541023
45.13693421
45.15132758
45.20342793
45.20628086
45.47735139
45.57721483
45.60744645
45.79015665
45.80263595
45.85904347
45.94824753
45.98294667
46.12023579
46.25699984
46.29452349
46.34171032
46.38093304
46.44094415
46.46857850
46.63766215
46.79616911
46.96335044
46.97962121
47.06265942
47.18292747
47.18665839
47.20334938
47.30655596
47.45251314
47.64875428
47.68170185
47.71669943
47.77983123
47.78319211
47.78529287
48.09497366
48.14727591
48.20616182
48.26594774
48.29461813
48.45704430
48.56826784
48.75468958
48.77303631
49.07065717
49.11683291
49.12075159
49.18231432
49.34427518
49.39212215
49.43476742
49.65359561
49.92791620
49.95157107
50.15054199
50.15360272
50.18517431
50.29764225
50.37437878
50.44963000
50.66057765
50.67505384
50.70971046
50.78905742
50.85848695
50.86250346
51.08499479
51.13455633
51.23242826
51.24127070
51.29976625
51.30330686
51.46280445
51.52993679
51.54356993
51.57504078
51.72297332
51.74700900
51.74890281
51.90642844
52.03524655
52.04140082
52.07934293
52.22908768
52.30581839
52.36541694
52.44458761
52.52841887
52.76590640
52.96883389
53.21662607
53.28273732
53.40826152
53.46040464
53.53425055
53.54097912
53.55700332
53.60949998
53.86164654
53.97999985
53.98898870
54.15296547
54.19463976
54.27773467
54.32657695
54.41785284
54.47270328
54.52540436
54.61547705
54.68611424
54.69093365
54.94701399
55.01462052
55.04971015
55.14819747
55.19637085
55.30490601
55.32575962
55.55153453
55.75391360
55.78733207
55.79576771
55.88209169
55.93806978
56.06802294
56.08543413
56.23276351
56.38277727
56.44654709
56.45821490
56.52866541
56.53995553
56.65350634
56.76169160
56.83981850
56.85714154
56.88283959
56.92366237
57.13673172
57.34549113
57.35765835
57.46218666
57.46914341
57.49718003
58.11675320
58.14947451
58.15018469
58.18677287
58.26993902
58.31356800
58.44229847
58.70591343
58.76630700
58.89961141
58.92592317
58.99113045
59.09492067
59.12820301
59.14620755
59.17751926
59.37884129
59.57840616
59.59617264
59.70424085
59.76802176
59.91195637
59.93754878
59.94853908
59.98584576
60.00395734
60.08934696
60.09513688
60.18514586
60.18619153
60.28312651
60.46048727
60.46822242
61.08415496
61.16380437
61.21916547
61.41055103
61.44558826
61.57876428
61.68999233
61.73989319
61.78281041
61.81849707
61.82398509
61.83342331
61.92152971
62.29508886
124.00000000
