0.05033322
0.15794594
0.18817369
0.28847779
0.36274218
0.44246453
0.46897563
0.63528523
0.69530645
0.82135885
0.87845758
0.88197531
0.94107914
1.01260825
1.04725083
1.10592126
1.19557396
1.25025968
1.44239933
1.47689311
1.51303450
1.52233399
1.59134283
1.63915831
1.88033693
1.88784567
1.90083941
1.90109288
1.91215220
2.11342813
2.11352511
2.30322575
2.40809352
2.52615486
2.57653391
2.58669134
2.61388569
2.83406396
2.84504442
2.93226238
3.11095912
3.23046355
3.31397181
3.33150356
3.37140348
3.37240990
3.38903042
3.43413556
3.49034384
3.54573838
3.62473493
3.64572022
3.70727265
3.78995018
3.91589505
3.93543416
4.04653488
4.04731744
4.13376308
4.15307524
4.19963005
4.23025648
4.40943610
4.57073768
4.61551542
4.62026661
4.89795515
5.18051124
5.41221848
5.48874202
5.57236383
5.65191600
5.79340289
5.82085609
6.42163440
6.54329479
6.55420819
6.63084357
6.65007712
6.69675351
6.75832468
6.76077122
7.09683524
7.24277898
7.26163268
7.36782430
7.55771967
7.58773823
7.60829792
7.66013931
7.76346253
7.80218120
7.83677057
8.02480507
8.02919772
8.07687583
8.09714518
8.11551373
8.23482091
8.28476966
8.44578891
8.52214354
8.53972359
8.76916552
8.88198389
9.08277599
9.09656540
9.11572552
9.12902771
9.33114375
9.34512462
9.52333910
9.61703377
9.64681059
10.00639255
10.28144688
10.30801377
10.34819728
10.37462352
10.47257711
10.61089192
10.71915589
10.76576699
10.88282144
11.05931599
11.22664488
11.28173989
11.32829408
11.34683493
11.54046150
11.55779966
11.59606694
11.61786324
11.66200256
11.66889924
11.67236663
11.83109797
12.02674404
12.02919660
12.03606687
12.10399899
12.13729430
12.31637669
12.38619348
12.45134340
12.48217788
12.50966335
12.62421152
12.63364316
12.64475343
12.70376672
12.74619390
12.79158301
12.86497318
12.88165270
12.91052166
12.92490278
13.09466121
13.10041099
13.17796293
13.19720998
13.27308212
13.33551645
13.40734934
13.48559390
13.55810924
13.69298455
13.71537705
13.89115132
13.90616483
13.99658616
14.01885309
14.05144616
14.19857443
14.19893021
14.20263581
14.25806629
14.31896922
14.42770261
14.44449690
14.71272968
15.04413566
15.04705590
15.13778390
15.14126306
15.14458675
15.20066333
15.28822565
15.33524434
15.46991064
15.47317563
15.57453951
15.60866177
15.83393504
15.84979249
15.88495360
15.98738487
15.99806097
16.09094498
16.09859730
16.17280066
16.21250311
16.23877408
16.33138102
16.34176845
16.34917470
16.34947085
16.46161850
16.54638117
16.70947258
16.74703392
16.88831640
16.89098964
16.91744611
17.17070010
17.22665927
17.24929667
17.33708565
17.71438057
17.72209151
17.77910620
17.84485246
17.99783361
17.99993676
18.01421948
18.20990974
18.34130943
18.35480523
18.75718406
18.87643961
19.05438734
19.06100290
19.26281443
19.34037436
19.36728728
19.37060385
19.37905092
19.39517163
19.43312487
19.71780360
19.77767111
19.82544578
20.01617627
20.05766067
20.34723081
20.44103375
20.52648935
20.65024121
20.80661847
20.84572718
20.88240460
21.12870172
21.48437093
21.55912551
21.63280026
21.69997803
21.70348578
21.70664837
21.81235421
21.86694801
22.01049608
22.04542108
22.12172089
22.23141660
22.41244739
22.74245207
22.74467382
22.83352353
22.88948170
22.93514520
23.19460496
23.28011511
23.32872114
23.34485606
23.37621938
23.70940475
23.71452796
23.85452794
23.90379416
24.13049748
24.22609706
24.48146632
24.58623972
24.62987398
24.63540381
24.69889040
24.89437931
25.02983478
25.03004361
25.16748207
25.34070590
25.51445522
25.60311990
25.75329519
25.78335627
25.89579525
26.02574386
26.07299618
26.09101039
26.15741842
26.17110441
26.19082154
26.22163360
26.31516442
26.41348983
26.41908762
26.46489809
26.47597475
26.56279006
26.63046785
26.79225198
26.98603849
26.99025185
27.11798971
27.13017293
27.15541205
27.22948923
27.46254805
27.52578279
27.53822144
27.74355758
27.77679276
27.98732851
28.06594114
28.22183516
28.25521951
28.42553279
28.44477664
28.66677793
28.71499650
28.93477415
28.96718550
29.11098331
29.26655724
29.36980639
29.40001937
29.52518848
29.60757202
29.71791596
29.77254447
29.88716473
29.89542591
30.06051691
30.11455744
30.17254514
30.26104394
30.39211978
30.52266019
30.59898975
30.64974108
30.75361445
30.83915856
30.86504539
30.94638310
31.47749144
31.61326546
31.69129783
31.88725725
32.04206655
32.09428819
32.25834669
32.31229688
32.59401939
32.78200257
32.82109503
32.82250571
32.85598646
32.92943664
32.93834171
32.96405223
32.96767750
32.99376927
33.17785614
33.22444854
33.34058185
33.41453412
33.49401935
33.52465412
33.62372346
33.66661932
33.88753026
34.06707046
34.14757610
34.25142366
34.37125583
34.39392475
34.39642001
34.73574350
34.79403207
34.89147111
34.98245889
34.99344155
35.04887178
35.08180171
35.22368813
35.33091123
35.35924925
35.36156086
35.55747467
35.58926461
35.70234236
35.72471219
35.88113914
35.94539898
35.98693763
35.98911636
36.05312139
36.30949573
36.31009312
36.36119829
36.38645176
36.41057486
36.60789013
36.69724845
36.96553489
37.00064417
37.06953278
37.07576596
37.42088653
37.48109523
37.64348533
37.66054623
37.74953355
37.78849939
37.85456020
37.85582686
37.85758672
37.96464799
38.09628165
38.31057488
38.36724439
38.36812623
38.37011239
38.51529757
38.68152527
38.73629620
38.73701384
38.80027105
38.85460535
38.89647910
38.90137449
39.33200477
39.39379658
39.41089225
39.44782992
39.48089712
39.54126679
39.56987087
39.60504254
39.68033492
39.79559322
39.82157835
40.01261439
40.21123604
40.47688429
40.52815558
40.56564657
40.57596125
40.58979770
40.65570017
40.76236119
40.91385256
40.91619405
40.96173625
40.96489979
41.03175830
41.12413478
41.16881933
41.35192996
41.50232949
41.50852102
41.54395359
41.57446831
41.67131153
41.91296211
41.93449046
41.97317118
42.03328470
42.12926313
42.24738513
42.44404017
42.53899057
42.56314476
42.65216598
42.68313297
42.77700803
42.99281306
43.15018654
43.25266453
43.25647321
43.26613471
43.36313003
43.38816284
43.51418298
43.52834301
43.67792952
43.68895651
43.70782796
43.82870089
43.95237913
43.95772119
44.02986988
44.07177972
44.19742506
44.20084759
44.32410407
44.36408684
44.40498030
44.46990460
44.57992362
44.59855999
44.62985863
44.86057224
45.02187334
45.13561030
45.16452797
45.92534906
46.16480717
46.33632061
46.41445260
46.48780542
46.50423465
46.63766215
46.66983975
46.82861603
46.99733102
47.01235847
47.07383954
47.12670579
47.16295434
47.19675432
47.37085694
47.47404336
47.53300025
47.54569590
47.56796521
47.59646423
47.63167833
47.65765222
47.77971354
47.78321083
47.78408635
48.09905521
48.15040643
48.16040693
48.18598928
48.43039352
48.54508937
48.57520950
48.73124984
48.83217985
49.00660017
49.02894280
49.21707478
49.32345302
49.76246590
49.76485398
49.91524715
50.06035458
50.99586002
51.03597935
51.03981836
51.04539238
51.06865361
51.14777011
51.43588748
51.46771165
51.51259560
51.56877290
51.59943220
51.68807564
51.73497461
51.75625666
51.76371399
51.86039218
52.05719010
52.07387809
52.15027144
52.19138312
52.34370189
52.35819938
52.53492983
52.53676594
52.66004467
52.78685717
52.85193312
53.02641724
53.05886890
53.23132899
53.31120779
53.48012399
53.59304496
53.60948697
53.61024914
53.91162041
53.92648287
53.97339707
53.99146014
54.11372929
54.16972509
54.18237350
54.21678153
54.23288607
54.25194955
54.28894369
54.34949516
54.37980735
54.49503079
54.56570191
54.73760205
54.76983024
54.85172925
55.03518586
55.10146152
55.11058355
55.22474527
55.28492537
55.48902110
55.49504114
55.62445085
55.67163079
55.70801079
55.73326193
55.76092923
55.77136159
55.87976473
55.89861365
56.00818132
56.06370652
56.06497200
56.11596899
56.17487648
56.20380982
56.25670741
56.28706541
56.34922621
56.44262264
56.47337616
56.55675280
56.66771342
56.67063338
56.93739433
56.94702247
57.12157350
57.37859371
57.49039477
57.53915434
57.61098399
57.67463910
57.68607963
57.72398717
57.93004231
58.05806379
58.15728247
58.16858672
58.17739819
58.19383654
58.22189479
58.40939897
58.52499891
58.64564942
58.65622576
58.76285584
59.10097189
59.12482614
59.25663685
59.42823477
59.50519829
59.51415644
59.64591880
59.66915692
59.92895163
60.15632158
60.21028295
60.21455849
60.29104951
60.45237619
60.63794104
60.91401292
61.02872103
61.10488834
61.37421415
61.50118070
61.57634595
61.58677005
61.59054416
61.60481525
61.63852701
61.70144313
61.70761540
61.71076307
61.95755973
62.16097120
124.00000000
