0.05590541
0.11276889
0.39154365
0.51014301
0.64473911
0.81932204
1.00611604
1.14580827
1.14614183
1.14639300
1.21337747
1.28991047
1.29133106
1.43547996
1.51348762
1.55999561
1.57886148
1.69527736
1.76252437
1.90047133
2.04136041
2.05644418
2.07339589
2.11644419
2.13115852
2.16779279
2.47002419
2.55513961
2.68636896
2.76738769
2.77539949
2.80199859
2.98269216
3.14662327
3.31064516
3.32156033
3.38883472
3.53893556
3.71418380
3.79897149
4.03961199
4.12459013
4.14799846
4.16525973
4.29901129
4.37040765
4.50476328
4.54894661
4.75187642
4.87519569
4.94710240
4.95430266
5.09104897
5.16030334
5.20991219
5.23381711
5.26207299
5.29327600
5.47935814
5.56590145
5.80762569
5.90584372
6.00124175
6.36536765
6.47183517
7.18035872
7.27563548
7.28083263
7.31800283
7.32317277
7.49376065
7.50122661
7.54469627
7.60829792
7.61022364
7.64070327
7.68973830
7.73571776
7.84528044
7.87259713
8.04747514
8.05004413
8.15698042
8.19356552
8.35933058
8.50643294
8.59255118
8.62450344
8.67835577
8.70615864
8.82696081
8.89687228
9.09111087
9.12391065
9.29685739
9.51651516
9.53070283
9.56519345
9.76903810
9.80091931
9.84671841
10.05030226
10.14491040
10.22726234
10.28961570
10.53348836
10.76068227
10.78091993
10.82243107
10.88966883
10.93584197
11.04700391
11.06656602
11.18413978
11.23122258
11.24974298
11.26803964
11.33973169
11.35009189
11.63049967
11.63139941
11.65693174
11.76954631
11.83459525
11.84421460
12.06993145
12.15750821
12.21095505
12.40386941
12.61443705
12.65892387
12.81642825
12.98866261
13.12028700
13.17078631
13.21486016
13.25963655
13.40471869
13.49036414
13.75653848
14.01019810
14.09903818
14.19085392
14.22794685
14.40944108
14.41617952
14.43187367
14.54617254
14.55535258
14.63174026
14.91983602
15.21701956
15.22503130
15.22583697
15.25130945
15.29615228
15.39168929
15.45151778
15.52289034
15.69220418
15.80118527
15.86181562
15.86679089
15.87083645
16.02645310
16.32112365
16.45645859
16.64401137
16.73455554
16.75899595
16.86155984
16.86313441
16.86522685
16.97670053
17.06089013
17.12449576
17.20624754
17.27639407
17.28740306
17.28994174
17.33227929
17.52813627
17.53742846
17.84966710
17.97991093
18.06556534
18.22119752
18.47771820
18.47832278
18.48007745
18.52769147
18.57306097
18.62499403
18.90650090
19.01183650
19.16228297
19.36812822
19.47686813
19.51041462
19.79789159
19.83789606
20.08124252
20.10364929
20.11250170
20.11654806
20.12888116
20.22620120
20.25043287
20.25222042
20.36408129
20.41019030
20.45088971
20.48157626
20.48650073
20.57890082
20.67151124
20.83267670
20.94887793
21.14784764
21.17895222
21.19147992
21.34694919
21.50077358
21.63746580
21.69847572
21.85621176
22.00861273
22.39388112
22.45827731
22.48698356
22.84831024
22.86212327
22.87299684
22.88112980
22.95152209
22.97639225
23.04793131
23.07705637
23.09428881
23.12612556
23.29905217
23.36549103
23.56203355
23.78135514
23.83939245
23.92963906
24.04956970
24.08048133
24.15946167
24.16241319
24.16646372
24.17810734
24.18803350
24.22078382
24.30516288
24.40165264
24.40916703
24.43923682
24.44650650
24.46223860
24.58014321
24.64430695
24.65509232
24.72004892
24.82465822
24.93980805
24.95851119
24.95955690
25.10826779
25.19485820
25.19643303
25.30110153
25.34784179
25.37253857
25.39579467
25.59733311
25.64272372
25.70360829
25.77270749
25.78435452
25.81650352
25.81901288
26.08901036
26.09398304
26.09620522
26.21312987
26.22718640
26.37457117
26.45459937
26.45827163
26.46376603
26.51218721
26.73008246
26.76652904
26.98721658
27.00503368
27.10098854
27.19647337
27.40215753
27.42249432
27.43870633
27.62314797
27.88465898
27.92453191
28.11074325
28.11657142
28.14528715
28.16177621
28.21154852
28.27570874
28.28992914
28.52715419
28.57223023
28.66677793
28.69637417
28.71630828
28.71736172
28.84629862
28.89269736
28.90511203
28.90823855
28.96701619
28.97983193
28.99825987
29.01591042
29.15519971
29.16228768
29.19743792
29.21879261
29.29813766
29.40454169
29.45452103
29.45709545
29.49366405
29.63890532
29.81198953
29.87550387
29.92147981
30.01687926
30.05586334
30.10586796
30.13508875
30.18219453
30.20643974
30.23574999
30.44685081
30.69177618
30.80373324
30.81319563
30.81916633
30.82486747
30.82925106
30.88462476
30.93194308
30.96887137
31.22280748
31.28525210
31.42471266
31.48143309
31.51311749
31.60247011
31.66680251
31.70825562
31.90687808
32.05469313
32.18155225
32.19374312
32.32811482
32.44054143
32.45600509
32.49302046
32.54379712
32.61775845
32.71046071
32.90357922
32.96767750
32.96998106
32.98409625
33.07460020
33.10758325
33.14087828
33.19688162
33.20004427
33.20227418
33.43639286
33.48318067
33.52490166
33.53438733
33.56874393
33.63751321
33.64704537
33.65157059
33.81825113
34.03694234
34.09809321
34.31064962
34.31917861
34.32776836
34.44018141
34.45393056
34.60696181
34.84597161
34.87343618
34.88828468
34.92424324
34.95052204
34.98075276
35.05374792
35.17458790
35.18009674
35.37989167
35.40667949
35.60318999
35.70803410
35.80358840
35.81783348
35.91867622
35.93427714
36.02087976
36.08004538
36.11115862
36.19610020
36.49114111
36.51738151
36.82885211
36.84333568
36.86981526
36.94528623
37.07618807
37.09777476
37.17934653
37.18373524
37.23526954
37.25120448
37.25753094
37.42910315
37.69117167
37.80343294
38.09000841
38.15983798
38.16548114
38.19279953
38.19588800
38.20131627
38.21172004
38.62354548
38.68091535
38.90188698
39.00248971
39.02177600
39.06122697
39.24151793
39.29491368
39.31816795
39.40172398
39.44009750
39.51517785
39.69278846
39.91355937
39.98477264
40.03409227
40.08416687
40.36493469
40.65355973
40.71760598
40.82360228
40.86953276
40.92021859
41.08798632
41.13898442
41.20425032
41.23489078
41.27143674
41.31777223
41.34223794
41.49088760
41.62344073
41.70063173
41.75631480
41.91181093
41.92873681
42.02546138
42.03117638
42.06879307
42.07416694
42.14617509
42.19126169
42.26648556
42.41811052
42.47919698
42.52593756
42.57343784
42.58387521
42.73827097
42.78227484
42.82516355
42.82909622
42.85081337
42.91410413
42.98158608
42.98158876
43.03566130
43.09087365
43.12410189
43.17392870
43.18468659
43.20951018
43.24267207
43.33935496
43.54125153
43.57998161
43.59053453
43.81570072
43.92886338
44.02101037
44.38341855
44.63800306
44.87423751
44.95559230
44.99403290
45.03399228
45.08226011
45.32171479
45.57172985
45.60791622
45.62936764
46.04693271
46.31896603
46.38461556
46.64005176
46.64014782
46.75987061
47.10053028
47.12589437
47.13390046
47.18642193
47.22898532
47.37085694
47.59121034
47.65634742
47.99022013
48.11320135
48.14323689
48.24890586
48.26383790
48.27603093
48.28362585
48.28906705
48.34682530
48.54156762
48.75896325
48.77997747
48.83383247
48.88104513
48.93210643
48.93245462
48.94813209
48.96239622
48.99321906
49.05293680
49.07300655
49.10031144
49.14338715
49.16095388
49.21550255
49.22539602
49.54510724
49.60643534
49.62896063
49.87439682
50.25597754
50.39135850
50.40763269
50.43589088
50.56511926
50.73644662
50.92431162
51.05564938
51.18857700
51.62179250
51.65990137
51.67446728
51.74217971
51.74325009
51.76129376
51.82514472
51.82695428
51.91748308
51.92570598
52.10208826
52.32193903
52.32673727
52.39357474
52.56311868
52.56626790
52.70708476
52.76374759
52.76590640
52.83950099
52.91150447
52.96184052
53.27142172
53.34632984
53.43320859
53.60976429
53.61734278
53.65337102
53.71872020
53.77772253
53.94088199
54.06050281
54.08198591
54.09318522
54.20771736
54.47978747
54.52730794
54.54546161
54.61705364
54.81657953
54.89180746
55.05405086
55.10691776
55.18058992
55.19728263
55.38491978
55.38823821
55.38944162
55.41084312
55.41243905
55.45343565
55.61758655
55.62026272
55.64700463
55.77054934
55.87473982
55.88725583
55.93010516
55.93069957
56.01304463
56.04173676
56.08441019
56.14226556
56.14761968
56.17103957
56.19021774
56.29628257
56.34723779
56.42164610
56.43916549
56.46466154
56.67513324
56.69233717
56.71993541
56.74947168
56.96326807
56.97971672
57.13188939
57.17114617
57.34763914
57.36532441
57.54233059
57.57185675
57.74374606
57.83761669
58.11459783
58.15229503
58.22795666
58.32049548
58.50197581
58.54579393
58.60289604
58.79729974
58.80887768
58.95892608
59.12135205
59.12168409
59.15388349
59.37974266
59.46927508
59.57671353
59.59497949
59.62115863
59.64015663
59.67885535
59.70741155
59.74616197
59.76926326
59.76964608
59.81070003
59.84325588
59.89229770
60.05850493
60.07469676
60.11648165
60.28828860
60.40405726
60.43393844
60.59775885
60.77918406
60.78010266
60.87474662
60.89667254
60.98451026
60.99730266
61.07090868
61.15327800
61.49291699
61.55238530
61.65593971
61.71135219
61.75510507
61.80834718
61.86766509
61.89054352
124.00000000
