0.08886667
0.25069565
0.28038771
0.28422069
0.36900389
0.42371511
0.48601213
0.56942594
0.66125459
0.78445482
0.79366926
0.80094244
0.99387301
0.99971382
1.05505256
1.13061586
1.14340694
1.15869581
1.23673389
1.24882239
1.43875644
1.48493559
1.56635454
1.68326070
1.74533247
2.13721651
2.15995206
2.22155209
2.33101560
2.34895985
2.37051872
2.41782733
2.54160725
2.91238502
2.93474328
3.03681371
3.19270287
3.22066707
3.30089229
3.48400953
3.53435861
3.54009043
3.57785407
3.60780085
3.67013888
3.69054638
3.69475089
3.72672246
3.81488060
3.94545237
4.02975888
4.08677946
4.15293583
4.17379043
4.23179624
4.24070114
4.25726807
4.29456664
4.30287008
4.30922526
4.31238418
4.45177034
4.45521509
4.48171126
4.52929285
4.54020916
4.65093994
4.72649044
4.96568541
5.01059977
5.01333370
5.17999706
5.48354823
5.55699100
5.69320322
5.73725697
5.75421280
5.78688061
5.85858582
5.91730394
6.04708104
6.06678048
6.06709202
6.09496959
6.11044959
6.16653602
6.21795892
6.25618160
6.27944644
6.34643051
6.62269163
6.80925314
7.02789256
7.14872302
7.24535163
7.32000055
7.46615185
7.53334770
7.53673670
7.65619150
7.69405747
7.70529622
7.82558585
7.89860979
7.91317014
8.04849502
8.10492607
8.14069104
8.15684457
8.20961263
8.21933037
8.25591695
8.44021527
8.46088556
8.64144619
8.67460995
8.68532572
8.68955422
8.72973684
8.84814272
8.95409269
9.12226658
9.21914389
9.24976590
9.26225213
9.26529187
9.30677418
9.56020418
9.65862318
9.69542781
9.81600007
9.83531990
9.85782197
10.09039436
10.14733549
10.22884047
10.35567253
10.51916876
10.58548227
10.62279979
10.75690412
10.77918772
10.86318289
10.92570294
10.95240195
11.06496777
11.13958753
11.16766411
11.31973214
11.34278325
11.37009219
11.39403050
11.40854130
11.55641102
11.60171507
11.68994904
11.99352628
12.20771946
12.21844051
12.25643691
12.34133414
12.50654274
12.64308139
12.91557487
12.95267819
13.05309336
13.30407385
13.30409688
13.33035436
13.38882911
13.65596979
13.69618103
13.78105522
13.79378826
13.88063784
13.95083067
14.12742588
14.15111572
14.20263581
14.47438776
14.51144006
14.55050197
14.59208613
14.70688351
14.79282128
14.79447233
14.84182022
14.89923023
14.90784603
15.13492604
15.18674077
15.24528556
15.25130945
15.34362141
15.47364422
15.49578501
15.79882276
15.88836145
15.90175169
15.92783759
15.94184706
15.95057905
16.10067923
16.11303109
16.13643991
16.20907335
16.23966060
16.28012784
16.32528366
16.61647807
16.80079657
16.81959920
17.27639407
17.78322274
17.80046227
17.82896601
17.91336790
17.94772956
18.02584606
18.10473511
18.15289569
18.24826685
18.24863846
18.28608982
18.29835936
18.48071295
18.63935201
18.67717208
18.71126480
18.78112074
18.83983438
19.14089492
19.15962599
19.39563464
19.41078508
19.48926905
19.52129229
19.64426439
19.70953346
19.79924579
19.87914305
19.88708667
19.93988864
20.05030180
20.11220534
20.14379301
20.42703743
20.50159496
20.59563105
20.60485579
20.66796698
20.84680907
20.97809579
21.02759488
21.13962941
21.20871040
21.32463858
21.42252219
21.45225627
21.47393743
21.47465893
21.55594553
21.56148871
21.72637554
21.77340046
21.78296918
21.80256513
21.96182446
22.21165747
22.22009686
22.35185634
22.41393052
22.57344187
22.68069022
22.78357593
22.78438377
23.07565991
23.09905193
23.12933784
23.28027432
23.28514203
23.30352593
23.38266418
23.42416852
23.49608165
23.54252335
23.55615130
23.67164816
23.69217208
23.70094154
23.73079795
23.73615701
23.75790230
23.84127129
23.94425287
24.03484247
24.07865930
24.08048133
24.16241319
24.16553537
24.18964719
24.22004163
24.43014280
24.46779339
24.49815995
24.50096575
24.77847717
24.87903596
24.96181483
24.97883556
24.99844821
25.14247706
25.38626288
25.49629352
25.52263045
25.77075520
25.81827538
25.86229508
25.88784302
25.98003356
26.06814799
26.20790815
26.37961085
26.52884136
26.61527385
26.96477301
27.23407244
27.31949677
27.37402559
27.37511449
27.38805013
27.50801133
27.56091021
27.67310978
27.71488816
27.82261018
27.88104034
27.93374573
28.07199000
28.07991335
28.08365019
28.34767084
28.42567122
28.57486520
28.71314971
28.75803604
28.76628396
28.79909860
29.01450047
29.10228073
29.11077176
29.14033071
29.45826255
29.60678253
29.75177884
29.78601323
29.78908072
29.82841720
29.99465020
30.11013533
30.15138226
30.19467365
30.21313063
30.21360500
30.27944483
30.30952150
30.33829963
30.34915463
30.43473617
30.44892391
30.51303619
30.55039079
30.55124682
30.57924046
30.60602176
30.67265287
30.75611335
30.78373930
30.83541296
30.85199918
30.95048621
30.97549232
31.03338522
31.05190697
31.22280748
31.26498118
31.29921099
31.35936628
31.60964386
31.62254755
31.86259361
31.92229198
31.95394175
32.12394578
32.15142935
32.16048780
32.21923248
32.27223531
32.27797401
32.30050950
32.31768683
32.41569227
32.49180573
32.49389175
32.56684128
32.59618220
32.66525647
32.67225582
32.70852738
32.87546587
32.89724680
32.98352151
33.10717764
33.15435119
33.17732437
33.35422961
33.37529342
33.41767090
33.48476259
33.53750822
33.70757651
33.79419450
33.86745762
33.87494562
33.88073143
33.95036296
33.96606943
33.99013984
34.06365577
34.12711654
34.13711264
34.23203775
34.27390400
34.58551404
34.98378292
35.68601785
35.79356228
35.80180826
35.87067068
36.00024182
36.05476920
36.11115862
36.36053445
36.53627286
36.66809530
36.67846908
36.71804918
36.73146635
36.80214611
36.89887402
36.90271761
37.08476777
37.09820197
37.13083675
37.15239845
37.19031167
37.21760216
37.24357069
37.32851124
37.34662432
37.39231951
37.56183163
37.57057315
37.89125409
38.09566503
38.22947257
38.24264502
38.25993662
38.44818788
38.49846507
38.66816118
38.71634093
38.79844549
38.86667843
38.94454753
38.94699516
39.02567495
39.10610640
39.12984783
39.17002523
39.23749018
39.30033807
39.40292177
39.43458307
39.58646560
39.85466045
39.88337517
39.89618710
39.93942841
40.00243501
40.11178064
40.32709666
40.36803473
40.41429414
40.48252813
40.54290153
40.61356396
40.67758029
40.75647401
40.76058463
40.91495822
41.00600401
41.04769148
41.14153509
41.26031266
41.33482093
41.51224828
41.55623880
41.59359945
41.68804522
41.69431264
41.85667993
42.07335953
42.10453510
42.24672725
42.28318124
42.72895781
42.73322198
42.76943888
42.77233757
43.08433445
43.11633547
43.18417039
43.44982940
43.56725949
43.58959306
43.70324420
43.71575397
43.80411808
43.85378979
43.95298659
43.98879743
44.03204044
44.23630491
44.23729417
44.23735957
44.33260113
44.43053857
44.52792724
44.54688971
44.71720760
44.71938838
45.20277809
45.59747818
45.69003030
45.71267029
45.78904310
45.81737255
46.06703008
46.08966724
46.15400505
46.22182689
46.22493147
46.45646910
46.47053108
46.50150282
46.61622709
46.64759386
46.73441901
46.88363260
47.13866385
47.27045764
47.37980342
47.46356404
47.49944754
47.59121034
47.67184297
47.69382599
47.73706781
47.75980277
47.84868155
47.86640469
47.92431374
47.99736051
48.07131893
48.16551424
48.20246507
48.34495765
48.38844346
48.74973653
48.79806458
49.04887275
49.18719972
49.21419226
49.25168121
49.34614909
49.44541939
49.64374120
49.76485398
49.89109505
50.09817502
50.18127963
50.40948965
50.41414103
50.43787199
50.78905742
50.79635388
50.83209297
51.01800633
51.04838516
51.59005507
51.67896205
51.79776074
52.03164078
52.07718851
52.10473999
52.13762102
52.14352285
52.28414121
52.29712197
52.29962942
52.37880831
52.58220152
52.67747008
52.79949301
52.94930161
52.96668135
53.00291327
53.12858371
53.38097778
53.39942087
53.62435621
53.74267349
53.78466502
53.80614427
53.84484060
54.15703590
54.17502886
54.18048857
54.29627114
54.30383959
54.51316758
54.55995888
54.72630210
54.81057394
54.93887606
54.95294481
54.99352734
55.06390365
55.27698685
55.33096790
55.35151945
55.38823821
55.41243905
55.59732089
55.64594624
55.67622347
55.70882100
55.85877708
55.90117517
55.90475426
56.05672194
56.08837220
56.13469380
56.15383013
56.17030739
56.21728198
56.33638576
56.45679447
56.52231180
56.57572068
56.81684584
56.82553191
56.85854221
56.95100205
56.96116142
56.97971672
56.98633217
57.08562096
57.11744591
57.24424167
57.34357729
57.37212338
57.43471932
57.66038226
57.77010535
57.88200816
57.98338341
58.00233123
58.00307509
58.00779943
58.24954579
58.31886152
58.46794072
58.54202187
58.86851685
58.95487983
59.12855215
59.34990525
59.37341611
59.45076080
59.49333716
59.80061667
59.90162626
59.95563457
60.02876288
60.06133321
60.08335871
60.10644902
60.11847592
60.17227137
60.36188726
60.43145311
60.52611389
60.56241027
60.71204974
60.76748736
60.82254898
60.90868473
60.91171283
60.99592290
61.04152500
61.07109170
61.25162055
61.30721755
61.31657908
61.37382889
61.52207379
61.55892502
61.79895538
61.82487137
61.92726479
61.93721280
61.94491292
62.06463634
124.00000000
