0.02669129
0.03883383
0.40333538
0.45118801
0.54559999
0.70950138
0.74701968
0.75497591
0.83164292
0.83167815
0.90120744
0.91079106
0.93016995
0.94107914
1.17277507
1.29581823
1.39656367
1.43392878
1.44875531
1.45423111
1.53072066
1.71668940
1.72498053
1.74973298
1.77380267
1.94663265
2.00840828
2.08986509
2.09419702
2.23717415
2.24085584
2.28689975
2.44557238
2.48692231
2.51102050
2.53431618
2.61239446
3.00114178
3.03794995
3.32541818
3.42966514
3.49391829
3.67426015
3.81900268
4.19301029
4.28676630
4.37162329
4.37758020
4.46220626
4.50354440
4.52486611
4.56128487
4.62618703
4.65035596
4.65713572
4.68089166
4.78447675
4.86451361
4.86813892
4.93378738
4.99108035
5.40818731
5.42304297
5.51165840
5.55683071
5.55993960
5.64266545
5.68153005
5.80234888
5.82246702
5.82551306
5.99124933
6.01704392
6.06091903
6.11662542
6.14399333
6.23058423
6.66497751
6.73924450
6.84434127
6.84527795
6.84647733
6.89669642
6.97534100
7.03002367
7.31568405
7.33138607
7.35797829
7.50817888
7.55802042
7.58202555
7.64028660
7.64341536
7.73341609
7.77839700
7.79653090
7.89249387
7.92125127
7.94306193
7.95088195
8.01002157
8.18154906
8.18727865
8.19148668
8.21230021
8.24166053
8.28312310
8.35933058
8.47975899
8.52258924
8.52613773
8.70615864
8.73871345
8.76819766
8.98186152
8.98673188
9.13302127
9.16764345
9.33724834
9.46125162
9.54038877
9.56018061
9.57331004
9.58456861
9.60114724
9.60419936
9.63025216
9.74534561
9.79300061
9.83559288
9.84706400
9.87627804
9.94389488
9.98639761
10.02220230
10.15843431
10.22009137
10.24980970
10.27077312
10.29790628
10.37404825
10.55885855
10.62905404
10.86098680
10.86191460
10.86957294
10.96011330
11.12673166
11.12989027
11.18413978
11.27714265
11.28517686
11.36627573
11.40050641
11.47037345
11.50704351
11.51270807
11.51811063
11.52722594
11.55870269
11.67873455
11.77033949
12.01364882
12.05221219
12.22527251
12.46454686
12.50966335
12.57020841
12.71282502
12.72695131
12.74425112
12.87574207
13.11256217
13.12703419
13.28890555
13.40466008
13.40661166
13.44434814
13.53347209
13.66921442
13.68665834
13.76074255
13.82190468
13.82198522
14.30068355
14.40280100
14.45734543
14.48353304
14.48695038
14.49380924
14.57220291
14.81167237
14.86858352
14.94664475
14.99436232
15.15376366
15.17674087
15.18645484
15.20215041
15.53032733
15.59530179
15.65584680
15.72742095
15.73014839
15.75523119
15.80440649
16.02360651
16.07771572
16.37383787
16.43204315
16.45734121
16.52204195
16.54683423
16.56876525
16.68417775
16.70711234
16.71497122
16.80991492
16.96765525
17.00065323
17.09941543
17.16851673
17.17269429
17.27826498
17.36445184
17.44064476
17.52325821
17.54474800
17.72868743
17.77414902
17.86857829
17.90790558
18.03221245
18.09951786
18.17420636
18.21763304
18.25646384
18.50469130
18.61107594
18.67591627
18.72749348
18.77642782
18.78608770
18.79730344
18.83273062
19.00263859
19.05718826
19.16342733
19.16934230
19.36550704
19.53368619
19.60624392
19.97293398
20.02434324
20.18279260
20.19536479
20.32375257
20.34849219
20.35775821
20.56540217
20.64974015
20.67818187
20.83489901
20.90731733
20.98736959
21.01533799
21.06429818
21.09073313
21.17078792
21.24861192
21.32142456
21.32329119
21.35481170
21.37531066
21.43823053
21.47739754
21.48084120
21.52314613
21.61864406
21.72340715
21.88095731
21.91481669
22.21194584
22.21713849
22.26149200
22.39111565
22.41770375
22.62896228
22.70520917
22.72733552
22.78597214
22.83386584
22.86221800
23.01948964
23.11452790
23.16266714
23.24744780
23.36993962
23.62319344
23.74283154
23.76735248
24.07506581
24.10418603
24.16739985
24.22094854
24.22902185
24.26323362
24.26612622
24.29882233
24.38893103
24.46089200
24.51625886
24.52012820
24.52190183
24.58198158
24.67543827
24.69700447
24.82512967
24.83934272
24.84026209
24.88783982
25.03297492
25.04213743
25.18976218
25.22192877
25.58801793
25.84937322
25.86867665
25.88088284
25.91414705
25.95085365
25.98374350
26.07600147
26.14914948
26.20521009
26.26300427
26.31657256
26.53139161
26.67387712
26.72702254
26.72793352
26.86062401
26.88860124
26.89661035
26.94119063
27.04783165
27.08259267
27.08521807
27.08531832
27.13017293
27.14932888
27.30282942
27.48391325
27.54758421
27.56363147
27.61109696
27.71584923
27.77735728
27.78329221
27.80952738
28.03586883
28.07258782
28.07929850
28.11296339
28.11920856
28.13974692
28.21454403
28.24585756
28.33424140
28.48548428
28.60362467
28.70027488
28.81810662
28.83067401
29.06309303
29.08631781
29.12623901
29.16813648
29.19969145
29.30912320
29.31964791
29.36009872
29.43242427
29.53883990
29.60816317
29.70289976
29.82474230
29.98267262
30.18228432
30.18393896
30.19294679
30.38403044
30.43422552
30.52203762
30.56133776
30.58310722
30.61548204
30.68110474
30.68811913
30.69911176
30.70103892
30.73253361
31.08030691
31.10537511
31.15527312
31.57684904
31.60964386
31.62602494
31.75069380
31.96678856
31.97136709
32.03183833
32.14518752
32.23156606
32.27659122
32.65882069
32.71371631
32.74165208
32.82894053
32.90796160
32.97473351
33.08644271
33.13191205
33.25625662
33.26549829
33.38489633
33.66098641
33.73650969
33.89087793
33.89260995
33.90785402
33.96686245
34.01069263
34.04693569
34.10744205
34.15564284
34.16224323
34.26385660
34.40303373
34.50856453
34.61091974
34.66474728
34.68687506
34.75885206
34.78465721
34.86521373
34.92742848
34.97203102
35.04748467
35.04803125
35.14865877
35.19341226
35.24074381
35.32015789
35.34807311
35.40274675
35.65568946
35.69172977
35.76919012
35.87234211
35.95881516
36.08230236
36.18939424
36.20643290
36.32478688
36.34812896
36.46268598
36.46613084
36.82595130
36.90040267
36.92835292
37.03721876
37.09634197
37.14124800
37.39707866
37.45069562
37.59349992
37.81479897
37.81733198
37.84953914
38.08436243
38.32226113
38.40346505
38.49994850
38.53697332
38.75536266
38.77454695
39.00951618
39.07037085
39.11842582
39.35438871
39.38032530
39.45885473
39.50174532
39.60639254
39.81170599
39.88053146
39.92636444
40.14742327
40.23362918
40.52217227
40.55753790
40.60645221
40.65902841
40.70502512
40.86349050
40.98816739
41.07546164
41.40268669
41.53637725
41.65400944
41.65993554
41.76259554
41.79889778
41.83064572
41.89391865
41.96113625
42.01310120
42.03863597
42.05347459
42.09517333
42.13907320
42.17989278
42.27301327
42.40687203
42.52550144
43.00141709
43.11347445
43.13581481
43.28674572
43.41105931
43.58153325
43.67759669
43.69848845
43.80369384
43.81726496
43.82980778
43.87940653
44.05220770
44.19476677
44.20084759
44.36408684
44.44313366
44.44429903
44.49730424
44.51314537
44.57379776
44.59904981
44.60932314
44.64515795
44.66251403
44.66760133
44.70351806
44.85654284
44.92434107
44.93905878
44.95861722
45.02558794
45.08438799
45.17733500
45.44950664
45.55360918
45.67488245
45.94123100
46.07717046
46.19526151
46.20378490
46.29815682
46.52108408
46.52872243
46.59683165
46.64654824
46.81219103
46.83591134
46.86671688
47.06364446
47.09087284
47.09616911
47.10101737
47.14402449
47.22966270
47.23879948
47.47279521
47.52625588
47.53654034
47.67684871
47.69587368
47.80821850
47.82532591
47.94608255
47.96718338
48.05785569
48.35384701
48.63300789
48.99274081
49.03498182
49.25918177
49.31897657
49.34014220
49.47226211
49.60384896
49.69757999
49.84669533
49.92891402
49.94908458
49.99737560
50.00383659
50.08876127
50.12309833
50.19682359
50.24719328
50.29253141
50.37037859
50.40371143
50.47562955
50.47718382
50.75791247
50.83610104
50.91349833
50.96120981
51.11451317
51.12837067
51.31576530
51.36406053
51.52296998
51.62807875
51.72830062
51.89197394
52.00459091
52.22607371
52.26011690
52.40043240
52.53435795
52.55187177
52.61017324
52.65020739
52.67221542
52.88738927
52.97820224
53.02282129
53.27142172
53.35482717
53.36957657
53.51621236
53.56506251
53.59208003
53.79640392
53.94455625
53.97821245
54.00666690
54.01708757
54.02327930
54.03999213
54.19463976
54.46334938
54.51985990
54.63367097
54.69906536
54.70803355
54.84275878
54.90096242
54.93469737
55.09330110
55.20545302
55.22204162
55.24496945
55.41193201
55.54408724
55.54490186
55.62026272
55.64687625
55.64844612
55.82084659
55.83686517
55.87613686
55.94312287
55.95714085
55.99917050
56.01825444
56.06246378
56.10218738
56.46658317
56.69815399
56.76505047
56.82758715
57.11594847
57.20635214
57.28468585
57.30117917
57.36215325
57.36789059
57.36933495
57.53630560
57.63746938
57.72525971
57.74178643
57.83411137
57.87555385
58.01308949
58.19389906
58.22771839
58.43349007
58.46093241
58.51169710
58.55740220
58.57338263
58.58237552
58.73342005
58.73393439
58.75475177
58.76285584
58.81722162
58.85342773
59.04935486
59.11278747
59.17797005
59.23068109
59.23083748
59.29692169
59.34945191
59.58251856
59.66026439
59.86398213
59.88056529
59.88668308
59.98220614
60.05234868
60.11954289
60.32962817
60.35837926
60.38089555
60.44698299
60.62527574
60.74980675
60.80678976
60.81212177
60.82707753
61.34207418
61.39902716
61.41676373
61.49361794
61.62713438
61.63835416
61.81027625
62.00541797
62.04174079
62.04977872
62.14989360
124.00000000
