0.07883764
0.07899873
0.08009940
0.10637124
0.35988846
0.36075218
0.59325784
0.67176572
0.68242863
0.68440445
0.93025884
0.95529855
1.00513017
1.25797015
1.31479721
1.39392118
1.40213595
1.41973714
1.47319567
1.49781819
1.54104418
1.85522155
1.89702474
1.96021721
1.99844952
2.00226188
2.07030432
2.09537856
2.13988371
2.17386399
2.19200582
2.25784509
2.28034522
2.30713613
2.31969974
2.52008132
2.53140581
2.55513961
2.64267095
2.68649319
2.72055214
2.77696131
2.78540687
2.99229713
3.00482406
3.04438060
3.05572338
3.14545120
3.29102861
3.39694331
3.45836296
3.55348740
3.61490514
3.74026911
3.85030691
3.85618208
3.87198290
3.88397353
3.89800568
3.93599893
4.14815819
4.19438792
4.20149663
4.25668468
4.49212155
4.69493842
4.69690923
4.78596393
4.84719149
4.84777213
4.87524379
4.95933924
5.01333370
5.02778124
5.14501309
5.23878497
5.29794927
5.32554658
5.34757876
5.39082789
5.53139441
5.80762569
5.87113026
5.90303776
5.96239741
6.11998163
6.16179885
6.28966047
6.29597733
6.31722940
6.46869876
6.70222248
6.74940874
6.76359121
7.23413978
7.31741744
7.32564464
7.37199724
7.39660809
7.40986141
7.41827483
7.56318371
7.63908374
7.77717515
7.82586507
7.82980951
7.93110040
7.93681570
7.95995880
8.01791943
8.06351748
8.08652664
8.16612277
8.16867113
8.32623209
8.43001033
8.44200863
8.47491986
8.47849834
8.53172178
8.58967353
8.61135236
8.70730458
8.98948036
8.99540764
9.04263720
9.07736879
9.12719238
9.20334647
9.30397863
9.35851302
9.46753598
9.62190552
9.70336089
9.71650137
9.83581150
9.84380804
9.94974034
10.00112396
10.03421037
10.13645025
10.22383525
10.34819728
10.37572750
10.48965721
10.58284863
10.58445871
10.70774221
10.71198627
10.74575635
11.15270825
11.16498564
11.16611547
11.28531210
11.34772951
11.40662086
11.41693678
11.43785450
11.43857281
11.56848889
11.65446560
11.66897952
11.84900514
11.87466937
12.05172703
12.14708130
12.20771946
12.37277043
12.38474588
12.44317787
12.56529173
12.68706652
12.73587209
12.74427215
12.94110041
13.01666679
13.04525111
13.04549128
13.07401449
13.12927477
13.18128722
13.28890555
13.43007758
13.57329977
13.66080969
13.74598243
13.83038552
13.83762181
13.84154347
13.95980374
13.97172518
14.02453074
14.08506615
14.21458633
14.42345663
14.43239351
14.49564558
14.62579428
14.73669353
14.74449455
14.80702226
14.84201277
15.08126025
15.09930388
15.15890466
15.32000719
15.57508823
15.88214711
15.90969851
16.08568271
16.09094498
16.12747099
16.13923169
16.18461364
16.34398811
16.37114323
16.45019309
16.45826976
16.70711234
16.80776782
16.94888863
16.96901074
17.01686442
17.05330313
17.07401669
17.24693002
17.37498943
17.39041915
17.50528279
17.53643427
17.53833561
17.61744229
17.66873293
17.91121809
17.97873269
18.03519560
18.13082932
18.14039395
18.29109578
18.36443845
18.37655901
18.38127555
18.46895887
18.46934210
18.60406938
18.74776853
18.75118931
18.92770786
19.10594001
19.21861316
19.27794946
19.32510167
19.34800696
19.44316045
19.46835595
19.48048049
19.48987562
19.55346266
19.61493684
19.67494420
19.80464669
20.27474374
20.30691899
20.31669591
20.36925057
20.55981058
20.61732983
20.63115867
20.72070833
20.96096907
21.49360128
21.64601609
21.64986524
21.69818493
21.73815014
21.76781945
21.78296918
21.94495233
22.53862040
22.62444181
22.69460134
22.71526438
23.24479613
23.32747740
23.39667546
23.45805326
23.52275222
23.63968572
23.69288825
23.69341706
23.73267501
23.78352548
23.86311486
23.89437309
23.94408367
24.13777341
24.24589936
24.57883661
24.63494132
24.78519484
24.79495041
24.85061397
25.00892155
25.11166675
25.28114213
25.31005155
25.43469438
25.51971309
25.53601698
25.57664079
25.65051224
25.73513017
25.76409237
25.88059630
25.92817379
26.07493208
26.08901036
26.09629509
26.12191335
26.28125714
26.41311987
26.42511878
26.45731565
26.47785325
26.49429063
26.50633145
26.66527654
26.74079804
27.16775781
27.22805414
27.31877801
27.31920996
27.33726805
27.34989605
27.51689703
27.60312283
27.67894339
27.90171501
27.99057377
28.23580635
28.50219641
28.58215282
28.79163035
28.79909860
28.84235057
28.89000059
29.11502114
29.48134435
29.50736009
29.52675699
29.61738808
29.65845519
29.83009778
29.90013521
29.96334941
29.97854874
30.11497323
30.21174589
30.23667507
30.42205498
30.70071665
30.77311417
30.82557652
30.86635727
31.11734042
31.15849097
31.32069525
31.37036706
31.43891904
31.63736579
31.67954235
31.76591552
32.00502677
32.03819679
32.08901032
32.40860551
32.55550360
32.63604223
32.66275339
32.67835206
32.70225128
32.70627665
32.80660968
32.96598437
33.35839932
33.54352100
33.58578360
33.69128267
33.81414785
33.81479491
34.01851817
34.28381254
34.37474842
34.47459338
34.47807329
34.69987642
34.76488753
34.83904311
34.88301065
34.98245889
35.11926985
35.30928426
35.35391382
35.41050006
35.63773368
35.68601785
35.73351030
35.77794137
35.82376987
35.90898683
35.94808872
35.99318375
36.01832975
36.09116284
36.13952364
36.19305138
36.21193626
36.26993642
36.40517425
36.41024867
36.45876821
36.48374423
36.73339506
36.76620773
36.88263921
36.92381812
37.03749412
37.04749468
37.07188270
37.20833650
37.20892248
37.23749481
37.28500487
37.35277053
37.44156057
37.49206047
37.53645410
37.56065201
37.66054623
37.75843849
37.79793253
37.81412697
37.84357473
37.88146439
38.02706418
38.10872588
38.11726627
38.32156938
38.33609334
38.36182838
38.59158633
38.72599685
38.82428412
38.92498690
38.92951016
39.18858449
39.19354916
39.23411696
39.42829529
39.48000189
39.56987087
39.60741472
39.75777070
39.80336010
39.86265088
39.92190520
40.19665717
40.28118575
40.40622041
40.48039412
40.70282596
40.95826049
40.98287738
41.08055127
41.10803033
41.29414591
41.30180493
41.48221938
41.50485117
41.59514576
41.64064558
41.66331423
41.76202373
41.96839580
41.98369763
42.45848509
42.52770713
42.54828025
42.59101161
42.61918834
42.63742209
42.76943888
43.06791095
43.10040596
43.10415344
43.14431878
43.17392870
43.23723963
43.31495650
43.36445413
43.38816284
43.72340154
43.88323010
43.95298659
43.96438962
44.12679505
44.15405527
44.27107744
44.30528514
44.31007762
44.35167832
44.37335892
44.38941253
44.42049388
44.47954946
44.52431085
44.55350383
44.59775929
44.60880839
44.65010782
45.07653734
45.25497155
45.27023055
45.55314111
45.57172985
45.62684904
45.78715238
45.80458303
45.82001811
46.22182689
46.38631375
46.39459188
46.43645860
46.45618202
46.75838070
46.78325601
46.84659851
46.88971944
46.92751017
47.13122157
47.14423160
47.22940033
47.28325149
47.44514818
47.51012123
47.69371540
47.76818703
47.94608255
47.95888793
48.02337590
48.07298609
48.21364518
48.36722812
48.37081099
48.42876272
48.44925379
48.81504458
48.91539223
48.93510557
49.04909338
49.12908719
49.26607919
49.45410967
49.49040198
49.59922611
49.60433705
49.74479825
49.75347859
49.84363117
49.88023615
49.92004444
49.92015467
50.00383659
50.06922250
50.08782593
50.18531379
50.24039358
50.24193768
50.41594601
50.47800644
50.51738943
50.65566862
50.69837453
50.80414005
50.81470678
50.89596192
50.93328270
51.23769629
51.31871199
51.36597274
51.41752141
51.48852677
51.51389984
51.59391335
51.60078235
51.66981365
51.72297332
51.89436362
51.93195277
52.01210181
52.05879005
52.35078797
52.35463170
52.42475008
52.49631007
52.59083326
52.68675217
52.71128234
52.91466475
53.46139960
53.49501754
53.50166870
53.53327062
53.55700332
53.81712145
54.01708757
54.02211120
54.07543171
54.09619051
54.28961845
54.30783775
54.68600143
54.88724362
54.99297073
54.99824730
55.12512532
55.18863647
55.19126440
55.19278085
55.27292805
55.55686032
55.60976061
55.62327994
55.70787544
56.05141893
56.10324600
56.18258390
56.20380982
56.21254360
56.27675286
56.35345274
56.55675280
56.61106906
56.87838542
56.93939309
57.11672188
57.32356526
57.45042988
57.77868307
57.97889002
58.08607835
58.11070511
58.14947451
58.30633471
58.35370691
58.62436260
58.78498478
58.86541246
58.99645467
59.12589482
59.12820301
59.13198777
59.33395588
59.37831998
59.43571448
59.61344097
59.77108688
59.89048567
59.92717290
60.05619347
60.21718216
60.25307653
60.30607020
60.54695109
60.62393578
60.65472331
60.67851461
60.72514409
60.75146295
60.82254898
60.82893470
61.41708900
61.75999692
61.99744313
124.00000000
