0.10006555
0.12583754
0.14473148
0.19035874
0.21201315
0.41044020
0.43493160
0.55575312
0.58686617
0.63448892
0.75940284
0.77079185
1.00480694
1.01610373
1.06105390
1.09418456
1.11311245
1.13606364
1.22608500
1.29244618
1.29517545
1.35071827
1.47317485
1.67428069
1.70584580
1.73507031
1.90176595
1.90814374
2.19886958
2.26427138
2.28495244
2.30314396
2.42286344
2.48823815
2.52057989
2.54659651
2.56180785
2.58669134
2.59382775
2.63974164
2.75423498
2.81226921
3.05874306
3.05933562
3.29297840
3.33044554
3.36587897
3.44518749
3.56772765
3.64196473
3.92889451
3.98614773
4.08730526
4.09704200
4.15052926
4.16386830
4.31288136
4.45748451
4.62941858
4.71357058
4.75636759
4.89885079
4.99198758
5.05968173
5.07492105
5.07553956
5.12047154
5.13113441
5.13778670
5.40883671
5.43283435
5.60138601
5.64264077
5.80924970
5.89439219
5.91377458
6.00124175
6.09958080
6.17608062
6.38104466
6.52571185
6.55735200
6.56831461
6.65059425
6.68724884
6.89221255
6.90236563
6.94179581
6.96263193
6.98340252
7.01377513
7.04228476
7.09167570
7.23284928
7.23702343
7.29303606
7.39381796
7.44488689
7.45292260
7.48631730
7.58816580
7.63214785
7.65485505
7.66006012
7.73169644
7.80082254
7.83960115
7.91767692
7.97905221
8.11630219
8.13933069
8.16140809
8.27946463
8.46345250
8.54491965
8.89865842
8.90594223
8.93773320
9.08362842
9.31608270
9.83005826
9.84778515
9.96926713
10.04226874
10.04800583
10.05382386
10.17016489
10.18903098
10.22650163
10.47860344
10.53136183
10.56252060
10.56608509
10.62414641
10.71198627
10.79702616
10.81022162
11.12375328
11.33086856
11.43919138
11.71387193
11.71775379
11.95135577
12.01372778
12.23410677
12.23870921
12.28118592
12.36750769
12.39565283
12.53308554
12.57331173
12.58932855
12.63736673
12.67699783
12.70627600
12.76105898
12.85785523
12.90353315
13.16448978
13.30838050
13.32344104
13.44505435
13.45120477
13.47422948
13.57284142
13.65353172
13.67937060
13.69472592
13.71754069
14.25354738
14.33986239
14.63137640
14.68619125
14.69734624
14.70357955
14.73224969
14.76275735
14.79754475
14.81660433
14.85494280
14.95069466
15.00187226
15.01526992
15.04736093
15.07528617
15.12479152
15.19161508
15.25303757
15.27419663
15.38564665
15.39772189
15.52064962
15.54358877
15.55182594
15.80184349
15.95581544
15.97294067
16.38250125
16.53429692
16.66577585
16.71834092
16.73317599
17.07491432
17.08228670
17.10257602
17.15336914
17.34027364
17.43080081
17.47223462
17.58628937
17.67931579
17.69590724
17.71215403
17.80095995
17.83965230
17.90484104
17.91129058
17.95992745
18.04677505
18.18906250
18.21652930
18.29825902
18.34314660
18.39194532
18.47525961
18.55745719
18.76433857
18.84248618
19.20535757
19.21369451
19.37537631
19.39484791
19.57499985
19.62660559
19.77003796
19.80487561
19.80837970
19.82958903
19.94494414
19.94588332
19.98241429
20.35828747
20.44818857
20.47148254
20.51838847
20.53905954
20.66796698
20.66900392
20.68533834
20.80287919
20.96898200
21.15725462
21.16327175
21.19134894
21.37693061
21.51758628
21.67833021
21.68648036
21.69389518
21.80075317
21.88501836
21.90858791
22.01560894
22.03464506
22.08574131
22.13110871
22.38886324
22.54678436
22.60878402
22.83361828
22.83639004
22.88553421
22.94157771
23.06431957
23.10452503
23.20055155
23.49449710
23.51520217
23.54855186
23.64698954
23.64860073
23.66791058
23.78523558
23.85322298
23.89615309
23.96599133
23.97738852
24.02048232
24.21817395
24.55170488
24.58014321
24.58979906
24.67445831
24.67482864
24.67694968
24.74981761
24.77248299
24.96656409
25.03483601
25.08386794
25.15446309
25.29483878
25.31954275
25.36101844
25.46451995
25.55924297
25.69321234
25.73034243
25.76256784
25.79419251
25.92236396
26.12925880
26.22541143
26.33971524
26.34590218
26.49073757
26.51374392
26.52430890
26.60841748
26.64723504
26.66608531
26.76311828
26.87251472
26.90368579
26.94334937
27.04783165
27.09395244
27.26415269
27.36830801
27.50681286
27.64389313
27.74355758
27.83706232
28.05703803
28.27297923
28.35187868
28.42741842
28.50216366
28.57729358
28.60151921
28.67439871
28.83623571
28.96024447
29.14870716
29.15909357
29.16199374
29.18778981
29.36603319
29.41387915
29.48013192
29.64368934
29.72131565
29.80080244
29.92232891
29.99629375
30.01017943
30.22304156
30.41871541
30.43671413
30.51987273
30.58384098
30.60997332
30.93067089
30.94138437
30.97771837
31.26292530
31.27989112
31.28530463
31.34126830
31.34463359
31.37029838
31.43391339
31.70825562
31.74218385
31.75275213
31.75480459
31.77534445
31.79374797
31.82226057
32.07457920
32.11947240
32.14555467
32.15062120
32.15554246
32.31223404
32.36613962
32.45069700
32.73663013
32.79178052
32.84295401
32.88563341
32.89851876
33.04699203
33.09423511
33.26549829
33.38158290
33.42329023
33.45193930
33.46329767
33.59980625
33.65258844
33.65664371
33.70413571
33.75384358
33.84028891
33.95780468
33.99792573
34.08511111
34.14351595
34.22228179
34.22915014
34.23686293
34.32025511
34.60561502
34.69188929
34.71813108
34.85702323
34.98678026
35.02283622
35.12901291
35.14969743
35.28344411
35.41123430
35.43183407
35.66174374
35.85142362
35.93470227
36.09116284
36.24817220
36.32448796
36.39711294
36.46639408
36.46683029
36.49519435
36.50189564
36.52103952
36.58660472
36.62240639
36.62826137
36.64962843
36.71804918
36.72739563
36.76820396
36.81369100
37.07541952
37.10716863
37.11194474
37.16271740
37.16421166
37.27807036
37.33413744
37.36153954
37.36704095
37.46778555
37.61009412
37.67053800
37.70681480
37.71697115
37.74141872
37.74820934
37.82079729
37.83288936
37.89156101
38.05627281
38.11539225
38.19330056
38.24052724
38.24906067
38.25759081
38.31057488
38.31080372
38.43488399
39.21862172
39.25476822
39.25528644
39.32289894
39.34659059
39.43384455
39.49004763
39.49015434
39.66297768
39.72769427
39.74085873
39.78567615
39.81955342
39.88382528
40.11554901
40.27405786
40.30788659
40.37259300
40.38446466
40.41650396
40.44539297
40.73583024
40.76058463
40.78767741
40.88989169
40.95270877
41.24325685
41.36721923
41.68533263
41.73173023
41.81066865
42.04321878
42.11058868
42.14416182
42.19822181
42.23322644
42.41239584
42.69158780
42.70065471
42.71285762
42.71328540
42.76795979
42.80872873
42.80914267
42.81181299
42.86979301
42.90081794
43.21085008
43.24406690
43.39103173
43.60962668
43.63593016
44.02334282
44.06641887
44.11203460
44.14705740
44.15844902
44.27843960
44.30862540
44.38087983
44.47886641
44.50855839
44.62550328
44.66104536
44.68030736
44.79211649
44.81953187
44.84418527
44.88003629
44.94443210
45.16242397
45.19818253
45.27932907
45.28534480
45.39087710
45.43688438
45.49432192
45.54882656
45.58477008
45.70533754
45.77767208
45.81196138
45.84440943
45.86392738
45.89942932
46.04872757
46.08616874
46.19570060
46.24692486
46.33420212
46.33632061
46.36260281
46.36532463
46.38404880
46.38747337
46.43344254
46.43505894
46.57212675
46.67019711
46.68956603
46.76115183
47.08621566
47.15676770
47.28857384
47.30521424
47.37203767
47.53654034
47.55076322
47.60959004
47.62676893
47.65501588
47.68078846
47.72061499
47.78638213
47.85859627
47.86640469
47.98565893
48.06350068
48.08088180
48.09515358
48.34349697
48.44668430
48.63631124
48.67735230
48.75896325
48.79525732
48.94404892
48.97680798
49.04887275
49.07053042
49.15631446
49.19284066
49.21059756
49.22584583
49.23298478
49.26630521
49.39434444
49.52975697
49.60191000
49.69747873
49.74786912
49.81469567
50.08514521
50.30919231
50.34714780
50.39252393
50.46958145
50.51127942
50.58205119
50.60703604
50.67644725
50.69502113
50.81477966
50.85532178
50.94234870
50.94550407
51.22227271
51.22961158
51.23247029
51.31744124
51.36804687
51.48459652
51.51998250
51.55277643
51.60360650
51.60689714
52.01882135
52.08479186
52.14332911
52.15737628
52.15749806
52.19948897
52.41655307
52.44090625
52.44818792
52.55427178
52.67784149
52.74416279
52.93834849
52.97747602
53.23932780
53.28036327
53.41237128
53.45059785
53.57953361
53.75614208
53.83543056
53.92719705
53.93473474
53.98567438
54.10031786
54.14498453
54.16776131
54.20875155
54.24831756
54.24878481
54.44738034
54.73156107
54.75643469
54.93718935
54.98483910
54.99432776
55.00497753
55.14147581
55.21575435
55.36934264
55.40952731
55.63131465
55.68062555
55.77508362
55.79596211
55.94947727
55.98445473
56.15383013
56.25552539
56.27689489
56.33059746
56.43279378
56.45254897
56.48162811
56.54370465
56.56222817
56.59142186
56.61380865
56.74544425
56.79834194
56.81384074
56.98559696
57.00492025
57.16901162
57.17835450
57.18295646
57.21190527
57.25831546
57.32346503
57.34357729
57.37179923
57.37258186
57.38524968
57.40341615
57.49039477
57.51941541
57.57454114
57.70931485
57.78527605
57.81752148
57.87962046
58.12920908
58.16858672
58.27560017
58.32049548
58.40104852
58.48258750
58.54579393
58.63802903
58.67235132
58.84117074
58.90311216
58.91418194
58.94429806
58.98413834
59.06368921
59.07188724
59.10487686
59.31986971
59.34990525
59.37072538
59.67433644
59.70030784
59.75435369
59.99867314
59.99985835
60.00977066
60.06773069
60.07861434
60.22687000
60.22844179
60.28498055
60.28563735
60.34246012
60.34591637
60.34886205
60.40719850
60.43971560
60.45990963
60.48449530
60.50263856
60.51135242
60.54540525
60.55590346
60.68864052
60.77918406
60.95208103
60.95223144
60.95834251
60.99451076
61.01549981
61.04263788
61.19430403
61.20599238
61.23833768
61.24795453
61.27137014
61.43503117
61.61660135
61.72042791
61.76568904
61.93243454
62.18431953
124.00000000
