0.02555771
0.08095848
0.09282489
0.15701011
0.19392071
0.31919345
0.32205485
0.43866147
0.44209481
0.55665985
0.61029379
0.61319372
0.96372618
1.00129344
1.12612699
1.17723775
1.22342344
1.30905844
1.33475791
1.41856784
1.45901039
1.53665772
1.58009751
1.71483104
1.73507031
1.81522326
1.84389068
1.87953369
2.06141383
2.06882128
2.16391297
2.16690283
2.18195639
2.44557238
2.64170883
2.83687929
3.03877127
3.26154644
3.32089225
3.44940970
3.47359457
3.52765258
3.70869142
3.71221883
3.92799904
4.07558684
4.12856429
4.25863876
4.31142631
4.33961912
4.65713572
4.66362180
4.90064448
4.92248754
5.03751571
5.24905802
5.26316819
5.67648258
6.02871982
6.08984937
6.09158102
6.17088163
6.27517291
6.29708982
6.39154781
6.58183186
6.60953118
6.74096288
6.77894897
6.80553995
6.84377561
6.90067977
7.00219332
7.05363612
7.17654974
7.30618402
7.36030888
7.36164678
7.44488689
7.63026146
7.65485505
7.77592598
7.88098691
7.92607106
7.98363551
7.99911332
8.16484799
8.31228701
8.35373916
8.40108934
8.42976962
8.45952273
8.48020709
8.49393843
8.56869108
8.76039329
8.89083729
9.00553428
9.11510420
9.48915054
9.53054385
9.79844600
10.00903796
10.17016489
10.26622024
10.27964853
10.37701993
10.47209795
10.50051874
10.51845385
10.52014346
10.56184075
10.59946816
10.62547945
10.81022162
10.84041444
10.85942656
10.89040989
10.96528627
11.04700391
11.05286410
11.31512812
11.57278918
11.57468418
11.61800925
11.77663777
12.13705839
12.20667004
12.22021563
12.33795437
12.37740063
12.56529173
12.57167213
12.65989754
12.71836778
12.76327675
12.86855728
12.91321792
13.20529323
13.28131470
13.43060115
13.77118917
13.78783086
13.79328633
13.80506166
14.18509672
14.27358599
14.34056946
14.46150784
14.50323207
14.52484027
14.54287679
14.55373672
14.60159075
14.61270659
14.87709760
14.88803910
14.95025431
15.00079875
15.09923538
15.23987626
15.35041390
15.55829271
15.57448266
15.67950546
15.80440649
15.84660211
16.18359104
16.21203471
16.37290736
16.44393552
16.48865012
16.52715463
16.60999568
16.70016462
16.76662291
16.91744611
16.93589170
17.06783081
17.22004164
17.29982174
17.33516908
17.37498943
17.56018560
17.71876381
17.73423734
17.73797379
17.76245712
17.86256957
17.90524266
17.91756806
17.94240902
18.00462019
18.01012259
18.03198579
18.08748460
18.10040282
18.14843205
18.18175260
18.23618643
18.31442848
18.85908311
18.93591518
18.94311372
18.98500182
19.03267642
19.06665348
19.08756670
19.10627856
19.13655115
19.16558162
19.22097175
19.28044207
19.41547189
19.53229125
19.53971936
19.63022314
19.66526254
19.72363142
19.76460956
19.80501392
19.86211403
19.86697234
19.90826576
19.91523681
19.96807586
19.98728960
20.01563786
20.09457288
20.11279676
20.28753297
20.29639159
20.48421549
20.56082340
20.64527451
20.72733760
20.75291404
20.81231974
20.84572718
20.87079262
21.00179060
21.03560002
21.13062773
21.24656687
21.63280026
21.74217241
21.76246734
21.83617823
21.91968525
21.99376989
22.21054067
22.32999643
22.44711955
22.63758308
23.00158686
23.11830211
23.17804947
23.24260194
23.34367381
23.39066955
23.44133631
23.52591893
23.53355046
23.70897799
23.97543888
24.08005536
24.21868323
24.26481972
24.39222644
24.40689396
24.57554194
24.70043991
24.73520392
24.84130006
24.92303150
25.03639695
25.03886406
25.32149559
25.37358615
25.60814660
25.72357379
25.80636686
25.89423589
25.93543849
26.02636842
26.05011670
26.07423711
26.12063583
26.12925880
26.14665769
26.21762872
26.26972487
26.45194681
26.55053559
26.60952666
26.64719178
26.86818909
26.90368579
26.91592548
26.95023350
26.96837998
26.97228372
26.98603849
27.19263530
27.19851664
27.25133443
27.27416824
27.37974838
27.50801133
27.62550211
27.77538921
27.85385245
27.97451287
28.19298771
28.20294294
28.25255193
28.30295333
28.34703621
28.39913947
28.40570016
28.47037420
28.49063105
28.52908967
28.56359082
28.68359703
28.72398805
28.73094744
28.95172916
29.00455201
29.01386583
29.03444570
29.07034099
29.47095396
29.47796505
29.58579167
30.01562077
30.08325084
30.12547716
30.14893258
30.23591278
30.64488413
30.65190160
30.74374913
30.96759328
30.99390787
31.04102326
31.08772146
31.27356418
31.46402392
31.65763554
31.68956335
31.81423273
31.87508030
32.08039832
32.27223531
32.29024505
32.62941770
32.64548684
32.70427095
32.78535984
32.79014968
32.80473782
32.86651741
32.87898334
32.92396033
32.94647796
32.97276969
33.05673608
33.07460020
33.20433857
33.30141252
33.39333873
33.47878441
33.50419673
33.53304481
33.59549371
33.75995943
34.01200808
34.13319629
34.22481713
34.24889933
34.30230772
34.40597140
34.55463323
34.64058279
34.74000976
34.75936750
34.94420038
35.03217776
35.11019741
35.14567077
35.18685116
35.46548289
35.58823764
35.70036733
35.73742964
35.76785660
35.87250564
35.95881516
36.18037738
36.31755261
36.32346576
36.33800006
36.33873017
36.38691025
36.39667994
36.40072949
36.53994492
36.59432194
36.66891857
36.75092720
36.88345904
36.89481072
36.91094432
36.91417816
36.94528623
36.98526310
37.03186755
37.17217582
37.23518810
37.37572135
37.40304551
37.45668376
37.48946800
37.53276987
37.54903599
37.75837840
37.89717003
38.07596840
38.07957668
38.08620252
38.16299673
38.25925954
38.33162599
38.34488355
38.47473984
38.50772913
38.52769763
38.56593337
38.77079964
38.78919937
38.80217766
38.89301075
38.90983741
39.02549519
39.18454561
39.25963520
39.40292177
39.57928553
39.61794073
39.69151742
39.79501643
39.88337517
39.88800906
39.90035804
40.03126350
40.07963313
40.21861256
40.29167729
40.44069717
40.66465860
40.75647401
40.78353763
40.81887761
40.82982159
41.04693782
41.09986551
41.12749549
41.12884015
41.28677018
41.35385096
41.35760070
41.35804057
41.41283811
41.44097822
41.46800845
41.61263968
41.63086579
41.73467131
41.76155352
41.81646004
41.90789242
41.91296211
42.17286365
42.17989278
42.19822181
42.19886311
42.22149851
42.24051239
42.25588852
42.28274500
42.41466410
42.46005050
42.54271518
42.67932635
42.73748034
42.74131352
42.84349144
42.91247844
42.97527195
43.03566130
43.09251359
43.17154996
43.32056322
43.33101548
43.33380110
43.34507338
43.42122489
43.48109499
43.75055086
43.76790914
43.83922003
43.90419702
43.93607337
43.94054984
43.94773521
44.02758680
44.03391422
44.10296019
44.11378853
44.19476677
44.19742506
44.21129968
44.29673921
44.29722606
44.33445009
44.36549408
44.39885244
44.58676223
44.62863209
44.70766362
44.73985508
44.88066542
45.34820891
45.36567059
45.46782877
45.56519014
45.65188738
45.94025123
46.04398770
46.05296379
46.05607778
46.10565765
46.13960593
46.38631375
46.44677756
46.48694225
46.66029765
46.69071577
46.99002593
47.04243640
47.15896253
47.25684317
47.25972519
47.27584014
47.27991237
47.46796546
47.65661409
47.69587368
47.71407728
48.06220824
48.18009967
48.20616182
48.22511066
48.26023602
48.26175038
48.40571491
48.49210068
48.63631124
48.65272375
49.00245127
49.27799650
49.31223541
49.40812422
49.49269083
49.52171273
49.72031654
49.74786912
49.75730727
49.90517652
50.07132431
50.09701456
50.16612558
50.16714422
50.18531379
50.33755163
50.45025770
50.46257145
50.47562955
50.72718899
50.76401687
50.79477227
50.92084023
50.93584761
51.39902006
51.40091009
51.41712572
51.43677655
51.50497280
51.55991074
51.62621751
51.73471614
51.81548186
52.01882135
52.05598565
52.12190706
52.23195817
52.25422187
52.37133575
52.50240725
52.53435795
52.63808266
52.84203189
52.85934612
52.91482474
53.00011684
53.19067971
53.22456649
53.35971614
53.39761543
53.52966555
53.54196113
53.54789620
53.59956437
53.81712145
53.86068482
53.97293272
54.03250822
54.15580877
54.28055439
54.42382301
54.63416335
54.71472626
54.78788419
54.91910328
55.19801933
55.32283344
55.32493779
55.39129791
55.50410610
55.50688327
55.52750893
55.65661532
55.84438955
56.13091294
56.22385990
56.27675286
56.29628257
56.29807521
56.42346496
56.44579597
56.58068887
56.63497467
56.67467758
56.68341712
56.74584865
56.82673356
56.85342483
56.91960310
57.03287150
57.14960976
57.16450845
57.17784346
57.24453683
57.36155092
57.45989197
57.61981812
57.86481568
58.04367063
58.05598885
58.19263117
58.32049548
58.33045371
58.34594117
58.35063299
58.39934150
58.41516608
58.45298766
58.50431621
58.56830979
58.73342005
58.75964364
58.79653143
58.93235222
59.06174140
59.28796275
59.46801928
59.47097657
59.50030816
59.51999655
59.65366106
59.76384424
59.79518467
59.81612808
59.89884400
59.93944178
59.99674361
60.19046142
60.35802053
60.36423406
60.51980222
60.68359474
60.78060500
60.79449630
60.84714091
60.85550758
60.91245617
61.00777964
61.07320328
61.17395064
61.28592364
61.35348550
61.41048972
61.54128874
61.57782107
61.64759245
61.65160992
61.73271944
61.77604625
61.82738543
61.99050671
61.99238431
62.02555398
62.04055147
124.00000000
