0.25850150
0.39147594
0.39351948
0.41997730
0.44325826
0.44478540
0.54317623
0.54972541
0.66978842
0.67516728
0.75917256
0.92317752
1.09957127
1.21533123
1.23138457
1.29197097
1.30796697
1.42303962
1.43858516
1.44239933
1.72936382
1.77715140
1.97113998
2.00392092
2.22166902
2.26855793
2.36329977
2.37987722
2.39719478
2.40821191
2.48304451
2.48526572
2.54829268
2.57342530
2.71442806
2.71792243
2.81024352
2.90952274
2.93500023
3.00260167
3.18792799
3.45599283
3.47903200
3.56555832
3.60958263
3.76531700
3.78365671
3.90843440
4.04833521
4.23281320
4.35005072
4.36459197
4.58629240
4.77487894
4.98168194
5.10408629
5.10550492
5.11970935
5.12047154
5.23900066
5.44473720
5.62974822
5.79990187
5.95102175
6.04705811
6.22179380
6.27486753
6.28386322
6.48288703
6.55576424
6.60616966
6.91843000
6.96474012
6.99612010
7.05845971
7.07148060
7.09418245
7.11152991
7.12855070
7.22647413
7.30190638
7.30281657
7.69419986
7.71842528
7.82193538
7.84632414
7.88497847
7.94131651
7.97862336
7.99567780
8.10432353
8.11915998
8.15268527
8.38103724
8.39962894
8.43755011
8.45698577
8.47760138
8.59094513
8.83220120
9.07016751
9.07519022
9.17497327
9.41929865
9.48462512
9.60218698
9.90249618
9.93684526
10.02937020
10.14733549
10.17091265
10.31300418
10.35094133
10.50051874
10.61314504
10.65741593
10.73280911
10.76972596
10.78284801
10.91342205
10.98129902
11.09881223
11.14545467
11.25499230
11.41339685
11.44113105
11.44436161
11.68051431
11.78175460
11.92475551
11.92944141
11.96177514
12.09472747
12.11943371
12.23754106
12.29959082
12.32462708
12.41533751
12.47834081
12.48464221
12.52569149
12.79458829
12.81642825
12.81908719
12.88514353
13.03015818
13.19352304
13.40565183
13.50927929
13.60115805
13.63103678
13.76200245
13.79369977
13.80178909
13.88063784
14.02571363
14.06519181
14.08365486
14.15706062
14.22935833
14.30291041
14.39154990
14.49408579
14.58434070
14.70472939
14.98083132
15.12674655
15.30709654
15.41083984
15.69716352
15.86850408
15.95787959
16.11842061
16.40547012
16.51548048
16.70858853
16.71285903
16.74272331
16.76513212
16.77189668
16.80103321
17.05849254
17.40197775
17.40620621
17.42340837
17.51915328
17.55024336
17.73291518
17.84215549
17.91801151
17.95283093
17.96081796
18.03221245
18.24826685
18.31254813
18.34619389
18.36794875
18.40873540
18.41705004
18.59566643
18.61175009
18.68244738
18.74499053
18.79554329
18.94509211
18.94955632
19.11563883
19.16304046
19.22988240
19.23271856
19.26508971
19.31190032
19.48546131
19.55640305
19.55712106
19.86755337
19.91895975
20.29668903
20.32604358
20.33492657
20.46549366
20.47339466
20.55981058
20.74173470
20.82892328
20.83524771
20.84159214
20.88487763
20.91208226
20.92091086
21.01598025
21.10848666
21.11853520
21.14132544
21.14230976
21.28409860
21.32142456
21.37356169
21.38335973
21.38677141
21.42922507
21.44004290
21.64986524
21.75401267
21.77746868
21.77780711
22.02883553
22.15042359
22.18442631
22.23198259
22.53115843
22.61001208
22.76731681
22.79075838
22.88115488
22.90999049
22.91593969
22.93327557
22.94107159
23.02281850
23.04182688
23.06977390
23.12203266
23.18811634
23.23639507
23.26721298
23.40157360
23.52795053
23.78513144
23.91246693
23.94789866
24.09307127
24.16646372
24.21817395
24.25714876
24.27886160
24.41793243
24.42196581
24.42840239
24.58577208
24.65873640
24.79573392
24.87963215
24.92756941
25.06193623
25.16207840
25.19156163
25.21617430
25.27272327
25.45903664
25.46150887
25.67659124
25.72180211
25.73436741
25.76758591
25.86767776
26.06298440
26.13706311
26.24941110
26.36604274
26.39159647
26.47916180
26.53139161
26.63061511
26.72308262
26.97358118
27.63403358
27.65356577
27.87454650
27.91826957
27.93990463
28.11920856
28.16168946
28.21454403
28.30914018
28.81000943
28.94383165
29.02396403
29.22068388
29.22648446
29.37826443
29.52321455
29.64636469
29.65267089
29.73009024
29.74893466
29.83557187
29.86878983
29.95765622
29.99703313
30.09598295
30.12998717
30.13897940
30.22317095
30.28657361
30.36074459
30.80141618
30.81514244
30.98573548
31.08724452
31.11885843
31.17908042
31.17936065
31.22605669
31.35769987
31.43050206
31.59815551
31.87478625
31.88405000
32.01361799
32.08059256
32.12168439
32.38155143
32.42497400
32.44788929
32.52836247
32.64094667
32.68424328
32.80409370
32.82465751
32.85899780
33.19893749
33.27846707
33.28064630
33.28419950
33.29397765
33.30362083
33.37168627
33.43652677
33.51691592
33.53699548
33.68861695
33.76060905
33.78559914
33.79734221
33.93111711
34.17243372
34.24967133
34.25677503
34.27257661
34.33529131
34.38837917
34.67083302
34.73874199
34.81834016
34.83566030
34.91906723
34.97444766
35.04711156
35.16354584
35.30450292
35.32096465
35.37281707
35.39066369
35.40515631
35.42472344
35.48597630
35.53231122
35.68099226
35.73484079
35.79335236
35.96578118
36.16846320
36.16939241
36.17639329
36.19305138
36.24827678
36.32321335
36.33776915
36.34360589
36.40050054
36.82947068
36.95934746
37.07899014
37.11509056
37.20916319
37.25358929
37.53232253
37.54781269
37.55390078
37.55472552
37.63252967
37.65037561
37.65165507
37.65791104
37.67980958
37.70924969
37.71496791
37.78515908
37.86274829
37.89279724
38.32630946
38.33609334
38.40101736
38.50323160
38.60693397
38.64920958
38.92280675
38.95180119
39.10610640
39.26941090
39.37953767
39.43021740
39.45678287
39.47251996
39.55998623
39.74766442
39.81862667
39.83309024
39.89291005
39.89473595
39.96014763
40.03566892
40.05990579
40.07323294
40.07497522
40.14930413
40.21864501
40.23057688
40.28195881
40.53413498
40.56564657
40.57805299
40.60962162
40.63837595
40.91872468
40.96813544
41.02843908
41.06175007
41.14153509
41.20640552
41.23722884
41.24348168
41.29997961
41.30159863
41.42238059
41.52147404
41.56877207
41.61579495
41.65660627
41.71060523
41.75631480
41.79245729
41.90507602
41.92733904
41.95881593
41.99055447
42.09632006
42.14971966
42.16422002
42.29800592
42.33752346
42.33871655
42.36112932
42.45266350
42.54451027
42.60885978
42.65447356
42.79178847
42.99281306
43.00432686
43.08823626
43.09137981
43.11530452
43.11969939
43.13545559
43.21891120
43.32765282
43.35750112
43.37172121
43.39319637
43.54035514
43.70304203
43.71377105
43.73005053
43.78479958
43.94773521
44.12561551
44.20429127
44.27931800
44.30657412
44.40941202
44.45498219
44.52488274
44.52645597
44.59252167
44.83046350
44.90086459
44.93480659
44.93583793
45.03104861
45.14928872
45.25401632
45.27932907
45.37343273
45.50242589
45.80076142
45.87209855
45.93827933
45.99582463
46.01988221
46.05296379
46.11394314
46.12027698
46.12408957
46.38065239
46.38794241
46.39045774
46.42631798
46.48164313
46.66441840
46.77250491
46.77610069
46.78805466
46.91074522
47.02255058
47.10349284
47.32711795
47.34711995
47.43288520
47.43373234
47.45866246
47.48995315
47.49670759
47.53125381
47.68288683
47.71011410
47.76690028
47.82224485
47.88045925
47.91645853
48.15769997
48.16835642
48.27415279
48.33807975
48.40651384
48.41575884
48.60796385
48.63321079
48.78532014
48.79806458
48.88892810
49.10008680
49.19901239
49.24545310
49.24648644
49.33264438
49.34772989
49.44363074
49.52277878
49.59880081
49.69147246
49.87575089
50.04391966
50.07132431
50.14910494
50.19596387
50.20946412
50.21359012
50.22648479
50.29253141
50.32419758
50.42563197
50.43554643
50.43623213
50.46958145
50.50577664
50.51022422
50.65732532
50.70365416
50.83322965
50.92909397
50.94669153
51.02472073
51.03427861
51.06659867
51.11366913
51.19905086
51.32545764
51.49700744
51.51596163
51.51937719
51.54441188
51.55747865
51.56390596
51.59005507
51.68565014
51.90117166
51.94406633
51.96637020
52.06217610
52.09546407
52.13961164
52.16035275
52.17868690
52.20425741
52.23950875
52.53598184
52.59717383
52.61246463
52.69776759
52.84292437
53.08447731
53.08493310
53.29714378
53.37735957
53.38864244
53.39113920
53.65472979
53.92607871
53.97591461
54.09884925
54.28138548
54.35138931
54.39973120
54.52846493
54.58196844
54.67193915
54.67928545
55.00469367
55.01589847
55.09312102
55.19840683
55.20366781
55.33404461
55.37629051
55.39605897
55.53012807
55.60986450
55.63848364
55.75570259
55.78526774
55.86425804
55.86959679
56.03426947
56.12132485
56.46678543
56.53911283
56.55394483
56.71307223
56.74544425
56.77951524
56.78922081
56.81925720
56.98976379
57.00489351
57.06309525
57.09820464
57.38414624
57.40550672
57.42686768
57.71757673
57.79531858
57.82726432
57.90664277
57.93482961
58.02847422
58.32141123
58.37304480
58.52624244
58.53029596
58.53661561
58.54288064
58.65595948
59.06368921
59.10917267
59.12482614
59.24603279
59.37954885
59.42241349
59.57412801
59.68333569
59.72176870
59.72826033
59.98580765
60.05976650
60.21608717
60.25045683
60.37528786
60.45193511
60.52914115
60.60223554
60.67049853
60.94765149
61.01487781
61.05815567
61.07109170
61.28334088
61.60481525
61.66539847
61.71135219
61.71197831
61.71985224
62.32309385
124.00000000
