0.04392812
0.04711993
0.19947723
0.21890982
0.40806835
0.43493160
0.44275598
0.44468892
0.67948802
0.71532355
0.77731049
0.84436302
0.90289813
1.07985988
1.21833595
1.23765420
1.25592091
1.29217167
1.30085936
1.33299843
1.42906968
1.55017454
1.57425839
1.61917253
1.65619201
1.68217995
1.69585380
1.79704930
1.81799258
2.00002648
2.03505753
2.06452439
2.17712835
2.19967112
2.33049652
2.40775085
2.46189176
2.50823262
2.86113412
3.00531007
3.27499779
3.32008275
3.52902821
3.66812904
3.69451036
3.71418380
3.73469083
3.88728312
4.24858929
4.29920887
4.43472320
4.46802923
4.54894661
4.56735142
4.63119915
4.65151799
4.75697564
4.79276041
5.03032019
5.22682153
5.30876624
5.83167352
5.90034772
6.25677697
6.28386322
6.34657372
6.38457829
6.48146977
6.54010945
6.54445941
6.62383767
6.70138170
6.73228563
6.74917470
6.78264892
6.79545563
6.88717377
7.06792314
7.20477804
7.33001695
7.35381788
7.45610197
7.65404492
7.69678143
7.69943894
7.78591811
7.89049792
8.03580360
8.12090079
8.19685414
8.26920268
8.50074512
8.68676023
8.71783136
8.79259322
8.79798404
8.89302768
9.00476079
9.04981448
9.15578564
9.25495306
9.27128736
9.30766591
9.39024966
9.40011466
9.42064904
9.65269067
9.78980149
9.97941197
10.07122268
10.10857819
10.15912697
10.29724682
10.35567253
10.46148630
10.48636798
10.53413579
10.67730075
10.70774221
10.92853649
10.93114625
10.94374341
10.99025449
11.01219280
11.04307412
11.15270825
11.15393738
11.24974298
11.31385774
11.40982927
11.52283290
11.56468879
11.58914752
11.65980568
11.70165370
11.80647666
11.96332050
12.10407192
12.12482814
12.14475685
12.21366515
12.31816774
12.49974957
12.57935053
12.60005946
12.60204644
12.60365961
12.71476185
12.92545095
13.07406777
13.08081969
13.18128722
13.22143134
13.24747273
13.27456321
13.31938137
13.32268906
13.34369444
13.39635590
13.48872540
13.55919292
13.87138958
14.09045503
14.24469377
14.28248167
14.35354960
14.36563787
14.40047335
14.63137640
14.63521481
14.72434290
14.76909876
14.85594511
14.86830729
15.00079875
15.00964557
15.03199444
15.11326941
15.14436340
15.15523987
15.26481884
15.32044906
15.37276085
15.48537759
15.65134009
15.77374547
15.78686298
15.82516246
15.83900979
15.88964939
15.97289003
15.99806604
16.10164545
16.12652811
16.14515023
16.28507048
16.31463367
16.35053998
16.58032564
16.59626195
16.72734045
16.77564297
16.85877416
16.98177061
17.19775359
17.34020372
17.42997401
17.44252952
17.57044260
17.66116057
17.70782307
17.71081625
17.89612474
17.98613397
18.05321696
18.14568908
18.35264231
18.50957003
18.71282187
18.71509826
18.84952093
18.88985945
18.91864102
18.98924428
19.12846802
19.30466109
19.33612430
19.33718186
19.36116508
19.39766817
19.56275494
19.86697234
20.10060201
20.16039499
20.18700377
20.48132461
20.56232967
20.68319891
20.86108950
20.89802128
21.06314766
21.07145827
21.12108907
21.14649066
21.26978353
21.28149862
21.37349101
21.47036558
21.51477999
21.72272642
21.74115717
21.81845025
22.04149654
22.04634775
22.19519722
22.22740462
22.23443043
22.44818180
22.63754251
22.66337732
22.94608588
23.18950611
23.19147052
23.22094518
23.28215137
23.46667250
23.49653047
23.71626086
23.78479795
23.83162986
23.83772389
23.83827260
23.86086609
23.91709134
24.16206416
24.17405718
24.21241474
24.21851820
24.26323362
24.49174883
24.58534437
24.77882494
24.79887858
24.83315061
24.88336745
24.88881368
24.90275901
24.92973358
25.06476882
25.42272731
25.44737497
25.54338884
25.54914990
25.55067403
25.66144735
25.68657359
25.76916554
25.90079219
26.15741842
26.23004865
26.25755177
26.32419670
26.49056352
26.50640524
26.75632233
26.76956345
26.88112869
26.94338851
27.06540654
27.15839075
27.37348414
27.40574471
27.50813851
27.54089932
27.62673540
27.64487472
27.64684402
27.84058864
27.86308048
27.90046099
27.91826957
28.00637639
28.09512352
28.26833049
28.37638286
28.39100304
28.40146114
28.41690729
28.69649608
29.04919227
29.08359561
29.14341005
29.16181127
29.20972352
29.34197588
29.36995649
29.44084729
29.55953415
29.81047010
29.82569909
29.86774023
29.97674870
30.00377246
30.07734268
30.07790876
30.09604456
30.15029957
30.24237714
30.33598121
30.34081388
30.36372647
30.38620032
30.40053250
30.41827734
30.44659635
30.48069020
30.54601391
30.68810151
30.74456696
30.88047018
30.97363074
30.98501039
31.39550112
31.41284713
31.48826378
31.54502265
31.55464164
31.56180634
31.69531619
31.73106719
31.85663852
32.03486745
32.03944626
32.13083267
32.26474172
32.30492462
32.43255290
32.51312572
32.52107472
32.82269163
32.87279801
33.08110245
33.18647579
33.21381356
33.23701381
33.38158290
33.43639286
33.55319226
33.62928240
33.68419231
33.71480124
33.71694719
33.79607816
33.93273001
33.97673225
33.99717480
34.05853246
34.07728769
34.15266754
34.17672254
34.31930696
34.49978723
34.56768851
34.60035504
34.64843381
34.99213016
35.06417025
35.08417883
35.11789579
35.17899263
35.45348020
35.46297752
35.53900893
35.54470819
35.87188670
35.90013225
35.98222272
36.10040978
36.10717345
36.16846320
36.18529767
36.23004678
36.25555508
36.29595385
36.31811791
36.32588765
36.58585545
36.58780526
36.58906534
36.77230664
36.79381087
36.82947068
36.83645703
36.90271761
36.91778654
36.99034551
37.00820532
37.03363880
37.09777476
37.19384326
37.35022903
37.42910315
37.51296251
37.68475326
37.74532305
37.92626891
37.96107728
37.98830752
38.00347288
38.06362287
38.21487359
38.38122785
38.48660282
38.70693613
38.73415315
38.75098219
38.75536266
38.79468410
38.81942599
38.90904627
38.92558519
38.95068340
38.97721511
39.03715028
39.08513849
39.12795879
39.14596708
39.16242122
39.18098060
39.20333327
39.32402519
39.38777508
39.41048572
39.41124795
39.47335074
39.51517785
39.54250931
39.55616616
39.82157835
39.85773123
39.89991806
39.92355000
40.08719772
40.16055625
40.29802771
40.45463664
40.46591555
40.46745812
40.64081233
40.70282596
40.70291730
40.75698262
40.82703280
40.83416078
40.93919946
41.08079704
41.10803033
41.20184558
41.33686076
41.59621146
41.63756474
41.65476244
41.66331423
41.96311231
42.12052131
42.25926691
42.26174293
42.44021473
42.54470889
42.57797377
42.62978670
42.64270903
42.72895781
42.74407112
42.76552586
42.95724610
43.02983390
43.14965869
43.25647321
43.39453529
43.41255634
43.43882409
43.52118088
43.54796919
43.58157921
43.62896595
43.84645022
43.89489832
43.94189464
43.99223362
44.46754201
44.69431180
44.74152840
44.78504131
44.80407401
44.87055773
45.17883046
45.18307662
45.31585108
45.37721206
45.39127082
45.47833435
45.59037512
45.59719211
45.76232234
45.77604465
45.82349408
45.85347695
46.01556577
46.03872807
46.05349632
46.12850782
46.39704252
46.40036504
46.42631798
46.55858785
46.71234442
46.88279422
46.90076558
46.94486106
46.99972177
47.02988775
47.16726837
47.30523475
47.30535434
47.36576043
47.37536535
47.47284541
47.49659322
47.53300025
47.66619146
47.68711705
47.70170593
47.75543469
47.88347871
47.88959720
47.96881483
47.99736051
48.13187963
48.23420271
48.28185055
48.37200530
48.40008803
48.48011429
48.49588846
48.51438427
48.63689303
48.76374526
48.93510557
49.06605981
49.06832165
49.10031144
49.13943321
49.15185336
49.34455055
49.61162709
49.84492634
49.91695351
50.07132431
50.21217536
50.35915552
50.36909724
50.66437739
50.92909397
50.98750760
51.65870014
51.70241321
51.93322078
51.97300760
52.21066941
52.44817553
52.52749874
52.53463641
52.53492983
52.67558753
52.74177672
52.74471468
52.88243531
52.89422007
52.94478380
52.96856826
53.01821888
53.04890855
53.05053654
53.25041189
53.33641941
53.34535855
53.40484270
53.49196862
53.49307036
53.50340356
53.55073591
53.59498461
53.60212338
53.63781960
53.67131223
53.70359502
53.82113740
53.92648287
53.95477230
54.10060158
54.19022421
54.35978899
54.43909593
54.48022938
54.49758625
54.53331345
54.60775010
54.71148108
55.02049536
55.07283982
55.10146152
55.14072533
55.31049848
55.39946118
55.42138277
55.50218603
55.56059166
55.65021318
55.66320377
55.72535347
55.82084659
55.82457403
55.90786561
56.01316449
56.02062908
56.17030189
56.26520381
56.40067182
56.50552700
56.54368405
56.58517145
56.73921428
56.82689713
56.89569522
56.92366237
57.04332630
57.04348489
57.24688922
57.32493519
57.37840110
57.40554679
57.62191728
57.63769447
57.68591008
57.74178643
57.75738763
57.78149068
57.81350085
58.01803389
58.19849529
58.23735553
58.44745356
58.50725342
58.66968171
58.72964707
58.75798277
58.83911768
58.86554614
58.87577922
58.92517292
58.92592317
58.95447493
58.98769988
58.98855793
59.02015602
59.04935486
59.04977404
59.14595863
59.17840871
59.24938612
59.25180837
59.37486764
59.46644346
59.46835684
59.62326196
59.63889736
59.75691241
59.85936119
59.88056529
59.93220266
59.96899822
60.09139944
60.14038815
60.36776582
60.37780536
60.46086259
60.60991262
60.70675606
60.75625560
60.86269035
60.86697317
60.94305481
60.95638427
61.05492857
61.18220425
61.19106130
61.23673983
61.25306359
61.26982848
61.55369071
61.64021393
61.73099216
61.78281041
61.84910402
61.87123795
61.88731345
61.96204460
62.09282426
124.00000000
