0.07040365
0.21328329
0.31773085
0.36152204
0.48190451
0.54360837
0.60786429
0.65929816
0.73568454
0.76901996
0.78683559
0.90919750
0.94039139
1.03442175
1.08946769
1.10888831
1.14174788
1.29363043
1.30218673
1.43547996
1.46498829
1.49915642
1.68608397
1.94663265
2.04199477
2.06452439
2.09458106
2.12676608
2.19385879
2.41127955
2.50665103
2.63543833
2.68636896
2.69282912
2.76908369
2.77308906
2.80503790
3.04867576
3.09989388
3.23093991
3.24384574
3.42534656
3.45369340
3.49774475
3.77480600
3.87736524
3.88681446
3.90222631
3.95064550
3.96564227
4.02754295
4.10322736
4.16704944
4.35234049
4.45653420
4.57332929
4.65567128
4.66523335
4.77903393
5.28389943
5.29219687
5.34480743
5.56373434
5.57849738
5.66199536
5.71796768
5.76240124
5.80489263
5.83285591
5.86527344
5.88629713
5.95654304
6.16598896
6.29906881
6.30049101
6.31053561
6.33306218
6.35486961
6.37184004
6.38544154
6.40612991
6.45834580
6.47931674
6.53175486
6.56831461
6.59940059
6.60374711
6.67614618
6.70751157
6.90844363
7.14606287
7.31964527
7.33068141
7.38339247
7.54722837
7.55209541
7.61992579
7.62882095
7.69961362
7.79053554
7.93105756
7.95177781
8.26188372
8.27648331
8.37166602
8.61951857
8.68415696
8.85868958
8.87691627
8.89988256
9.13698417
9.18059648
9.22113135
9.28204381
9.37213318
9.38584003
9.46191461
9.53855871
9.59321802
9.62902510
9.82517800
9.84738669
9.87008335
10.01703741
10.02199863
10.02333363
10.15843431
10.22903881
10.40851135
10.51619782
10.59806863
10.73783204
10.74013695
10.76723347
10.79547759
10.83264264
10.86827263
10.89680004
10.93584197
10.99510549
11.04528549
11.11488934
11.20935523
11.57276848
11.61681926
11.63420737
11.65179471
11.66889924
11.72434422
11.78043312
12.16417357
12.45841173
12.52580792
12.57870436
12.69991148
12.80348512
12.88693257
12.95094193
13.04665886
13.08780468
13.12788786
13.31682132
13.32481421
13.40903698
13.43885750
13.48297757
13.52312539
13.67776272
13.72057844
13.78865128
13.89654602
14.20452593
14.23462296
14.45089916
14.62579428
14.94639003
14.98610391
15.15835948
15.17983201
15.20066333
15.47364422
15.51334852
15.60963708
15.66974367
15.79882276
15.80103577
15.89874691
16.23254621
16.30974200
16.38348726
16.47538965
16.48013983
16.49373934
16.52270640
16.56522715
16.56861178
16.59683918
16.60947119
16.64858117
16.73988483
16.76702526
16.80483577
16.81293894
16.85401029
16.87126947
17.10098912
17.21004746
17.28837090
17.33422547
17.49100661
17.50665151
17.52790805
17.60721526
17.61479831
17.66455047
17.72500878
17.83499089
17.87774653
17.87997176
18.09574969
18.16154908
18.20975277
18.37038402
18.50101232
18.68292750
18.92238772
19.02271563
19.07421239
19.11448900
19.12387860
19.28992745
19.53519510
19.55292009
19.65493461
19.70574536
19.86343551
19.88708667
19.98055379
20.03800310
20.04897616
20.05766067
20.11159680
20.19309239
20.30389920
20.36441043
20.38669717
20.58564685
20.58711714
20.61827245
20.76587882
20.84883226
20.87079262
21.06674305
21.10526282
21.10731664
21.18198182
21.25837827
21.25941256
21.28029416
21.51711629
21.55594553
21.63280026
21.71715889
21.73432817
21.82002598
21.95407783
22.03469425
22.21878316
22.23947794
22.28245402
22.29094716
22.33857113
22.40073408
22.48461802
22.49073932
22.50557965
22.55573022
22.55625818
22.61741698
22.67965911
22.70652550
22.78000093
22.83352353
23.29798036
23.35469965
23.44625784
23.50382352
23.55176555
23.58251535
23.66463311
23.93056402
24.09428520
24.10287939
24.19946379
24.23885725
24.27886160
24.30748736
24.32067325
24.34837153
24.36582609
24.46870472
24.55150661
24.57883661
24.60798850
24.63447992
24.68100034
24.70502894
24.73470703
24.77847717
25.25397808
25.27210885
25.30990402
25.36059959
25.63584008
25.73821788
25.75745419
25.79845702
25.86101105
25.89946451
25.98285323
26.15934436
26.42719803
26.47597475
26.58405516
26.85322813
26.92430176
26.98721658
27.05236967
27.16448158
27.24866689
27.32960657
27.40022141
27.49757558
27.58331637
27.62080404
27.83356101
27.95997367
28.06444986
28.17868292
28.37852709
28.42567122
28.44672572
28.45135407
28.48402769
28.61409738
28.80498094
28.90823855
28.97890758
29.03773309
29.04001665
29.05136815
29.06536086
29.09748568
29.17254812
29.18530035
29.24176759
29.33920605
29.45013885
29.45357110
29.51741216
29.53182221
29.67104882
29.70390916
29.81613149
29.94316076
29.96468301
29.97779362
30.02607273
30.03844099
30.05881124
30.13434313
30.14877824
30.17562699
30.18393896
30.23462201
30.24477826
30.32665537
30.39431663
30.60999612
30.65263777
30.67173664
30.88939902
31.30956827
31.33651063
31.48826378
31.57811600
31.60591312
31.74561613
31.75931786
31.80555962
31.85174241
31.86935155
31.93779929
32.00856845
32.05296757
32.09858929
32.41199473
32.58541045
32.64094667
32.66650210
32.77791547
33.09745980
33.28522750
33.46329767
33.54782914
33.60287404
33.69730071
33.85765355
33.92331313
33.93314456
34.01286940
34.18970263
34.30926457
34.40385183
34.50093500
34.50778932
34.62251104
34.70419445
34.85910514
34.86103178
35.14181715
35.32898211
35.36788495
35.36888427
35.38475524
35.39480146
35.47733497
35.53316361
35.66098911
35.67195867
35.96386957
36.12239832
36.29102471
36.34471359
36.35124613
36.35360687
36.46136814
36.46597127
36.54279999
36.55151907
36.57128490
36.71803203
36.72987129
36.79102991
36.81082385
36.84403576
36.84933883
37.01424764
37.15509283
37.15683559
37.21235421
37.32926408
37.40537281
37.46778555
37.51911443
37.55332001
37.55747098
37.63337104
37.78732356
37.84887763
37.85049025
38.01027553
38.03021398
38.03709185
38.10748574
38.12550255
38.19595333
38.21544830
38.25576179
38.27471686
38.62243773
38.62345242
38.69618106
38.73908578
38.74699077
38.80734129
38.90375361
38.93899974
38.98197516
39.10769888
39.15772819
39.16884279
39.19345361
39.19384639
39.36764451
39.49663469
39.50654178
39.84903481
39.85437479
39.86916886
39.88337517
39.99589404
40.02110181
40.27230832
40.27739006
40.31473356
40.57338848
40.60415711
40.66805004
40.78236891
40.92469215
41.01299220
41.04753453
41.06164342
41.11112227
41.17240630
41.33745150
41.40121816
41.48795742
41.50779018
41.53306967
41.71507303
41.74253751
41.74447320
41.84666017
41.85667993
41.91296211
41.91441049
42.09916231
42.20877037
42.24618398
42.25295876
42.25438652
42.30044339
42.40306386
42.41753694
42.43151196
42.47874486
42.52770713
42.53554896
42.56766449
42.92221573
42.94421873
43.02700695
43.35925457
43.53275946
43.58176530
43.65135161
43.71441680
43.77664981
43.81230833
43.93472522
44.03203063
44.06938958
44.07398084
44.31633700
44.43277817
44.49033803
44.63273024
44.64617359
44.67699850
44.87925338
44.97881112
45.00311238
45.08521428
45.21878586
45.26507017
45.31447911
45.36211035
45.52058636
45.52859832
45.53162517
45.54558431
45.59954042
45.68560250
45.80214755
45.86016197
45.89589070
46.20687132
46.26936419
46.28315965
46.32575715
46.47097324
46.50513828
46.64493904
46.69480534
46.79512710
46.79713065
46.89113539
46.91389252
46.92722241
47.01703522
47.08412879
47.15676770
47.17882961
47.23878441
47.36696240
47.44514818
47.46193940
47.58728381
47.60974478
47.65603227
47.82817448
47.89734217
47.92609575
48.11163892
48.17403630
48.20360652
48.21364518
48.34349697
48.37081099
48.43328893
48.47911279
48.68501769
48.91691220
48.93777328
48.98679436
49.00471444
49.07153959
49.10379889
49.47799494
49.70110292
50.14033012
50.21264090
50.24068126
50.26303616
50.30198374
50.30530361
50.30900343
50.39002214
50.46488417
50.56719916
50.64006912
50.71079710
50.85998373
50.90667954
51.03099034
51.09514325
51.12172607
51.14886019
51.17899714
51.21731086
51.26666658
51.49700744
51.51357689
51.52672893
51.57347138
51.68424642
51.73196610
51.76532674
51.82123659
51.82372455
51.83334945
51.90965950
51.90974577
52.09517022
52.12889465
52.17593961
52.20369848
52.27944073
52.33175640
52.42149792
52.44880426
52.72989029
52.75728145
52.79510294
52.81455815
53.01538497
53.18425821
53.27702456
53.39466036
53.42077175
53.71522225
53.75813254
53.75814449
53.77735374
54.00470237
54.06065757
54.14752621
54.20948000
54.44519863
54.56799623
54.62059040
54.80017141
54.92164049
55.15557374
55.27344946
55.29474046
55.32099457
55.36323338
55.38288058
55.42844589
55.77712516
56.11485719
56.19668795
56.60576505
56.70026572
56.87620194
56.91635674
56.99316475
57.22670210
57.25831546
57.40378213
57.93004231
57.98293673
58.18445957
58.19522583
58.20880702
58.20891774
58.23595423
58.25403722
58.25415288
58.29359936
58.35368154
58.45305962
58.46710394
58.52122917
58.57338263
58.65782294
59.01299347
59.03430358
59.09574285
59.25812320
59.25818770
59.35337265
59.45391012
59.46260227
59.85442152
60.02540673
60.08150866
60.09611031
60.15546196
60.16229038
60.16297717
60.23861850
60.25843622
60.41489525
60.44344191
60.47534204
60.66067246
60.69599557
60.71605249
60.93353902
60.99183402
61.15364860
61.16312553
61.18734506
61.31979674
61.32127557
61.36881242
61.46122755
61.48705171
61.59143539
61.84636723
61.85025665
61.85035185
61.96138165
124.00000000
