0.09294572
0.13431536
0.15135462
0.17631881
0.20994042
0.31046689
0.37210349
0.37493663
0.41505783
0.41846526
0.56314500
0.79564877
0.89424761
0.91183929
1.04280724
1.11108392
1.12336300
1.19740429
1.39434183
1.57566859
1.64104773
1.70425017
1.77360844
1.80773270
1.85868025
1.92048619
1.99844952
2.08831226
2.08912629
2.15680949
2.26601503
2.31335446
2.35805660
2.42139160
2.42929681
2.59376423
2.70317412
2.79640157
2.97654176
2.98944997
3.00413573
3.08793082
3.11005353
3.12837332
3.14116123
3.27937844
3.28789334
3.63706682
3.65572412
4.04006483
4.05188028
4.43362098
4.51810194
4.60255048
4.61551542
4.77973483
4.85354625
4.87476038
4.93215866
4.98223407
5.06190957
5.12508493
5.19616783
5.21131378
5.22826516
5.23951551
5.35330002
5.39556971
5.40633629
5.41604365
5.47676559
5.59168312
5.67175113
5.76055019
5.81222746
5.96536495
5.97480241
5.99484629
6.05767576
6.28447142
6.32684743
6.37177676
6.41214209
6.44365701
6.53647667
6.72858820
6.79972035
6.98829313
7.11264108
7.11438555
7.18328892
7.21010795
7.23492529
7.29782136
7.39924293
7.43270120
7.47331019
7.47681350
7.62292131
7.64523330
7.67796519
7.69258050
7.87283301
7.93746416
7.95740126
8.05084014
8.10334919
8.11290366
8.16221927
8.18067270
8.28976833
8.29770511
8.34799038
8.35771430
8.45296959
8.47667840
8.47833433
8.49061509
8.51098867
8.55824575
8.76804382
8.91357604
8.92665621
8.94662881
9.03203567
9.15119448
9.19563784
9.32464249
9.38219201
9.52994944
9.58934264
9.92661178
9.97954156
9.98866974
10.07196625
10.10945033
10.11100829
10.20116925
10.28259935
10.32979168
10.34593029
10.36853461
10.41351280
10.48848046
10.49412705
10.55810622
10.61470803
10.62164843
10.70805563
10.79279489
10.81655997
10.96794525
11.17375901
11.62866357
11.62992303
11.68108796
11.85242622
11.87440723
12.03532074
12.17998838
12.32097784
12.43212975
12.46714271
12.47053576
12.74908918
12.81484216
12.88329174
12.98456383
13.08097891
13.19371728
13.27435401
13.27531483
13.28139377
13.29233203
13.37148022
13.42279856
13.44505435
13.52560545
13.60556061
13.61537089
13.64674773
13.68093286
13.72507706
13.73448274
13.83510680
13.84978358
13.90178039
13.96353760
13.98103834
14.03948747
14.18321619
14.23256960
14.29117744
14.31909346
14.32370039
14.39660786
14.44405440
14.51721975
14.73026533
15.14367469
15.18645484
15.29988934
15.39764398
15.44548760
15.62712624
15.63517109
15.81324006
15.85667648
16.02175568
16.09284163
16.11878163
16.22703974
16.31404763
16.33018334
16.51669376
16.53775525
16.56895227
16.57454018
16.73173428
16.90668002
16.97768877
17.00314406
17.01211221
17.23577127
17.27145279
17.29373116
17.37973106
17.42106032
17.42997401
17.50311051
17.64247727
17.66338614
17.66397710
17.74869826
17.78421145
17.80587668
17.88233760
18.00466183
18.00713086
18.02241967
18.07653063
18.19012584
18.21673079
18.25420309
18.60025016
18.76701652
18.99310946
19.02071045
19.04300791
19.09170440
19.20877486
19.22690649
19.36540310
19.58595768
19.64782751
19.76222970
19.76469864
19.86309137
19.87914305
20.02909479
20.25666562
20.46381557
20.59362663
20.59653712
20.70884571
20.77003491
20.77449856
20.86593468
20.98745566
20.98931910
21.01173171
21.01193447
21.04673899
21.07985814
21.09321490
21.18968678
21.23394134
21.25213739
21.31286923
21.32475386
21.43994498
21.48934397
21.62000731
21.63280026
21.75932279
21.77847447
21.83831942
21.95123374
21.99401649
22.02883553
22.09565222
22.28559787
22.44670518
22.45109189
22.48682645
22.56024624
22.61328633
22.70309386
22.77488322
22.88600307
22.95519045
23.05502059
23.12041542
23.12432141
23.24847565
23.26672357
23.32747740
23.48736009
23.68699290
23.74502501
23.76913051
23.89340910
23.97357545
24.09946064
24.12710983
24.20248557
24.20457258
24.24863940
24.25131411
24.26875807
24.28696485
24.39872667
24.40424538
24.48116911
24.52775134
24.63647951
24.90041109
25.05207894
25.07711805
25.15060723
25.15773566
25.18412961
25.34070590
25.37314824
25.46156880
25.61457428
25.70815483
25.73034243
25.75894688
25.77075520
25.79402730
25.79818021
25.85509533
25.89579525
25.97791367
26.00703099
26.02663835
26.07564258
26.12072884
26.18649464
26.20229614
26.25532214
26.29362223
26.38211273
26.43161865
26.59633769
26.63013725
26.68395421
26.78242021
27.05609219
27.12821365
27.14748985
27.27854674
27.30088640
27.41399940
27.65868052
27.69265032
27.69331684
27.72701829
27.79619862
27.95539465
28.03977617
28.10029452
28.12545859
28.13953339
28.18692039
28.24909060
28.31835815
28.34713451
28.40254208
28.43859168
28.52736404
28.53842749
28.55465947
28.65602625
28.73664197
28.76683476
28.80765190
28.82094436
28.86556634
28.91786188
28.98254269
29.00146587
29.05766899
29.10871578
29.29782768
29.49088177
29.52140315
29.54257043
29.55760534
29.60909584
29.86436338
29.99836802
30.02677273
30.05031035
30.07031280
30.17989380
30.35083882
30.42565832
30.49347206
30.49964418
30.52292746
30.59311816
30.78967446
30.87744480
30.97673048
31.02877985
31.03248063
31.07125466
31.10716691
31.25790262
31.29602717
31.34093946
31.42129372
31.43766251
31.48732347
31.53997326
31.69616257
31.74487343
31.81515656
31.92063492
32.01194722
32.04302282
32.31455600
32.34063938
32.39742438
33.09423511
33.14749220
33.18887323
33.20692689
33.30086881
33.34437290
33.49332641
33.53245176
33.53438733
33.57745140
33.79651756
33.83989976
33.85644027
34.21422210
34.32551853
34.38553144
34.44925072
34.61091974
34.64579314
34.65150625
34.71772812
34.79075661
34.92451025
34.93751187
35.04229895
35.06790083
35.07761272
35.23589291
35.39153471
35.40288148
35.42027498
35.50743321
35.58887589
35.69852909
35.73436510
35.76457909
36.00000481
36.05544231
36.09256812
36.14060492
36.19934139
36.46268598
36.54385701
36.72460725
36.72766610
36.89056148
36.91094432
36.99602956
37.05119762
37.05590369
37.21246846
37.33843745
37.40310162
37.43889143
37.45668376
37.55230579
37.56499999
37.75447139
37.97899348
38.03513511
38.03709185
38.14189251
38.39898161
38.52641301
38.83487726
38.93355214
38.99062358
39.11936816
39.13253733
39.15168676
39.16003725
39.20893256
39.26694359
39.37209962
39.45678287
39.46624040
39.64663690
39.74833027
39.93799154
40.01298582
40.07552709
40.09603697
40.13133685
40.13154528
40.29427425
40.36562255
40.36862350
40.37899095
40.42351985
40.63781782
40.82555373
41.01146505
41.03386182
41.06175007
41.09210001
41.12570467
41.13777547
41.15643477
41.18207892
41.22174243
41.42269479
41.74027771
41.84234750
41.84666017
41.89580436
41.99923993
42.24051239
42.30406322
42.32620972
42.33379142
42.35907784
42.39333589
42.41784570
42.45824504
42.46874565
42.50836122
42.59198318
42.70764960
43.12850448
43.28151204
43.46085067
43.67331689
43.76825996
43.91880549
43.98624735
44.01713635
44.06200214
44.06565869
44.10254917
44.13859418
44.13894102
44.22345833
44.22782662
44.26942628
44.35082939
44.38975677
44.41609604
44.42454919
44.44954989
44.45498219
44.48850643
44.48965766
44.51588391
44.79016586
44.80934302
45.17584443
45.17919967
45.27917656
45.54992446
45.55551726
45.61830329
45.83055472
45.91552684
46.05542016
46.11572324
46.17203885
46.17785653
46.32912035
46.41364082
46.53381246
46.75276682
46.78325601
46.83530676
46.85465612
46.85549106
46.88971944
46.93098108
46.96300987
46.98495272
47.14701546
47.30176500
47.37520315
47.47143797
47.53046633
47.57424092
47.68441217
47.71669943
47.73553090
47.90771378
47.95996169
48.09080519
48.21642711
48.33661647
48.46528738
48.51063386
48.55348842
48.57401604
48.58668282
48.72743753
48.90961484
49.06274920
49.19456206
49.25703787
49.37500241
49.43166511
49.49977398
49.88118359
49.89372910
49.90458918
49.99214485
50.09454568
50.15604184
50.17758681
50.22317424
50.46379239
50.61044284
50.75944569
50.91703619
51.03165427
51.04045185
51.21269397
51.31901407
51.32973041
51.36938869
51.50297815
51.61876723
51.65477270
51.66648053
51.85528704
51.93216093
51.97117104
52.03432137
52.06247030
52.09561094
52.28414121
52.37619182
52.41607861
52.45712853
52.57884605
52.59504518
52.81074030
52.82462102
52.90725404
52.96967787
53.05178671
53.08924735
53.24132454
53.27290382
53.31120779
53.34931646
53.34994454
53.37224178
53.41213099
53.56710928
53.57031201
53.57439951
53.79983795
53.82367720
53.88598319
53.92124911
53.92674530
53.95897956
53.98440887
54.08316394
54.12897926
54.38321635
54.45799622
54.50691995
54.82118119
54.95069067
54.97442552
55.02677381
55.70975824
55.90620578
55.94646275
56.05627721
56.18593341
56.25432290
56.25552539
56.33528186
56.36890707
56.56378890
56.80186560
56.86192885
56.93717586
56.94416700
57.26526117
57.33976628
57.34809626
57.37866441
57.42693136
57.43055045
57.60137886
57.99451246
57.99502221
58.04356498
58.27409392
58.32708330
58.49688891
58.50530282
58.69755871
58.70018751
58.71209209
58.81951697
58.95606622
58.99115941
59.13686709
59.16079202
59.17840871
59.25918526
59.38753973
59.53659530
59.61577163
59.75337376
59.75691241
59.84533445
59.92058201
59.98703621
60.07282845
60.15828809
60.24542313
60.28017683
60.35549069
60.38028834
60.61971438
60.75125669
60.75538187
60.84887474
60.87383189
61.23703980
61.24638318
61.29396205
61.32915600
61.36072602
61.40887880
61.41397816
61.48244620
61.60900570
61.64500812
61.75510507
61.90677710
61.95375604
124.00000000
