0.07883764
0.14597170
0.31046689
0.31935634
0.40471465
0.40500773
0.46294257
0.51790278
0.55665985
0.66856951
0.66871315
0.70321199
0.72579820
0.86989594
0.92063595
0.98682880
1.01579166
1.04719010
1.30892101
1.37995493
1.45072224
1.47729899
1.52762827
1.70940932
1.78817353
1.79704930
1.88916918
1.99779432
2.01632208
2.03505753
2.10732569
2.25398457
2.26437914
2.29565368
2.33214533
2.33658525
2.36226722
2.46480968
2.61910251
2.80174172
2.86692969
2.92767058
3.08749622
3.36757271
3.47424138
3.48054951
3.68787983
3.77207485
3.88589539
4.01614347
4.02939473
4.04092022
4.06409792
4.12422467
4.27438750
4.28490891
4.28717218
4.32571618
4.37534218
4.37993516
4.50446795
4.59075200
4.74570899
4.74815125
4.84425542
4.85641252
4.87476038
4.91603642
4.97351763
5.08668462
5.14314085
5.21404839
5.25471793
5.31911780
5.39601325
5.44847729
5.53256661
5.56592588
5.59906264
5.62236715
5.63872420
5.75421280
5.87214206
5.88547950
5.89330671
5.93686337
6.08823003
6.10399741
6.15517273
6.17579313
6.18109112
6.29030082
6.37494515
6.38027711
6.52870314
6.65416251
6.83510557
7.05001174
7.07036377
7.10514830
7.37076863
7.46047328
7.59477992
7.62185310
7.63331413
7.72416388
7.77195113
7.84224648
7.97530995
8.23106996
8.24179801
8.30665605
8.33338590
8.41016221
8.52613773
8.54655400
8.67460995
8.67530048
8.74285157
8.77291037
8.87062233
9.15107765
9.16691821
9.19017033
9.20667207
9.23326113
9.26696109
9.31454926
9.36610450
9.52429439
9.54038877
9.59846763
9.61393696
9.69030356
9.89884273
10.26237183
10.27158646
10.31845779
10.49412705
10.61025702
10.76980239
10.88587241
10.89128532
11.05879335
11.16455687
11.27864752
11.29967822
11.32334435
11.33691915
11.39784540
11.42902234
11.44808757
11.53551248
11.68665199
11.86545760
11.92059304
11.95988700
12.01364882
12.11870756
12.44645089
12.63736673
12.72201832
12.73364904
12.91557487
12.94556377
12.97677201
13.04549128
13.18592927
13.38882911
13.38998336
13.64784183
13.68721749
13.74127527
13.80848563
13.98070816
14.02073991
14.03407395
14.10922535
14.15694696
14.36477012
14.43239351
14.50764402
14.60485594
14.62579428
14.69909160
14.79636087
14.79711325
14.80932968
14.88707962
14.96178809
15.03349758
15.08267967
15.13855951
15.20595504
15.28654522
15.38266298
15.43394840
15.66009582
15.78837983
15.81057356
15.87373561
15.98163613
16.03669811
16.08628171
16.09650249
16.13923169
16.19723589
16.28941880
16.51297808
16.57698951
16.82994669
16.87923214
16.92010840
17.07028079
17.11231409
17.12119004
17.16843787
17.25276639
17.29982174
17.36558217
17.55742047
17.61906251
17.78022012
17.87004151
17.88812754
17.93296132
17.96639934
18.02467250
18.09828647
18.17004568
18.25420309
18.34180473
18.37540887
18.49440689
18.58738289
18.79116458
18.93997009
19.04741504
19.04823222
19.20060767
19.26508971
19.50080347
19.53034881
19.54381582
19.57833590
19.70793642
19.72542169
19.73298636
19.74515380
20.07589998
20.46265345
20.53359737
20.73571460
20.83718973
20.86650981
20.94559069
20.97809579
20.98993165
21.03078642
21.06653338
21.09321490
21.12155176
21.26026317
21.29718565
21.34581608
21.37979010
21.40727028
21.41027933
21.41424992
21.70688123
21.93021585
21.96228981
21.99614624
22.07032720
22.11150271
22.14966179
22.18567934
22.25395372
22.26194495
22.37503949
22.39534283
22.49726987
22.53682699
22.53862040
22.54235628
22.54526857
22.63758308
22.67965911
22.76122148
22.76731681
22.80054755
22.98126539
22.98616996
23.07346032
23.35855430
23.36555100
23.53934134
23.55643167
23.64631909
23.65587990
23.67236106
23.74465666
23.85425750
23.90638648
24.10688850
24.18260734
24.24320592
24.33225467
24.39543691
24.41938371
24.43450418
24.52629657
24.54266179
24.61336308
24.69232651
24.91997966
24.92698343
24.97065685
25.04872301
25.09435136
25.13294050
25.34951644
25.47954936
25.57138471
25.71261909
25.78226899
25.84937322
25.87282197
25.89284666
25.92473807
25.94293502
25.98648718
26.04763755
26.13433385
26.19964594
26.36604274
26.38211273
26.42964456
26.52708113
26.57279245
26.57571120
26.58598160
26.70874589
26.73763038
26.79968999
27.18141160
27.19650329
27.29932031
27.34686086
27.41516604
27.48215052
27.56052977
27.59646880
27.60911897
27.65562260
27.69842808
27.78961605
28.22376878
28.32083686
28.48305355
28.48345371
28.71314971
28.84687922
28.84754236
28.89337637
28.91910524
29.00840355
29.01304140
29.06965040
29.10841390
29.21396626
29.31176094
29.60998745
29.68517606
29.71621196
29.86774023
30.21202785
30.35977143
30.36268238
30.45101303
30.49538433
30.51897017
30.57071399
30.58979603
30.59391112
30.59467644
30.68110474
30.78091106
30.79555169
30.83327542
30.98220190
31.05196760
31.21382258
31.33597970
31.38261580
31.59913297
31.62235015
31.69195661
31.73022944
31.76026354
32.13088575
32.13285487
32.23155644
32.23852382
32.28399931
32.45221585
32.52506996
32.54214537
32.75062458
32.77110931
32.83461525
32.94084947
33.19436388
33.23366029
33.27737953
33.36279199
33.38574130
33.50675716
33.57507046
33.58174946
33.76996457
33.81511247
33.91443371
33.94649465
33.96686245
34.10192194
34.15003693
34.20489552
34.20722082
34.27038714
34.34743731
34.35517067
34.51205591
34.53172173
34.59371939
34.75151342
34.79686165
34.82275363
34.93878825
34.98590127
34.99759750
35.04844702
35.21006580
35.28152194
35.35703348
35.43402009
35.50321195
35.53619992
35.70686711
35.93906774
35.94264543
35.98925663
36.08638667
36.19594702
36.21018564
36.22574760
36.28830621
36.33889163
36.41322489
36.43229034
36.63710809
36.65736651
36.73046823
37.12619999
37.14778338
37.15509283
37.67549543
37.69559363
37.76070908
38.09671535
38.26309116
38.44139924
38.48253548
38.93177191
38.96823140
39.18098060
39.19680635
39.30397505
39.40370015
39.48089712
39.49556070
39.50875536
39.56955985
39.79167552
39.93799154
39.99269164
39.99599047
40.02604587
40.12304460
40.18648220
40.23829951
40.82555373
40.92042425
41.14634159
41.27076785
41.27254176
41.32881999
41.48388118
41.51224828
41.60404147
41.77758313
41.91471997
41.96044700
41.96311231
42.08503347
42.10093870
42.16620877
42.22542358
42.22812481
42.38168492
42.56314476
42.81181299
42.87779899
43.00467124
43.08859421
43.12822363
43.13635769
43.16289281
43.19398220
43.28987070
43.44982940
43.85608014
43.90840019
43.95762224
44.16084664
44.28075347
44.36159874
44.38975677
44.57680503
44.64976503
44.72598983
45.04988355
45.07308684
45.22052655
45.22804230
45.27102516
45.31139777
45.49930969
45.50853894
45.60457064
45.75679281
45.88755868
45.98994357
46.11919799
46.28784177
46.31306699
46.53746183
46.60682810
46.64509458
46.68221748
46.68956603
46.70919149
46.71200985
46.80679718
46.95699348
46.95878926
47.00451668
47.02625478
47.09328788
47.13487988
47.20334938
47.22589515
47.60792368
47.65000591
47.74862624
47.79350767
47.83702977
47.86326197
47.89982025
48.00665569
48.01917869
48.21574916
48.35330285
48.47471969
48.70310376
49.05083806
49.07986098
49.10794904
49.23218287
49.38175442
49.41292769
49.44171865
49.72074866
49.84132954
49.87517001
49.98846602
50.09195925
50.25099718
50.28266378
50.34612421
50.38940787
50.57676182
50.71986667
51.02412145
51.11956189
51.15810802
51.26497456
51.34551221
51.34808637
51.37743267
51.38342393
51.39778949
51.43807640
51.50630361
51.58334517
51.68662267
51.69572863
51.76234312
51.97704258
52.08513468
52.21453284
52.44083755
52.47277038
52.54836902
52.59083326
52.67460740
52.70291180
52.76471660
52.76590640
52.86508845
52.92386937
53.11927592
53.13791475
53.23132899
53.26595712
53.39963746
53.43320859
53.63198554
53.67309646
53.68815435
53.81256144
53.91691814
54.04468325
54.07401020
54.36433766
54.41323605
54.52677544
54.70067906
54.78477367
54.78936877
54.80175174
54.89999631
54.93763127
54.98748609
55.07873858
55.25405116
55.37508458
55.41568076
55.49174003
55.88725583
55.93077575
56.01067562
56.01945634
56.17411644
56.40425145
56.80300522
56.87942393
56.92767437
57.00283166
57.04089589
57.04627197
57.08163993
57.14546106
57.22154042
57.33475815
57.37212338
57.63348940
57.77111470
57.80551167
57.98005242
58.04315959
58.23595423
58.26731157
58.34613552
58.49220460
58.53661561
58.62625163
58.64073323
58.68105241
58.75847701
58.99115941
59.07084539
59.19523155
59.35506415
59.41032696
59.57499421
59.57992660
59.71083013
59.73638278
60.03945293
60.17650112
60.31655013
60.33503437
60.36423406
60.44698299
60.47090192
60.58602157
60.79959355
60.80451727
61.07418575
61.08313838
61.13001325
61.17202791
61.19910040
61.20095100
61.27977830
61.28649118
61.35354096
61.36092027
61.37628491
61.51228492
61.71019679
61.80061029
61.80289023
61.92700742
61.95606924
124.00000000
