0.05548070
0.05590541
0.15103169
0.16151347
0.28755739
0.32198773
0.36031254
0.46185349
0.51534674
0.67552809
0.76061472
0.80504298
1.04345621
1.04975644
1.06029212
1.09231012
1.13792324
1.26030773
1.39360555
1.42009038
1.44155010
1.45527093
1.48492695
1.49445888
1.59786258
1.62447181
1.64567527
1.65520485
1.72174063
1.95373931
2.17181159
2.18549549
2.20117120
2.25305783
2.32317250
2.45747757
2.50937414
2.74410078
2.81696545
2.97287613
3.00022888
3.02920663
3.04502453
3.42851188
3.43604731
3.44385912
3.55075206
3.68253464
3.71221883
3.92889451
3.99030657
4.12348070
4.12414286
4.13122452
4.20398663
4.28154920
4.29064680
4.30305381
4.30852927
4.45991187
4.58518185
4.65319683
4.67567977
4.93256638
5.16754079
5.24786746
5.49487850
5.51929686
5.59955214
5.63590608
5.76556040
5.92054827
5.95469183
6.03881162
6.16647946
6.18592500
6.54647776
6.63988264
6.65980263
6.71348552
6.72064865
6.73031737
6.79661680
6.84377561
6.96685875
7.04925503
7.06796931
7.13488612
7.18767743
7.31047045
7.33859088
7.36633469
7.40734512
7.41124274
7.53117749
7.59798474
7.72754338
7.79889033
7.81969775
7.96821924
8.01880980
8.02940222
8.09369117
8.10900394
8.21554601
8.45105545
8.48366502
8.52252469
8.54057559
8.78574602
8.79855684
8.85890581
9.04307902
9.05658587
9.09208256
9.10133578
9.12226658
9.23545260
9.27128736
9.31911860
9.39023958
9.39516602
9.45463571
9.47645618
9.66889843
9.74756815
9.84340440
9.93280958
10.19030175
10.30311201
10.31887964
10.32287666
10.34593029
10.34949848
10.48833727
10.60506186
10.73357492
10.90442288
10.96428564
10.98870777
11.01449159
11.01815853
11.02970988
11.09103328
11.15978473
11.25228256
11.33302073
11.41693678
11.46319620
11.89404521
11.97162427
12.00010961
12.03532074
12.05722783
12.17684898
12.46306162
12.48685338
12.68706652
12.73311949
12.81908719
12.83019396
12.84500233
12.87328797
12.92522930
12.96897769
13.00073229
13.07649130
13.13797218
13.19617188
13.22572936
13.27156930
13.30409688
13.43007758
13.50927929
13.73007421
13.85013874
13.99810087
14.12742588
14.17046486
14.37239169
14.41060175
14.41449629
14.44405440
14.48126442
14.48353304
14.49922025
14.53478878
14.53803337
14.64277379
14.71272968
14.76579909
14.94712810
15.03349758
15.05463594
15.11783961
15.12674655
15.29054282
15.29988934
15.31584843
15.67917765
15.81642412
15.85030133
15.87973781
15.94184706
16.05463832
16.15512572
16.25352477
16.26161720
16.29320136
16.32567152
16.45734121
16.45955821
16.58795854
16.61912527
16.66297761
16.74604890
16.77763697
16.80744768
16.85401029
17.02613744
17.24454468
17.29939203
17.34027364
17.56379921
17.64211117
17.64650471
17.75318996
17.87979467
17.90804759
17.95038246
18.19039028
18.24804784
18.35480523
18.37841215
18.42497184
18.56041897
18.61175009
18.84452941
18.94101179
18.98377637
18.99533977
19.33740267
19.53976802
19.54459873
19.65169070
19.68929254
19.79654225
19.88744344
19.91594249
19.92677554
19.93358211
20.10362500
20.13481678
20.22556204
20.24530474
20.30102887
20.32363970
20.33431212
20.43396196
20.45992554
20.52023144
20.52781121
20.59755426
21.07546279
21.23482314
21.28347189
21.31831889
21.35073803
21.63784398
21.65221568
21.72630992
21.75932279
21.76315131
21.79585118
21.80296380
21.99830959
22.12169002
22.36326563
22.41654553
22.44077191
22.44787079
22.45760357
22.45827731
22.56402307
22.60042601
22.79134487
22.94507996
23.03755472
23.15288431
23.16548392
23.18412339
23.42309725
23.43763944
23.46208797
23.57519112
23.59191212
23.80147115
23.96494489
23.99311791
24.07828890
24.15431848
24.15767204
24.27114704
24.34249832
24.41441406
24.41524601
24.43660643
24.46406756
24.55020353
24.66125640
24.77007449
24.82527561
24.86678233
24.93197743
25.07768448
25.09261071
25.27403531
25.53601698
25.79684100
25.97214685
25.98381550
26.12885841
26.14240422
26.24922740
26.55290785
26.57279245
26.66875655
26.76323123
26.88132819
27.16778622
27.18748702
27.19580442
27.31922548
27.33154195
27.37214051
27.51851415
27.51953073
27.58331637
27.60796972
27.68115290
27.87454650
28.04388793
28.23448863
28.28471670
28.33960469
28.42356774
28.50367237
28.78696370
28.81845099
28.82423518
28.83067401
28.84550308
28.98645552
29.02593939
29.13924568
29.65156130
29.67457102
29.74812989
29.87720604
30.06772540
30.07734268
30.17562699
30.25001329
30.30482513
30.32412380
30.62913551
30.64078828
30.66477493
30.66775489
30.69535157
30.74374913
30.87125919
30.89361566
30.93009696
30.94630310
31.00255144
31.13728080
31.21650538
31.32999829
31.51004160
31.55884343
31.63006334
31.68603889
31.93710598
31.99144927
32.07922088
32.46273884
32.48815970
32.63065054
32.67835206
32.91323361
32.97473351
33.10822031
33.26683371
33.26816938
33.64813508
33.68241130
33.70934589
33.82541721
33.83849607
33.93643621
34.03596760
34.05458884
34.11014905
34.16224323
34.25363240
34.29926408
34.39138489
34.57916253
34.71454963
34.71707217
34.74917210
34.78219378
35.12455717
35.23589291
35.30387014
35.33319596
35.48672634
35.56890860
35.61058165
35.61695340
35.71497740
35.82812301
35.93807150
36.13275388
36.15300154
36.28826977
36.29595385
36.34952148
36.38525735
36.48390601
36.51931342
36.56083438
36.59989173
36.67810086
36.69795102
36.72412490
37.02267036
37.02676599
37.13143834
37.22944186
37.27807036
37.41814564
37.82345685
37.87280347
37.96464799
37.97117701
37.98460157
38.00347288
38.14998290
38.15219456
38.39791031
38.84368678
38.98317505
39.09700277
39.11884944
39.16003725
39.21809633
39.27864082
39.39379658
39.49445320
39.67246411
39.83935286
39.91711270
39.94217931
40.02008910
40.03688317
40.10040451
40.16171253
40.19969935
40.24968513
40.38402945
40.67564071
40.77888957
40.79161189
40.86806499
40.88729281
40.92313729
40.94759247
40.99352379
41.05305482
41.12014322
41.31210248
41.34308363
41.68134356
41.78669570
41.87839805
41.94945016
42.00818054
42.17400883
42.24330264
42.39913660
42.46951672
42.63578845
42.76833001
42.79353602
42.81183261
42.86111046
43.06985544
43.10490369
43.11827173
43.13545559
43.14431878
43.36445413
43.39172882
43.41158049
43.48162480
43.55204770
43.70966519
43.74420738
43.81981171
43.87262956
43.97332647
43.99732006
44.15335661
44.23151842
44.23416040
44.29722606
44.44313366
44.54893154
44.57316864
44.63742329
44.70351806
44.75938956
44.78712097
44.83274026
44.89396764
44.90492328
44.92504003
44.93730804
44.99987596
45.04261619
45.08190668
45.20313404
45.34354137
45.58144093
45.74230732
45.78054661
45.86356072
45.93724746
46.09594270
46.12667187
46.12898250
46.16480717
46.27316858
46.33632061
46.54431425
46.74565676
46.75648696
46.91178464
46.91932621
47.05035232
47.05176582
47.10998238
47.12406137
47.37092056
47.46978206
47.52924636
47.56692527
47.78081844
47.81769917
47.82825429
47.82930530
47.90580119
47.96525955
47.96634923
47.97826628
48.02571502
48.08873037
48.12210391
48.17749827
48.27883769
48.51793414
48.52399273
48.58868609
48.72413635
48.88622054
49.04336007
49.43638310
49.43829741
49.46291827
49.49269083
49.53283061
49.58869810
49.76983350
49.83583313
50.05523076
50.47317442
50.48455117
50.62202032
50.66928591
50.75443133
50.79220116
50.80662480
50.97337230
51.23780120
51.26338570
51.36148308
51.37295275
51.42167631
51.60917471
51.70583196
52.01647378
52.02971275
52.06233204
52.30078429
52.33568212
52.36725371
52.52975099
52.59809341
52.73640519
52.78209550
52.78980573
52.80303196
52.83537617
52.95876769
52.97375864
53.04760222
53.12902503
53.15535849
53.17427402
53.23702386
53.36439284
53.51197922
53.52875542
53.54883200
53.62387514
53.62423341
53.64639313
53.68378734
53.78096608
53.88394305
53.95897956
53.98132101
54.04821946
54.11846689
54.17017348
54.29227283
54.32014567
54.32779627
54.34246571
54.40344090
54.40495166
54.41296852
54.50450838
54.80316179
55.35260531
55.37146030
55.37574154
55.38885957
55.45568790
55.65821248
55.73067330
55.84683899
55.88032830
55.95763950
55.99996809
56.07362981
56.08094583
56.11596899
56.28345810
56.28513458
56.28688023
56.29666753
56.35426708
56.36373680
56.63876734
56.65046789
56.67056541
56.90938972
57.00273078
57.06949874
57.10823290
57.16795514
57.43762584
57.57201394
57.62817615
57.67318650
57.67862858
57.80051615
57.84329426
57.89270457
58.04356498
58.07646764
58.09976190
58.14025582
58.14617107
58.24079118
58.41345305
58.81923150
58.82125451
58.87307892
59.00293721
59.19654033
59.20643285
59.21930388
59.35299246
59.36153334
59.37899369
59.39731156
59.40806120
59.42241349
59.65067116
59.67297391
59.74056960
59.97122974
59.97317602
60.06599579
60.13728130
60.16229038
60.30675465
60.44138536
60.70290813
60.79959355
60.87474662
61.00780345
61.26982848
61.38894344
61.39844230
61.60955887
61.66666638
61.71880299
61.73157387
61.75510507
61.78281041
61.79697587
61.90934492
61.95606924
61.97928464
124.00000000
