0.02565472
0.05434769
0.12089883
0.16117335
0.17355442
0.20618344
0.27757490
0.32205485
0.33819335
0.39351948
0.45116594
0.57447624
0.69530645
0.77293148
0.80193281
0.87498754
0.88913422
0.89702836
0.90235413
0.96420113
1.09610628
1.11214798
1.23176266
1.31909473
1.38560717
1.47475689
1.50311649
1.72947401
1.73945163
1.74890623
1.78173698
1.80227913
1.84909659
1.96066718
2.27405429
2.42307687
2.61351465
2.72068022
2.86219690
2.93226238
3.02287506
3.03157775
3.14473931
3.28365455
3.32707035
3.37867203
3.38302424
3.38903042
3.49160522
3.58983511
3.62473493
3.68687913
3.76338650
3.77383277
3.78897345
3.80209572
3.90498281
4.12039147
4.12653602
4.13340618
4.23773370
4.28766005
4.31372860
4.31984127
4.35005072
4.36550072
4.46976478
4.56693020
4.73769631
4.83921595
4.84425542
4.95538952
5.03751571
5.11714039
5.15768232
5.21729058
5.25370452
5.28246329
5.65750655
5.74529088
5.75441980
5.77669766
5.78639918
5.80872328
5.83618972
5.87214206
5.95296665
6.12033461
6.14561811
6.48288703
6.57391603
6.62388120
6.64274341
6.65096959
6.67084789
6.95953535
6.96685875
7.31807223
7.32002708
7.46085153
7.59900326
7.64024170
7.66427315
7.68432019
7.78649536
7.86253631
7.88871324
7.91178020
7.94306193
7.94526820
7.94800849
7.94890375
8.05084014
8.09203171
8.10356919
8.10931608
8.13051408
8.13377341
8.13933069
8.16598322
8.20847447
8.30665605
8.40417425
8.58854430
8.74090554
8.74384811
9.03850334
9.16391547
9.25363717
9.37918616
9.42680662
9.46679540
9.79176964
9.80743813
9.86861229
9.92928744
10.00519396
10.03421037
10.43860604
10.53787149
10.57654974
10.59623607
10.80473460
10.81619473
10.85107831
10.86832780
10.97618929
11.04194406
11.15975965
11.16722623
11.24361814
11.25336575
11.27134160
11.27900593
11.55282287
11.79155180
11.80647666
12.01399981
12.08562951
12.09044469
12.11943371
12.22097641
12.45362062
12.45399672
12.50844533
12.57998899
12.70127854
12.70203850
12.77570208
12.86375477
12.89481011
12.90776678
13.08081969
13.10776940
13.13554770
13.20280192
13.28261697
13.40905505
13.46946442
13.52465466
13.60495654
13.60556061
13.66364240
13.73695845
13.82107999
13.87700811
14.05650031
14.15016756
14.24784731
14.24883801
14.36917982
14.39792764
14.43560436
14.49604027
14.56251518
14.61330182
14.65650240
14.66372466
14.67912230
14.71868487
14.72668127
14.81679877
15.18752445
15.27752866
15.32000719
15.32767742
15.39577382
15.69515772
15.81071877
15.82286087
15.99170083
16.10164545
16.13053690
16.35386610
16.41812523
16.42389190
16.54426792
16.62901571
16.63436743
16.78559740
16.82366665
17.19876365
17.34036474
17.35365327
17.57813181
17.59907592
17.75318996
17.75540209
17.96257410
17.98009569
18.21849530
18.25728965
18.42955849
18.43276454
18.43753763
18.46067072
18.51689916
18.54292341
18.67330784
18.75174877
18.87493266
19.01576730
19.03146267
19.21184944
19.25140413
19.27617413
19.31939644
19.48546131
19.49964565
19.56168712
19.60188166
19.62379473
19.66452369
19.68767270
19.75939273
19.79316960
19.90536580
19.98693432
20.01563786
20.05251477
20.11725738
20.32087884
20.38029444
20.46728158
20.48196569
20.53630877
20.58124963
20.66632494
20.91048748
21.00024118
21.04818340
21.08516951
21.20898226
21.27003016
21.38647246
21.48194608
21.56564953
21.68937313
21.79399420
21.80583730
21.96799456
22.17379246
22.31916966
22.39306371
22.39787394
22.40288023
22.50360962
22.62587569
22.67752215
22.69876272
22.79526880
23.21671801
23.25293892
23.37847842
23.46371391
23.55410297
23.57519112
23.67009947
23.68344759
23.71606854
23.72372130
23.73183793
23.73359135
23.75555053
23.77276943
23.85449107
23.89236212
24.10418603
24.26534665
24.27409783
24.37766903
24.40165264
24.52503986
24.62203797
24.63660318
24.79095070
24.83126476
25.02480839
25.03782911
25.09436409
25.12770332
25.18412961
25.30046018
25.39725928
25.42040944
25.45844975
25.51590888
25.60063257
25.60666210
25.64587888
25.93523019
25.97240554
26.02691547
26.36604274
26.41908762
26.46148847
26.52107389
26.58289006
26.86457315
26.89661035
27.08521807
27.34726581
27.39187614
27.46456374
27.52844849
27.72302002
27.78699988
27.81757966
27.82359919
27.87276208
27.94545373
28.01409133
28.06673669
28.11074325
28.14612524
28.19645945
28.52015581
28.55834063
28.60682172
28.70287935
28.71106079
28.73161759
28.76884419
28.79458479
28.82396361
29.01582720
29.03193497
29.04985622
29.12582088
29.17713145
29.36448470
29.37502060
29.52263681
29.88706441
29.97877985
30.11924764
30.13119048
30.44060105
30.50089253
30.54601391
30.55582158
30.58935607
30.65387759
30.68189523
30.73253361
30.77069100
30.92236505
31.07105412
31.13235162
31.24200116
31.28963820
31.33693188
31.33833467
31.34374565
31.40820872
31.73396638
31.87508030
32.10210888
32.15062120
32.18906283
32.36135724
32.36370439
32.44368150
32.45880922
32.48378528
32.52107472
32.57749721
32.65014132
32.72676466
32.95699716
33.10972058
33.25472806
33.29560625
33.33381375
33.38320060
33.49693719
33.60287404
33.65017446
33.65857269
33.82341071
33.98335427
34.04261604
34.16510692
34.19986416
34.24712411
34.28213949
34.35382422
34.35829885
34.41156102
34.45284929
34.62036260
34.66730101
34.71315166
34.80806923
34.81002465
34.86171058
34.94234732
34.94387932
35.09491511
35.13733900
35.30277757
35.33861750
35.38599591
35.45348020
35.49529742
35.54004266
35.69130902
35.80406032
35.92196993
36.01312405
36.07394266
36.07916781
36.12550223
36.14266965
36.20587257
36.27851878
36.46684624
36.55261106
36.57088836
36.83769102
36.98280094
37.08359900
37.33290462
37.46147605
37.60683071
37.61481962
37.69889760
37.70548912
37.86263835
37.93300470
38.11500265
38.12830370
38.17707915
38.24571445
38.48783577
38.50223293
38.50957197
38.52846218
38.56868002
38.61836398
38.71391787
38.77151611
38.81830369
38.82085630
39.10321752
39.30746178
39.31564145
39.35725792
39.42604245
39.50654257
39.56987087
39.64164617
39.74647153
39.75756923
39.77545560
39.85345504
39.89498846
39.98354490
40.05380423
40.13225117
40.24940608
40.27623245
40.28933131
40.29819789
40.37349758
40.38698284
40.52217227
40.60893592
40.62029815
40.69096124
40.77888957
40.85140055
41.08233984
41.09171715
41.22845912
41.23278383
41.34701657
41.37653552
41.40655507
41.44768583
41.45802273
41.51224828
41.72009978
41.72451293
41.79520544
42.05720478
42.10889977
42.15195517
42.40576911
42.54111917
42.65216598
42.86591589
42.94249698
42.99714534
43.02700695
43.02983390
43.09924433
43.17656079
43.21107901
43.51647615
43.54405567
43.71968506
43.91336457
43.94448607
44.17834873
44.28403480
44.30287456
44.44140754
44.48870560
44.56377733
44.57459392
44.57679935
44.59708162
44.75534064
44.95486845
45.08299669
45.10033200
45.10835764
45.12214890
45.16371011
45.20047219
45.32413691
45.37837774
45.49484263
45.60632513
45.62910418
45.77208894
45.83733548
46.01823375
46.07302590
46.10034475
46.16781138
46.19526151
46.37807501
46.48694225
46.64005176
46.65348661
46.65360717
46.78427043
46.80074964
46.87121312
46.90472090
47.24571238
47.34820335
47.39444066
47.43141523
47.49133493
47.54997540
47.59145278
47.66340437
47.73265132
47.74656697
47.80095512
47.80633009
47.87124185
47.88454187
47.92324396
47.92675453
47.98600016
48.02873506
48.23896576
48.34209000
48.40571491
48.46557239
48.53085669
48.57484429
48.58314213
48.62709208
48.72328957
48.84925172
48.85724169
48.90354757
49.04931735
49.11175075
49.17611068
49.31049478
49.33494249
49.38314935
49.45985460
49.47879533
49.58086923
49.65490125
49.91954633
49.99539023
50.08069389
50.09454568
50.18127963
50.23616391
50.24381830
50.26407801
50.48944957
50.51712149
50.70161864
50.82552412
50.83888392
50.95905918
50.95921903
51.05787859
51.06280584
51.09280462
51.18608539
51.38588109
51.40478331
51.48669294
51.51596163
51.68812627
51.72297332
51.73471614
51.73971672
51.87154972
51.99537734
52.08661635
52.15465866
52.18452882
52.19839384
52.34506623
52.39425776
52.40104704
52.40251965
52.44052875
52.65910839
52.68335323
52.68903157
52.72542985
52.77130070
52.95784864
53.00222815
53.01465635
53.16327982
53.17689058
53.21630722
53.32948563
53.41743646
53.44235640
53.48708075
53.50599909
53.53893853
53.61439254
53.93866033
54.14639342
54.31261368
54.33477839
54.35261648
54.40651559
54.69204160
54.79948712
54.81439602
54.97272008
55.00790241
55.05446901
55.06228935
55.10536454
55.17061971
55.37626950
55.42141093
55.43846736
55.53990284
55.86260383
55.89440225
55.95854157
55.98949189
56.01316449
56.16588016
56.16845604
56.18593341
56.21210758
56.28178270
56.29756629
56.37955765
56.41024242
56.44579597
56.47434360
56.54278666
56.56303857
56.66106316
56.90012026
57.02529906
57.27536434
57.32691990
57.34325342
57.36155092
57.39004466
57.39997716
57.47464191
57.52559870
57.75147030
57.85042938
57.90341540
57.92253526
58.03832668
58.14630765
58.18745792
58.43349007
58.45386261
58.48700599
58.56297715
58.91892849
59.13686709
59.23721543
59.24603279
59.35822033
59.46927508
59.57138698
59.65718961
59.75254857
59.85206584
59.87832854
60.02428626
60.30675465
60.35369901
60.41200596
60.46898884
60.47092640
60.48231767
60.48998631
60.63607414
60.71839905
60.73079742
60.91033535
61.11745188
61.13565497
61.17908628
61.18568096
61.20529829
61.23673983
61.26748807
61.38344273
61.98032609
62.04776103
124.00000000
