0.01492331
0.11978101
0.18695534
0.28908243
0.48588911
0.51534674
0.55378652
0.57471937
0.62265796
0.69965094
0.77794508
0.92781806
1.07708961
1.31285759
1.33338326
1.60620183
1.61880832
1.71662186
1.81684966
1.87789376
1.90328066
1.90804769
1.99968273
2.03684426
2.10632907
2.14049724
2.44874278
2.45720055
2.46471393
2.54156765
2.68331057
2.69954143
3.15895827
3.33112378
3.36258664
3.41855963
3.52633033
3.54541637
3.63706682
3.77480600
3.78813683
3.91721006
4.00908823
4.03264794
4.30202403
4.35285716
4.36717571
4.64009957
4.70997353
4.89375147
4.94710240
5.01951708
5.09104897
5.19100523
5.26207299
5.33623112
5.36530529
5.39881769
5.40522879
5.48874202
5.74688642
5.79990187
5.81876698
5.90303776
5.90923045
5.91944004
5.94575590
6.04459426
6.26294341
6.32684743
6.37656726
6.44769217
6.48892985
6.88938890
6.92686317
6.98987601
7.12231392
7.12855070
7.20477804
7.30539437
7.32002708
7.33859088
7.34168428
7.43654853
7.51177335
7.70661767
7.72332203
7.77195113
7.87283301
7.93534656
8.23482091
8.25251460
8.28006527
8.31718475
8.32878602
8.38590003
8.49295543
8.61071518
8.82421885
8.86183381
8.94272739
9.00970833
9.01286785
9.03850334
9.12719238
9.16750356
9.27471954
9.31052233
9.37353164
9.55103295
9.58917978
9.80974084
9.84017435
10.03348602
10.17394337
10.22369992
10.23818194
10.37796801
10.39592861
10.44093493
10.45656365
10.53830002
10.54505436
10.59946816
10.85099212
10.90176015
10.92995314
10.98053403
11.01449159
11.04194406
11.09766097
11.10963092
11.14177956
11.25095794
11.41842295
11.46086124
11.54268212
11.57276848
11.64311307
11.81815525
12.23706764
12.44508438
12.57345391
13.03566779
13.09018559
13.18592927
13.25965379
13.46291219
13.47266852
13.53807544
13.76779977
13.84973057
13.99350713
14.06948521
14.08506615
14.32594863
14.34855785
14.56136758
14.57273855
14.69463419
14.70247123
14.74351788
14.78000882
15.01123401
15.03460779
15.11403942
15.14296672
15.25217177
15.39400241
15.40351970
15.46728099
15.68784508
15.82825397
15.96805158
16.02196092
16.02207882
16.17987962
16.30367857
16.35112195
16.50843862
16.51968363
16.54466627
16.87668440
16.97824200
17.09368481
17.09941543
17.22948328
17.32022555
17.49100670
17.63075403
17.65213983
17.67349823
17.75057875
17.75781477
18.04902964
18.06628269
18.12286956
18.13990377
18.19039028
18.20266248
18.31611420
18.32211345
18.50302211
18.50469130
18.50790786
18.59697551
18.73017694
18.75826124
18.76237171
18.94095016
18.95097481
19.02653535
19.03303340
19.18191082
19.20036821
19.22077327
19.29415349
19.34604943
19.47580951
19.58857471
19.60183022
19.62660559
19.64712893
19.69284343
19.86755337
19.91474044
19.99255280
19.99390494
20.07363455
20.10111378
20.14746389
20.21228431
20.27474374
20.30610428
20.38249898
20.46948673
20.52694036
20.56680927
20.60373430
20.62078967
20.76942920
20.81444272
20.84441508
20.90519117
21.07916422
21.11463436
21.17536015
21.27733587
21.28910986
21.32329119
21.43994498
21.65787507
21.66703045
21.69038738
21.76781945
21.78017789
21.84075751
21.90364756
21.98386155
22.12175384
22.25573844
22.33857113
22.37164470
22.54873709
22.58904648
22.67965911
22.80754339
22.90028755
22.93331887
23.18052040
23.24847565
23.28111745
23.38191820
23.38266418
23.46388559
23.53494434
23.57663192
23.60265101
23.74502501
23.74614502
23.82247440
23.83147933
23.83772389
23.86033544
23.86388211
23.92907708
24.09907829
24.16206416
24.24589936
24.28615519
24.29659999
24.30533792
24.32205659
24.32573400
24.40030820
24.50274923
24.55220949
24.60097660
24.67773435
24.73252131
24.74741691
24.81934551
24.97710795
25.25548979
25.37253857
25.37314824
25.38658966
25.52263045
25.52698924
25.57664079
25.60601335
25.96529315
26.18340047
26.25288796
26.27684290
26.42719803
26.45427492
26.49073757
26.53436573
26.56880869
26.61693326
26.66527772
26.70874589
26.94119063
26.95704433
27.17573209
27.19357933
27.23712768
27.45813682
27.65858110
27.73776237
27.78088591
27.81426631
27.83572503
27.89693965
27.96622425
28.18692039
28.19886686
28.28150184
28.47660173
28.51596333
28.64046783
28.79316173
28.83012065
28.94383165
28.95861066
28.98659926
29.07712947
29.15945983
29.21088368
29.27917226
29.30254154
29.38679295
29.40283017
29.40800167
29.44421843
29.50368390
29.54819653
29.58024685
29.60457291
29.67541338
29.85966089
29.95423884
29.96572431
30.02677273
30.06905270
30.21460971
30.23574999
30.26613109
30.27515515
30.30853947
30.36176036
30.40316314
30.43422552
30.47186819
30.51303619
30.58506834
30.70972707
30.98861426
31.15540876
31.24106750
31.26229645
31.26695687
31.41799479
31.64725502
31.70078122
31.70825562
31.74804590
31.86589541
31.92016472
32.26337443
32.26343076
32.37381725
32.39555933
32.46554291
32.55425653
32.56461242
32.76073223
32.78233761
32.85851005
32.96662161
32.99620382
32.99943874
33.02884247
33.14377917
33.16059104
33.22960620
33.30531867
33.33595557
33.34433697
33.38771026
33.41169300
33.60180010
33.61315340
33.73373687
33.90379419
33.94113437
34.12051815
34.16937793
34.20389514
34.24455501
34.30786323
34.31753617
34.42747178
34.56986532
34.65300749
34.68668116
34.73881037
34.83092080
34.86661692
35.06417025
35.11775600
35.29785514
35.45314098
35.69760258
35.72002444
35.81093584
35.84295728
35.87473374
36.21774783
36.21861138
36.25950055
36.34041386
36.42575120
36.50926038
36.52729839
36.57132087
36.62340578
36.64399097
36.67236123
36.67509702
36.71360619
36.84156487
36.94131194
36.97789896
36.99390549
37.21793067
37.57886420
37.61424182
37.71702310
37.75170189
37.89973569
38.06851868
38.08349777
38.14957641
38.20458706
38.27160849
38.29149074
38.54962507
38.57595309
38.85981712
38.96069260
38.96270196
39.02833071
39.04820842
39.06776553
39.14624453
39.26732765
39.29189520
39.32702402
39.35654931
39.52106517
39.77280622
39.99269164
40.07963313
40.10318697
40.20841204
40.27543758
40.31987116
40.45729457
40.48729119
40.60600272
40.81887761
40.82373451
40.92667077
41.05491694
41.31938422
41.32126739
41.34308504
41.38097393
41.73456037
41.78492330
41.80280013
41.96851803
42.00342378
42.29137049
42.36266197
42.36522338
42.37655418
42.42271769
42.53594128
42.64384971
42.71328540
42.71589536
42.76552586
42.83709596
42.86744505
42.92556425
42.92701941
43.06235073
43.12415284
43.12489629
43.16765683
43.19469458
43.22082149
43.26478342
43.30565463
43.47743632
43.53471778
43.59329653
43.80789699
43.84551565
43.89109107
43.90729215
44.01255650
44.16054655
44.26964574
44.41609604
44.57379776
44.82349984
44.97331906
45.00879206
45.08516012
45.19555942
45.20888917
45.31860417
45.39248218
45.48272413
45.48372011
45.49325440
45.51825334
45.62801843
45.73213865
45.77208894
45.80028764
45.87054949
45.88755868
45.99284251
45.99797898
46.04806336
46.05157827
46.14883255
46.15990053
46.21255662
46.21527126
46.29991923
46.42162323
46.50201874
46.51959181
46.70841136
46.75713725
46.78969732
46.80465064
46.88299197
46.90076558
47.02625478
47.08756364
47.08764227
47.15896253
47.28648724
47.33262152
47.39198885
47.49395428
47.55377139
47.61831044
47.68493825
47.73538168
47.81947504
47.84203295
47.98464026
48.01372693
48.22420667
48.29792097
48.34877922
48.42348014
48.58665616
48.66499261
48.73323826
48.73507252
48.94863098
49.02306054
49.05300798
49.12075159
49.19012667
49.31639165
49.43814789
49.51645463
49.57882816
49.63901281
49.66833599
49.94334396
49.95299304
50.03837980
50.41963527
50.88077309
51.07503863
51.08630488
51.19463391
51.26638745
51.30598046
51.39320277
51.50630361
51.51279783
51.68503606
51.73734916
51.81209625
51.82143728
51.83815123
51.86611480
51.93706959
52.11894022
52.14183024
52.35819938
52.40541790
52.46629985
52.50170696
52.56311868
52.61222441
52.61409359
52.62559533
52.70800878
52.71388202
52.87782513
53.04625751
53.06117228
53.23445215
53.24393592
53.26266873
53.38823441
53.59226676
53.80934694
53.88487295
54.00268448
54.06358560
54.09742729
54.20330666
54.26313830
54.31174484
54.37728052
54.38764771
54.50854510
54.53070262
54.57644774
54.66032159
54.78077220
54.78360956
54.91798090
54.92075203
55.01268535
55.04487125
55.06228935
55.29791958
55.39358182
55.40848879
55.44546671
55.53012807
55.64176307
55.65307405
55.70747398
55.79221313
55.84650687
55.86268815
55.90608459
55.94646275
55.99060535
56.03589923
56.04818270
56.07456684
56.26520381
56.34637263
56.36380315
56.48791109
56.66106316
56.68542749
56.85092654
56.92363310
57.06527416
57.17162624
57.31163478
57.34300789
57.61598884
57.70785460
57.83092541
58.03894968
58.05616965
58.14213313
58.15187955
58.16957904
58.39374267
58.42246868
58.43349007
58.44408199
58.46067276
58.47089292
58.55171040
58.59129156
58.90089253
58.95487983
59.09492067
59.12681065
59.12693165
59.27214657
59.28828061
59.34694912
59.45690160
59.49382528
59.56966416
59.78720293
59.78872153
59.86011782
59.86398213
59.91596068
59.96499467
60.15632158
60.33568108
60.34344971
60.42066626
60.53776826
60.71605249
60.77151340
61.09620156
61.11206186
61.25978228
61.41823555
61.67358168
61.94521908
61.98437377
62.03381105
62.07045995
62.14989360
62.19784367
124.00000000
