0.00129894
0.00395527
0.15671705
0.22495015
0.32198773
0.36761957
0.39872630
0.42794353
0.48822817
0.59325784
0.61147201
0.77575858
0.79442467
0.93897909
0.94715297
0.98536257
1.10286209
1.14950893
1.15076434
1.41689476
1.56739722
1.57104185
1.60488004
1.63457398
1.69337226
1.93691457
1.97150936
2.21839210
2.25792278
2.38193696
2.41659167
2.47229727
2.49320526
2.58620098
2.69282912
2.81685186
2.86356259
2.87907694
2.90064871
2.91328089
2.97264379
2.97815441
3.13050411
3.17402839
3.36291931
3.73332287
3.74129870
3.76917605
3.78910214
3.98614773
4.01614671
4.16942643
4.34618440
4.38030458
4.45276186
4.47585257
4.48662264
4.51499562
4.56453919
4.57332929
4.58592592
4.60255048
4.63565384
4.74855397
4.86911356
4.94899166
5.06493268
5.17288878
5.19276420
5.22069709
5.23381711
5.23809578
5.26545662
5.27609559
5.28945026
5.38825607
5.56445586
5.71069017
5.75489158
5.79340289
6.00922649
6.31325904
6.60127170
6.73106894
6.94351840
6.97158578
7.01935690
7.06426443
7.06891944
7.14047551
7.27623768
7.28816632
7.35560087
7.38059177
7.41827483
7.45035897
7.47568880
7.56931907
7.61258858
7.63431018
7.64042079
7.66273580
7.83985431
7.86944768
7.94306193
8.21554601
8.21568816
8.38103724
8.39478276
8.40047069
8.49393843
8.55385686
8.57280705
8.64248166
8.75116326
8.83878255
8.87047806
8.90317519
8.93258061
9.02390561
9.02517517
9.07379857
9.17087863
9.23478530
9.26310811
9.27128363
9.27767871
9.33344473
9.40210179
9.41773888
9.45463571
9.69544929
9.71630422
9.73520065
9.98592029
10.00316538
10.15385147
10.19444028
10.27475004
10.32816241
10.37462352
10.37572750
10.38282080
10.40009531
10.40879627
10.55242811
10.55885855
10.57239450
10.59806863
10.80125270
10.86818957
10.95751055
11.12857268
11.30915400
11.30958664
11.35541713
11.43919138
11.44894453
11.76842256
11.77663777
12.04276163
12.15508604
12.17376034
12.21552492
12.24143659
12.48618054
12.53639325
12.59055723
12.59746109
12.63573468
12.75567327
12.91804877
12.92590601
12.92630430
13.12023335
13.20927109
13.21070365
13.33059483
13.38220002
13.40245292
13.57221537
13.58936949
13.68240791
13.77624945
13.78347136
14.13774773
14.15827252
14.17454813
14.22262476
14.30925828
14.32190961
14.36917982
14.52091317
14.71849677
14.74654795
14.83877804
14.88097841
14.98630529
15.04538772
15.06352998
15.09473324
15.13537083
15.14079301
15.15598433
15.26393761
15.26896325
15.31363393
15.34472532
15.60339692
15.65802648
15.69425094
15.92039978
16.12304117
16.12590387
16.20555999
16.28507048
16.35112195
16.47896395
16.50454414
16.55438497
16.63452719
16.68009886
16.69938265
16.72205079
16.76561207
16.78559740
16.80965408
16.91370573
16.94007257
16.96516756
17.10486680
17.24929667
17.27231562
17.29101317
17.29424115
17.30544144
17.35598618
17.49311269
17.62217411
17.73599470
17.74780704
17.82896601
17.90804759
18.15012724
18.25304121
18.29917212
18.31128875
18.40766810
18.45161355
18.45329771
18.50946110
18.79038201
18.80838012
18.82410417
18.95244140
18.97683407
19.04472891
19.07421239
19.11992713
19.14281899
19.16866398
19.19107650
19.22527215
19.25436232
19.36155156
19.55747676
19.68476106
19.75816390
19.99124387
20.02386509
20.10060201
20.14024095
20.24980292
20.25222042
20.32680919
20.43918929
20.50601161
20.55349472
20.62175134
20.69512710
20.76351804
20.83524771
20.83952924
21.00031716
21.26443860
21.30796137
21.34665352
21.44611352
21.62211196
21.77780711
21.99398002
22.03941380
22.05740789
22.07122974
22.08291680
22.35282023
22.39320946
22.44818180
22.51423641
22.57336149
22.71342348
22.76712197
22.94608588
23.26072091
23.56219681
23.71264493
23.73615701
23.76913051
23.84096770
23.96160573
24.08482247
24.17763898
24.17810734
24.20662340
24.52521073
24.54109828
24.60716732
24.62969708
24.77007449
24.86629145
25.04447882
25.09709088
25.15489434
25.16960971
25.20743384
25.22949958
25.31954275
25.33879586
25.37146258
25.38680538
25.48583806
25.70439039
25.74808342
25.78226899
25.86275181
25.94597783
26.02630200
26.28125714
26.29279441
26.39689704
26.56163947
26.57435816
26.66736401
26.67387712
26.72485977
26.73654716
26.80046424
26.81200054
26.82412059
26.90679288
26.99057029
26.99854588
27.08320449
27.11334671
27.11798971
27.12893192
27.32244936
27.38234107
27.40126001
27.40574471
27.41335386
27.44726045
27.45590662
27.45813682
27.50180330
27.57834874
27.75066947
27.79360679
27.80105243
27.88103025
28.05747353
28.26852637
28.34081620
28.39100304
28.54000992
28.60682172
28.70764238
28.87210879
28.90580714
29.05136815
29.11396312
29.16645727
29.32823204
29.38614028
29.42578917
29.43184700
29.82199642
29.83891800
29.83928575
29.88631947
29.89787073
30.16533964
30.17358459
30.19448328
30.34915463
30.36074459
30.40316314
30.50479309
30.55494009
30.65263777
30.68944356
30.69911176
30.76471246
30.80255352
30.90210468
30.93015283
30.97363074
30.98596314
31.01361708
31.14796459
31.42184286
31.55839079
31.69195661
31.69710614
31.72612176
31.82991742
31.83831016
31.84103514
31.98143265
32.03621227
32.04524162
32.04684912
32.08059256
32.08174929
32.12287482
32.23138278
32.44908044
32.61667209
32.63020588
32.68038280
32.69677599
32.81935931
32.82526280
32.82894053
33.10717764
33.10758325
33.10914553
33.26230786
33.33668403
33.39728323
33.41593568
33.42325631
33.47473821
33.52360904
33.69089659
33.81022811
33.81688700
33.85898573
33.86765577
33.92732959
33.92899291
33.92968286
34.06600570
34.22181303
34.24258952
34.24259337
34.24434877
34.32506813
34.37474842
34.48771505
34.89116108
35.14817960
35.16069908
35.28428018
35.28561307
35.30489321
35.37091616
35.43024551
35.45016453
35.47752820
35.63229588
35.67979361
35.85570833
35.88461445
35.89265707
36.04247777
36.07263979
36.23752359
36.46410543
36.52243583
36.53008685
36.56027945
36.63576279
36.71321123
36.74203120
36.74769862
36.76041082
36.92543165
37.00017978
37.01655954
37.11739092
37.12088614
37.30172491
37.36115600
37.48022183
37.50495385
37.50922065
37.72125913
37.72480874
37.75487071
37.96158630
37.97904790
38.08492705
38.11674913
38.30778221
38.36828824
38.39124451
38.39862804
38.41582215
38.82132821
38.92674920
39.08897821
39.10398071
39.25197594
39.25651864
39.32623701
39.88422884
40.11539446
40.24935790
40.28653305
40.36436232
40.41710885
40.42420071
40.51450438
40.58605739
40.71739898
40.72475409
40.74561985
40.81024166
40.84664572
40.89186701
40.94005529
41.01299220
41.03197568
41.10067128
41.14124135
41.33585290
41.54506394
41.58563095
41.64875994
41.72393983
41.79221776
41.92310552
42.01749946
42.02462494
42.09739707
42.25510742
42.32061426
42.39077367
42.68550860
42.69065475
42.80388367
42.85409706
42.97129734
43.10499924
43.18549507
43.46777288
43.57615704
43.59053453
43.60540524
43.72241604
43.72301873
43.86475210
43.87033513
44.04837227
44.27611431
44.32402580
44.34421117
44.59238980
44.60369728
44.65506761
44.65569485
44.69756820
44.76159475
44.79852124
44.87642156
44.89084213
44.90304889
44.95559230
45.18410824
45.29696254
45.34277417
45.34870106
45.54642073
45.92371529
45.95264678
46.00489256
46.08528041
46.08963079
46.14883255
46.45783033
46.50534371
46.81533205
46.92747633
46.95524927
47.00866836
47.13706780
47.20216080
47.28727376
47.33930113
47.43906265
47.51754624
47.71407728
47.74680863
47.78529421
47.92397127
47.98600016
48.02873506
48.16040693
48.35835892
48.52075327
48.75922334
49.00226499
49.08605571
49.16911407
49.19927397
49.22539602
49.23853063
49.32277616
49.36951098
49.38175442
49.44204106
49.52792087
49.53866909
49.71907723
49.72031654
49.73832704
49.75525914
49.85724428
49.88983872
49.91550066
49.96002662
50.04950886
50.07526117
50.14004873
50.14374599
50.23717169
50.24820068
50.27216086
50.27855592
50.36608767
50.41414103
50.43113616
50.49896821
50.56719916
50.57169878
51.11797525
51.47228430
51.54104008
51.64719531
51.73249883
51.76260426
51.77484821
51.82310971
51.90042643
52.18815852
52.29902871
52.63677620
52.74185984
53.04170320
53.13791475
53.21087102
53.32744442
53.36371671
53.40267843
53.41817189
53.48082834
53.59493775
53.66158197
53.73932299
53.75739985
53.78267854
53.83009810
53.84736995
53.84821495
53.88598319
53.90348371
53.90897686
53.91061441
53.94543306
53.96930872
54.02393254
54.13757111
54.33366100
54.43473848
54.47233221
54.75536140
54.75980630
54.78980157
54.79198352
54.99284505
55.26234272
55.28263839
55.31071289
55.40848879
55.43946888
55.58002926
55.70747398
55.75494763
55.86260383
56.06152966
56.17086869
56.36990270
56.38629823
56.42635450
56.54411334
56.61628673
56.74170178
56.75131762
56.77270299
56.92761154
57.03702618
57.10823290
57.14156926
57.35040983
57.36886295
57.43032947
57.44270572
57.55607820
57.66685093
57.75267512
57.77868307
57.90071925
57.93995848
58.04677525
58.12661409
58.15966386
58.25881552
58.37118109
58.43101736
58.56462670
58.65359357
58.67097526
58.67749688
58.85342773
58.88903245
58.96808067
58.98770912
59.10532981
59.35562457
59.41112192
59.45957381
59.63394208
59.81431487
59.93075381
59.98271710
60.09359957
60.17135307
60.27334235
60.46048727
60.58523431
60.90187146
60.94765149
61.01487781
61.04816940
61.16059995
61.18668204
61.20599238
61.29065970
61.34016952
61.35333781
61.49291699
61.56372107
61.73924343
61.79827127
61.85006635
61.89985455
124.00000000
