0.04020356
0.05548070
0.08108695
0.11407746
0.38047460
0.39995893
0.44454515
0.53629741
0.56129217
0.63528523
0.71014875
0.78617674
0.82901531
0.84859141
0.90771588
1.03394557
1.07606177
1.14204483
1.17083623
1.24882239
1.26652516
1.32446399
1.35139476
1.45242995
1.57886148
1.76497300
1.85131958
2.02497097
2.05998151
2.07876427
2.10366104
2.16281058
2.20557391
2.21839210
2.31335446
2.31982228
2.40341879
2.42798184
2.50937414
2.59034082
2.62800075
2.65609721
2.83295110
2.93395440
2.98569138
3.05697389
3.14245275
3.19213606
3.25708852
3.28984131
3.48820186
3.52765258
3.69475089
3.83358612
3.89167313
3.92780675
3.97053810
3.97557290
4.33529230
4.44067845
4.69080205
4.88668697
4.90994439
4.94928819
5.11322012
5.17557807
5.32486631
5.48053150
5.59476851
5.69846050
5.73331998
5.78865603
5.83501826
5.86975183
5.91944004
6.04104354
6.29494448
6.41836090
6.48353159
6.54179786
6.68839133
6.71780404
6.84469347
6.86201187
7.04612871
7.05015562
7.35206605
7.35957090
7.58304735
7.62923806
7.68057221
7.69418360
7.85584655
8.02241359
8.21230021
8.36949438
8.48702383
8.51360204
8.68107935
8.71489730
8.80165878
9.05430576
9.09566128
9.10130066
9.19246316
9.24584232
9.25086067
9.25702560
9.25986595
9.35286033
9.39223192
9.56462176
9.57065879
9.64377533
9.78490650
10.24917592
10.30607189
10.44778533
10.59329953
10.62496685
10.70774221
10.79819682
10.87579832
10.88885320
10.96528627
11.10473448
11.13186052
11.19063157
11.26803964
11.47433727
11.71665441
11.73278741
11.77858908
11.81081497
11.84259955
11.96612227
12.12197759
12.15501150
12.27783949
12.28761039
12.64074239
12.70441843
12.73311949
12.74276893
12.74823011
12.87540230
13.05309336
13.06104457
13.21134396
13.28935330
13.40661166
13.50071222
13.60543254
13.63921220
13.69938301
13.73179998
13.74333404
13.82190468
13.91684100
13.92279212
13.94276921
14.22794685
14.51220287
14.89530345
15.16323277
15.30637184
15.31531765
15.70414065
15.82287785
15.86155595
15.98730491
16.01336005
16.07151617
16.22703974
16.25592253
16.30142415
16.35713873
16.52725411
16.55431147
16.66864912
16.81216942
16.91189922
17.12257803
17.27397989
17.33605886
17.66455047
17.66863881
17.69490471
17.78421145
17.81497752
17.88989847
17.92330169
18.06343815
18.26828198
18.28787386
18.30066730
18.39495696
18.58645433
18.72394546
18.73048188
18.85078264
18.98304761
19.01575722
19.03146267
19.30369792
19.31821860
19.40667427
19.81369913
19.83587761
19.89759755
19.97385562
20.00793679
20.09525234
20.28547728
20.32093946
20.38029444
20.41204295
20.42383005
20.51115000
20.67818187
20.75836916
21.03961329
21.20521009
21.30410668
21.47673365
21.51605938
21.51868631
21.69074864
21.74605200
21.88095731
21.97496275
22.16795840
22.17288814
22.18533560
22.37032637
22.38897389
22.39306371
22.48372800
22.60028881
22.71002397
22.73389689
22.74400344
22.76021635
22.76118092
22.79599299
22.80694778
22.84485702
23.22667667
23.24423402
23.33580096
23.37621938
23.42003886
23.58783039
23.72239104
23.86658290
23.87966852
24.01558814
24.12916304
24.20022670
24.26378700
24.27604223
24.30111413
24.35584856
24.43415906
24.53430923
24.55287795
24.95730854
25.02983478
25.03983444
25.07888050
25.21681327
25.21779895
25.27403531
25.56660852
25.72425057
25.89423589
26.20588911
26.26972487
26.29970023
26.32098055
26.53271064
26.56097796
26.72485977
26.83899388
26.84354254
26.85553438
26.87615784
26.90644723
26.95357657
27.01085114
27.03440278
27.27014156
27.28791265
27.32632522
27.33383618
27.34428348
27.38485221
27.58004103
27.73737819
27.76925206
28.04376610
28.05704254
28.11920856
28.27011805
28.34161864
28.37765231
28.39236067
28.60682172
28.64246196
28.73011739
28.79899877
28.83067401
28.94851688
29.31240189
29.35986107
29.45766826
29.57247515
29.67170821
29.75299868
29.82985243
29.84188636
29.87547581
30.03003867
30.23591278
30.26104394
30.30880159
30.36261674
30.45801676
30.57071399
30.67054761
30.92833217
31.07012875
31.24836833
31.26464200
31.32977064
31.54267969
31.56180634
31.61057681
31.61160256
31.77177200
31.77636891
31.82895930
31.87508030
31.92537847
32.04415726
32.05716104
32.07446067
32.27476044
32.53894482
32.56399860
32.57359445
32.61753430
32.78727124
32.92368736
32.92943664
33.08568245
33.10847925
33.45841098
33.79419450
33.93017061
33.94731817
34.05853246
34.07014268
34.31051479
34.35829885
34.38585642
34.42395206
34.51597465
34.56453258
34.57184895
34.77573940
34.88656700
35.03316699
35.06953548
35.08537207
35.10952609
35.13729168
35.21401826
35.25364776
35.31366572
35.40667949
35.43519973
35.44399881
35.47488777
35.48699776
35.55541764
35.58685438
35.63229588
35.79887412
35.85756790
35.91087800
36.01674360
36.01901497
36.10029871
36.15739585
36.19703442
36.23524303
36.28904233
36.29940952
36.46665772
36.52719088
36.63434046
36.65243389
36.73054159
36.76464234
36.81282545
36.83848496
36.93397279
37.09648408
37.14463859
37.17234534
37.23922360
37.25825365
37.29769427
37.32583035
37.53081765
37.55746453
37.58516268
37.62564004
37.64739929
37.72035876
37.86424639
37.93399681
38.03845489
38.05430404
38.16630526
38.17490790
38.20863681
38.28466317
38.28685766
38.33566587
38.38500982
38.48381787
38.48783577
38.71421331
38.76579635
38.80243000
38.82085630
38.93177191
38.97650528
39.09909352
39.28989803
39.35264050
39.36365709
39.46432273
40.10882586
40.16215228
40.27739006
40.31462825
40.41325126
40.49415745
40.67293270
41.08798632
41.13454326
41.78820540
41.90508243
42.14155326
42.26121287
42.31453213
42.36663362
42.59368553
42.64654435
42.73802817
42.77700167
42.94217822
42.94483580
43.01657633
43.13747548
43.14054780
43.14184607
43.28515699
43.36205673
43.37725009
43.45642369
43.80758772
43.95237913
44.06355964
44.07834032
44.19230512
44.44828474
44.57056222
44.72657823
44.77360444
45.01944168
45.08562235
45.14188491
45.16974211
45.20690518
45.27783941
45.32000384
45.48083834
45.48272413
45.66569449
45.69431757
45.73618925
45.94824753
45.96698450
46.36602977
46.43451786
46.53682369
46.62207354
46.74925153
46.78427043
46.84119599
46.88056794
47.01827172
47.02296726
47.08764227
47.09659973
47.22478460
47.30655596
47.30659854
47.37520315
47.44213902
47.46373709
47.66338365
47.67184297
47.67504412
47.79662217
47.98503152
48.06710763
48.17177923
48.19510365
48.32489170
48.32559883
48.34495765
48.35052383
48.42876272
48.44871166
48.55169028
48.55956142
48.64395852
48.74251146
48.97484345
49.00342945
49.03205535
49.21667512
49.23924278
49.30815079
49.31223541
49.40976619
49.53953709
49.57260290
49.76336120
50.00130400
50.07390006
50.08069389
50.10907153
50.27221054
50.27806458
50.36992928
50.64533773
50.70161864
50.81470678
50.82931417
50.87932281
51.04088619
51.04679514
51.21971717
51.27039253
51.37381448
51.38588109
51.53374895
51.72199270
51.78224947
51.91960093
51.95735990
51.99057912
52.00503155
52.00862763
52.09517022
52.34743101
52.55801417
52.64342921
52.69001474
52.71863682
52.76343475
52.78226146
52.83566465
53.02781260
53.06117228
53.06524022
53.18396303
53.19576166
53.23608956
53.26477148
53.38864244
53.51650759
53.55678376
53.62754181
53.91993594
53.93473474
53.97195247
54.01043407
54.08938120
54.19491373
54.21871038
54.23538931
54.27673456
54.35088554
54.48219808
54.52677544
54.54546161
54.57798441
54.62548955
54.68477708
54.72125301
54.72924464
54.81057394
55.00585242
55.10411879
55.14059751
55.16698129
55.17282771
55.19498976
55.24496945
55.24715027
55.43903287
55.54870258
55.55415498
55.56059166
55.58259527
55.80967235
55.83955575
55.90405936
56.00394895
56.00818132
56.04911063
56.14761968
56.25755629
56.44319083
56.44845641
56.47644822
56.49884824
56.67063338
56.76310434
56.79858413
56.84060956
57.02069205
57.21275760
57.25010916
57.39158078
57.56533078
57.61098399
57.99480085
58.00546675
58.23595423
58.34998110
58.44745356
58.51787134
58.57525324
58.58626292
58.72767634
58.86851685
58.92532246
59.15116015
59.15911619
59.19852938
59.23462343
59.23781833
59.28020390
59.35506415
59.38430630
59.41224370
59.44134533
59.50494170
59.66100343
59.68557403
59.73900287
59.74616197
59.98714908
60.20614000
60.31660256
60.34796150
60.40038185
60.53088846
60.62833342
60.65750725
60.78712606
60.80415925
60.84714091
61.08803357
61.12205028
61.39075782
61.40611217
61.41968956
61.56719868
61.57634595
61.59498677
61.67358168
61.68870323
61.76568904
61.80542414
61.80998153
62.03381105
124.00000000
