0.08277477
0.22275827
0.25955083
0.26052647
0.29438308
0.29713123
0.29941702
0.44946931
0.55923545
0.59734882
0.73766229
0.75262428
0.76687140
0.81737977
0.85442882
0.91065861
1.08311748
1.11404651
1.23296948
1.41073805
1.42009038
1.55310730
1.65781276
1.68364798
1.72513546
1.96449828
2.01465863
2.06962783
2.12676608
2.14559899
2.14951115
2.17523663
2.18867461
2.28620039
2.31092426
2.58838345
2.60128043
2.67051644
2.93645137
2.95373019
3.03680248
3.11591295
3.25407982
3.34762017
3.42013179
3.71128497
3.77099731
3.77596408
3.84017836
3.88575555
3.93071430
4.02854197
4.10584969
4.28676630
4.29549192
4.35656961
4.37097300
4.38304037
4.38467249
4.41789089
4.60278394
4.78357564
4.84341497
4.85171808
4.98355393
4.98566958
4.98847505
5.01316710
5.04856259
5.07103894
5.40327469
5.40338193
5.45115262
5.50102855
5.56959626
5.73098087
5.75421280
5.77449575
5.80292679
5.86325794
5.89352681
6.11044959
6.18210639
6.28668137
6.39166665
6.41522163
6.50462667
6.55749155
6.59801298
6.63428715
6.77919302
6.96935466
7.16859504
7.29954952
7.55159945
7.99663634
8.08114313
8.15268527
8.25460014
8.27618728
8.43076416
8.82432617
8.82486441
8.85561271
8.88200915
9.00476079
9.07379857
9.14926375
9.21454615
9.22338895
9.22923897
9.44136828
9.46762963
9.48462512
9.63410378
9.71144676
9.75458122
9.81800037
10.11563664
10.15628683
10.45566271
10.45997089
10.53190931
10.55128499
10.65190833
10.67225773
10.70078115
10.70246502
10.75983094
10.76925179
10.78284801
10.82400826
10.84498541
10.91941800
10.96312973
11.01189157
11.14996661
11.23373602
11.24093478
11.32109175
11.33512329
11.39784540
11.45855178
11.54834957
11.62866357
11.75547115
11.92378556
12.36457890
12.38739301
12.41533751
12.46235626
12.53676444
12.56887794
12.60204644
12.64635976
12.65753221
12.70922103
12.84537469
12.91198010
12.93127987
12.98487013
13.02648670
13.11277652
13.20105350
13.30240008
13.40245292
13.63340860
13.71305067
13.73418881
13.81292834
13.86528557
14.05595406
14.19694592
14.22112559
14.23306096
14.35809684
14.60818778
14.65219722
14.69852716
14.71670704
15.01571410
15.03199444
15.04705590
15.09948566
15.16323277
15.18674077
15.19672366
15.33385186
15.82516246
15.84253708
15.92832277
15.96708767
16.00499462
16.00689262
16.03561726
16.10067923
16.18826656
16.24957101
16.33199169
16.40640633
16.42648100
16.44615703
16.45826976
16.48707878
16.66153820
16.71610549
16.77564297
16.80079657
16.86104332
16.95685938
17.06783081
17.09853331
17.12233975
17.38949568
17.50959549
17.74407268
17.91756806
17.94258697
17.99993676
18.20319930
18.26893538
18.26938331
18.32365497
18.34008892
18.40293516
18.41706892
18.53804853
18.58652612
18.63935201
18.74740671
18.76007636
18.76237171
18.96694074
18.98377637
18.99331168
19.08479409
19.43312487
19.58595768
19.68148103
19.74420685
19.81548646
20.06726617
20.14837765
20.22115527
20.26195674
20.31055183
20.37944878
20.40192995
20.47276650
20.53376709
20.56232967
20.56540217
20.57173495
20.58259389
20.63115867
20.74511905
20.79026810
20.83489901
21.08404356
21.14191751
21.16941365
21.25200013
21.27997472
21.32083864
21.42621468
21.43823053
21.71641224
21.77028129
21.97388600
22.02420685
22.06062291
22.17877524
22.35660542
22.35856663
22.38724794
22.53681010
22.55713220
22.60986301
22.70991487
22.71238375
22.83383697
22.88112980
22.93331887
22.99733970
23.27245613
23.29392324
23.36833740
23.42577416
23.46889969
23.53161052
23.60627622
23.62441404
23.71804511
23.73993171
23.92220178
23.92963906
24.02177148
24.15865203
24.28971489
24.37553063
24.40107391
24.59477584
24.77096300
24.83126476
25.04314830
25.07888050
25.17138005
25.19586858
25.31146295
25.41853675
25.50146471
25.56182090
25.67924657
25.70998045
25.77575385
25.86767776
25.95470593
26.01859544
26.10227325
26.18399979
26.20578669
26.26300427
26.28046451
26.33439278
26.48374587
26.50340043
26.53139161
26.67007892
26.77484689
26.86667056
26.95023350
27.01085114
27.03453146
27.19650329
27.24526657
27.32960657
27.34994868
27.46254805
27.47040420
27.56944551
27.70549756
27.78211188
27.80609596
27.84024305
27.99760174
28.01582928
28.01791396
28.04350191
28.05733406
28.30614627
28.31707864
28.54019416
28.57326168
28.68359703
28.77217369
29.24405100
29.57778564
29.61639873
29.85158177
29.87847811
29.89734900
30.16346505
30.16833820
30.35977143
30.44650830
30.51935907
30.65680099
30.71728417
30.81159200
30.87703540
30.93736607
31.06579265
31.20496443
31.34615378
31.38713766
31.41284713
31.55425747
31.57058465
31.81188266
31.81688963
32.07686244
32.11357678
32.22769054
32.23836893
32.39435877
32.44586775
32.64229502
32.68559167
33.03554796
33.03599934
33.12904860
33.17836505
33.19170575
33.19810981
33.51073677
33.54144005
33.58578360
33.59927184
33.60238644
33.82785214
33.85067099
33.97672287
33.99665029
34.05458884
34.09945919
34.16224323
34.26418054
34.39645708
34.46372039
34.51463915
34.61800823
34.82275363
34.83659937
34.88753221
34.89244128
34.93878825
35.04821248
35.09256519
35.21216446
35.26973305
35.50995573
35.54004266
35.72167035
35.81511888
35.86089497
35.95805113
36.14541308
36.17441673
36.23131088
36.23167086
36.51782281
36.54833218
36.63073380
36.65150833
36.68470207
36.85334588
36.89738293
36.97228695
36.99351027
37.07257502
37.20970904
37.28129726
37.29739842
37.38162383
37.42656681
37.54645992
37.56183163
37.66624904
37.69918098
37.74532305
37.86274829
37.91679696
37.95737207
38.07445769
38.08333851
38.18560858
38.31542847
38.36568008
38.43903212
38.60631495
38.60896228
38.70614508
38.91504770
38.95095015
38.98197516
39.02930953
39.10978712
39.11864879
39.19208906
39.40278016
39.62507345
39.83526852
39.86891284
40.09540754
40.13615102
40.14353582
40.21494512
40.32782565
40.37222774
40.41864547
40.43055385
40.44069717
40.50090106
40.79845308
40.98816739
41.00777735
41.03422347
41.05503620
41.17102780
41.20097041
41.22783754
41.23870608
41.47548301
41.51015887
41.70705911
41.72323644
41.76155352
41.79316831
41.88147164
41.92873681
42.07302550
42.24653444
42.25994672
42.32443181
42.40722330
42.40979386
42.44726689
42.48146071
42.59198318
42.59368553
43.06987782
43.08155302
43.12048284
43.28197795
43.39295878
43.48229209
43.50061743
43.80805233
43.82038669
43.83389686
43.83861245
43.85511311
43.85573078
43.96438962
44.08980154
44.09639519
44.14402285
44.16663768
44.20114254
44.22782944
44.28743553
44.30624812
44.32004421
44.32922095
44.39201265
44.56162363
44.90700238
45.06302656
45.13305458
45.32266436
45.34169612
45.34197432
45.43642415
45.60867389
45.63719114
45.82677357
46.13950159
46.36584460
46.37487520
46.45646910
46.48164313
46.70406020
46.70998186
46.72034092
46.73476731
46.80971288
46.94486106
46.97625762
46.98528783
47.27181879
47.29765597
47.44698148
47.68288683
47.91373270
48.02849879
48.06400420
48.07224377
48.07825948
48.25961599
48.35980439
48.36608916
48.41736556
48.68413242
48.83485133
48.95957282
49.06409953
49.13597000
49.16244658
49.37004666
49.47370155
49.56499115
49.60067883
49.66237921
49.72084819
49.75118251
49.77273738
49.83335800
49.95104179
49.96216624
49.99214485
50.04878320
50.07390006
50.29272552
50.36937236
50.69837453
50.78294141
50.84567693
51.12121525
51.46520971
51.57564052
51.62102110
51.63834240
52.17859230
52.31762512
52.45400124
52.46405010
52.47568967
52.51469104
52.66004467
52.84819038
53.08130919
53.12985399
53.17356489
53.33366123
53.39404776
53.54183681
53.62423341
53.74736056
53.86178292
53.86198699
54.08926420
54.22418989
54.28681650
54.29406356
54.30264567
54.31344325
54.46588816
54.50865043
54.52247063
54.52339619
54.59299032
54.62059040
54.84280382
54.97862332
55.12431347
55.14649851
55.20887438
55.42974222
55.61445874
55.65321332
55.66827211
55.86935605
56.17873707
56.18213482
56.39178679
56.44735457
56.49679559
56.59050880
56.64324374
56.87934529
57.00489351
57.00633900
57.03292758
57.06949874
57.08265989
57.18987470
57.20942321
57.23354376
57.27388754
57.38134009
57.38713773
57.52693024
57.62556248
57.65830676
57.74821910
57.80638568
57.85595445
57.99480085
58.19994047
58.23935065
58.40939897
58.51169710
58.52405212
58.64172890
58.70018751
58.74569225
58.77404146
58.92971099
58.94684384
59.22070065
59.29996437
59.43982848
59.48110994
59.50576448
59.57471885
59.57671353
59.58263079
60.16259501
60.17262950
60.34717609
60.42072255
60.47167567
60.62204760
60.66067246
60.73625794
60.75538187
60.79077928
60.89949239
60.93318181
60.93997667
61.18794465
61.21786671
61.27248928
61.31621465
61.34066978
61.37009543
61.53519528
61.66661112
61.72576570
61.76876131
61.86625887
62.03494804
124.00000000
