0.08485078
0.24893396
0.25003070
0.29613936
0.42028363
0.43737270
0.44639814
0.44946931
0.50676981
0.64487991
0.68836977
0.71120790
0.73113690
0.73664396
0.87132512
0.91183929
0.96931659
1.03918771
1.06982104
1.13061586
1.16369342
1.22342344
1.42634645
1.44873677
1.57316963
1.79096031
1.92598243
2.02092646
2.16213039
2.18546676
2.26037814
2.31092426
2.57104380
2.57456959
2.64344426
2.76894594
2.77388342
2.81147445
2.86113412
2.95052985
3.05188631
3.21844649
3.25508065
3.44649755
3.55954226
3.60212041
3.84072904
3.87866474
3.95064550
4.00999996
4.09362138
4.14187573
4.27449884
4.51517418
4.56346024
4.68917355
4.71653688
4.86204857
5.01464374
5.02475647
5.18881022
5.21781981
5.27475121
5.28148832
5.50989637
5.64266545
5.83046507
6.18592500
6.26035988
6.49996036
6.53647667
6.54171927
6.76467973
6.90844363
7.06786344
7.07517504
7.09725315
7.25880794
7.41730865
7.49971760
7.56318371
7.58947045
7.62887277
7.74088681
7.80218120
7.87880711
8.06371417
8.15227156
8.18764981
8.25251460
8.27929396
8.34757568
8.39406900
8.40745008
8.47833433
8.50643294
8.56681942
8.61071518
8.78713614
8.98276253
8.98899495
9.05215219
9.08541738
9.10133578
9.18448878
9.32696198
9.37353191
9.61493231
9.64507644
9.68422101
9.92310807
10.06819866
10.07165093
10.56987398
10.69632334
10.82004636
10.84479598
10.88203472
10.93335715
10.93785375
11.00965688
11.05103226
11.11937430
11.21851729
11.22679483
11.23966076
11.24966880
11.36627573
11.39811791
11.40050641
11.41408854
11.51790658
11.66391434
12.11784380
12.14396623
12.52092548
12.56887794
12.60204644
12.65753221
12.73994318
12.86440558
12.93605071
13.16345598
13.21880827
13.26033294
13.28765271
13.36163011
13.37677064
13.44808095
13.54205516
13.59747956
13.62456676
13.74127527
13.80326233
13.81839521
13.98257482
13.98917265
14.17226811
14.22744878
14.41619330
14.45724474
14.55132948
14.62822430
14.70733880
14.86375243
15.16323277
15.33311832
15.68735617
15.73632574
15.79648253
15.80509724
15.92403058
15.98163613
16.03561726
16.04371574
16.06661069
16.13079760
16.30222592
16.45596991
16.51711606
16.53083320
16.61605365
16.70921952
16.71400433
16.73469830
16.84207561
16.91498210
17.05326339
17.07174185
17.12979366
17.19526294
17.20042601
17.27113816
17.27826498
17.34980620
17.35739571
17.40293171
17.45846012
17.48126242
17.48318494
17.49588836
17.50571780
17.63075403
17.77189173
18.03857949
18.04677505
18.09997463
18.11262269
18.17665476
18.18704047
18.52405531
18.59759627
18.67069355
18.78043884
18.78681755
18.88192325
18.98097699
18.98291714
19.10601168
19.25337018
19.45207345
19.48054164
19.49704373
19.70961115
19.75172665
19.79902668
19.80017279
19.95946293
20.09724651
20.20153412
20.33182154
20.37042601
20.41965724
20.70474163
20.73702979
20.77449856
21.05504719
21.09537874
21.19917575
21.27901680
21.28606010
21.33270867
21.37856224
21.44004290
21.51477999
21.55912551
21.68836744
21.89071766
22.11150271
22.23327259
22.27861863
22.29396889
22.32009243
22.32280132
22.41770375
22.42477083
22.44198178
22.44266778
22.47802384
22.51026907
22.60599952
22.74400344
22.77360033
22.78299583
23.50001432
23.57508277
23.73955704
23.78562812
23.94959989
24.10828652
24.28696485
24.32405506
24.39222644
24.55989857
24.59645234
24.63660318
24.66374387
24.70531908
24.71145036
24.77391091
25.03427967
25.09511819
25.10812451
25.10820592
25.18412961
25.28277051
25.29686476
25.42635849
25.76758591
25.77075520
25.78390893
25.89974685
25.91715673
25.96453817
25.96505140
25.97791367
25.97828281
26.37142714
26.55936813
26.56149568
26.57127272
26.68031590
26.83083434
26.84225181
26.88613778
26.94334937
27.07997309
27.27014156
27.43335119
27.67869075
27.69507939
27.79274924
27.84455742
27.89317481
27.99733179
28.00124576
28.07114082
28.07285011
28.08718550
28.39219355
28.39796833
28.48587130
28.63532185
28.78006412
28.81299730
28.86457187
28.90525450
29.05508383
29.18236522
29.20323633
29.22794450
29.28646043
29.31975729
29.34720299
29.35263243
29.81047010
29.86393278
29.93824617
30.02269265
30.07733121
30.08787010
30.12840088
30.28331083
30.34210908
30.44406052
30.54601391
30.65446727
30.74211161
30.77952548
30.86047247
30.90855875
30.91987762
30.94270058
31.01446348
31.18336400
31.19439656
31.41774404
31.53121859
31.53997326
31.60247011
31.82776167
31.96678856
31.98899782
32.05542519
32.17746049
32.29660740
32.33443114
32.35360533
32.49577879
32.79521633
32.87334671
32.87950976
32.89152985
32.99420332
33.02772483
33.14170937
33.22960620
33.26420004
33.50169112
33.52360904
33.61079224
33.79734221
33.91032771
33.96231768
34.07822357
34.11420164
34.12595050
34.22063650
34.22404737
34.24122635
34.58822204
34.59538791
34.72870033
34.83956545
34.89135069
34.91242972
34.98378292
35.13403095
35.18871054
35.24304113
35.28001995
35.44593639
35.51036767
35.77855633
35.99038841
35.99185715
36.01829855
36.02333357
36.10738319
36.18890856
36.19957847
36.26323833
36.27236235
36.34360589
36.35966226
36.47302521
36.49426614
36.59893472
36.63792364
36.82770744
36.93853219
37.25120448
37.82310401
37.99467524
37.99572346
38.19936700
38.42021370
38.60217135
38.69433726
38.74020066
38.76414678
38.83340019
38.85071061
38.98109995
38.98171629
39.01110675
39.04854566
39.18098060
39.29583874
39.39379658
39.41048572
39.41191784
39.74348549
39.89991806
39.91711270
39.97949788
39.98477264
40.15514073
40.24264023
40.26299202
40.28506500
40.29901066
40.33293566
40.37254857
40.49783230
40.68331326
40.72772353
40.81887761
40.83427389
40.83866762
40.89008985
40.93919946
41.01202076
41.01205056
41.29425255
41.37924741
41.39301576
41.50979344
41.52534908
41.74047570
41.89134596
41.89230148
42.09904966
42.21893096
42.31679559
42.42508513
42.44751931
42.45556800
42.48660974
42.73787532
42.88417824
42.89878272
42.92655597
43.00071661
43.10220793
43.22017501
43.34642368
43.43974435
43.73195386
43.78312443
43.98439082
44.26231682
44.30424369
44.40339883
44.48182264
44.49390115
44.50990822
44.52770594
44.59309901
44.60932314
44.67363903
44.98230253
45.23685214
45.27985448
45.31358573
45.31624531
45.34752164
45.35233978
45.41890637
45.43642415
45.48372011
45.51283438
45.63978104
45.65897083
45.75774448
45.76991675
45.79787620
45.85591627
45.96601006
46.03017217
46.12143827
46.21448889
46.22643189
46.27066390
46.29454486
46.30441490
46.30720241
46.32486111
46.67997122
46.70060555
46.88884122
46.91178464
46.99002593
46.99342015
47.24480932
47.31440293
47.33684671
47.43050618
47.45079249
47.49133493
47.55024701
47.67504412
47.68675880
47.72945051
47.75421718
47.78185895
47.86996103
48.01899627
48.01917869
48.09497366
48.32489170
48.42709624
48.48665462
48.56422100
48.56579823
48.60796385
48.63019063
48.64378941
48.78451074
48.85993568
48.94404892
49.06881495
49.07518744
49.18896303
49.20957760
49.21233657
49.35368137
49.36645063
49.38027047
49.62086884
49.93635451
49.96866827
50.02481996
50.25986750
50.44067789
50.52233706
50.53196690
50.64851679
50.69835610
50.75822608
50.95921903
51.23512152
51.36938869
51.38380597
51.43513690
51.54441188
51.66819351
51.68867172
51.73196610
51.86102115
51.89542431
51.90042643
51.91413129
51.95733238
51.99163365
52.10238329
52.11262493
52.34271197
52.40017947
52.55527619
52.55794151
52.67221542
52.74940736
52.86208659
52.86669972
52.90955430
52.91540755
53.02282129
53.16423748
53.24494023
53.28442885
53.28506458
53.29577248
53.36513792
53.38837241
53.63673237
53.75637388
53.78976989
53.84827754
53.91067795
53.91409497
53.92192147
53.93473474
53.98678366
53.99431022
54.00268448
54.04333938
54.09946321
54.19067169
54.19850684
54.30164092
54.40651559
54.43122428
54.46072064
54.58196844
54.71349103
54.87732938
54.88467851
54.97442552
54.98962442
55.01293396
55.08618112
55.20130408
55.28218683
55.29054795
55.31099068
55.37719247
55.39285069
55.40837113
55.50688327
55.62187582
55.68819582
55.80684566
55.97923800
56.08837220
56.19877136
56.25721316
56.29292153
56.56376510
56.71756362
56.81029942
56.83394531
56.88897224
56.91307404
57.02709094
57.03284550
57.05962168
57.22357502
57.24424167
57.24973927
57.32382931
57.38501292
57.40296736
57.44563955
57.51397772
57.61204798
57.64795456
57.73853114
57.74821910
57.77804664
58.02145165
58.04165755
58.10518022
58.18801271
58.33155118
58.39898247
58.53661561
58.61140588
58.70956661
58.73215370
58.78698785
58.92502944
58.96916382
59.00121063
59.52423290
59.55426275
59.57853245
59.58301356
59.59499361
59.63781482
59.65242670
59.65368094
59.67901388
59.70115534
59.89517338
59.95997498
60.01855112
60.06294734
60.08624402
60.34455590
60.70926534
60.71565463
60.77377364
60.90187146
60.93900641
61.01417738
61.06048911
61.17862375
61.38471082
61.45906052
61.58727254
61.94234690
61.99086272
62.04647456
124.00000000
