0.02663691
0.37210349
0.45012327
0.46593878
0.53922293
0.55484303
0.55957535
0.59186931
0.60077270
0.60716834
0.65112958
0.66871315
0.70950138
0.77405753
0.77420926
0.87488702
0.90289813
0.96890720
0.98682880
1.02260361
1.18546071
1.22608500
1.26786532
1.63571892
1.79370506
1.84813982
1.93758706
1.97404001
2.04297130
2.09998844
2.11342813
2.16188734
2.19385879
2.36306499
2.55815175
2.58499286
2.86692969
3.00687154
3.00850835
3.05845589
3.08693378
3.11678694
3.22490762
3.23093991
3.32618285
3.34172162
3.38927506
3.40698070
3.53603694
3.60991652
3.70429364
3.73750818
3.79179774
3.89773723
3.95361004
3.99580169
4.00183804
4.06744574
4.15292679
4.22408823
4.33399247
4.38467249
4.40726087
4.63549361
4.64709731
4.65093994
4.67567977
4.90871635
4.93585341
5.12983862
5.16782018
5.28697034
5.31534448
5.31940690
5.31961654
5.49090286
5.59479157
5.65198700
5.78609061
5.80168728
5.88795186
5.89795971
5.97285641
6.04813287
6.17007568
6.25562637
6.34931807
6.37589122
6.54138701
6.61457093
6.61916113
6.91843000
6.95097867
6.98225515
7.02789256
7.16193202
7.47568880
7.51995997
7.64946644
7.67365397
7.70960529
8.01214737
8.09979474
8.11513484
8.12090079
8.22664384
8.28675742
8.28976833
8.34942505
8.39999855
8.47760138
8.56660886
8.60969804
8.61951857
8.68442198
8.70585851
9.06601081
9.32464249
9.38939447
9.51085684
9.92078833
10.02717652
10.07762200
10.10945033
10.17091265
10.38755795
10.81649509
10.81975646
10.85608329
10.98365386
11.02245631
11.03128814
11.04190244
11.09635487
11.09903437
11.15278377
11.58914752
11.64856554
11.82162218
11.88729434
11.91279112
11.94504950
11.97170191
12.14385424
12.27783949
12.58607951
12.75131403
12.94861213
12.99724485
13.06129273
13.08120573
13.08148881
13.08226054
13.30407385
13.38455195
13.39439376
13.40525917
13.40847492
13.67348318
13.68163051
13.69117981
13.70236368
13.71305067
13.86457264
13.90616483
14.20361315
14.30301998
14.31691959
14.38794659
14.38882648
14.60780028
14.75291684
14.86011399
14.89474130
15.06828101
15.09873260
15.31230069
15.38887338
15.39815614
15.44467878
15.49712175
15.58640774
15.69031666
15.70471099
15.72759408
15.86203886
16.04177731
16.09927202
16.18659913
16.18750278
16.21073154
16.34968718
16.44453477
16.48760706
16.53042823
16.66492476
16.85011769
16.92315247
16.99148293
17.01202310
17.02603969
17.09645917
17.10258372
17.11394132
17.14288285
17.35699679
17.35986698
17.48503121
17.54434835
17.61479831
17.67931579
17.73174331
17.83892783
17.94195873
18.12133757
18.28260847
18.30377262
18.35352708
18.58203229
18.73608988
18.79116458
18.89068285
18.94095016
19.02638160
19.10845214
19.20036821
19.28298469
19.45060934
19.51554788
19.66526254
19.80508806
19.84424092
19.97400332
20.03334340
20.73831899
20.77028706
20.87811417
20.93251611
20.96517619
21.03625351
21.13007542
21.13436460
21.15601057
21.24999860
21.32255498
21.37636619
21.39523249
21.47909698
21.82231654
21.85621176
22.23386013
22.24352275
22.26908166
22.31350247
22.35856663
22.41244739
22.47192755
22.56912502
22.59083098
22.63724967
22.70309386
22.73881005
22.74313250
23.18342542
23.22585855
23.46445027
23.48018533
23.52350037
23.55915430
23.78382142
23.82473389
24.18260734
24.29521385
24.29892043
24.36407124
24.44650650
24.56981525
24.76046625
24.93849662
25.02049022
25.07237909
25.23501624
25.27202442
25.28114213
25.29274528
25.36700204
25.47954936
25.49979590
25.59629006
25.59917414
25.72242671
25.75124143
25.84201559
25.84284235
25.91046380
26.23474954
26.27249127
26.30855723
26.36621096
26.43364911
26.44614795
26.45287963
26.46489809
26.49012904
26.61747106
26.68148987
26.74887076
26.77332613
26.86533498
26.96849194
27.04770769
27.41630186
27.45146541
27.51364164
27.53081293
27.65499974
27.66577094
27.76644544
27.80360624
28.07258782
28.15826964
28.23623584
28.30375637
28.31914449
28.55390225
28.72398805
28.84035926
28.85431650
28.86457187
29.01304140
29.01703062
29.02046913
29.27087476
29.27247587
29.28926523
29.34726804
29.38731248
29.44270521
29.47602622
29.48555847
29.50357040
29.69761247
29.84458272
29.84857292
29.88413711
29.90686005
29.98578539
30.00277934
30.05031035
30.33203379
30.40182338
30.41205623
30.42926662
30.84117866
30.92486710
31.10581581
31.14409161
31.25221818
31.27127444
31.33244382
31.34919020
31.55464164
31.61747942
31.77930738
31.91792942
31.95162749
31.96500960
32.04909063
32.13083267
32.21932047
32.28399931
32.37044597
32.51492061
32.61359045
32.64500358
32.66298961
32.71350895
32.76762336
32.87386822
33.08005073
33.14170937
33.24792442
33.25694568
33.36133075
33.38574130
33.55340392
33.57842055
33.59024380
33.72522884
33.77484548
33.86152338
33.99717480
34.00648259
34.26801595
34.31606755
34.45764233
34.45956233
34.50049582
34.55442595
34.61470101
34.83673679
34.84219010
34.99832515
35.09721946
35.18000490
35.26708143
35.30277757
35.35924925
35.40676547
35.44949991
35.66159107
35.83307836
35.87250564
35.93807150
35.98795341
36.08367052
36.08638667
36.20225859
36.21717374
36.39840827
36.44007728
36.56030455
36.57345554
36.58158237
36.81369100
36.89056148
36.89720947
37.03110410
37.03721876
37.23526954
37.25358929
37.26517558
37.40526413
37.58709255
37.68583728
37.74820934
37.80759928
37.87110841
37.87940134
37.89854167
37.92306153
38.29803205
38.39782303
38.43106083
38.43977093
38.47790962
38.59159542
38.81564313
38.97410100
38.97491760
39.11171649
39.39947533
39.41191784
39.54925649
39.55950340
39.63479312
39.71542775
39.74275045
40.13483617
40.30122659
40.31462825
40.36493469
40.69425115
40.69782676
40.70677406
40.74510985
40.83263684
40.91187866
40.91579694
40.92460495
41.04042670
41.05044561
41.17369078
41.25884404
41.26630331
41.31150434
41.34936680
41.58256189
41.73467131
41.73582208
41.89036022
41.92751937
41.94182365
41.94933556
42.10522787
42.21916851
42.28867892
42.29137049
42.43640313
42.71589536
43.03566130
43.03745246
43.09206975
43.09645343
43.11530452
43.14020536
43.20112349
43.23438301
43.23679518
43.25344054
43.28928638
43.30077583
43.39961987
43.53057720
43.58951155
43.78440531
43.81570072
43.82868636
43.86036668
44.01149440
44.21563073
44.40402754
44.43805082
44.44313366
44.55098455
44.59855999
44.61330234
44.62673131
44.99710688
45.02187334
45.02691074
45.06667967
45.06950370
45.15659960
45.21656117
45.25047523
45.27719496
45.30046421
45.40288720
45.53162517
45.67785593
45.71355904
45.78433079
45.80076142
46.09028267
46.20223167
46.32575715
46.32646824
46.35026811
46.38093304
46.44380424
46.48958753
46.55286104
46.57993790
46.60177576
46.62054167
46.75942008
46.78883249
46.85659486
47.06925279
47.07644425
47.10599715
47.19222623
47.42027813
47.45014608
47.47917445
47.58311120
47.69070588
47.89368836
47.90580119
47.92000152
48.72195551
48.85419262
48.87516505
48.90356753
48.93362315
49.10087968
49.20718980
49.32502421
49.58009896
49.60175367
49.62352662
49.65554797
49.66874249
49.82124171
49.91803606
50.02634583
50.07805920
50.12639927
50.51808298
50.57266469
50.81698415
50.83418192
50.87932281
50.89605938
50.90502587
51.01195819
51.03578688
51.07747799
51.19186545
51.22726814
51.23780120
51.25483370
51.30266264
51.33293103
51.33819198
51.38588109
51.40721720
51.43799576
51.60902565
51.80064209
51.83211581
51.86486224
51.86837530
51.94354883
52.03949814
52.09517022
52.18532972
52.26043073
52.41300446
52.49322281
52.60262817
52.64155449
52.72472426
52.73601466
52.86208659
53.01825496
53.13498518
53.21778043
53.23445215
53.36513792
53.50146508
53.63739574
53.64788960
53.66012008
53.74281214
53.88894700
53.89575158
53.90281902
53.96635800
54.04249937
54.10060158
54.12984760
54.17322462
54.25584845
54.25876706
54.29406356
54.30147448
54.31591072
54.36934985
54.42382301
54.48022938
54.64979620
54.96510823
55.00652971
55.07766176
55.36821043
55.42263094
55.43946888
55.50756045
55.55064857
55.55686032
55.58760754
55.73096354
55.76453739
55.82346899
55.86815057
55.89304007
56.00982911
56.01304463
56.22287336
56.26440348
56.28566591
56.38277727
56.56139930
56.70165855
56.72840449
56.79834194
56.97849337
57.08275439
57.31149692
57.34197892
57.52144377
57.64646864
57.64752594
57.71799394
57.75472957
57.90664277
57.99197745
58.15838319
58.16342897
58.28054111
58.34998110
58.39057813
58.42689416
58.46578547
58.62411694
58.62893356
58.66594440
58.90311216
58.99441687
59.11303278
59.11832877
59.12282646
59.12863351
59.23462343
59.24978774
59.26622734
59.33545546
59.33739507
59.38169264
59.60567641
59.68668896
59.93068125
60.00368384
60.04276668
60.28828860
60.35534140
60.44266497
60.47480383
60.49857935
60.57320748
60.57730209
60.58984833
60.67612936
60.74303099
60.81317343
60.87274026
60.88712841
60.90376645
61.14800973
61.19430403
61.20095100
61.23112970
61.27630573
61.36665576
61.41762783
61.49645686
61.57199452
61.65160992
61.74492799
61.79697587
61.84032128
61.87415221
61.90259961
61.91303143
61.92253038
124.00000000
