0.06876529
0.22495015
0.25850150
0.40943142
0.45012327
0.53511673
0.67552809
0.76227711
0.92462744
0.94861311
1.00077448
1.03918771
1.11496278
1.41973714
1.53581855
1.55017454
1.57231810
1.59473322
1.67898741
1.83556201
2.03436299
2.04566248
2.06526951
2.13721651
2.31641363
2.38892026
2.62503222
2.67214557
2.72063832
2.73434408
2.74651970
2.75063930
2.81027801
2.99012315
3.00260167
3.02588377
3.11458157
3.14218830
3.19435001
3.21801562
3.29623982
3.39326807
3.40791754
3.43418890
3.47371997
3.49034384
3.62473493
3.74867875
3.78236615
3.78809869
3.81322426
3.97215586
3.98109895
3.98489788
4.03073732
4.14591175
4.27487529
4.31432074
4.37291283
4.39136732
4.41044586
4.59046807
4.63549361
4.79384745
4.89001688
5.09840129
5.21781981
5.23148606
5.36696269
5.50814264
5.84212295
5.87687501
5.88144333
5.91944004
6.01441923
6.30049101
6.41858468
6.54149656
6.54996885
6.69063874
6.85901415
7.42378635
7.53283583
7.62462145
7.65619150
7.81372438
7.84433030
7.93534656
7.96594712
8.11904907
8.23356952
8.24955963
8.32514595
8.32787864
8.39962894
8.43939649
8.60473511
8.66249959
8.70083874
8.70431185
8.75185339
8.91135595
8.96946948
9.01286785
9.02700833
9.03831809
9.22569513
9.28046666
9.31161595
9.46924429
9.51719487
9.52429439
9.78252461
9.78913612
9.81063715
9.81485034
9.92207319
10.12919328
10.19131943
10.22137383
10.27077312
10.28419865
10.31745172
10.43860604
10.46872538
10.50820524
10.50983644
10.51451175
10.53304687
10.60824705
10.65031881
10.77918772
11.05144833
11.09766097
11.09900925
11.10741775
11.24584148
11.34278325
11.35151779
11.45909519
11.46561852
11.51496640
11.56241421
11.65968845
11.66019379
11.84175394
11.86217045
11.98403787
12.02186881
12.03848973
12.15432425
12.17778648
12.53349620
12.63755751
12.65456431
12.70408864
12.80829952
12.89481011
12.94078682
12.95520297
13.01497236
13.04922461
13.06424199
13.13686172
13.18187324
13.18776264
13.42860102
13.46912617
13.51039340
13.57221537
13.57246171
13.83573775
13.85569078
13.87520994
14.08510706
14.33130281
14.37185494
14.55409975
14.56136758
14.64208591
14.78977484
14.80199652
15.10368512
15.18449235
15.19161508
15.24439903
15.31980012
15.36125373
15.36233138
15.37302102
15.41783448
15.52021860
15.56676230
15.65755183
15.70142465
15.75254101
15.93993609
16.13975199
16.17906820
16.19723589
16.23910378
16.52911748
16.59605626
16.69354932
16.71610549
16.86973478
16.92720864
17.02960222
17.07112807
17.14326869
17.20943970
17.26263225
17.26962899
17.55375655
17.56258082
17.56613264
17.59587924
17.65528869
17.66334651
17.69590724
17.72892889
17.82463584
17.89548566
17.92372186
18.01542465
18.34130943
18.61637825
18.78043884
18.91385875
19.08668941
19.14261767
19.14953484
19.16342733
19.30585257
19.36540310
19.37567543
19.37828030
19.52720427
19.53229125
19.55697190
19.96071039
20.07295603
20.39012283
20.54366279
20.64747684
20.67645612
20.84359046
20.96541808
21.03481623
21.05675906
21.08224624
21.12155176
21.13399994
21.20871040
21.37034654
21.54117369
21.54481479
21.54985566
21.60294132
21.68714411
21.68836744
21.69208816
21.79411270
21.88252476
22.18714794
22.21165747
22.21711487
22.31461936
22.35677165
22.39787394
22.44332860
22.53941602
22.55438620
22.64178457
22.65349729
22.66098509
22.81064770
22.93430231
22.95747042
23.03213839
23.04793131
23.09592179
23.26924374
23.37818912
23.57519112
23.59234115
23.92557661
23.96805474
24.02221375
24.09118321
24.12136550
24.16726775
24.21049921
24.24036091
24.26142447
24.26875807
24.40853533
24.48213289
24.67624804
24.92033743
24.92756941
24.96025106
25.08922288
25.17611517
25.23829342
25.26717632
25.29483878
25.33881304
25.44318465
25.45579614
25.46150887
25.49629352
25.58801793
25.64745522
25.72148366
25.75436721
25.76409237
25.79684100
25.92817379
25.95085696
26.07113273
26.13228477
26.15422444
26.17081780
26.20181675
26.20643602
26.33971524
26.36208307
26.37164822
26.45194681
26.52220675
26.52468055
26.55575983
26.55963377
26.68734205
26.87353994
27.01969781
27.11798971
27.27854674
27.30131278
27.35221836
27.57288790
27.69688414
27.77538921
27.81429140
27.95759164
28.04388793
28.28774682
28.29359270
28.39219355
28.41894117
28.52035355
28.58767310
28.69981547
28.78006412
28.78576705
28.80807766
28.83435632
28.89000059
28.94291808
29.01549792
29.14352028
29.18169727
29.21613754
29.26566654
29.32182340
29.37634696
29.42812257
29.51238259
29.51628130
29.52836707
29.54872058
29.56054191
29.66579233
29.74816703
29.75876147
29.76688220
29.77771299
29.96027200
30.11359622
30.34100145
30.58546053
30.64613215
30.67561890
30.77311417
30.79555169
30.93009696
31.00601753
31.21406390
31.25221818
31.41004878
31.47749144
31.47917811
31.54500879
31.54863629
31.64818478
31.90407154
31.96375572
32.05716104
32.08110687
32.09324226
32.09428819
32.24248385
32.42705812
32.49231130
32.70991395
32.73675049
32.76843412
32.77799795
32.89724680
32.97366551
33.07899092
33.08788224
33.09663181
33.16709321
33.30736930
33.48211923
33.49540483
33.57693266
33.68390730
33.85765355
33.88376550
33.96972317
34.05558111
34.19099758
34.23723904
34.91184841
34.98136505
35.06626139
35.13656014
35.17040310
35.52408722
35.54118295
35.65413051
35.81197694
35.83761609
35.89662977
35.91585031
35.91907759
35.91908575
35.95564381
35.97733496
35.99137628
36.07573202
36.12964999
36.30974069
36.33388389
36.41257267
36.46542692
36.47662514
36.48374423
36.51164085
36.57088836
36.58600698
36.61044126
36.71360619
36.74264969
36.75077104
36.88345904
36.91660476
36.92543165
36.96292650
37.08093590
37.09591087
37.32274513
37.38473001
37.42392543
37.47579129
37.59860499
37.62802434
37.78915360
37.85190519
37.89738738
38.03375702
38.19029444
38.31021919
38.35416515
38.35804612
38.39791031
38.50355685
38.61170109
38.61211980
38.68091535
38.69903562
38.73415315
38.77551943
38.87376455
38.89141673
38.97819635
38.98610761
39.07494548
39.11864879
39.25987992
39.26837852
39.33771454
39.38749405
39.47519225
39.54913354
39.63029151
39.75777070
39.78015100
39.88352377
39.98354490
40.53123570
40.64081233
40.72477227
40.72810635
40.81111283
40.81213525
40.81493634
40.81887761
40.83281113
40.83781484
40.98269090
41.03809634
41.08592912
41.13421385
41.29974002
41.33549171
41.47875211
41.52245231
41.54437953
41.56401380
41.65715223
41.95926387
42.05943120
42.10149974
42.14617509
42.24884948
42.28463552
42.53554896
42.55068134
42.56036244
42.58442672
42.68813950
42.73515450
42.98996086
43.00046462
43.12648360
43.13048798
43.23752135
43.37650282
43.39357406
43.40690770
43.47004818
43.48129995
43.55983538
43.65546157
43.65838645
43.68506500
43.69848845
43.79152346
43.80913166
43.86475210
43.94850841
44.06165093
44.07123885
44.09886893
44.10254917
44.21220038
44.27197324
44.28347300
44.29494737
44.31397174
44.38087983
44.46458094
44.48813250
44.54040925
44.54534317
44.64594059
44.69431180
44.80645418
44.86871871
44.92695258
45.00016329
45.07187830
45.11582567
45.13365987
45.17064357
45.28711857
45.31061225
45.52784903
45.55358376
45.58542096
45.68744257
45.83628900
45.99802002
46.00369441
46.03335906
46.06852306
46.18493435
46.41697000
46.43645860
46.56387424
46.65369737
46.77610069
46.84587762
46.86509093
46.88058822
46.92875916
46.94474267
46.97245034
47.06086364
47.15057453
47.20743690
47.21313198
47.25163964
47.30523475
47.33835063
47.43948912
47.57491469
47.68170185
47.73538168
47.87361711
48.01629636
48.06756649
48.07825948
48.15896273
48.22860397
48.26460949
48.35099583
48.37868662
48.58823823
48.61806089
48.62106870
48.67155772
48.67673267
48.88186159
48.98679436
49.10723929
49.12620787
49.17171928
49.19456206
49.23876186
49.31049478
49.43880093
49.76519260
49.99800313
50.00090261
50.09634052
50.18531379
50.18543625
50.20982982
50.22091951
50.25588685
50.31653585
50.33316961
50.44373875
50.46958145
50.47953217
50.59280236
50.81698415
50.86991854
51.02472073
51.03165427
51.05885811
51.11408497
51.17518261
51.20423872
51.26187501
51.41567660
51.68716305
51.72134699
52.23412110
52.27394031
52.27812915
52.30674118
52.37880831
52.38867289
52.40567418
52.76157419
52.87681917
52.90533822
52.96033711
52.98234885
53.08210238
53.09038351
53.11079795
53.41959833
53.58500288
53.69603687
53.75785215
54.05261730
54.11651780
54.14130294
54.28894369
54.33592785
54.37831365
54.39478519
54.43983779
54.49061864
54.58154068
54.74203665
54.76816753
54.78440871
54.85430986
55.05377797
55.12706944
55.21442627
55.25522867
55.42591014
55.59563280
55.72273523
55.73112160
55.81390184
55.85074089
55.86880376
55.90475426
55.95812611
56.02936955
56.12540479
56.25173718
56.26440348
56.28264299
56.34020464
56.43396948
56.44254377
56.72871987
56.78654269
56.90439044
57.02672490
57.13881263
57.14033477
57.19534777
57.36561716
57.47500156
57.58251698
57.59809112
57.68591008
57.81214827
57.85448492
57.89887401
58.18505941
58.21842503
58.46827492
58.47284305
58.51169710
58.63018853
58.66773741
58.70074199
58.92019128
58.95565426
59.04239708
59.09910270
59.19576293
59.21351146
59.24596457
59.27920100
59.34146447
59.43571448
59.45823085
59.59617264
59.69009824
59.78881868
59.83528355
59.88134211
59.90980121
60.14810060
60.23601246
60.29040111
60.38222616
60.38763897
60.44819384
60.56167953
60.58942561
60.64806579
60.67049853
60.80371145
60.87474662
60.89575132
60.90547683
60.97345533
61.04347975
61.07009173
61.09058866
61.15271973
61.25213478
61.29697390
61.40610769
61.62799987
61.67569548
61.78456023
61.80061029
61.82417714
62.06463634
124.00000000
