0.13679157
0.14005938
0.26706738
0.27603957
0.37622122
0.37966221
0.38756826
0.39141484
0.51881430
0.53922293
0.57513899
0.67931772
0.85162949
0.88381719
0.90561320
0.96980136
1.02449489
1.03389875
1.08240200
1.14174788
1.17742695
1.21158257
1.49364062
1.51648829
1.64338131
1.74425659
2.04307966
2.31974457
2.34306289
2.41659167
2.80254404
2.90521136
3.06664962
3.09989388
3.18630773
3.47308644
3.62473493
3.77383277
3.86761139
3.89583872
3.92350315
4.05355790
4.23048041
4.24999652
4.42380355
4.42912688
4.45177034
4.49271631
4.57970683
4.84394106
4.96614223
5.02162406
5.12171727
5.14628933
5.19573329
5.19857141
5.26854120
5.37990240
5.66494525
5.80427434
5.80581901
5.81266655
5.92219585
6.00164029
6.08608448
6.15323059
6.40493069
6.49996036
6.53043334
6.54428621
6.54677704
6.55326961
6.55870391
6.64766548
6.79469408
6.82542109
7.06850990
7.14753953
7.26117201
7.28816632
7.35471703
7.40871324
7.43213351
7.45161259
7.48552385
7.49474893
7.50913695
7.52770079
7.91588122
8.04745241
8.08270475
8.13231819
8.19685414
8.20847447
8.24494884
8.24510717
8.24724242
8.26208353
8.26942680
8.30353577
8.34160262
8.38373344
8.38941352
8.49617781
8.52681243
8.70494838
8.76651851
8.76873654
8.77676756
8.82200573
8.83858011
8.87908870
8.97584411
9.15826695
9.26696109
9.29589096
9.32724603
9.35438729
9.56328491
9.61493231
9.64061395
9.84671841
9.91921664
10.04004384
10.07921798
10.09104182
10.10929500
10.11212666
10.21307944
10.26828334
10.51057892
10.63640586
10.64060058
10.66429641
10.74013695
10.75814728
10.79489730
10.83648488
10.91334832
11.05314237
11.06579746
11.11102408
11.16776343
11.25969421
11.56640518
11.65321052
11.93490300
11.93531956
11.96587262
12.00857127
12.11110264
12.11195020
12.14698496
12.16975655
12.28244468
12.33490360
12.42169723
12.60603458
12.62626568
12.63576137
12.67492156
12.70331918
12.72695131
12.74276893
12.77337822
12.84240202
12.86823863
12.93063579
12.94265175
13.05286074
13.13511351
13.31784350
13.40903698
13.42583134
13.44737498
13.47266852
13.47422948
13.63104930
13.65596979
13.72422276
13.72790890
13.79181256
13.79342209
13.96951833
14.00297786
14.03989279
14.04292417
14.14888706
14.19975572
14.37690148
14.41204997
14.67353399
14.69041855
14.77752699
14.79055589
14.94712810
14.98741587
15.28155378
15.30854129
15.33946435
15.39584787
15.40014828
15.44548760
15.65012901
15.71270155
15.87372980
15.88259141
15.96820099
16.01334337
16.03856769
16.04132701
16.10313424
16.23877408
16.37039472
16.42044080
16.53858764
16.57051113
16.65368518
16.70329934
16.72358592
16.85375850
16.94538162
17.00215561
17.01202310
17.02895386
17.09231241
17.23577127
17.24705957
17.24835775
17.26419425
17.31983019
17.34198527
17.40818828
17.52562827
17.69202092
17.69397826
17.81497752
17.84334866
17.88543961
18.09828647
18.10076596
18.13092341
18.38762457
18.39491608
18.45731851
18.47739246
18.50890432
18.60406938
18.78831362
18.79896597
18.93032714
18.97673415
19.17838820
19.21502804
19.35502153
19.35891049
19.40324712
19.41497311
19.52129229
19.67197679
19.78913320
20.02771707
20.04544432
20.11226196
20.19309239
20.39408163
20.47961451
20.48905424
20.62822734
20.74590779
20.74610746
20.78003622
20.81365554
20.88810391
20.95705392
21.09019591
21.20871040
21.32512236
21.41027933
21.58924633
21.59822241
21.66899233
21.73570865
21.77527683
21.92980943
22.09565222
22.15212523
22.23386013
22.36441307
22.65706272
22.66697769
22.82028917
23.05502059
23.27577726
23.30698013
23.33580096
23.38890109
23.54389852
23.56314648
23.57361318
23.69934475
23.71195203
23.94879117
24.13665285
24.19164655
24.20662340
24.44304470
24.52706670
24.60440771
24.71465753
24.96116314
25.01430251
25.03270066
25.31789621
25.38984211
25.40526436
25.42004351
25.58378188
25.65814019
25.71209616
25.81650352
25.93179005
26.06311552
26.14665769
26.17110441
26.26786484
26.37961085
26.39034645
26.47735198
26.52107389
26.54968826
26.70041974
26.70113700
26.72845751
26.91290535
26.96682474
27.20829930
27.20962618
27.34726581
27.42393014
27.57012268
27.75396607
27.78354075
27.78409101
27.87158475
28.02006852
28.05920198
28.16625191
28.19787099
28.29768611
28.30295333
28.34839274
28.48833004
28.61886702
28.83793439
28.86556634
29.00334421
29.01372203
29.09436277
29.27824293
29.37051154
29.91304697
29.92721565
30.05917503
30.17411768
30.27946537
30.36704947
30.71796271
30.85916386
30.86453688
30.95366549
31.31053286
31.33592317
31.42129372
31.42491951
31.42733229
31.49775324
31.60707433
31.71215210
31.95623734
31.98026964
32.08059256
32.22569543
32.44265391
32.44908044
32.55893059
32.57811296
32.64500358
32.67225582
33.00335355
33.03599934
33.13777900
33.30015615
33.33458398
33.47155927
33.48438892
33.68410084
33.77333897
33.83849607
33.87572543
33.97250092
34.15266754
34.32180668
34.33529131
34.34024386
34.39392475
34.48903158
34.52159622
34.57184895
34.65300749
34.68806643
34.74393147
34.81244173
34.91906723
35.03507202
35.16563933
35.37629452
35.41050006
35.56654399
35.58499613
35.78408778
35.81924403
35.88027611
35.99583740
36.27236235
36.28997025
36.36822540
36.44631873
36.46684624
36.50131935
36.57128490
36.60290754
36.61213922
36.65736651
36.68259556
36.90040267
36.90866876
36.91094432
37.09628712
37.16563104
37.39986762
37.49796714
37.57804593
37.62496891
37.84956936
37.98873221
38.01813884
38.06851868
38.13161649
38.25949673
38.27258060
38.31626941
38.35870992
38.37452771
38.39146850
38.41127599
38.56987539
38.78264945
38.82600321
38.83487726
38.85302063
38.87815952
38.89479886
38.95385382
38.98790402
38.99521205
39.42104733
39.53922546
39.54296792
39.55311959
39.59202542
39.84846966
39.92503622
39.92635472
39.98547215
40.10318697
40.38456506
40.43952467
40.54551388
40.56488498
40.67280521
40.83427389
40.83856784
41.18714819
41.23718030
41.24348168
41.40655507
41.41748651
41.60856984
41.62501625
41.87511153
42.05720063
42.19956497
42.21052208
42.33753852
42.35701275
42.41682948
42.50520057
42.51002552
42.65722137
42.70843432
42.78644960
42.89678298
42.90531764
42.92635544
43.11633547
43.21373259
43.55204770
43.59347446
43.59591512
43.60019488
43.60509552
43.76556356
43.88300132
44.01930573
44.04280476
44.16007863
44.16434314
44.23630491
44.25121019
44.33604040
44.48354801
44.55736239
44.63800306
44.64793082
44.66760133
44.72543568
44.79652596
44.90086459
44.94181722
45.03721838
45.22963643
45.31747255
45.44253543
45.48419668
45.53010277
45.58477008
45.62481724
46.07883565
46.12193233
46.17648841
46.29335055
46.31357630
46.40292624
46.43056774
46.46052302
46.48306293
46.49162607
46.49732974
46.56525067
46.61622709
46.75942008
46.94440044
47.05354067
47.07168129
47.20950018
47.23097291
47.32311473
47.37092056
47.39020944
47.45684948
47.47356640
47.49365931
47.50341988
47.79973380
47.85985903
47.87461944
47.92826952
48.04294563
48.06710763
48.15244672
48.25746649
48.31964240
48.35330285
48.48147087
48.53730643
48.75896325
48.76692168
48.90604187
49.14619138
49.21399032
49.40931474
49.48289552
49.64380530
49.68155085
49.74689367
49.89109505
49.93276619
50.00578945
50.09425856
50.29271293
50.30767482
50.35387056
50.43859035
50.49623681
50.62595676
50.73064510
50.82285735
51.02007317
51.05732331
51.11686874
51.26338570
51.41865624
51.45104878
51.48115148
51.57116622
51.67992817
51.73992391
51.76532674
51.82665025
51.83020191
51.83664587
51.93917286
52.26751513
52.47452918
52.58257603
52.77343184
52.81424481
52.81562924
52.96936499
52.97453588
53.10830712
53.11027154
53.47207803
53.64790048
53.75785215
53.77605411
53.84113903
53.85066806
53.86198699
53.91162041
53.99431022
54.06032966
54.08198591
54.22605009
54.26891053
54.42221072
54.44519863
54.44934911
54.45668358
54.56527971
54.57798441
54.85219428
54.87921090
54.91604644
55.07037574
55.19293960
55.22540212
55.24255506
55.39946118
55.46954735
55.50410610
56.27137664
56.42888441
56.42963972
56.63394644
56.71993541
56.77686981
56.80439871
56.82553191
56.90638940
56.96966304
57.03726747
57.05700430
57.16795197
57.19534777
57.21190527
57.38044528
57.38983251
57.40339002
57.51385974
57.51573607
57.60895100
57.61335696
57.63860259
57.74757185
57.75147030
57.97513104
58.06958830
58.17172881
58.19375397
58.21431840
58.30550944
58.39195450
58.46258117
58.50051139
58.63391776
58.63693230
58.82865220
58.83471148
58.83827967
58.85940734
58.90576580
59.00792125
59.07397299
59.14512257
59.22998027
59.25812320
59.34908465
59.36118779
59.36651242
59.39666375
59.41032696
59.42241349
59.52688638
59.53285963
59.59519093
59.65704031
59.68500359
59.71433483
59.72553044
59.73055334
59.81164446
59.85820321
59.86230710
59.92235507
59.99952025
60.30342251
60.35534140
60.35621282
60.36591661
60.36682203
60.44179897
60.46216908
60.46822242
60.47116532
60.48305760
60.61772892
60.84207595
60.96224254
61.14951324
61.23833768
61.36092027
61.37654463
61.37979159
61.40610769
61.48951762
61.50638607
61.57797215
61.64533372
61.67512173
61.75151509
61.81147893
61.88095014
61.88465485
62.06515673
124.00000000
