0.02669129
0.05850115
0.19299582
0.48115319
0.55545151
0.76061472
0.86882011
0.93260265
1.07985988
1.48810904
1.51648829
1.53083547
1.63937106
1.69527736
1.71359427
1.75985336
2.00752453
2.05007793
2.22313613
2.25792278
2.44244026
2.46221289
2.46480071
2.48692231
2.63543833
2.64282143
2.72055214
2.83968563
2.94354148
3.00260167
3.04502453
3.05339613
3.09903637
3.10395610
3.23046355
3.28812641
3.47903200
3.49231337
3.59820518
3.63163949
3.65600262
3.89399098
4.04984940
4.11006671
4.29607029
4.31487638
4.33262300
4.45371504
4.52486611
4.58599180
4.63591757
4.75636759
5.12000429
5.12508493
5.13313879
5.26156763
5.41239955
5.44003120
5.51929686
5.57412863
5.59362703
5.68670670
5.70420197
5.70747807
5.89352681
5.93686337
6.22382127
6.31173385
6.51360174
6.55912329
6.57252466
6.68627395
6.69063874
6.82333985
6.83859049
6.90319766
6.97481730
7.01033759
7.05845971
7.16151258
7.21280366
7.26117201
7.29900401
7.37963627
7.39654582
7.63982358
7.73748874
7.74946120
7.78761243
7.90317336
7.93052583
7.94319493
7.95438672
7.96559353
8.13503378
8.21630283
8.22285856
8.23860843
8.28324881
8.28508524
8.32525888
8.40047069
8.45296959
8.55970463
8.60739402
8.73319270
8.76747894
8.77138659
8.79850200
8.86791274
8.90586677
9.33634600
9.35851302
9.46240925
9.56329432
9.66297048
9.90994599
9.93869235
9.93983223
10.20680895
10.23762754
10.27158646
10.69632334
10.81619473
10.82774505
10.95940545
10.97151178
11.01166955
11.05103226
11.08656497
11.18546626
11.21990301
11.31579805
11.50631887
11.61681926
11.89888468
11.95739050
12.05957973
12.06513156
12.09212196
12.10407192
12.10729595
12.10783425
12.13969493
12.17128906
12.29859374
12.31139331
12.77512100
12.80346485
12.92391703
13.06221217
13.14532933
13.16072751
13.22356326
13.29203367
13.29289426
13.31290768
13.37782573
13.78398303
13.92752275
13.98688660
14.05698220
14.06962744
14.13079619
14.13132366
14.28856985
14.29117744
14.32249613
14.45724474
14.48021818
14.64978786
14.71825187
14.79425166
14.90597100
15.00019583
15.06488412
15.27657037
15.34286196
15.37725995
15.40272358
15.70495339
15.71350036
15.73172191
15.82757631
15.83343475
15.86850408
15.88429550
15.94165088
16.00527425
16.08174188
16.14741479
16.33386796
16.44393552
16.45645859
16.54466627
16.54931079
16.64548114
16.70363580
17.01989296
17.03401063
17.03583707
17.04532568
17.14015592
17.14484106
17.15389457
17.16086772
17.25184089
17.28813237
17.32022555
18.02584606
18.09029598
18.23618643
18.34055410
18.46356955
18.56670463
18.60025016
18.63179150
18.66936726
19.12075589
19.12125592
19.12849689
19.24421219
19.28694711
19.30202294
19.34163057
19.48546131
19.74511070
19.87914305
20.18445240
20.24284059
20.41211251
20.42565136
20.55478408
20.75201284
20.82185238
20.90147562
20.95664939
21.02989077
21.16568690
21.18644618
21.24450187
21.42916761
21.43823053
21.52220451
21.52641746
21.55219747
21.66928103
21.77976773
21.82027700
21.89244787
21.91030631
21.94740985
21.97939567
22.11747945
22.12024237
22.22665787
22.32497813
22.34171464
22.49082779
22.53388642
22.62444181
22.70458036
22.82286813
22.84065224
22.88249899
22.93919896
23.00138976
23.12737167
23.51490900
23.54719207
23.70191723
23.75051105
24.22807744
24.24036091
24.24727804
24.32883416
24.35265906
24.45523984
24.50844856
24.60935851
24.65160531
24.69355326
24.87299380
24.99521780
25.01136745
25.03603109
25.07888050
25.17662004
25.23079660
25.34409600
25.34795051
25.36350130
25.48583806
25.49649700
25.52263045
25.66423542
25.67854883
25.69281001
25.70062224
25.70184355
25.79885287
25.80874386
25.84876690
25.93623183
26.09922862
26.16982438
26.35216616
26.51371752
26.52220675
26.68395421
26.82150211
26.91011441
27.00503368
27.01530143
27.06540654
27.24377258
27.36595433
27.51790520
27.53464183
27.56336216
27.58331637
27.73492970
27.75066947
27.75149364
27.76644544
27.83706232
27.85114416
27.87232188
27.88587345
28.06117676
28.07929850
28.11561313
28.29768611
28.33068129
28.38200425
28.38971915
28.42770348
28.46201724
28.80638136
28.85861437
28.90815116
29.14552669
29.25154263
29.27068450
29.32010248
29.33513232
29.35629705
29.44632413
29.56320243
29.65584629
29.91069020
30.06993580
30.12496451
30.17230377
30.18228432
30.24111684
30.40163825
30.46993755
30.47435403
30.54325221
30.61772722
30.77832738
30.78928382
30.87275923
30.96512662
31.06579265
31.15773397
31.29921099
31.31535274
31.32977064
31.34919020
31.38713766
31.40707204
31.42646272
31.43766251
31.46502146
31.56287857
31.64375680
31.68496428
31.82191369
31.96154632
32.21411774
32.24248385
32.62612665
32.63604223
32.70344518
32.75200324
32.88395004
32.92152926
33.22772895
33.26714832
33.32283111
33.34386890
33.46190935
33.58626857
33.62175361
33.89260995
33.91117572
34.16937793
34.26719824
34.34736768
34.36565167
34.41015311
34.53976929
34.60486172
34.64135822
34.65264846
34.65814829
34.75628017
34.84352519
34.85328263
34.88112155
34.88770057
34.93639589
35.01970528
35.03738147
35.05540203
35.11463580
35.34768469
35.39066369
35.45894127
35.54822857
35.56378718
35.58685438
35.61175725
35.61971804
35.66625491
35.69267366
35.73459358
35.79261019
35.97076861
36.18031817
36.19397388
36.23039189
36.23797146
36.30986367
36.33235891
36.41847987
36.44792244
36.47992364
36.50131935
36.53274768
36.58906534
36.61953451
36.65288501
36.65564881
36.67745791
36.82378328
36.82932506
36.91549885
36.97918922
37.00820532
37.01828126
37.15403178
37.25753094
37.26768982
37.39133055
37.40048795
37.41178553
37.45613888
37.49692132
37.53217532
37.62810554
37.67122234
37.80913529
37.84324792
37.94572988
38.00818436
38.05883760
38.15300777
38.17208035
38.24828816
38.26904767
38.27618750
38.41254499
38.46178182
38.48502751
38.60160985
38.61165838
38.77080492
38.78053838
38.79866161
38.96713163
39.00612703
39.01037856
39.06870425
39.15786271
39.16625544
39.39045715
39.41048572
39.52699996
39.54911573
39.72184099
39.81937121
39.84446866
39.87999409
39.89071227
39.95257527
39.96386296
40.06361477
40.20039531
40.25167515
40.32130270
40.33066940
40.37259300
40.41866519
40.65389521
40.67455557
40.73292070
40.73916586
40.87570053
40.93857232
40.98451291
41.29251571
41.37924741
41.50458110
41.50852102
41.64279189
41.72611101
41.77102518
41.78685603
41.90063922
41.92031775
41.95926387
41.97317118
42.12695114
42.29857601
42.29914532
42.30303790
42.34360047
42.39470637
42.41296321
42.46874565
42.55068134
42.67281922
42.71473992
42.71895986
43.03719006
43.08867406
43.45660905
43.86450196
44.01340898
44.04018424
44.08159865
44.28633191
44.29098529
44.40516099
44.42485754
44.50855839
44.94450792
44.96441778
44.97514986
45.01870417
45.03384550
45.20656648
45.29072952
45.29696254
45.30399602
45.45848610
45.56461629
45.80076142
46.01987270
46.11488411
46.12567722
46.22182689
46.24182618
46.24674984
46.38278734
46.39231680
46.49833983
46.53381246
46.62594276
46.71112863
46.76679266
46.83956133
46.92694282
46.94315815
47.08412879
47.10298489
47.15507142
47.17249717
47.22105297
47.22478460
47.43082157
47.80263839
47.87461944
47.97380541
48.01480897
48.03445578
48.11641545
48.17369949
48.28246905
48.52268929
48.64260275
48.69398589
48.82946398
48.96103762
49.04666197
49.19144605
49.22295637
49.54510724
49.59516863
49.60258593
49.63028845
49.64799678
49.78817907
49.81299061
49.83441987
49.94327599
49.99912854
50.05992084
50.09547144
50.11865786
50.13539266
50.24820068
50.26424330
50.37079714
50.54496849
50.70025939
50.70323564
50.73716678
51.01195819
51.16995217
51.25429988
51.26497456
51.36148308
51.43245823
51.46949706
51.64662275
51.77652703
51.81000041
51.85615431
52.17593961
52.27646521
52.35413565
52.37420757
52.39262078
52.54131879
52.71433958
52.75943082
52.82189951
52.92136886
53.18491321
53.26274717
53.40006925
53.51109504
53.63347055
53.66578199
53.74706796
53.80197466
53.96444800
54.00396343
54.10390882
54.12102381
54.12858534
54.33969463
54.47926265
54.53355603
54.54739825
54.60254128
54.64531403
54.68408686
54.80584096
54.84467594
54.92164049
54.92877909
54.97181543
54.98577386
55.00729649
55.01368166
55.01927059
55.02622456
55.10146152
55.24398762
55.27027638
55.43597722
55.50218603
55.71264464
55.74981148
55.90277547
55.94406435
56.15933847
56.22307262
56.40827248
56.41587545
56.82593586
56.87281054
56.87894687
56.90128997
56.96444181
56.98690643
57.23596925
57.31717632
57.34197892
57.36287087
57.40692504
57.43471932
57.54039326
57.70731634
57.83411011
57.92419253
58.10518022
58.16436196
58.17000664
58.24950702
58.40104852
58.44406845
58.70376100
58.78698785
58.93948244
59.07303424
59.11225822
59.13949120
59.15258072
59.22160668
59.39836690
59.40634210
59.76846408
59.81516801
59.86011782
59.98197532
60.02540673
60.05310317
60.08835263
60.40318517
60.47265861
60.47480383
60.73097290
60.77419607
60.94918729
61.08393459
61.11400429
61.11623824
61.30803309
61.58560663
61.85006635
61.89237085
61.92726479
61.96486814
61.99823296
62.05694704
62.10385440
124.00000000
