0.05033322
0.28130638
0.35356112
0.53979909
0.55169252
0.67675467
0.90235413
1.02938314
1.10286209
1.37497020
1.37523809
1.41856784
1.47555697
1.52981668
1.55037620
1.63532560
1.68960371
1.70838437
1.73945163
1.84813982
1.88821438
1.97540960
2.09581890
2.17313946
2.31982228
2.39254311
2.54868098
2.62135360
2.67570119
2.68183679
2.69450562
2.84357392
3.18488602
3.34970928
3.50444680
3.52213868
3.68612497
3.72779332
3.75252208
4.00920476
4.04489766
4.05674293
4.14991894
4.28055004
4.29978110
4.35005072
4.38783136
4.47596098
4.49216426
4.49464070
4.50996116
4.51702120
4.56499431
4.59940451
4.71963527
4.73132870
4.86504239
4.93209728
4.96913161
5.19616783
5.59476038
5.66382695
5.77119059
5.77449575
5.80762569
5.82461316
5.90773742
5.92696848
5.95398594
6.03084876
6.25300741
6.37919067
6.40076711
6.41740279
6.44287736
6.46748318
6.59940059
6.62157137
6.68868534
6.69111716
6.75908860
6.78019361
6.79553298
6.96279343
6.98931346
7.04567456
7.06049210
7.12156966
7.21269194
7.25411290
7.27254507
7.27384666
7.28083263
7.29581231
7.33056399
7.36055909
7.48772880
7.55918004
7.57217743
7.67346536
7.68996652
7.69299495
7.71627012
7.75083289
7.81997128
7.88852418
7.96661016
7.98312877
8.11220139
8.11290366
8.20498956
8.23020295
8.23325084
8.26375441
8.28710795
8.34123856
8.51098867
8.59799364
8.72677146
8.76400345
8.78309119
8.89908649
9.10742629
9.17456504
9.35804506
9.46831123
9.47389110
9.53129387
9.63025216
9.63410378
9.81000971
9.91151334
10.00697072
10.01390311
10.05393510
10.14308349
10.17798118
10.19767984
10.20680895
10.32245255
10.34949848
10.38202682
10.64792314
10.66246611
10.66376056
10.70078115
10.83889249
10.91075684
10.93533586
10.95240195
10.95427373
10.96987588
11.02811185
11.05597572
11.09905327
11.11476550
11.16776343
11.19437515
11.54306552
11.66108013
11.71775379
11.89840225
12.08187646
12.18220844
12.37192905
12.44637875
12.61376978
12.70254096
12.96214047
13.23816134
13.36280580
13.44706885
13.53379001
13.74333404
13.80305235
14.00135769
14.03948747
14.04036684
14.05595406
14.19337484
14.23462296
14.27088708
14.29172742
14.32594863
14.54287679
14.58194533
14.60780028
14.64897689
14.80020908
15.07528617
15.10230398
15.10967920
15.14422866
15.33852055
15.55096994
15.56938565
15.58936353
15.70453906
15.86998485
16.00689262
16.10025436
16.11706770
16.21391463
16.31858593
16.34507550
16.39459678
16.45734121
16.61647807
16.70871888
16.75325921
16.77247831
16.83291744
16.83584413
16.88501010
16.92771180
17.03262886
17.08982726
17.12257803
17.19011532
17.22247747
17.33189993
17.42838173
17.57164127
17.75356201
17.88989847
18.05320683
18.30723034
18.39495696
18.41408278
18.45776013
18.55800911
18.68244738
18.73898226
18.92217600
18.96798790
19.24699388
19.29415349
19.33681790
19.35502153
19.35814350
19.44010116
19.57165608
19.64498569
19.68138844
19.69818654
19.95145946
19.98203358
20.10091225
20.14458206
20.22146644
20.33110535
20.40273477
20.43031125
20.54695409
20.58568484
20.63629885
20.68064463
20.78435249
20.80461037
20.88006388
21.18378743
21.26978353
21.28505546
21.50077358
21.67136677
21.70260230
21.82231654
21.88177069
21.98740302
22.08096030
22.09033869
22.16599186
22.16799566
22.18714794
22.29396889
22.32009243
22.39388112
22.44621798
22.46232036
22.49726987
22.51684909
22.90598949
22.91395784
23.05728607
23.10583611
23.14028768
23.20301846
23.22731786
23.33518409
23.38910399
23.40108969
23.42483395
23.47664492
23.50989346
23.58198936
23.60562042
23.66791058
23.73355038
23.93840310
23.97011044
24.02447398
24.08681888
24.39222644
24.39543691
24.48116911
24.50274923
24.60534425
24.76000966
24.79778328
24.80810291
24.86039861
24.90576585
25.09436409
25.17138005
25.19643303
25.33656968
25.69171250
25.77098617
25.81650352
25.83504187
26.01545263
26.09447358
26.10261154
26.16800010
26.24230262
26.55198491
26.77363459
26.98817275
26.99351637
27.02778483
27.04847020
27.07355514
27.11534060
27.21316718
27.22343024
27.32863966
27.33454782
27.41516604
27.51724414
27.56245478
27.72716338
27.76012912
27.78329221
27.81315527
27.92744323
27.93243147
28.03601721
28.03763808
28.09059601
28.11074325
28.12927867
28.22882842
28.23620001
28.28480221
28.37916090
28.42290279
28.43710708
28.44386020
28.53181081
28.54301992
28.60172643
28.67604128
28.69334801
28.83353717
28.94731041
29.01450047
29.04691170
29.07929798
29.08618335
29.11077176
29.39551853
29.63480428
29.84662636
29.86442538
29.90569492
29.98578539
30.06808561
30.29990465
30.45422901
30.49039965
30.60574179
30.71660362
30.73671514
30.89556576
31.17049434
31.25141701
31.25981398
31.26292530
31.30192650
31.62087468
31.68599119
31.89083645
31.95162749
32.11643811
32.21571865
32.29660740
32.60407545
32.61634794
32.64053958
32.86856066
32.88556804
32.88944296
32.96179302
32.99599136
33.03688529
33.10068128
33.30276012
33.33430383
33.44799790
33.60180010
33.60824844
33.72562903
33.79734221
33.81022811
33.86281516
33.88376550
34.31826508
34.39899192
34.44354777
34.56680361
34.78607350
35.30450292
35.40250034
35.75365705
35.82881912
35.89283127
35.93470227
35.97925448
36.07600931
36.12964999
36.19703442
36.42627410
36.46820236
36.59414272
36.67875490
36.70612399
36.73375090
36.77498958
36.83561371
36.87956853
36.90761351
36.90937341
36.92147565
36.93432137
36.98585312
37.12655104
37.19535670
37.26670093
37.34011387
37.41814564
37.42392543
37.43510665
37.47022064
37.62210221
37.81267839
37.96510568
38.02362180
38.20813585
38.23447324
38.40101736
38.64127614
38.68508190
38.79722176
38.82522352
39.02205298
39.32623701
39.39787799
39.41028863
39.52343360
39.95194852
39.97990274
40.06144951
40.23559429
40.24181643
40.28026783
40.32627586
40.44068235
40.49797802
40.54776561
40.72440843
40.79772210
40.79971183
40.84768221
40.87866033
40.93560642
41.01202076
41.04009044
41.06542561
41.06682420
41.07562856
41.18323176
41.24274830
41.26630331
41.34216545
41.44401001
41.52762959
41.65551314
41.89803516
41.97870832
41.98477244
42.10828008
42.22447151
42.24936333
42.33327564
42.40979386
42.55107428
42.58453171
42.71314507
42.76578979
42.84508678
43.14431878
43.16042432
43.22017501
43.41148198
43.41532829
43.53667974
43.58199634
43.63772932
43.82641491
44.06072626
44.08288655
44.16396019
44.22117970
44.31364118
44.44142825
44.55657356
44.73262435
44.75435146
44.76197827
44.85131041
45.01987878
45.16452797
45.16639126
45.24428423
45.34914201
45.36868808
45.38652199
45.47065112
45.89502848
45.93095363
45.94049041
46.09536771
46.35361780
46.36685645
46.41736629
46.45990064
46.46398888
46.57539023
46.58210163
46.62112948
46.66525634
46.73036843
46.79094010
46.79675792
46.92747796
46.99793960
47.03573963
47.12670579
47.43895544
47.76818703
47.85674345
47.92420184
47.98464026
48.02121747
48.04721673
48.18459852
48.18643542
48.24795040
48.25464925
48.30362227
48.45339681
48.46922782
48.47411967
48.52944104
48.56154531
48.71125999
48.72195551
48.74010606
48.85344891
48.88986063
48.92581804
49.11774135
49.27750426
49.34172208
49.36046332
49.37530611
49.38720173
49.40492444
49.42341453
49.44245252
49.52082197
49.65516870
49.72074866
49.72397661
49.90458918
49.95125577
50.11439141
50.14369652
50.21043716
50.27004341
50.27987090
50.30953773
50.34293408
50.35931763
50.40025759
50.47050258
50.49685898
50.97924184
51.00435720
51.01786467
51.16819489
51.17275774
51.37727375
51.47983565
51.61373187
51.62621751
51.63992404
51.67759234
51.80947787
51.83779301
51.86517453
51.87357784
51.92570598
52.01320050
52.18816492
52.42478877
52.45996471
52.61382048
52.76297627
52.95312842
53.00011684
53.02617998
53.03672204
53.04123914
53.04394912
53.10735330
53.19569567
53.33334700
53.40801513
53.42696137
53.43327597
53.43626605
53.54097912
53.58861020
53.62336704
53.77605411
53.88497284
54.04916787
54.12247916
54.15378198
54.19510057
54.24395961
54.50356105
54.56981239
54.70821003
54.78518843
55.08300517
55.20130408
55.27321456
55.27698685
55.28697958
55.60974187
55.61493913
55.62052254
55.65308718
55.69369576
55.78774382
55.86319152
55.96595415
56.27585998
56.49271014
56.61628673
56.62394220
56.70701703
56.72906836
57.20220608
57.41375975
57.43524876
57.51490476
57.54906711
57.78682315
57.88779924
58.03894968
58.04595489
58.25641153
58.35929222
58.72150495
58.77571103
58.91441091
58.95892608
59.34694912
59.50183232
59.53659530
59.60905184
59.65366106
59.86974868
60.08700163
60.11847592
60.15714504
60.15757271
60.35534140
60.44179897
60.44198124
60.46485135
60.47480383
60.63430795
60.78102320
60.87308950
60.87909182
60.99124980
60.99183402
61.15327800
61.28592364
61.42994584
61.88615777
61.96590954
62.25603728
124.00000000
