0.08134821
0.09282489
0.31773085
0.37813347
0.48528380
0.54646201
0.58193542
0.61389885
0.70646229
0.82943247
0.83265919
0.87712711
1.02205892
1.18950844
1.20010446
1.40423082
1.40940595
1.47423063
1.52557749
1.66093056
1.67972120
1.74533247
1.76532861
1.83354826
1.83556201
2.02425689
2.07583679
2.07696746
2.11971088
2.15034460
2.18867461
2.31843580
2.39572605
2.40208242
2.54022320
2.57917701
2.67542128
2.73434408
2.77696131
2.78251404
2.82301326
2.87874051
2.91804825
3.04502453
3.05360886
3.05845589
3.06360319
3.08224303
3.25689729
3.27937844
3.28752890
3.36258664
3.37923118
3.42294107
3.43002756
3.48720434
3.57766182
3.74252963
3.76443541
3.97445652
4.00570076
4.07105326
4.17929186
4.17933805
4.27449884
4.28154920
4.32577371
4.32593357
4.41929214
4.51195095
4.60586594
4.70252401
4.81569795
4.83773552
4.97587486
5.06856634
5.11005355
5.40841310
5.78676874
5.94575590
5.95289703
6.05823529
6.07285004
6.07961972
6.11609619
6.28547574
6.41537326
6.45000589
6.45492673
6.47743989
6.65980263
6.77278217
6.82448102
6.90381258
6.98739154
7.33056399
7.34128339
7.64767462
7.67369604
7.77717515
7.94319493
7.94526820
7.97071249
8.10334919
8.53759820
8.66350627
8.66894634
8.68133423
8.75368907
9.12906750
9.31161595
9.42030261
9.42621980
9.49436430
9.53250021
9.54327965
9.58779539
9.77297003
9.97493633
10.02220230
10.02717652
10.05241891
10.19777881
10.20944709
10.37937416
10.38282080
10.41503786
10.45682849
10.48564696
10.66624389
10.89888370
11.15860912
11.22649201
11.22679483
11.40697969
11.58761239
11.60902649
11.63312401
11.88996388
12.04958135
12.14924436
12.15791451
12.23709933
12.27575803
12.30150380
12.30153488
12.42212959
12.53676444
12.56359067
12.58396943
12.65272111
12.73407714
12.80614000
13.03792522
13.20164641
13.21134396
13.35150712
13.45368081
13.47422948
13.49036414
13.53379001
13.54923759
13.67642699
13.68163051
13.75828780
13.77053904
13.86170320
13.94084716
14.00027027
14.01495894
14.05698220
14.06765441
14.07051697
14.09831925
14.10387797
14.16497920
14.19830491
14.21686527
14.25841447
14.30324047
14.31276822
14.32625183
14.52669537
14.55373672
14.57034402
14.73113325
14.75717318
14.80977059
14.80997774
14.89173297
14.89284428
14.98544641
15.02925844
15.05594728
15.08543241
15.25346869
15.27775669
15.50809549
15.65755183
15.70453906
15.77374547
15.79014951
15.91637131
15.93889475
15.94165088
15.97294067
16.07617041
16.17521362
16.24243870
16.47896395
16.59698171
16.63431529
16.72384619
16.76702526
16.97340400
17.11885425
17.17810901
17.27397989
17.36082344
17.53491732
17.57030044
17.63075403
17.77910620
17.94262702
18.03198579
18.03734703
18.21872673
18.22802791
18.26311626
18.36102065
18.53718767
18.59531862
18.76156770
18.99442859
19.12758711
19.13380385
19.16580172
19.34271938
19.41736220
19.44010116
19.47894892
19.48920545
19.51339796
19.53229125
19.61816433
19.62455360
19.82655100
19.89038813
19.95797139
20.01157347
20.18760396
20.27761986
20.32281210
20.42670915
20.45049836
20.46160313
20.47339466
20.62836322
20.65698414
20.66804871
20.76351804
20.80318056
20.86918287
20.87032380
20.90519117
20.91004561
20.95678594
21.26156007
21.35747305
21.37911462
21.38887923
21.44249647
21.50610458
21.57991118
21.67343421
21.72637554
21.78296918
22.15042359
22.25060102
22.31818220
22.32967521
22.37032637
22.62629859
22.77268552
22.77340491
22.81116638
22.91928792
22.96451384
23.04182688
23.05722254
23.09451625
23.27472129
23.35300925
23.38592898
23.48971817
23.50001432
23.62681782
23.65692320
23.66521377
23.73955704
23.75689978
23.76401475
23.80058451
24.00964773
24.04944085
24.07335013
24.08482247
24.10347216
24.25269522
24.27184849
24.29121235
24.41524601
24.48771802
24.52625645
24.60714858
24.65226349
24.67992232
24.68412678
24.73639851
24.77510637
24.92666294
25.02101147
25.05830490
25.14501689
25.22026688
25.45434359
25.49902025
25.63108806
25.64573798
25.72357379
25.82126764
25.97828281
26.05321880
26.12191335
26.17798380
26.22818230
26.29970023
26.31193925
26.32802114
26.72927728
26.82447998
26.83889213
26.84280119
26.85110090
26.86259305
26.91110388
27.08521807
27.19984155
27.40438192
27.74527566
27.76669306
27.80185138
28.02515087
28.09033094
28.14182369
28.18692039
28.27498076
28.29066033
28.33694822
28.40421807
28.47016869
28.72206638
28.75116232
28.79458479
28.81845099
28.82942451
29.05508383
29.08354543
29.69761247
29.71655549
29.74501899
29.80080244
30.02602825
30.06038263
30.13441757
30.16280087
30.40182338
30.66477493
30.73478018
30.77172196
30.86529699
30.90286567
30.90918336
30.96599420
30.96887137
30.96923480
31.01382406
31.12200492
31.22860893
31.26464200
31.26733083
31.32977064
31.42129372
31.68496428
31.68887832
31.70412771
31.70787903
31.74699286
31.88049470
32.19360140
32.24440133
32.36427526
32.40710827
32.94976192
32.99315378
33.18451881
33.18507694
33.29397765
33.30664942
33.34518470
33.48612586
33.64398223
33.65857269
33.87572543
33.91584858
33.93111711
34.03340826
34.04736006
34.12888571
34.22083065
34.28458303
34.29603200
34.45533204
34.53560191
34.62251104
34.69553884
34.74899858
34.76849210
34.83516761
34.86171058
34.94454277
34.98136505
34.99835021
35.10358440
35.29477967
35.31601938
35.58155770
35.65413051
35.66098911
35.74287490
35.87250564
35.96386957
35.99236691
36.03248226
36.05508864
36.09273802
36.13801786
36.22574760
36.22884909
36.23524303
36.32579899
36.36710646
36.54012045
36.77692234
37.03363880
37.06926163
37.10258878
37.13873564
37.25753094
37.29287841
37.34525481
37.52649938
37.57800018
37.61764199
37.78775682
37.86263835
37.92642100
38.03018777
38.23371904
38.29664377
38.32173092
38.38646872
38.45182426
38.50957197
38.68515941
38.75210886
38.75761607
38.76414678
38.89290998
38.93177191
39.00217564
39.06122697
39.21890205
39.25401745
39.28950669
39.30660211
39.35387254
39.36385756
39.54336941
39.54701633
39.66671975
39.68859063
39.76870693
39.81955342
39.94217931
40.02059652
40.08079236
40.08637415
40.10318697
40.10657640
40.28601313
40.30123136
40.31112935
40.38578257
40.39305518
40.43650797
40.49783230
40.71307289
40.90433606
41.01205056
41.33879002
41.35817409
41.58622293
41.61263968
41.79964761
41.90053659
42.07276138
42.15617473
42.18656334
42.26899548
42.29548011
42.31679559
42.36352470
42.42276027
42.46051771
42.47044422
42.54111917
42.66843168
42.71713303
42.93795782
43.02131155
43.05046515
43.12858009
43.24477439
43.29675062
43.44443779
43.44888428
43.45376675
43.52512178
43.54702322
43.59795835
43.59865183
43.70304203
43.72689357
43.75454300
43.96412748
43.98863830
44.05601841
44.47985297
44.50936617
44.54492749
44.62655407
44.78118676
45.08109910
45.12079869
45.14754862
45.16428070
45.34905415
45.45696685
45.52977021
45.59461107
45.60206043
45.69099372
45.80317382
45.83699457
45.89286631
45.97775776
45.99691912
46.06696439
46.19044834
46.19827456
46.29364107
46.31357630
46.41054707
46.47215598
46.53360669
46.74684426
46.79616911
46.80518806
46.92694282
47.17249717
47.18112373
47.34993281
47.44514818
47.52170775
47.55057762
47.57320560
47.68902462
47.87646505
47.88296896
47.92038967
48.12537895
48.26023602
48.61442392
48.63205756
48.67014326
49.08101653
49.19012667
49.29856058
49.30073002
49.44227019
49.56515132
49.58009896
49.65524137
49.72076367
49.98620483
50.15723022
50.16988132
50.19717332
50.29764225
50.31504987
50.44224196
50.54333051
50.66437739
50.69956465
50.72104724
50.87400905
50.94269908
50.94791056
50.95363439
51.03981836
51.55502005
51.60902565
51.83455634
51.84006040
51.85952715
51.96259511
52.03813159
52.14614038
52.17449448
52.20590841
52.21936638
52.26751513
52.34020580
52.37230281
52.38217790
52.76157419
53.01228049
53.08147867
53.09309993
53.11184893
53.43203480
53.53994998
53.54196113
53.71473767
53.74145941
53.78224636
53.85654738
53.93565131
54.03185310
54.05862808
54.07957834
54.38891292
54.39618729
54.44630196
54.47980182
54.74203665
54.83014529
54.88702882
54.91257281
55.21802470
55.42880759
55.55723555
55.60766534
55.65164872
55.70787442
55.76092923
55.78715924
55.83909875
55.88680000
55.93280050
55.95058796
55.97857315
56.05238333
56.16865533
56.20649002
56.27818338
56.28455344
56.30980891
56.35406348
56.37025760
56.37192513
56.45118800
56.50503440
56.52916158
56.54282980
56.54370465
56.61593888
56.64779297
56.66983285
56.70701703
56.73102462
56.83812942
56.84779482
56.89897077
56.94244245
57.13825289
57.17378683
57.19627533
57.21939133
57.22369365
57.28872054
57.31379083
57.38501292
57.73357208
57.75707972
57.91610268
57.94749946
57.98685806
58.02463202
58.12744614
58.20520668
58.26964441
58.34860982
58.35356461
58.65782294
58.74279292
58.78626149
58.92331493
58.97524153
58.99441687
59.11694266
59.15279114
59.26700547
59.33331785
59.44737796
59.53227697
59.62115863
59.72062659
59.81604915
59.82161268
59.85458454
60.17855861
60.30607020
60.39066271
60.40381056
60.40405726
60.54780486
60.65218925
60.71634124
60.84207595
60.93281991
60.99133473
61.19587425
61.21308719
61.31131438
61.39569375
61.39902716
61.45280004
61.48842154
61.53519528
61.55552679
61.57457640
61.81031541
61.99063543
61.99823296
124.00000000
