0.01249657
0.05806541
0.19440365
0.22831234
0.31708340
0.33571995
0.48329060
0.54360837
0.91832582
0.94979071
0.98875223
1.00693611
1.03112553
1.21408055
1.40034610
1.47938595
1.86658488
1.87950968
1.89893216
1.91254651
2.06028180
2.11537063
2.26968889
2.42869526
2.44466482
2.54861158
2.87464210
3.00776736
3.03035124
3.05102883
3.12061001
3.21576298
3.24642404
3.28494025
3.31397181
3.32473563
3.44083311
3.49034384
3.49636300
3.62976941
3.65158088
3.72351073
3.91721006
3.95390522
4.03800544
4.09080877
4.12661611
4.15052926
4.16386050
4.28676630
4.44683471
4.94540030
5.09675119
5.20386246
5.27259173
5.29752004
5.43947255
5.58517961
5.63223863
5.64806295
5.66732440
5.80982855
5.88005560
5.89464473
5.97350849
6.04898854
6.08951985
6.11338568
6.35711946
6.37537274
6.41672409
6.42740745
6.46192343
6.60609114
6.60864255
6.66175381
6.72858820
6.73896512
6.77493976
6.83513486
6.87455801
7.09232908
7.23992597
7.24645388
7.25337039
7.25882953
7.29667584
7.35444484
7.36513348
7.60829792
7.62923806
7.64767462
7.66117029
7.83917360
7.88657665
7.96486937
8.11551373
8.13783156
8.14069104
8.15059361
8.15698042
8.27768848
8.37017377
8.42932702
8.44578891
8.44810760
8.49062965
8.63231741
8.66445957
8.68542166
8.79394092
8.84034316
8.84870443
8.96364624
9.16966388
9.25495306
9.36610450
9.38648039
9.46022166
9.51911076
9.54356342
9.58053777
9.68816489
9.73471438
9.75740360
9.76447133
9.88437504
9.92207319
9.94794125
10.02783441
10.30380235
10.32509393
10.32816241
10.62961305
10.67904660
10.83460392
10.90592397
11.06633777
11.29461951
11.47473688
11.64677784
11.81698179
11.88452815
12.02689718
12.19967661
12.21453207
12.39936592
12.52424128
12.53799274
12.61397791
12.61855568
12.64393969
12.77456421
12.85540977
12.87037187
13.27357938
13.28412430
13.31290768
13.50927929
13.51904237
13.52891492
13.57872585
13.75489533
13.86650328
13.87552666
13.88831969
13.90903608
13.92752275
13.95083067
13.96712715
14.01126328
14.04084831
14.22162452
14.28231074
14.32190961
14.36640023
14.46150784
14.47438776
14.73730623
14.97247031
14.97546577
14.97964934
15.11928634
15.19840134
15.20263347
15.29054282
15.46710224
15.52364943
15.62508137
15.67150103
15.79013735
15.89874691
15.93243066
15.95137123
15.96199546
16.32428932
16.38348726
16.54638117
16.55589612
16.68797030
16.72734045
16.97118378
16.98177061
17.03404360
17.06783081
17.09644359
17.24454468
17.26263225
17.26560291
17.39172245
17.43080081
17.43170083
17.54827340
17.69873298
17.74477506
17.77519377
17.79817355
17.81234022
17.95115077
17.99466057
18.32164938
18.38155165
18.53007891
18.68244738
18.75537601
18.75761445
18.84952093
18.88322674
18.88985945
18.93591518
18.98304761
19.08161458
19.13365551
19.14649913
19.27889160
19.47852624
19.63429612
19.68986958
19.76374060
19.87223580
19.88122184
19.88744344
19.90775310
19.98531182
19.98626501
20.16312711
20.25628732
20.34396378
20.36441043
20.36729056
20.46728158
20.50211970
20.56390639
20.62717149
20.92470975
20.95515735
21.01183737
21.01217175
21.06303496
21.09292583
21.16799778
21.20992927
21.24656687
21.30410668
21.45976514
21.63431788
21.88372613
21.88771992
21.93852029
21.99338827
22.01049608
22.02268517
22.02552613
22.08839463
22.15059232
22.16672555
22.20045875
22.27521380
22.29514649
22.38074021
22.52430895
22.55460338
22.76118092
22.77676506
22.91721845
22.92514441
22.96088707
23.12055846
23.15288431
23.21357475
23.27663506
23.35061990
23.54521639
23.58373498
23.65825070
23.70094154
23.73183793
23.88341620
24.13413118
24.14535638
24.14853768
24.41246794
24.41290038
24.77882494
24.78236399
24.83593565
25.03269392
25.06476882
25.13924801
25.19849945
25.30984081
25.36401351
25.70892176
25.74522018
25.76502139
25.78330174
25.89579525
25.91414705
25.92483406
25.98381550
25.99859655
26.08414127
26.09468126
26.11296766
26.20368263
26.24001165
26.40032924
26.44486385
26.54680229
26.68530813
26.74412024
26.83889213
27.18141160
27.26802539
27.49130451
27.53973612
27.58867680
27.63909240
27.70237211
27.70766576
27.84058864
28.06594114
28.12031399
28.24782597
28.35222677
28.39357905
28.41041470
28.50698457
28.71106079
28.77211124
28.77770448
29.05473653
29.07296477
29.10173586
29.20593064
29.23069278
29.26103615
29.27525455
29.39551853
29.54257043
29.68517606
29.69138717
29.70013121
29.71590571
29.73892743
29.75894517
29.87939412
30.02269265
30.06030113
30.19448328
30.23472437
30.25219398
30.29671980
30.30295127
30.34573942
30.49046361
30.70071665
30.74335513
30.78882384
30.98596314
31.00143704
31.04417715
31.08419968
31.16127323
31.16217026
31.22042316
31.22605669
31.26846153
31.31349982
31.41419748
31.42995873
31.50068279
31.51004160
31.53117937
31.60247011
31.62180891
31.62735901
31.71215210
31.88814923
31.89550411
31.94095602
32.05529375
32.05571220
32.16626057
32.20571152
32.22774382
32.30326255
32.32462275
32.34344172
32.41279523
32.45583720
32.76017551
32.91666923
32.97522202
33.33032851
33.37862269
33.47167381
33.57693266
33.69625311
33.92732959
34.00080828
34.02687872
34.04736006
34.07728769
34.12152117
34.16172511
34.22434031
34.34090218
34.62430870
34.65033184
34.70788004
34.73860272
34.76026966
34.83566030
35.01859139
35.02766361
35.12610911
35.15767611
35.21469708
35.23797058
35.32529103
35.58035993
35.61148152
35.74359910
35.80667087
36.00460944
36.36268282
36.41355505
36.42525255
36.48181885
36.59620203
36.62437507
36.69322523
36.71995616
36.79102991
36.88748478
37.25358929
37.28503591
37.34011641
37.37449149
37.49345717
37.63037767
37.81479897
38.00347288
38.05434797
38.05627281
38.40758090
38.40907534
38.65214421
38.75158875
38.85071061
38.96270196
39.05341263
39.11842582
39.13139800
39.25536576
39.42095897
39.42528241
39.55519955
39.73464599
39.78237997
39.90060326
39.94039332
39.94578588
39.96509790
40.01973681
40.05155402
40.17940447
40.18325526
40.25270371
40.27627123
40.28026783
40.29651642
40.33675500
40.36493469
40.55794300
40.56152410
40.61348350
40.73583024
40.76794630
40.81720496
40.86075816
40.93264166
40.98726164
41.23489078
41.37653552
41.60399149
41.61350104
41.62374003
41.69650630
41.74893286
41.76974701
41.78756629
41.79558272
41.89842921
42.01194829
42.05493050
42.12195525
42.24936333
42.36522338
42.42268535
42.68977870
42.73537107
42.84964076
42.90284679
43.11941911
43.18549507
43.28082035
43.42636634
43.45201884
43.47569241
43.49190314
43.67716405
43.76106643
43.78312443
43.88885786
43.90690606
44.00441145
44.03540532
44.04826310
44.29262139
44.42554369
44.50317309
44.60960458
44.75209464
44.83031746
45.00208104
45.01621046
45.01876264
45.23009776
45.28253039
45.36262575
45.46812877
45.55360918
45.71753720
45.85904347
45.93095363
46.05078000
46.20223167
46.21514027
46.24889515
46.25699984
46.50201874
46.53347550
46.64014782
46.67019711
46.82861603
46.85465612
46.88351916
46.89700413
46.91932621
47.02296726
47.18407946
47.23879948
47.40752325
47.60224724
47.63554366
47.76279233
47.80786357
48.23664074
48.32272630
48.51725268
48.95156506
48.98529074
49.04926382
49.10304746
49.11461218
49.13933336
49.44200083
49.47547972
49.60433705
49.65973541
49.71423243
49.78846162
49.82174043
49.93975480
50.10490292
50.11785293
50.25376851
50.30882443
50.36947353
50.37909145
50.40165294
50.46469652
50.49159667
50.62726881
50.65646032
50.68112521
50.77687761
50.77871922
50.80238748
50.90502587
50.94142803
50.98482691
51.12871587
51.15982958
51.29793388
51.38237668
51.52296998
51.56050150
51.57678984
51.58627508
51.71344903
51.74217971
51.75639830
51.76234312
51.81851843
51.83479407
51.89087816
51.93337075
52.06315594
52.08479186
52.17082636
52.19574847
52.34020580
52.40200692
52.61465979
52.72989029
52.77800339
53.10830712
53.55377738
53.62594202
53.66012008
53.93646593
53.95477230
53.96175409
54.81249626
54.84123947
54.91592282
54.91723985
55.02622456
55.09312102
55.20660021
55.38405180
55.38461003
55.44100820
55.48563201
55.59303463
55.59475241
55.65009926
55.68062555
55.83506677
55.95058796
55.99538052
56.06049297
56.26553451
56.31862296
56.39263407
56.55033357
56.59724167
56.63713328
56.83319096
57.04434674
57.16893429
57.23180998
57.37534196
57.37859371
57.38134009
57.38173454
57.50609591
57.58827548
57.66310933
57.73887569
57.89348703
58.07761079
58.07823705
58.15929346
58.20930703
58.26595660
58.33406143
58.56847132
58.62624096
58.65168098
58.75475177
58.84112786
58.95892608
58.98675889
59.01482217
59.04075707
59.05693398
59.07303424
59.14188810
59.16038582
59.16701411
59.16899806
59.24568733
59.30736012
59.34908465
59.39686255
59.64219895
59.66321558
59.86721810
59.89988036
59.97903304
60.12298848
60.21718216
60.30342251
60.31789067
60.44819384
60.64168471
60.66684410
60.66783030
60.73203840
60.90134383
61.05431379
61.05815567
61.09975716
61.28890918
61.62742339
61.72796991
61.90163048
61.95675531
62.00837091
62.18134233
124.00000000
