0.02182977
0.04792063
0.18926669
0.24030812
0.29570193
0.34927691
0.43493160
0.46125117
0.59634725
0.75578548
0.75951168
1.03180479
1.03394557
1.05053766
1.06105390
1.09272751
1.30378674
1.33569701
1.39656367
1.47317485
1.63571892
1.64256223
1.67341158
1.69687073
1.75217961
1.89577542
1.92925049
2.26918722
2.60545710
2.63543833
2.64115025
2.73460346
2.84108401
2.97226749
3.00123754
3.02190268
3.05102883
3.17550266
3.30089229
3.41855963
3.48057144
3.57785407
3.61979421
3.68687913
3.95816562
3.99197447
4.18169875
4.27558992
4.29920887
4.35005072
4.42782260
4.43211685
4.43617765
4.44067845
4.53123820
4.53862640
4.56615744
4.56735142
4.71073353
4.73041796
4.77688120
4.79338220
4.83140348
4.85354625
4.86911356
4.98972885
5.01990131
5.09362137
5.13183179
5.13392409
5.25379429
5.37737147
5.46886574
5.47579196
5.55333775
5.79408515
5.81432912
5.94945266
5.96167975
6.06822911
6.29656407
6.32684743
6.39464153
6.66276229
6.75511177
7.04228476
7.10576445
7.30190638
7.39527717
7.43074754
7.46127238
7.91767692
8.09780411
8.16484799
8.40959523
8.44021527
8.44900078
8.46766267
8.62497933
8.89740657
8.89870552
9.10864761
9.18448878
9.25833507
9.29992781
9.45906983
9.47696666
9.58826936
9.69385908
9.69397463
9.78292895
9.79253400
9.80013339
9.86861229
10.02632785
10.03088468
10.08787359
10.28568412
10.43602535
10.49967998
10.74597635
10.78813017
10.81267535
10.99179361
11.05286410
11.10473448
11.20164668
11.25862184
11.27659521
11.39540600
11.52831823
11.54029794
11.55462004
11.60902649
11.75356906
11.77035081
11.77654100
11.82128594
11.92804799
12.03979486
12.04781930
12.19065635
12.22531907
12.23342075
12.26349603
12.30611479
12.50654274
12.50844533
12.63986890
12.64189342
12.72999016
12.78882533
12.82149417
12.83145176
12.85235405
12.85438716
13.01519003
13.02961690
13.08450965
13.11177776
13.22913102
13.27357938
13.27487068
13.33097769
13.53419662
13.57872585
13.71293403
13.72391686
13.73064254
13.73528547
13.82409381
13.96589450
14.07039032
14.09652163
14.15694696
14.16161776
14.37414927
14.53213335
14.68719296
14.80729094
14.80968879
14.86720444
14.96179108
15.01303044
15.47309448
15.48304377
15.57645892
15.66744566
15.70495339
15.79479749
16.07771572
16.08174188
16.48602080
16.69951881
16.78483887
16.83438416
17.00536016
17.07397470
17.14416835
17.16306734
17.20781982
17.34413416
17.37554508
17.40758453
17.65411447
17.66790148
17.75413417
17.80631966
17.85778014
17.86737589
17.95695473
18.02752814
18.14581281
18.18513271
18.24796935
18.26729885
18.39194532
18.47832278
18.49508083
18.50330383
18.75458929
18.84302159
18.87999976
18.96648768
19.00263859
19.05154988
19.11374465
19.22721525
19.50584668
19.74008495
20.14836369
20.23780752
20.46887455
20.56132925
20.59748210
20.62095112
20.68132344
20.75836916
20.80318056
20.82232317
21.06683611
21.28409860
21.36546933
21.66371439
21.86079943
21.98195483
21.98582832
22.01049608
22.02364685
22.04615217
22.23198259
22.30041157
22.45054895
22.49195223
22.49577047
22.53682699
22.62526298
22.73881005
22.82266807
22.89342315
23.02027989
23.02089793
23.11830211
23.17761704
23.22788195
23.30510079
23.44627972
23.56485499
23.66869650
23.73615701
23.74100892
23.78030282
23.80106326
23.81378369
24.15499165
24.21360773
24.24733961
24.30932704
24.48213289
24.48915370
24.50844856
24.54692092
24.58534437
24.69207280
24.73104666
24.76572862
24.77996320
24.80071949
24.84373514
24.99590893
25.06193623
25.10984952
25.14785416
25.15323866
25.28437746
25.29607122
25.36849739
25.47928182
25.63915062
25.64648276
25.64845736
25.68416088
25.73005043
25.76487176
25.88184236
26.02636842
26.19082154
26.52981306
26.56353319
26.72434957
26.73025876
26.74057681
26.85524568
27.16358894
27.26761849
27.27290010
27.35259672
27.40580773
27.42872914
27.46354776
27.47400387
27.48773805
27.52973888
27.63434558
27.66021443
27.69457473
27.78297249
27.88762675
28.02149871
28.06079666
28.26067046
28.33424140
28.56972012
28.67463669
29.05136815
29.34197588
29.42081162
29.43656090
29.50407389
29.60739618
29.63035467
29.81012506
29.81198953
30.05645119
30.20903460
30.22072743
30.34904065
30.61133187
30.68864424
30.76403205
30.97358188
31.03046921
31.21382258
31.24836833
31.31190579
31.32452740
31.35933060
31.58077553
31.59877089
31.74757061
31.81201833
31.94646278
32.02441760
32.05529375
32.06408097
32.09741750
32.09981320
32.26961839
32.34080495
32.43124186
32.47225858
32.57218831
32.72538301
32.81342441
32.89124102
32.92079368
32.97821933
33.00848343
33.06762850
33.20514825
33.39617809
33.53959510
33.71175299
33.71694399
33.88073143
33.93314456
34.30741702
34.32905075
34.73778116
34.85723835
34.94831345
34.99535933
35.03507202
35.11338296
35.18307624
35.26303874
35.28880773
35.36027623
35.50673534
35.68753295
35.70991656
35.80720255
35.85756790
35.94574664
36.01830110
36.02097774
36.05508864
36.15085063
36.19145600
36.19702640
36.24871247
36.32588765
36.37329821
36.44760039
36.44792244
36.49483057
36.59987965
36.81282545
36.83769102
36.86105853
36.93397279
37.01600314
37.03731050
37.08217073
37.12254758
37.24472409
37.44929537
37.48946800
37.64675433
37.77442080
37.88100660
37.91586528
38.06851868
38.16025670
38.19550029
38.31021919
38.33528558
38.45015918
38.58610884
39.25401745
39.36413542
39.47962934
39.64546743
39.71692241
39.87354628
39.94652926
40.04791737
40.23718222
40.35962862
40.50871166
40.82703280
40.96132819
40.97240242
41.05305482
41.10915163
41.26629974
41.28699730
41.30671499
41.33248717
41.51257887
41.54319231
41.54974496
41.86794922
41.90607787
41.96311231
41.98462208
42.04199887
42.13921684
42.38168492
42.40146392
42.41784570
42.54076170
42.66557299
42.68813950
42.74381113
42.75013507
42.99911562
43.07627806
43.11577494
43.26040038
43.40046241
43.42944448
43.44333855
43.48133424
43.54477790
43.65838709
43.73732576
43.75347157
43.78025825
43.81169324
44.03228451
44.04998009
44.11863055
44.18176662
44.19053214
44.23729417
44.26945857
44.27197324
44.50845089
44.59065198
44.64318798
44.72543568
44.84331563
44.89773016
44.92034030
44.92053324
44.95356086
44.96442526
44.97281397
45.00246921
45.20488254
45.34820891
45.34939000
45.40917069
45.44588570
45.49930969
45.58150320
45.66472837
45.66665177
45.68066339
45.74492736
45.89942932
46.10956766
46.11913080
46.23551485
46.57217012
46.70406020
46.92561835
47.06998787
47.10298489
47.15168243
47.22612944
47.39485072
47.41065503
47.49659322
47.59055961
47.65501588
47.65702500
47.65765222
47.78408635
47.85011962
47.88663728
47.95105801
47.95133799
47.99940530
48.05264518
48.09883070
48.17998665
48.24220563
48.62021438
48.67155772
48.80303915
49.10818193
49.11774135
49.13659646
49.16905026
49.18279607
49.47879533
49.62086884
49.72265663
49.82618049
49.88882426
49.92201543
49.92434568
49.92914856
49.98748628
50.00769799
50.02469404
50.09701456
50.23895403
50.32073834
50.38872142
50.41634220
50.55603970
50.60501626
50.74190160
50.84857752
50.86983961
50.96703891
50.99591837
51.10119270
51.13944528
51.21657201
51.41273146
51.43384507
51.59903401
51.80947787
52.10208826
52.14713221
52.22551653
52.28327099
52.32978967
52.33082034
52.53272469
52.56418258
52.57221245
52.63584705
52.80489939
52.80746767
52.81266384
52.84819038
52.86158831
53.04953182
53.06935933
53.08811006
53.17518863
53.24788375
53.28506619
53.28817645
53.29768291
53.35482717
53.39200252
53.45995333
53.56868702
53.59079247
53.62789925
53.64788960
53.86164654
53.86533897
53.86685293
53.92682948
53.97195247
54.01301552
54.10943283
54.11170731
54.18368034
54.25692990
54.40166001
54.49908392
54.52846493
54.55682056
54.65070096
54.66088800
54.69453623
54.74389185
54.80411148
54.83220519
54.92066730
54.94369849
55.12209681
55.27698685
55.34791785
55.39612306
55.48391193
55.56336855
55.71258064
55.72909868
55.86114402
55.98840006
56.01945634
56.03785398
56.09277524
56.10350789
56.11592870
56.18420766
56.31834535
56.34637263
56.35289089
56.41587545
56.44037942
56.52186704
56.55622558
56.62394220
56.66297218
56.74576628
56.82506390
56.87934529
56.96539681
57.02471505
57.02533607
57.04685300
57.14898657
57.20473027
57.21190527
57.25446685
57.49101902
57.51333541
57.52693024
57.56107467
57.60759447
57.66635847
57.67643307
57.67862858
57.69635648
57.73145963
57.73432285
57.81290147
57.86656212
57.97587075
58.10518022
58.10744383
58.20907688
58.31188105
58.35454968
58.40872417
58.48879043
58.51125346
58.58563845
58.92592317
59.08564471
59.29855395
59.31118398
59.33147287
59.41015949
59.48035237
59.60567641
59.64219895
60.02514305
60.04943076
60.36796917
60.48888280
60.67808819
60.78737536
60.79959355
60.80497273
60.91656276
60.93464370
60.94986909
61.11499009
61.13870351
61.17349755
61.27285981
61.35174357
61.41676373
61.54706968
61.54909186
61.61602383
61.73099216
61.77586220
61.78089869
61.92651601
61.92914607
61.94394151
61.97554252
124.00000000
