0.03333471
0.15671243
0.20925959
0.25950739
0.25978031
0.26052647
0.27072442
0.31517913
0.31889705
0.36941680
0.49139264
0.53116807
0.53922293
0.54494846
0.57513899
0.78445482
0.79442467
0.84366228
1.00315303
1.02182007
1.02938314
1.03442175
1.12228018
1.14159742
1.21774635
1.24244929
1.32320852
1.33006112
1.37483988
1.39392118
1.46498829
1.49585075
1.49720347
1.53516272
1.53943102
1.54460134
1.54728701
1.56023499
1.56439032
1.79370506
1.80478736
1.81009301
1.85496390
1.88411198
1.92120815
1.92410517
1.99844952
2.04189875
2.04301139
2.27011848
2.34804978
2.39438524
2.40208242
2.45720055
2.47911526
2.49528393
2.53249937
2.64456222
2.71493638
2.80199859
2.84785471
2.94505380
2.94829946
2.97841981
2.98998645
2.99012315
3.03286496
3.08779895
3.18550091
3.35229101
3.44857117
3.59431562
3.65422787
3.70112330
3.74026911
3.78352690
3.78897345
3.95763560
4.11207558
4.12798558
4.22288966
4.31538511
4.38013461
4.45476273
4.50446795
4.53018166
4.77903393
4.99511296
5.00700110
5.11237796
5.13313879
5.22038530
5.27167133
5.40460709
5.40841310
5.56627312
5.74430149
5.78688061
5.83618972
5.89521296
6.01441923
6.07084284
6.08593484
6.22179380
6.22701220
6.28206276
6.41917541
6.44754608
6.51220507
6.53983066
6.57381210
6.60864255
6.69563003
6.98734738
7.09345758
7.12993330
7.16168464
7.20347744
7.27005819
7.35967033
7.41710757
7.41921187
7.95243519
8.01433369
8.10402164
8.15217380
8.28508524
8.37017377
8.42471076
8.54931139
8.68156310
8.78018476
8.97030484
8.97449253
8.99081631
9.35172121
9.36458485
9.45906983
9.54327965
9.54444598
9.76101442
9.81272733
9.81351788
10.05247071
10.07921798
10.28661005
10.29659120
10.29820227
10.39884220
10.53782265
10.54650670
10.55411794
10.64152188
10.65068077
11.09903437
11.44896754
11.48022516
11.49110976
11.50440709
11.52283290
11.55188254
11.70996968
11.81402567
12.08668611
12.10978007
12.19534030
12.20349934
12.34017525
12.35230473
12.59082322
12.72438285
12.74032466
12.84402384
13.00399829
13.15024209
13.16636541
13.30838050
13.45335405
13.49036414
13.53234103
13.55063191
13.68316083
13.75790350
14.05223450
14.07149804
14.25841447
14.31276822
14.32302135
14.33708389
14.67392662
14.70661203
14.78691681
14.80896889
14.81310243
14.84503930
14.85194357
15.24810700
15.26495987
15.27534614
15.31988715
15.36125373
15.36571012
15.52287472
15.57939227
15.60866793
15.64869699
15.72144754
15.91987803
15.98937046
16.00689262
16.13053690
16.17967282
16.19161185
16.36970790
16.44579490
16.51578659
16.55995570
16.76736441
16.76786441
16.82561913
16.90708610
17.12979366
17.31983019
17.43084029
17.48159623
17.57441865
17.66330253
17.72345459
17.72478344
17.88233760
17.89548566
17.99609111
18.01685364
18.15882105
18.19012584
18.28947132
18.29938496
18.37141692
18.42471005
18.45589942
18.52302911
18.70206160
18.74422624
18.92238772
19.14261767
19.17000597
19.36728728
19.38981262
19.54459873
19.54636159
19.54893952
19.59659912
19.68148103
19.72848465
19.77699917
19.84424092
19.98203358
20.16039499
20.23930962
20.25245724
20.40706159
20.41604744
20.53630877
20.61827245
20.66130801
20.69440141
20.71568523
20.74169299
20.74187982
20.87979037
20.95426924
21.00943332
21.10684341
21.19272051
21.28830252
21.32410889
21.37891943
21.43530189
21.44307104
21.46586906
21.55219747
21.83156751
21.87675435
21.98614655
22.08291680
22.18150660
22.32317285
22.35170875
22.39445160
22.55964372
22.63473437
22.73036166
22.73334114
22.73492562
22.74195394
22.74254693
22.86212327
22.87912972
22.97942944
23.19734518
23.40437483
23.45115906
23.50001432
23.69120191
23.74015555
23.79647296
23.80246620
23.81870732
23.85790979
23.88047464
23.96768849
24.10287939
24.11779630
24.17810734
24.24598649
24.25822571
24.26892159
24.27704963
24.42225914
24.42840239
24.60798850
24.62248189
24.69462710
24.77111217
24.78720438
24.82754073
24.85453460
24.99216543
25.09261071
25.20797423
25.21041912
25.21966451
25.23160705
25.33152544
25.61013834
25.79845702
25.94482886
26.04996009
26.07934073
26.20181675
26.45561763
26.48374587
26.73957064
26.75671099
26.99025185
27.04847020
27.05915659
27.06588268
27.12459405
27.23221379
27.23279495
27.28074647
27.32536336
27.38064924
27.42239588
27.43335119
27.44023015
27.51364164
27.56989248
27.62493773
27.69043388
27.70181739
27.80645924
27.83637914
27.92453191
28.10613604
28.17351470
28.18662185
28.20588431
28.25545466
28.29701969
28.33547257
28.39673648
28.46444961
28.57079185
28.62744724
28.66797300
28.67318653
28.75753105
28.77664948
28.82763283
28.83793439
28.90525450
29.32505104
29.33690304
29.51008487
29.66579233
29.77729069
29.77771299
29.79848296
29.86149715
29.93481234
30.00500101
30.28181204
30.33488707
30.50171478
30.83733994
30.86647609
30.96599420
31.18178914
31.18273815
31.24358005
31.24883652
31.31500442
31.34919020
31.41774404
31.42571354
31.45018968
31.47196182
31.47843150
31.61802630
31.71094226
31.82257702
31.84912347
31.92903837
31.95624228
31.98692965
32.09348692
32.19395826
32.20571152
32.30261704
32.51492061
32.61415593
32.61634794
32.80473782
32.87950976
32.92757369
32.94859413
32.97297966
33.02309459
33.04020827
33.15973928
33.24229188
33.24512755
33.37261360
33.53256917
33.57745140
33.66613595
33.73769710
33.83092089
34.08738681
34.15207601
34.18143056
34.32542998
34.44310972
34.46372039
34.71813108
34.82489246
34.91073300
35.07509357
35.13253446
35.14851254
35.18685116
35.27029817
35.32192881
35.60065560
35.70796769
35.73436510
35.77816250
35.79356228
36.08638667
36.09059449
36.16939241
36.66333262
36.67875490
36.68703190
36.75015984
36.77365909
36.83672675
36.83930581
36.92147565
37.10169359
37.14907959
37.25554226
37.44014956
37.47262128
37.47732678
37.48022183
37.48278691
37.57351126
37.57910472
37.66648639
37.81881369
37.91925110
38.13175427
38.13226692
38.19936700
38.37709877
38.39791031
38.48791793
38.51271723
38.58013055
38.64495720
38.80217766
38.98341944
39.21450712
39.31715229
39.34010812
39.36365709
39.43610932
39.45201426
39.50174532
39.55711776
39.56480055
39.63797892
39.68833142
39.77545560
39.81431751
40.04801303
40.07323294
40.13131437
40.13154528
40.16222748
40.21728717
40.22473386
40.23591270
40.23694142
40.26563846
40.40391320
40.47362554
40.47688429
40.47816125
40.49210817
40.55770469
40.66735907
40.76681416
40.87542364
40.92787454
40.94005529
40.99634703
41.00565868
41.04538571
41.07184235
41.09084815
41.12048239
41.31256921
41.37986840
41.42175441
41.62374003
41.69274622
41.72580476
41.94372965
42.22245433
42.29800592
42.30594118
42.34891879
42.35052669
42.43151196
42.52371641
42.65088868
42.67932635
42.80650613
42.83531304
42.84620994
42.86534339
42.86806147
42.99917576
43.08190265
43.09878021
43.21485658
43.24728208
43.24974245
43.45376675
43.48111805
43.76031973
43.78072313
44.00427211
44.11922221
44.17405288
44.27800177
44.43685898
44.44379255
44.61267556
44.63037598
44.81050003
44.88189105
44.91266666
44.95784629
45.13907570
45.15522453
45.24964519
45.46261794
45.48272413
45.51513605
45.58144093
45.58869958
45.60847552
45.61211420
45.65730693
45.81315881
45.93616195
45.95331284
46.13503509
46.16492142
46.26885048
46.29622635
46.64554546
46.73395175
46.88971944
46.99972177
47.01986804
47.14858748
47.17249717
47.20339838
47.21514814
47.27436086
47.31109090
47.36348272
47.41065503
47.57015919
47.57975155
47.70404376
47.73942420
47.86666274
47.88531391
47.94739791
47.94816312
47.96881483
48.01480897
48.08254089
48.33781135
48.40530984
48.51168145
48.70919848
48.79397368
48.88622054
48.94733429
49.03423833
49.03658999
49.04866456
49.12437104
49.17062970
49.23062849
49.33469112
49.35196105
49.39458685
49.48546252
49.55438105
49.58869810
49.64799678
49.68155085
49.69535338
49.79039799
49.85735541
49.86692112
49.89346139
49.90858932
49.94357370
49.94391020
50.02819492
50.07027657
50.07188355
50.34935117
50.36314631
50.74190160
50.75756954
50.79889541
50.80238748
50.81102888
51.09859137
51.14386837
51.21211260
51.23769629
51.28706272
51.37568589
51.40395819
51.48853851
51.66863813
51.90410961
52.17677713
52.19839384
52.37514284
52.40832146
52.43595220
52.59094978
52.70303137
52.85083395
52.95784864
53.11392269
53.20236684
53.25760047
53.26477148
53.32328492
53.40551266
53.46944424
53.65337102
53.72774334
53.73543899
53.73849951
53.78386591
53.80614427
54.04920848
54.19067169
54.21800832
54.42604530
54.59299032
54.72630210
55.03172956
55.10536454
55.12693209
55.43694824
55.63250097
55.65307405
55.83300776
55.94070667
55.95967755
55.96324847
56.02098074
56.17873707
56.29807521
56.39830749
56.43413360
56.52118754
56.55324204
56.57631275
56.63072310
56.67422887
56.85588818
56.88703623
56.94212703
56.96776749
56.96814141
57.02672490
57.04251113
57.12722932
57.15329238
57.19646227
57.21612568
57.22537638
57.23717340
57.26240011
57.38578497
57.44314450
57.50935905
57.55904450
57.59603220
57.60721237
57.64521394
57.65268720
57.78958987
57.97273519
58.01308949
58.03423175
58.29858526
58.32702641
58.33263576
58.39473727
58.58151488
58.95707000
59.00121063
59.02882461
59.12234738
59.12657116
59.17311128
59.23126528
59.33046508
59.38151580
59.62912555
59.63889736
59.64219895
59.80781455
59.87487448
59.91999813
59.98120156
60.00772139
60.14199065
60.19046142
60.26976521
60.43719057
60.51135242
60.57966149
60.71605249
60.81317343
60.84487859
60.92093240
61.30353537
61.40657730
61.45906052
61.72315339
61.82398509
61.83902645
61.84182574
61.93299960
124.00000000
