0.00788234
0.11187350
0.24212115
0.26349127
0.36803376
0.40970355
0.45118801
0.51422138
0.56714728
0.80602508
0.91802480
0.92317752
1.01548901
1.15354987
1.15869581
1.18279222
1.21337747
1.28796421
1.30218673
1.40726696
1.41700368
1.47790886
1.59786258
1.70584580
1.81009301
1.91984515
1.98998372
2.14137964
2.25279115
2.26164361
2.47923511
2.48702696
2.51339647
2.56386567
2.57342530
2.57653391
2.65606043
2.67683618
2.76948396
2.77696131
2.86411687
2.88495768
2.96763928
3.04448954
3.11631562
3.12377206
3.13198145
3.14218830
3.15921471
3.22985571
3.39529685
3.39873164
3.47163931
3.65559339
3.74049134
3.75807115
3.78725436
3.81604566
3.81900268
3.86901525
3.88396827
3.97445652
4.16396046
4.20446674
4.24502888
4.31038933
4.42782260
4.61367450
4.69618466
4.70263012
4.73132870
4.93209728
4.96858085
4.97162593
4.97440087
5.05994505
5.10550492
5.18459318
5.20451420
5.31914701
5.36644745
5.38490076
5.47758524
5.78843717
5.80234888
5.80581901
5.91095788
6.12056378
6.28686614
6.29343411
6.31325904
6.34348955
6.37599655
6.43053195
6.60547195
6.69504315
7.09725315
7.21548794
7.25341960
7.28361397
7.55257172
7.71627012
7.76436602
7.81616303
7.94976976
8.03513972
8.13519031
8.29246490
8.32988084
8.42511173
8.55385686
8.72478620
9.04021744
9.18059648
9.25810667
9.28504283
9.37725245
9.54103313
9.62737820
9.74729589
9.78646117
9.79662747
9.87290591
9.90331992
9.93955029
9.94731599
10.17897639
10.28472403
10.45604652
10.52812762
10.53102729
10.56608509
10.62905404
10.70080840
10.77139075
10.89271606
10.94715260
11.17146488
11.22557980
11.23665250
11.34278325
11.39452414
11.54935001
11.60671948
11.63202797
11.71724356
11.84514988
11.88729434
12.03877091
12.08088204
12.10331214
12.11814308
12.19102027
12.35202694
12.50681390
12.52485582
12.61203264
12.63080668
12.64393969
12.67371226
12.77456421
12.85310358
12.94357786
12.96693405
12.98171111
13.03283826
13.10980484
13.32028763
13.40250122
13.49860090
13.55483475
13.59747956
13.63607153
13.65305661
13.70777360
13.73403012
13.84280397
13.91282574
14.03966341
14.04107928
14.05036915
14.28231074
14.48126442
14.52105711
14.63760893
14.74396230
14.93075861
14.95950074
14.98313681
15.03199440
15.11928634
15.24780153
15.37153484
15.48998947
15.51933293
15.52364943
15.60606136
15.92727091
16.04504782
16.10290948
16.12956604
16.18134340
16.20020817
16.21028810
16.28507048
16.41826321
16.46061392
16.57698951
16.58160062
16.76513212
17.17135239
17.27231562
17.37907253
17.40264471
17.57410252
17.62356675
17.65623877
17.66397710
17.66763063
17.66873293
17.78412758
17.86776857
17.91962414
18.00613757
18.01421948
18.02018868
18.12261493
18.19822697
18.21872673
18.31223583
18.48097054
18.53862366
18.65614115
18.68803439
18.72499983
18.75174877
18.83399308
18.87590184
18.88404887
18.93032714
18.93228893
18.98181402
19.23087062
19.33364979
19.47097005
19.53297739
19.56424921
19.60076535
19.79789159
19.99390494
19.99998343
20.12276061
20.14836369
20.15863514
20.18701144
20.22620120
20.38718267
20.44095137
20.59653712
20.69368628
20.86918287
21.03365095
21.17480862
21.18623311
21.29364850
21.38647246
21.60538661
21.76781945
21.87790980
22.13087437
22.15269121
22.18591826
22.23141660
22.42477083
22.44628778
22.46179938
22.48650397
22.49195223
22.49640052
22.64936624
22.71238375
22.73429444
22.82404544
22.83386584
22.84476834
22.91171487
22.91593969
22.94466004
23.00830139
23.02456705
23.06431957
23.10581955
23.12933784
23.41089821
23.55828026
23.57519112
23.58251535
23.61085769
23.62724173
23.79159858
23.93089646
24.00086178
24.09607297
24.48116911
24.63660318
24.72478847
24.76910645
24.97065685
24.98657895
25.03269392
25.20241022
25.21041912
25.21739829
25.23017673
25.39068542
25.42670738
25.50146471
25.56245176
25.64648276
25.68994054
25.73436741
25.86907940
25.87282197
26.46734373
26.47735198
26.49691765
26.54409721
26.62318442
26.69859562
26.71132476
26.90449101
26.99430020
27.17212731
27.31876275
27.60781186
27.62533985
27.70865106
27.77483304
27.98246865
28.07929850
28.15940794
28.19689932
28.20400880
28.33598414
28.45437124
28.49207889
28.58767310
28.71736172
28.74510396
28.81158539
28.87619240
28.93732901
29.20972352
29.27525455
29.35263243
29.41923605
29.48836569
29.61021087
29.80730106
29.82990804
29.95122160
29.95138763
30.07522561
30.28402277
30.40330025
30.44814455
30.67145168
30.68810151
30.77662329
30.79937843
30.89692764
31.03046921
31.15527312
31.16156878
31.18515368
31.18872196
31.29896074
31.34096198
31.34293472
31.38182063
31.40639000
31.54502265
31.63571000
31.65599788
31.79650688
31.80572604
31.85459880
32.27987456
32.36220572
32.41191663
32.44368150
32.73771967
32.74648800
32.76342051
32.77374240
33.03768413
33.16165038
33.30978696
33.42643663
33.42656794
33.66099381
33.77496141
33.89087793
33.94569440
33.98326866
34.07031874
34.08474554
34.12168264
34.22258658
34.29764345
34.40905517
34.41507296
34.45055300
34.45382207
34.61047458
34.66989106
34.81996444
34.85513683
34.89135069
34.91242972
34.94595500
35.09627890
35.35391382
35.61100854
35.76564954
35.77861183
35.78436367
35.93289127
35.94456455
36.08927124
36.36053445
36.36268282
36.40050054
36.53270281
36.71150336
36.77232140
36.88375999
37.13143834
37.16598403
37.25554226
37.34106427
37.53860450
37.66041700
37.76018301
37.85550738
37.96794894
37.97010491
37.97861788
37.99734200
38.03741796
38.12250071
38.16431814
38.19588800
38.22838840
38.32520154
38.41866177
38.56031042
38.59649160
38.63269682
38.95068340
39.13253428
39.13305047
39.19843436
39.24502928
39.39607702
39.42914552
39.48674212
39.48899470
39.50250899
39.52589505
39.55311959
39.78237997
39.87999409
40.01526150
40.15592693
40.29687774
40.33015065
40.36081768
40.50394104
40.67090370
40.72120727
40.88729281
40.89097613
40.95800901
41.02820496
41.02880735
41.11249963
41.11721613
41.23829934
41.33109894
41.45874077
41.45892230
41.62325871
41.69431264
42.15028940
42.28320675
42.29091092
42.31453213
42.39314051
42.41698366
42.42087656
42.70507228
42.86534339
43.02446315
43.18969790
43.25647321
43.27940458
43.45660905
43.56989361
43.63390393
43.76031973
44.00427211
44.15597042
44.23143659
44.23735957
44.35332034
44.46610594
44.57208854
44.59775929
44.64976503
44.69758261
44.86028257
44.86988623
44.89959633
45.22296307
45.28534480
45.38781149
45.53593175
45.57429056
45.72550203
45.77767208
45.86016197
46.19725844
46.33420212
46.33711362
46.37647831
46.39027127
46.67176738
46.87762596
46.90609159
47.00345887
47.09060254
47.10548553
47.13866385
47.15677934
47.24169854
47.34640770
47.36097739
47.39996412
47.54273857
47.56305009
47.63952913
47.80095512
47.80367136
47.80415301
47.82886877
47.83653762
47.86326197
47.93611908
48.00532582
48.09568795
48.27668152
48.34426067
48.40712410
48.52066760
48.57986744
48.71372965
48.96590361
49.05094408
49.23193697
49.25326179
49.26607919
49.33469112
49.36523588
49.47244273
49.54684011
49.55503061
49.63205413
49.66609979
49.73477278
49.76627686
49.90072165
50.01348553
50.01796387
50.09978484
50.19297337
50.41275623
50.41963527
50.44504855
50.49169492
50.68283851
50.86657246
51.01494325
51.25861252
51.45112681
51.46520971
51.49316402
51.54104008
51.59518162
51.66383692
51.68156943
51.68691742
51.70579926
51.72785596
51.96224606
51.98718201
52.01320050
52.17249465
52.29358138
52.30202056
52.36941758
52.46735474
52.72864325
52.76661830
52.84328070
52.87608593
52.95114933
52.96856826
53.12229419
53.21778043
53.39661158
53.52985659
53.77772253
53.80400818
53.81785025
53.92095158
53.92554742
54.10913733
54.13370005
54.20592795
54.20948000
54.27459845
54.33589358
54.35951653
54.38582619
54.45499651
54.47887355
54.47978747
54.53507911
54.54739825
54.64674755
54.74282885
54.77444310
54.97623588
55.09360608
55.09864134
55.11925342
55.16834809
55.59576116
55.65164872
55.75838044
55.81497721
55.83581777
55.86174758
55.93689843
55.96339549
55.97549919
56.00228987
56.07936940
56.33059746
56.36156092
56.39317134
56.42888441
56.45254897
56.52226789
56.56604020
56.60491064
56.80186560
56.83883719
56.94608612
56.96258938
57.05587366
57.12318633
57.13962428
57.23717340
57.25995889
57.35170549
57.39367143
57.44270572
57.44965152
57.52811706
57.67910152
57.69318639
58.14683159
58.25415288
58.30633471
58.35718415
58.39473727
58.40463503
58.54009913
58.67083538
58.76285584
58.86589694
59.11110676
59.19786136
59.26213803
59.27433931
59.28828061
59.29840631
59.33972091
59.34393171
59.39152783
59.42696567
59.42855440
59.57853245
59.61520316
59.73082347
59.81282812
59.84946621
59.96952357
60.09111765
60.18915957
60.34927217
60.44266497
60.69515710
60.73728302
60.89315462
61.00386431
61.03805521
61.04150468
61.04154605
61.28462249
61.33475803
61.48500422
61.48700576
61.62278463
61.65438225
61.72806651
61.72992409
61.75999692
61.80834718
61.81506312
61.82124837
61.83948511
61.86771665
61.89219012
61.99470377
62.05088990
124.00000000
