0.00571314
0.06876529
0.12972940
0.12989881
0.19457120
0.21890982
0.22848681
0.27771270
0.49134831
0.54179426
0.56437136
0.56778568
0.66536250
0.66755695
0.74548637
0.75866514
0.78169252
0.80665507
0.86685116
0.89568356
1.12360994
1.14639300
1.19517011
1.21741760
1.25650540
1.46912346
1.65032154
1.67755026
1.74944051
1.90046117
1.91548819
1.97404001
2.16753461
2.17437234
2.19547821
2.43268199
2.44021817
2.52430836
2.59155835
2.62355395
2.80254404
2.97841870
3.01404919
3.06973393
3.12284490
3.19737575
3.25708852
3.51181282
3.52104622
3.59657398
3.64071816
3.70096415
3.86617243
3.91227823
4.20037052
4.27927969
4.31142631
4.40709277
4.49958607
4.51033270
4.51851400
4.64857930
4.71963527
4.85517613
5.01028799
5.11112436
5.13313879
5.16810583
5.21472909
5.21520450
5.29327600
5.29743741
5.33882903
5.36696269
5.49746932
5.56763006
5.59476038
5.63436320
5.65352775
5.65602263
5.77620080
5.90140248
6.05351302
6.05503993
6.43280169
6.57170673
6.73106894
7.01760475
7.15254824
7.25687703
7.25907869
7.47307143
7.59672408
7.64767462
7.69405747
7.71909600
7.74424805
7.89146571
7.90771821
7.95995880
8.18727865
8.30541457
8.31365869
8.76039329
8.84814272
8.89410309
8.90341110
8.92665621
8.94272739
8.94319807
8.95267704
9.09566128
9.24167926
9.48483196
9.57331004
9.57949024
9.63410378
9.80382895
9.83005826
9.86854480
9.91956359
10.12673010
10.14901893
10.24438919
10.24486369
10.27422098
10.36689266
10.45409525
10.45783526
10.49434914
10.63926494
10.66429641
10.76603825
10.77545095
10.81523625
10.82793800
10.91684724
11.01815853
11.15270825
11.16866467
11.19407791
11.26288618
11.34506700
11.38959338
11.44808757
11.44898900
11.49295218
11.54205409
11.56373352
11.63420737
11.74493470
11.81550044
12.02470537
12.05524663
12.31139331
12.56359067
12.58243966
12.73521130
12.77077131
12.78586722
12.80044913
12.83928071
12.87267127
12.91553666
13.27214903
13.34363285
13.34691153
13.35889228
13.38247489
13.41831531
13.48575468
13.50228288
13.57594006
13.71506296
13.72070197
13.76074255
13.79342209
13.99658616
14.00260505
14.06333407
14.11480910
14.14020226
14.29830013
14.35007389
14.40420562
14.54595924
14.56281699
14.59947815
14.64149640
14.72186740
14.81679877
14.87888725
14.95206408
14.98083132
15.09288352
15.30531992
15.39764398
15.40888509
15.44548760
15.45281901
15.45969169
15.49665114
15.81078095
15.86181562
15.87216823
15.97292761
16.17906820
16.18607056
16.26086871
16.34042772
16.36668294
16.47614615
16.56631710
16.58932616
16.60947119
16.64187325
16.68319734
16.83959654
16.87418622
17.05525807
17.06538108
17.15792276
17.37479183
17.39915290
17.54102110
17.55379800
17.56068201
17.79029294
17.80095995
18.00466183
18.12850307
18.13641473
18.18529483
18.39132353
18.41191634
18.56400697
18.58203229
18.62422087
18.81969425
18.97015999
18.99681437
19.08776057
19.13275861
19.18528354
19.35901633
19.43350596
19.52875216
19.56246148
19.56970315
19.70692267
20.38126129
20.41965724
20.61347849
20.68166728
20.73914875
20.74187982
20.98373782
21.34768505
21.46607607
21.50641150
21.52124471
21.63115307
21.63784398
21.68731875
21.69389518
21.79029949
21.80256513
21.81985294
21.85753683
21.88252476
22.02285159
22.02900125
22.09426398
22.16898261
22.26298178
22.44670518
22.48133474
22.61480453
22.63188718
22.64980023
22.84485702
22.86221800
23.03355901
23.04065901
23.10452503
23.11452790
23.11677363
23.18228522
23.26065040
23.29311803
23.29711433
23.29765722
23.38191820
23.52275222
23.64698954
23.69822807
23.88973792
23.93840310
23.99169067
24.11853525
24.19405187
24.20022670
24.27409783
24.27557708
24.29479245
24.34249832
24.39318992
24.70531908
24.77391091
24.96326800
25.13385011
25.23829342
25.37073391
25.44318465
25.57722399
25.70360829
25.76916554
25.77386985
25.84465494
25.86907940
26.17151892
26.25101217
26.42509317
26.64408960
26.80800530
26.83610306
26.86062401
26.89449952
26.90055542
27.00706700
27.04526860
27.06663520
27.14749982
27.38327634
27.43870633
27.67517656
27.75143278
27.96322446
28.01268733
28.17706550
28.22360730
28.26268626
28.53471765
28.53927323
29.08468883
29.11723699
29.22712534
29.31702408
29.51473948
29.84662636
29.90426463
29.91698408
29.93105678
30.03842921
30.06808561
30.17608756
30.26286695
30.30975433
30.35445762
30.38022666
30.39843629
30.44903146
30.44923873
30.54225159
30.57212733
30.69911176
30.74456696
30.83845455
31.00255144
31.15849097
31.18336400
31.25567337
31.39123922
31.40707204
31.41284713
31.42571354
31.54502265
31.62087468
31.62254755
31.71215210
31.71587100
31.72414596
31.87442743
31.99939309
32.20927104
32.29869304
32.35712922
32.39055472
32.42683074
32.81737569
32.92152926
33.01702647
33.05431763
33.07899092
33.08382281
33.22636071
33.30276012
33.32698594
33.34699798
33.45053952
33.45223967
33.49695881
33.72277728
34.08849781
34.17188690
34.20252698
34.23686293
34.30478054
34.55003076
34.69607832
34.83659937
34.94316104
35.00214466
35.07296770
35.31366572
35.61008918
35.93929885
36.01350534
36.16447157
36.21917514
36.30481325
36.33388389
36.58585545
36.59246478
36.59713435
36.64632440
36.92016117
37.07257502
37.15863454
37.21792141
37.31147472
37.49296334
37.54355102
37.55788267
37.61068026
37.61069622
37.72893230
37.85097566
37.85456020
37.88146439
37.90716768
37.98013554
38.20754499
38.34130858
38.63799163
38.66417390
38.71687930
38.80338160
38.87306263
38.97885444
38.99253670
39.01275467
39.32173276
39.46562509
39.51327801
39.88352377
39.94570630
39.97968941
40.21459872
40.21936069
40.25457188
40.28601313
40.30943466
40.51856875
40.59781671
40.62629234
40.71943914
40.92313729
41.25940835
41.37577104
41.48431579
41.49088760
41.57348644
41.70705911
41.73582208
41.77707951
41.90607787
41.98355851
42.00011704
42.15082050
42.21139253
42.48481482
42.49285471
42.54248880
42.62181901
42.66896230
42.72463453
42.73322198
42.77700803
42.89387758
43.01860348
43.11061866
43.13747548
43.17268955
43.19398220
43.26637103
43.33817961
43.38998902
43.40690770
43.43768484
43.49290957
43.49701942
43.52118088
44.04015661
44.07398084
44.08888871
44.17405288
44.17858403
44.31032185
44.43277817
44.46638586
44.48555407
44.56555146
44.87898052
44.99256641
45.04094225
45.11514529
45.18650644
45.62871939
45.64142806
45.67785593
45.70538540
45.86988316
45.92601394
45.94772833
46.36584460
46.44380424
46.52281192
46.56637314
46.58480242
46.62091959
46.77693313
46.82436166
46.87179532
46.90472090
46.93037509
46.94611412
46.95151766
47.05790895
47.06108783
47.20779713
47.21513901
47.39020944
47.43646724
47.48634952
47.53702337
47.58297216
47.63066828
47.63167833
47.65816381
47.66340437
47.68170185
47.69549282
47.70305560
47.77645999
47.88619324
47.94608255
48.05637923
48.08338463
48.10871550
48.17403630
48.32272630
48.48995119
48.52066760
48.57706774
48.65811744
48.73140023
49.07105881
49.21806785
49.35361569
49.36761448
49.37033527
49.40426817
49.63687877
49.84480782
49.85678975
50.01333856
50.05992084
50.08782593
50.14683525
50.21043716
50.29271293
50.41054662
50.48599502
50.65774276
50.70025939
50.72837117
50.77010703
50.99591837
51.10391465
51.12531211
51.14928811
51.16298762
51.18875811
51.20352077
51.24841480
51.34808637
51.45750434
51.47519392
51.49744115
51.56648948
51.60294363
51.72275954
51.76129376
51.82319162
51.83479407
51.87075724
51.88002474
51.91413129
52.26011690
52.26751513
52.49826046
52.53652987
52.54267556
52.59759567
52.63808266
52.84562112
52.95741712
53.00785078
53.08229063
53.18232962
53.33880369
53.37485773
53.50282498
53.64790048
53.77605411
53.91007653
53.91448654
54.02732721
54.03876230
54.04249937
54.18061948
54.18291103
54.21466071
54.33212263
54.55205001
54.66240516
54.75643469
54.75980630
54.95214958
55.04119320
55.24516967
55.36084461
55.41357509
55.76522588
56.12848184
56.22215479
56.26440348
56.27783527
56.29807521
56.30452887
56.42635450
56.47570035
56.96308138
57.04270607
57.05587366
57.15169142
57.34357729
57.54039326
57.58608508
57.78489246
57.83761669
57.90237035
58.13843763
58.30445592
58.31356800
58.31881111
58.58332126
58.68953073
58.70074199
58.95690033
58.96731941
59.20749336
59.26310460
59.37954885
59.58301356
59.71239090
59.77447242
59.80011517
59.86398213
59.92717290
60.00395734
60.08848024
60.15714504
60.43426456
60.45644927
60.47534204
60.64504749
60.81029900
60.90868473
61.23703980
61.31131438
61.39103646
61.47223453
61.48823270
61.57876428
61.62514405
61.65593971
61.69017093
61.89219012
61.96486814
61.97554252
124.00000000
