0.04520159
0.09615165
0.10682882
0.16117335
0.22649109
0.23546404
0.46897563
0.54850697
0.55567336
0.64802151
0.66919572
0.69091415
0.70159403
0.76718014
0.77792603
0.84383970
0.93897909
0.96372618
0.97829816
1.04719010
1.08646282
1.15732596
1.17723775
1.18410448
1.42789472
1.47940710
1.56439032
1.58735198
1.67766184
1.69687073
1.95467848
1.97487697
1.98974378
2.00665138
2.11776914
2.47226089
2.57656815
2.60566442
2.66435642
2.71567310
2.84352068
3.05188631
3.09323105
3.12402512
3.25953736
3.27942557
3.36853979
3.39172444
3.61490514
3.69571602
3.71661422
3.71952413
3.84304857
3.92704413
4.06354522
4.08247423
4.10522237
4.21498197
4.32437273
4.34099822
4.58599180
4.68588991
4.73117181
4.73132870
4.85599656
4.86248700
4.96145333
4.98355393
5.00357352
5.01464374
5.03476489
5.11555936
5.18122414
5.22826516
5.30860469
5.33623112
5.38186621
5.39429499
5.42165730
5.44847729
5.61949665
5.63590608
5.67648258
5.68934828
5.73052881
5.80286071
5.83315874
5.84143636
5.94945266
6.05406886
6.16417230
6.34623642
6.35386423
6.38989314
6.54445941
6.57174787
6.85151969
6.89998637
7.11945911
7.14793242
7.16743834
7.24277898
7.36633469
7.37159210
7.65485505
7.70350571
7.75629545
7.92686799
7.94319493
7.95319721
8.05084014
8.08798400
8.31029386
8.32514595
8.33097488
8.33315646
8.41882990
8.42051451
8.45076867
8.48343220
8.63495749
8.79259322
8.80165878
8.86661078
8.88400537
8.93129127
9.06981861
9.09618225
9.11475604
9.12226658
9.24545761
9.28249254
9.28810356
9.40695941
9.53129387
9.58053777
9.59233854
9.76086155
10.02185188
10.13666982
10.14733549
10.30311201
10.30381995
10.31887964
10.43860604
10.55810622
10.62180464
10.91199380
10.96111434
11.00145995
11.18570435
11.23665250
11.25095794
11.25405553
11.28517686
11.33557658
11.34311024
11.38908401
11.55705709
11.58914752
11.59278443
11.66276047
11.67736120
11.81914345
11.84344126
11.92284879
11.95739050
12.03501213
12.23342075
12.36277320
12.56245637
12.97413898
13.05309336
13.24387525
13.35879571
13.44208097
13.54940989
13.60115805
13.62429931
13.86457264
13.97300432
14.06132511
14.09903818
14.36651671
14.45380453
14.47273089
14.49040648
14.60818778
14.71000454
14.77249567
15.01109394
15.02597580
15.06090302
15.09510330
15.12424771
15.14478039
15.31766749
15.82287785
16.49106941
16.50963555
16.71298552
16.77759117
16.80744768
16.95900152
17.05525807
17.22265734
17.23095081
17.24454468
17.28837090
17.34462910
17.55782170
17.61668236
17.78867197
17.79476373
17.85403121
17.88228751
17.88812754
18.13772487
18.32365497
18.33751054
18.63516708
18.79116458
18.87136515
18.87643961
19.24271230
19.28694711
19.39378645
19.53244624
19.62454685
19.79641079
19.81528095
19.84773860
19.86483510
19.91224314
19.95946293
20.01579975
20.04301137
20.05855102
20.18839040
20.25628732
20.34687897
20.39170159
20.42670915
20.67108190
20.67446666
20.67672889
20.80506418
20.92470975
21.06106265
21.09694666
21.11853520
21.18690523
21.25200013
21.29969221
21.33863874
21.36678897
21.57994611
21.87389182
21.88490366
22.08145620
22.09712173
22.12000770
22.18081783
22.44170343
22.47192755
22.51632809
22.52501169
22.52852830
22.59083098
22.64790816
22.77137161
22.79599299
22.90028755
23.01026580
23.14523444
23.42928161
23.50190167
23.53784798
23.56210994
23.56416827
23.64597465
23.73615701
23.79117819
23.79163432
23.80246620
23.94679189
24.10268166
24.21360773
24.39222644
24.73520392
24.79368888
24.88214883
24.89405899
24.89946488
25.00892155
25.07228846
25.09792500
25.22192877
25.28437746
25.31116676
25.32527036
25.35052506
25.38824308
25.44861242
25.67907926
25.77785739
25.78118601
25.88791779
25.90102820
25.94293502
25.98381550
26.02630200
26.18340047
26.29434314
26.37211541
26.39365774
26.56821756
26.57517932
26.66704660
26.68235239
26.73387924
26.74540888
26.82257761
27.02778483
27.09652887
27.12694828
27.16408708
27.25089341
27.39689670
27.42393014
27.61632964
27.62080404
27.69091192
27.81494278
27.98246865
28.00747221
28.07929850
28.09154107
28.20466041
28.30312421
28.36511535
28.41786796
28.45137300
28.64378098
28.71630828
28.76753068
28.77479779
28.77598718
28.97983193
28.98645552
28.99933696
29.11762295
29.12382045
29.25999200
29.40003800
29.43156129
29.60150843
29.61565716
29.65845519
29.70236428
29.83928575
29.89351404
29.90426463
29.98578539
30.00367883
30.09295829
30.12016038
30.12834995
30.30023027
30.35445762
30.76340883
30.77952548
30.86332715
30.98606924
30.99187998
31.00601753
31.14554057
31.21203526
31.24358005
31.30521486
31.36720946
31.41799479
31.46530704
31.58867349
31.70412771
31.82738243
31.83606447
31.89721017
31.91414905
31.92229198
32.03650032
32.55078290
32.58535380
32.67243266
32.69773468
32.72504349
32.81022184
32.83465640
32.91739207
33.07937770
33.30276012
33.31315128
33.49610293
33.60796489
33.68419231
33.76040122
33.76340881
33.87248564
33.88267958
33.95494387
33.96084388
33.99792573
34.08659916
34.11954337
34.23352320
34.27844116
34.35441125
34.37972437
34.40905517
34.44524863
34.62430870
34.62835694
34.66300853
34.94588771
34.99007062
35.18923637
35.34050701
35.36232581
35.40303971
35.45901651
35.51389509
35.61229677
35.68001417
35.89992418
35.98066544
36.05967709
36.11766026
36.26397871
36.29595385
36.31170514
36.32430851
36.72678612
36.74654776
36.81462935
36.90499888
36.91778654
36.98947256
37.03721876
37.19902555
37.25028688
37.36635577
37.40163659
37.45733799
37.64688915
37.81759945
37.93070816
37.93142803
38.20863681
38.27618750
38.42955962
38.46787232
38.50035118
38.56137127
38.69741597
38.71481411
38.77079964
38.88762348
38.93532558
39.02177600
39.05425736
39.07685975
39.17418239
39.28120620
39.32570389
39.39897556
39.47759866
39.55582016
39.55803462
39.82488494
40.00607942
40.02604587
40.03881296
40.11122272
40.12050611
40.48136924
40.51856875
40.54332853
40.60962162
40.66538213
40.89250031
41.15143735
41.23731236
41.29573060
41.35521127
41.35804057
41.64073353
41.67925576
41.72523547
41.79889478
41.87839805
41.90258591
41.92209492
41.95827308
42.16620877
42.19761946
42.37562736
42.39200478
42.42478132
42.48484407
42.59875847
42.64663976
42.71314507
42.95544758
43.04419972
43.10490369
43.18783764
43.23878222
43.24030828
43.31126771
43.40690770
43.44463890
43.53057720
43.80540585
43.85048143
43.89432327
43.96110702
44.09755549
44.30287456
44.35249906
44.41475335
44.48632701
44.52488274
44.57562977
44.59045103
44.63529488
44.64419509
44.67360067
44.71037230
44.76197827
44.80145485
45.00612480
45.04552785
45.18622530
45.25807631
45.45499474
45.52784903
45.65225180
45.85347695
45.86104185
45.90926710
45.95766116
46.08113260
46.11572324
46.24523609
46.38278734
46.42182448
46.63982118
46.66932733
46.69259583
46.83128940
46.88056794
46.88531477
46.91331884
46.92561835
46.94840449
47.13706780
47.14136247
47.15405999
47.23225075
47.25972519
47.28727376
47.33684671
47.34556341
47.37663430
47.51822544
47.53089641
47.55598691
47.58297216
47.62855287
47.64269536
47.80633009
47.96939849
47.98777867
48.04632435
48.09497366
48.21398627
48.28944107
48.59677992
48.70938532
48.82481711
48.88267585
48.92122889
48.95223216
48.99802991
49.01165314
49.15432775
49.18136661
49.20920522
49.23218287
49.29411529
49.53397586
49.56499115
49.64621656
49.67843679
49.72089371
49.72233719
49.72397904
49.76614020
49.90875463
49.91203806
49.91815950
50.01990352
50.07004359
50.25511933
50.30530361
50.36199981
50.36369316
50.46958145
50.48862790
50.49169492
50.49685898
50.61843270
50.72212853
50.72848105
50.76525537
50.81377827
50.82646110
50.87254264
50.96932775
51.02261658
51.06038456
51.13190725
51.39781806
51.46755443
51.47224734
51.49330467
51.56106414
51.60773732
51.80013426
51.88814505
52.04449255
52.10208826
52.11685900
52.14092025
52.15945662
52.16092978
52.16237090
52.29491703
52.42149792
52.46668405
52.60262817
52.64155449
52.69334943
52.72046675
52.73038328
52.74200181
52.79949301
52.87225933
52.96112273
53.08890970
53.31290784
53.40801513
53.41617227
53.42705395
53.54196113
53.60659388
53.66945231
53.89824925
53.91007653
53.94246971
54.05862808
54.11110683
54.13370005
54.23013025
54.32014567
54.42221072
54.56710456
54.68808743
54.72409945
54.78936877
54.79667972
54.85709193
55.00168284
55.01382220
55.03406400
55.03864700
55.16997307
55.19504784
55.21436906
55.49504114
55.57560262
55.75494763
55.87427331
55.97509274
55.98445473
55.99236320
56.02098074
56.25386941
56.29199327
56.30421565
56.33061003
56.60874847
56.67042540
56.70605172
56.72790940
56.99658719
57.00553724
57.02672490
57.10462112
57.13638515
57.23068834
57.46102950
57.57039081
57.58827548
57.60955908
57.62927970
57.71018329
57.74821910
57.94751464
58.03971074
58.20980507
58.27074539
58.37207478
58.41235278
58.47284305
58.48879043
58.70871894
58.73893987
58.77054388
58.79653143
58.84112786
58.98305962
59.04977404
59.13664167
59.13790913
59.25203659
59.28796275
59.32528555
59.53740230
59.77108688
59.82861544
59.86974868
59.99409399
60.12623793
60.14493291
60.20268345
60.35802053
60.53776826
60.56518932
60.60698255
60.67851461
60.71703217
60.76470209
61.19481650
61.23269778
61.25318362
61.26786792
61.32419548
61.34207418
61.55892371
61.58780392
61.61140597
61.62742339
61.65044324
61.68791707
61.71717106
61.76568904
124.00000000
