0.17060840
0.28665457
0.32929107
0.34370142
0.35042278
0.37290457
0.51422138
0.59468084
0.59636493
0.59734882
0.61463862
0.64419472
0.66189710
0.72428276
0.73608393
0.75951168
0.76820569
0.82027100
0.90411537
0.92962433
0.92993438
0.94039139
1.13061586
1.14695888
1.27259314
1.31479721
1.44993208
1.53624822
1.65943016
1.68869756
1.71985284
1.86265454
1.94680710
2.08332395
2.13600036
2.14175207
2.14743926
2.39504118
2.45586539
2.58789374
2.60007282
2.62498943
2.87125625
2.96825008
3.17928976
3.25068771
3.32618285
3.48236508
3.48327394
3.66078060
3.73473255
3.90343065
3.99570064
4.20398663
4.27675657
4.42468005
4.58292542
5.02730980
5.03796052
5.11112436
5.17893556
5.19276420
5.43489314
5.54322865
5.80292679
5.81876698
5.87886109
5.91095788
5.92070808
5.93546660
5.95866818
6.11069873
6.18592500
6.34752677
6.48034200
6.51071712
6.53175486
6.58183186
6.58909786
6.60338917
6.67320186
6.79449909
6.79662747
6.92154867
6.97334778
6.98239988
7.04411319
7.05845971
7.13424175
7.25647109
7.29488771
7.36055909
7.48552385
7.53030519
7.54281419
7.54380866
7.56648549
7.58304735
7.64478584
7.71256546
7.80496154
7.91588122
7.95787785
8.01282484
8.01368469
8.16446273
8.16867113
8.28710795
8.54003493
8.70147337
8.85868958
8.89787441
8.98948036
9.24795692
9.27580937
9.29220889
9.31636286
9.37390275
9.49859138
9.51085684
9.51638514
9.51911076
9.94946124
10.22137383
10.41736223
10.56148009
10.61349436
10.62961305
10.64641955
10.74632408
11.09677249
11.09729667
11.15928480
11.15978473
11.19748616
11.24361814
11.25010085
11.27249757
11.30373012
11.35335491
11.53923964
11.55200099
11.61376160
11.70309856
11.90880436
11.92475551
11.96223018
11.98909228
12.04781930
12.10048447
12.23351264
12.23754106
12.23842244
12.34151052
12.36148283
12.40592565
12.54772885
12.86371823
12.92746912
12.97479211
13.16526450
13.17099871
13.31801152
13.33170242
13.49346944
13.71795527
13.79181256
13.88996590
13.92851078
13.93220626
13.96315258
14.13072137
14.14281305
14.14300654
14.16401056
14.24883801
14.49310877
14.51738264
14.60485594
14.64792093
14.70977738
14.75291684
14.82676240
14.85466705
15.00963263
15.10368512
15.26768424
15.29817931
15.40351970
16.01207226
16.05463832
16.06310475
16.07151617
16.11159393
16.14845935
16.32295763
16.39590092
16.40608506
16.43056236
16.43461761
16.47538965
16.49781867
16.59625359
16.65306894
16.72029024
16.73447529
16.75325921
16.77973360
16.83847364
17.03339332
17.03401063
17.17357615
17.20182861
17.35826816
17.37025988
17.37405119
17.44835108
17.45220166
17.75741837
17.82994245
17.86957198
17.89842030
18.09690090
18.23133613
18.34619389
18.53359254
18.61055976
18.62256962
18.69471576
18.76007636
18.78681755
18.79174580
18.79807993
18.83365257
18.86832840
18.87068509
19.16558162
19.28782061
19.37980584
19.43340551
19.46867616
19.48307392
19.69189003
20.22660146
20.22683240
20.33133910
20.38835624
20.40819371
20.53359737
20.75291404
20.78435249
20.82623579
20.83214218
20.88387473
20.94559069
20.95426924
20.98520332
21.00404110
21.36007464
21.52734490
21.54249019
21.78488723
21.93120295
21.95818267
22.06628803
22.21530443
22.26957912
22.41589108
22.43995456
22.44818180
22.54182607
22.54873709
22.55573022
22.60605389
22.65333558
22.82695132
22.92264521
23.14107955
23.24842439
23.29311803
23.30288704
23.51635921
23.68193018
23.73798493
23.74671152
23.82499171
23.92238468
23.96322784
23.99611619
24.01387526
24.04784674
24.14305547
24.37766903
24.42324717
24.44118802
24.53039731
24.55287795
24.57872605
24.60933261
24.62463348
24.72764125
24.79495041
24.88662737
25.01356178
25.10027621
25.11673313
25.12455858
25.19892024
25.20797423
25.28047065
25.31470601
25.31789621
25.34795051
25.47259116
25.55821881
25.62034789
25.64762908
25.74370299
25.81542722
25.88950031
25.95471859
26.13352436
26.24948001
26.30661364
26.41096290
26.52573492
26.75375433
26.76673975
26.77971761
26.79816176
26.90489042
27.11534060
27.16815777
27.30474364
27.41516604
27.43335119
27.46558200
27.61185301
27.64684402
27.65356577
27.71488816
27.83301034
27.87439999
27.90495535
27.92630135
28.05733406
28.46714282
28.68125554
28.88083804
28.91974088
28.92125272
28.96718550
29.07528285
29.14342747
29.22748107
29.22924797
29.42717594
29.47769532
29.51656119
29.52066897
29.52263681
29.56229965
29.56320243
29.57516398
29.92232891
30.01646851
30.22088301
30.54682273
30.65295230
30.96895300
31.07117076
31.08177553
31.14208076
31.31535274
31.42166576
31.55062117
31.62745090
31.80614946
31.80958052
31.83352417
32.01658718
32.13386428
32.20732062
32.44908044
32.49596301
32.62941770
32.75062458
32.84292411
32.85766968
32.88591151
32.89469343
32.94135394
32.95111251
33.00848343
33.27396329
33.46943156
33.60110507
33.65749311
33.79022261
33.79651756
33.83192122
34.02444588
34.15266754
34.17744614
34.25990500
34.28458303
34.40024869
34.52386106
34.61470101
34.69343882
34.85518780
34.90702844
34.95378098
35.04803125
35.45016453
35.54678175
35.60299281
35.64872876
35.74470857
35.76364513
35.77720149
35.93476152
36.01350534
36.07807722
36.09216130
36.17281344
36.35597792
36.41847987
36.44598014
36.49741375
36.56287538
36.93397279
37.01404610
37.14907959
37.29799556
37.30143977
37.31514055
37.32219807
37.65002693
37.71702310
37.71830853
37.73245369
37.83009832
37.86274829
37.86945452
37.88707477
37.93624615
38.06730272
38.16310455
38.22686178
38.22947257
38.35124220
38.43977093
38.49494739
38.59158633
38.63200859
38.69666389
38.69977292
38.73629620
38.79482910
38.87201210
38.94688125
39.08184320
39.09909352
39.20650304
39.27482493
39.33937151
39.40918061
39.41468917
39.43957393
39.50227497
39.54581916
39.85304068
39.86665847
39.95329461
39.95563336
40.28153973
40.30788659
40.35961235
40.90177598
41.12226023
41.20097041
41.22654605
41.22782513
41.31405410
41.35277224
41.36670606
41.43769715
41.72393983
41.74207081
41.75378582
41.76867835
41.82290771
41.82720303
41.85261034
42.02543787
42.04405168
42.07805570
42.16216822
42.18540269
42.24092936
42.30826096
42.35834937
42.56467167
42.61954675
42.83076488
42.85364371
42.93973418
42.94340192
42.95950769
42.98473653
43.10352101
43.19081335
43.26479237
43.33507769
43.33935496
44.14526279
44.30928771
44.31705083
44.41475335
44.48196950
44.53337155
44.70838067
44.75460196
44.78435534
44.79581209
44.95537175
45.21409052
45.35233543
45.39333148
45.43388529
45.57876471
45.63117436
45.69428521
45.75247880
45.84830065
45.89942932
46.00061781
46.02250104
46.11341764
46.22273384
46.22467934
46.26936419
46.31357630
46.43908989
46.46680469
46.47215598
46.50417405
46.56278619
46.57376824
46.57841489
46.60954565
46.75350955
46.98810369
47.07836285
47.15244485
47.15507142
47.20051224
47.20399171
47.32091457
47.33387541
47.36289751
47.41969714
47.76478109
47.78529421
47.89982025
48.09375130
48.11059094
48.11913847
48.12560423
48.18143104
48.18643542
48.25782233
48.26371114
48.39430195
48.42241238
48.43324994
48.43423351
48.53546489
48.54096685
48.70400304
48.74711240
48.82070130
48.96674058
49.12908719
49.21107746
49.22967029
49.31023604
49.33908731
49.36951098
49.41190141
49.44541939
49.76627686
49.80083221
49.80633371
50.00769799
50.19206672
50.44881445
50.64360272
50.87410782
50.89315001
50.97903950
51.17348620
51.25180834
51.39361168
51.56436370
51.61785895
51.63681074
51.65892437
51.79684043
51.95365375
52.10208826
52.11262493
52.13813741
52.13883694
52.15193195
52.29333893
52.30465656
52.34609207
52.51675687
52.75538401
52.83950099
52.84766228
52.92092358
53.04822512
53.10053631
53.13498518
53.26903222
53.30844459
53.43626605
53.51771039
53.56937502
53.61830942
53.94138183
54.03715954
54.11522922
54.16189154
54.16546666
54.17902181
54.19878628
54.25309511
54.25670552
54.27459845
54.43006177
54.47986258
54.52269720
54.69646463
54.79609382
54.88262816
55.01665770
55.12431347
55.38288058
55.40376477
55.44554940
55.46643155
55.65267594
55.67605608
56.05712660
56.07560470
56.08441019
56.11849795
56.18115468
56.29693491
56.39178679
56.52041589
56.53191446
56.63713328
56.66297218
56.70890496
56.95126881
56.96037421
56.96258938
57.06333310
57.12722932
57.26922860
57.27095980
57.28065600
57.28698387
57.32796287
57.32817364
57.46853940
57.58301696
57.62916768
57.64464318
57.75501767
57.75821428
57.79752077
57.82637017
57.84887691
57.85046560
57.87708019
58.13843763
58.14192664
58.18633698
58.31399059
58.35913348
58.38419820
58.41235278
58.48603488
58.52254656
58.52451773
58.54958402
58.69395245
58.87469367
58.92517292
58.97928445
59.00108425
59.04779251
59.07495004
59.15889676
59.39216915
59.41032696
59.42542093
59.46763829
59.54740807
59.65593337
59.72062659
59.77108688
59.82472114
59.95563457
59.96686235
60.06294734
60.14204440
60.20910860
60.26581174
60.33867158
60.35549069
60.40593141
60.52350942
60.56781375
60.61071942
60.62020569
60.91033535
60.91202799
61.04281781
61.11925125
61.15974042
61.18568096
61.18998169
61.22829067
61.35932219
61.38836800
61.53320762
61.90403641
62.00837091
62.03540465
124.00000000
