0.05656858
0.09282489
0.10654747
0.26137290
0.29125115
0.39995893
0.57244287
0.62675352
0.64419472
0.76687140
0.78420138
0.84446913
0.84469671
0.96420113
1.10338992
1.12651581
1.17351455
1.17759004
1.19542426
1.30950267
1.35139476
1.62480686
1.64126415
1.83135062
1.92048619
2.09537856
2.09688978
2.14243611
2.16708421
2.19713087
2.23521716
2.25484431
2.28620039
2.32839545
2.51027493
2.51132842
2.77308906
2.93620663
2.97815441
3.08779895
3.27954098
3.43413556
3.49034384
3.53907021
3.63478952
3.71254041
3.72380969
3.78148544
4.17929186
4.23464518
4.27178249
4.34286039
4.35851515
4.44231875
4.48034770
4.56497597
4.74427476
4.76535387
4.92989902
5.03751571
5.16093775
5.20655402
5.24091384
5.40327469
5.44029198
5.60142801
5.62974822
5.65602263
5.74621969
5.76240124
5.76468435
5.86341289
5.88163551
6.12907174
6.14362686
6.20900586
6.23058423
6.32122715
6.40809237
6.45834580
6.47828829
6.56839536
6.70539409
6.71348552
6.75156888
6.96271886
7.00219332
7.15159230
7.16743834
7.24951477
7.29488771
7.34828249
7.40874789
7.40986141
7.45534822
7.60922257
7.68765369
7.69324762
7.80218120
7.93127079
7.93746416
8.00921013
8.12629685
8.15481074
8.27430172
8.27872557
8.68847725
8.74490532
8.83544955
8.95409269
9.06122642
9.11635694
9.22940146
9.25180392
9.33445324
9.48462512
9.58268261
9.63018568
9.68245731
9.68436834
9.79253400
9.79753470
9.85014870
9.92078833
9.94867005
10.01062496
10.02199863
10.05030226
10.07387829
10.12355075
10.12557057
10.23530425
10.28607055
10.70104525
10.73296940
10.85401464
10.86827263
10.90592397
10.99226305
11.04054134
11.05490748
11.05931599
11.06583068
11.16066690
11.31973214
11.51009495
11.51398146
11.54268212
11.71665441
11.74341382
11.75669454
11.82576640
11.87418901
11.88433546
11.91296395
12.09755829
12.14172303
12.14385424
12.22531907
12.43949439
12.61058698
12.74413588
12.74908918
12.75049328
12.77478754
12.84240202
12.93705123
13.13153330
13.17804637
13.48575468
13.49026916
13.53320967
13.63550546
13.85133693
13.97070592
14.02594380
14.05223450
14.07149804
14.22128954
14.29500656
14.40650723
14.72035372
14.72565589
14.94931201
14.98102726
15.03183857
15.07652970
15.13328776
15.16083125
15.36067434
15.42566113
15.50106227
15.51825615
15.62096341
15.70507825
15.94718535
16.04177731
16.11878163
16.26077726
16.49794896
16.56861178
16.63239880
16.71410444
16.72042161
16.74222360
16.84235551
16.87510158
16.99158708
17.09066367
17.09904780
17.11885425
17.18541377
17.26691753
17.45821868
17.48822316
17.59291388
17.63629648
17.71154165
17.83436757
17.89810824
18.40949680
18.43115128
18.46740741
18.49728788
18.71468665
18.90471074
19.00574197
19.23287621
19.25032505
19.29545764
19.34163057
19.37567543
19.77585614
19.79654225
19.80837970
20.32736622
20.34142386
20.51115000
20.51350901
20.58564685
20.66297259
20.69852446
20.71905915
20.77386232
20.84359046
20.88006388
20.92740294
21.03156601
21.03246130
21.10526282
21.13497874
21.17119251
21.18644618
21.19134894
21.24735177
21.57460687
21.59060153
21.61958964
21.63115307
21.64359327
21.73593075
21.74115717
21.77891376
21.88530693
22.01682211
22.47793285
22.53776003
22.65481677
22.70290281
22.84944966
23.03213839
23.03581887
23.07435148
23.08770888
23.12715863
23.16986886
23.22572444
23.27034925
23.69875928
23.70003503
23.80595584
23.84110225
24.13041044
24.18817811
24.21063774
24.22417164
24.28725574
24.33646000
24.34989070
24.35807839
24.37803011
24.58816519
24.64482985
24.67442646
24.68118118
24.72633277
24.72764125
24.73748857
24.87363682
24.92161178
24.98892546
25.04447882
25.24623297
25.55266847
25.58927518
25.60664565
25.63123212
25.82376916
25.93715221
26.22192686
26.37211541
26.44462376
26.48153271
26.55060092
26.55936813
26.56821756
26.66729070
26.76765720
26.78067662
27.27931320
27.56989248
27.60911897
27.77735728
27.84192631
28.09920607
28.27419843
28.28503753
28.35954919
28.41029737
28.42290279
28.57796306
28.63717519
28.68624563
28.71157350
28.83012065
28.92039686
28.96010516
28.98017256
28.99732450
29.02625553
29.25191538
29.30464401
29.50192211
29.64368934
29.81698206
29.99592052
30.00793600
30.05881124
30.34695660
30.34753537
30.34879469
30.42320388
30.43182277
30.54973618
30.75462040
30.78967446
30.83779215
30.92236505
31.10738815
31.15729556
31.18572544
31.31190579
31.34093946
31.35809750
31.39900358
31.48633095
31.74470054
31.78604043
31.78945305
31.84798564
31.86935155
31.89821686
32.03486745
32.03582266
32.08110687
32.11831165
32.15666847
32.46554291
32.56487787
32.66298961
32.74728387
32.82812800
32.93038094
33.28419950
33.38190568
33.55787561
33.58532141
33.84207976
33.87931229
33.90379419
33.98296019
34.00236595
34.24434877
34.27730212
34.55169126
34.62386720
34.67851640
34.72129246
34.75104200
34.76478253
34.82555816
34.90080457
34.93998834
35.03711922
35.20168576
35.21006580
35.27433007
35.31666573
35.37403736
35.44949991
35.47335777
35.50017892
35.56257524
35.62183340
35.71497740
35.72645583
35.73898022
35.87603094
35.90898683
36.01514725
36.06300866
36.09216130
36.11511051
36.26476846
36.28021768
36.31716692
36.39775463
36.47199591
36.60979005
36.73558914
36.88263921
37.12655104
37.17197570
37.17871025
37.26140627
37.34106427
37.34618009
37.47851776
37.48108039
37.48941568
37.55490164
37.56286987
37.58525670
37.63430209
38.11674913
38.13675280
38.15811012
38.17230829
38.20131627
38.30778221
38.33528558
38.38279681
38.49047199
38.71495415
38.73654505
38.74020066
38.93540216
39.02177600
39.03096260
39.27600128
39.36413542
39.49015434
39.55016412
39.73348004
39.74746492
39.88382528
39.96386296
40.17683710
40.18033905
40.30513362
40.73384468
40.74274315
40.76277845
40.80151269
40.87690562
40.94922619
41.06705602
41.10406898
41.11104040
41.18090426
41.20861236
41.21874636
41.29486331
41.32904853
41.58622293
41.64279189
41.72668884
42.05828427
42.18254389
42.23552896
42.27459059
42.39913660
42.46874565
42.77370609
43.01674124
43.01694136
43.07701128
43.13194230
43.20184672
43.23319297
43.25404042
43.39357406
43.40783593
43.44982940
43.53915696
43.55909823
43.89071836
43.91929097
43.97144113
44.17308408
44.32426964
44.57459392
44.92053324
45.03109765
45.03384550
45.12214890
45.27378451
45.71020569
45.92371529
45.92712637
45.97062773
46.08616874
46.13950159
46.17025743
46.44547262
46.52128435
46.54222898
46.92976975
47.02590223
47.04880180
47.10548553
47.23639990
47.27045764
47.36963641
47.45485840
47.48452990
47.60224724
47.61109603
47.66452177
47.67834931
47.70502681
47.78764008
47.84339696
47.86171724
47.93729119
48.15896273
48.18675840
48.30104337
48.30606454
48.30668128
48.31009691
48.34877922
48.36234309
48.40535545
48.48685289
48.61949692
48.62284759
48.74020725
48.75498293
48.76289132
48.77516339
48.82481711
48.91657419
48.98311802
49.01478208
49.05696448
49.21203181
49.24822346
49.31913028
49.34772989
49.36841777
49.37707037
49.54386572
49.55903463
49.71451510
49.75347859
50.05738127
50.05961590
50.06971503
50.20304096
50.27086921
50.36608767
50.47109057
50.90930366
50.99366298
51.16995217
51.39692975
51.48241536
51.69967345
51.70265719
51.76931317
51.86992024
51.96409266
52.02971275
52.10452526
52.15392620
52.27812915
52.37770705
52.59717383
52.61347580
52.67664235
52.71863682
52.74471468
52.82490347
52.86346418
53.06935933
53.13694718
53.15486249
53.21630722
53.22452533
53.28506619
53.35945358
53.81376582
53.81785025
53.92112897
53.92139459
53.98567438
54.10580452
54.12984760
54.24146298
54.29718780
54.38321635
54.45159384
54.49106851
54.50303490
54.56388638
54.59837076
54.78518843
54.80269560
54.83014529
54.88266614
55.08405851
55.18094543
55.25179688
55.28218683
55.35151945
55.40930947
55.51112279
55.70038223
55.70787442
55.74113035
55.77136159
56.04567540
56.06639606
56.10407188
56.17873707
56.25721316
56.36261421
56.55453800
56.61106906
56.61593888
56.64005380
56.67516962
56.67670641
56.71345594
56.97237862
57.26229349
57.55920357
57.65830676
57.70191563
57.70735180
57.75870672
57.80638568
58.04146770
58.19421692
58.27074539
58.34766852
58.51137033
58.51509568
58.56462670
58.63262579
58.81133162
58.86276870
58.97894189
59.16701411
59.16899806
59.41018377
59.45202507
59.70359715
59.81070003
59.91195637
59.97903304
60.37780536
60.47092640
60.56881187
60.58602157
60.59073116
60.61071942
60.71659749
60.75146295
61.46750182
61.58251922
61.76551433
61.90425059
61.90930483
61.96932861
61.98502725
62.02200015
62.03381105
62.13153899
124.00000000
