0.01821029
0.04919002
0.11880462
0.26722526
0.29997731
0.32874146
0.43460300
0.43586238
0.44768150
0.54999027
0.62410818
0.89183825
0.94107914
0.95595488
1.03389875
1.03999788
1.18546071
1.19993184
1.30169519
1.56851241
1.63457398
1.70335437
1.74973298
2.14559899
2.23756201
2.29488821
2.31993797
2.35064424
2.37021875
2.51711071
2.62750403
2.63235423
2.65350428
2.70230415
2.83602650
2.93474328
3.24384574
3.28675892
3.33112378
3.33411043
3.34738712
3.34762017
3.34794131
3.35584327
3.39852077
3.45766959
3.47424138
3.56167258
3.59621146
3.77748746
3.81203859
3.81322426
3.87140350
4.00920476
4.11523913
4.16704944
4.31372860
4.38671686
4.39730604
4.49075223
4.50078265
4.50826364
4.68281986
4.69702098
4.77080013
4.87895451
4.98144297
4.98847505
5.08461093
5.19819081
5.26331745
5.35730640
5.39601325
5.41301769
5.42450471
5.47057055
5.69613398
6.03776430
6.09083347
6.09083745
6.13074231
6.13121013
6.20613029
6.20747426
6.23800355
6.35486961
6.37599655
6.41148346
6.47931674
6.54440709
6.58744623
6.64123171
6.98931346
6.99467497
7.16735646
7.23413978
7.23702343
7.27828977
7.28083263
7.34539102
7.47307143
7.54380866
7.94131651
7.95740126
7.96862062
8.05084014
8.15175031
8.19403443
8.22746876
8.22869503
8.25429456
8.67521899
8.68542931
8.69351674
8.71361083
8.95808627
9.09513167
9.52901545
9.55116033
9.83531990
9.96922135
10.02792919
10.09088356
10.20069078
10.21214409
10.32245255
10.40074444
10.49558950
10.57100508
10.63962878
10.83263690
11.08912102
11.09586639
11.14459798
11.15933075
11.16722623
11.22296363
11.22643367
11.23373602
11.35335491
11.39442448
11.46322586
11.53918149
11.54243897
11.79388400
11.83749210
11.92548904
11.94433276
12.01993939
12.04716630
12.05437344
12.05636471
12.18028246
12.24206789
12.28172852
12.32425731
12.37740063
12.39161078
12.40481255
12.53464267
12.57935053
12.59907954
12.63736673
12.67463806
12.80346485
13.00592899
13.06123672
13.07573862
13.12456304
13.25845974
13.32820769
13.37350353
13.38680330
13.42056895
13.51336668
13.69597351
13.69938301
13.85850849
13.90047188
13.90511776
13.90528169
13.90664101
13.97500040
14.03179899
14.20452389
14.29051073
14.51895559
14.56281699
14.59650416
14.75621449
14.81737408
14.82313626
15.02271093
15.03965590
15.05811332
15.06098745
15.09630425
15.38985764
15.45219476
15.65141933
15.65874709
15.67625282
15.68735617
15.72851319
15.79426873
15.87620788
15.98894637
16.24524805
16.54426792
16.71311933
16.73207668
16.77759117
16.81614837
16.82557828
17.06538108
17.07491432
17.20500096
17.22948328
17.31983019
17.32804879
17.37054083
17.66873293
17.68127987
17.68713504
17.77917617
17.82545769
18.03688760
18.06343815
18.22398088
18.38101681
18.73811312
18.85413204
19.00898272
19.01576730
19.04593250
19.20789732
19.31690774
19.33799701
19.34738220
19.35102544
19.36304072
19.45083147
19.53859023
19.59621332
19.63666103
19.77585614
19.84412781
19.96589004
20.01617627
20.11226196
20.13094800
20.16057054
20.18279260
20.22307231
20.27474374
20.65542913
20.74944658
20.83441856
20.87223454
21.06303496
21.37531066
21.45537804
21.46049413
21.61222802
21.67047988
21.70538559
21.77036006
21.77966171
21.79453837
21.79800352
21.85010727
21.89826541
22.01156468
22.01978327
22.04229870
22.33119750
22.38369952
22.40377021
22.48883722
22.55944761
22.63473437
22.65939521
22.89043502
22.90775408
23.16545706
23.18867150
23.34334130
23.61496117
23.63195283
23.72384128
23.73245058
23.83772389
23.85449107
24.06266186
24.37027531
24.67482864
24.72209194
25.03782911
25.03815881
25.39882312
25.45505103
25.82500605
25.88957483
25.93099880
25.95415949
26.04763755
26.07525688
26.15508561
26.19589985
26.26719959
26.31486292
26.33321619
26.35976747
26.48831024
26.54749992
26.69171028
26.71830419
26.83910233
26.88112869
26.95023350
26.98832882
26.99057029
27.34999919
27.48391325
27.54609639
27.68115290
27.75310930
28.08225838
28.16168946
28.24575454
28.42977135
28.52677081
28.54000992
28.55801330
28.64592793
28.90009085
29.00504349
29.25183741
29.32227073
29.55128231
29.56122998
29.69973825
29.82841720
30.11924764
30.30007947
30.35893516
30.37415563
30.78187799
30.89869945
31.32445834
31.33192777
31.37013610
31.62951219
31.63221243
31.84113913
31.88520308
31.96877673
32.12423066
32.38323801
32.50086158
32.66261498
32.70392205
32.72422524
32.77343141
32.77419432
32.91384945
33.02426453
33.27887339
33.37188117
33.38875033
33.46943156
33.57715426
33.73958925
33.87572543
34.00363452
34.06600570
34.19099758
34.26326606
34.32020033
34.32506813
34.34586720
34.37316218
34.44380730
34.51300242
34.52120617
34.58822204
34.63623770
34.70102570
34.76595362
34.77816855
34.79633530
35.01154393
35.03021756
35.06848097
35.27029817
35.30553404
35.38567296
35.40130840
35.61100854
35.66846564
35.70704895
35.81312539
35.81783348
36.08615614
36.09216130
36.16486562
36.16962206
36.20335676
36.22088813
36.50131935
36.73696801
36.91778654
36.92050225
36.96331399
37.21173844
37.39709792
37.59766949
37.95033132
38.09408945
38.10051673
38.12230036
38.24338414
38.37968133
38.47950764
38.56868002
38.61074557
38.63215359
38.79844549
39.02567495
39.06615197
39.39198916
39.43610932
39.50525281
39.70655263
39.80156398
39.99759133
40.10318697
40.11122272
40.15012185
40.17940447
40.18476002
40.19056655
40.19099294
40.34030226
40.36649905
40.46517506
40.50871166
40.59816404
40.63507810
40.73725868
40.92787454
40.93716219
41.01692742
41.17410414
41.29258104
41.30249530
41.31210248
41.40268140
41.89666168
42.00011704
42.13325234
42.17548709
42.19496501
42.22215025
42.41466410
42.44443293
42.49480699
42.69068514
42.77545067
42.80022337
42.81594772
42.95526078
43.03690969
43.13946960
43.21175886
43.32550585
43.48269861
43.59063886
43.63742127
43.65721565
43.74003252
43.75853863
43.87753892
43.94858258
44.03228451
44.19889603
44.20260629
44.42870645
44.65282477
44.74396894
44.79211649
44.84200519
44.87658018
44.95180380
44.98971290
45.00645431
45.10383350
45.15132758
45.31280146
45.35402775
45.44262707
45.63088049
45.73850403
45.77976712
45.80317382
45.81637651
45.95315918
45.95761270
45.96601006
45.98969891
46.33711362
46.50201874
46.78879760
46.93081727
47.08350568
47.11685862
47.12411806
47.25286248
47.33930113
47.51743791
47.74332767
47.87124185
47.88376369
48.19322437
48.28209028
48.39943307
48.44570270
48.44821943
48.50594890
48.52944104
48.64300523
48.96401669
49.02037545
49.14338715
49.15616109
49.18643636
49.33469112
49.36946846
49.37521391
49.45815549
49.52171273
49.86487087
49.90882388
49.97873091
49.99191182
50.26387879
50.28266378
50.37135506
50.40167169
50.77153311
50.79539674
50.81400875
50.97372591
51.00460990
51.10452983
51.11662869
51.12080391
51.36651741
51.41863037
51.46771165
51.59680307
51.68807564
51.77098094
51.77840125
51.94406633
52.01103610
52.01352363
52.12190706
52.23195817
52.33927779
52.35880647
52.44858760
52.48962341
52.50987970
52.58257603
52.73983617
52.80465442
52.91540755
52.99140867
53.00257389
53.08742306
53.10124053
53.19569567
53.21401576
53.33845114
53.36072745
53.38837241
53.39466036
53.44243150
53.54789620
53.62188519
53.62423341
53.72478777
53.83204017
53.92545888
53.94455625
53.96787693
53.97314962
54.06065757
54.06444541
54.10620203
54.12471975
54.20948000
54.62591269
54.68956714
54.88262816
55.02009358
55.05873183
55.31345552
55.34527731
55.35438623
55.39613286
55.42789606
55.73569836
55.77695521
55.99538052
56.07177252
56.11948825
56.14845040
56.23441607
56.49118129
56.65088770
56.66067458
56.72492139
56.82657865
56.84386006
56.84847243
56.86986659
56.96258938
56.96776749
57.06091586
57.13585540
57.13825289
57.13985220
57.21161420
57.22609625
57.24734535
57.36078480
57.36466404
57.36886295
57.37279198
57.48164589
57.64299093
57.75304295
57.77426367
57.88198432
57.92845534
58.02027493
58.05216041
58.18780977
58.32428419
58.32582889
58.37716880
58.40956984
58.40977305
58.53058771
58.59396135
58.62411694
58.63906517
58.66094134
58.68975966
58.69512555
59.01114362
59.03330864
59.05015722
59.06799150
59.17149185
59.22214002
59.54785458
59.68829700
59.83764665
59.87467536
59.89698794
59.90568500
59.95983842
60.08700163
60.17519182
60.23601246
60.25045683
60.52800723
60.54550882
60.61772892
60.73728302
60.76157641
60.76758767
60.79733660
60.80905768
60.92093240
61.14388282
61.17334305
61.25306359
61.26126624
61.28649118
61.29850614
61.40886995
61.49645686
61.53934190
61.62278463
61.64085908
61.83364508
61.86766509
61.90026067
61.91203140
61.96204460
62.00700105
124.00000000
