0.15135462
0.27771270
0.28755739
0.31350391
0.39995893
0.42028363
0.45116594
0.58459073
0.60872800
0.67999255
0.68392825
0.73748631
0.77718824
0.79736815
0.80504717
0.85888381
0.94715297
0.97507838
1.16369342
1.31317651
1.42532401
1.65520485
1.68922560
1.74391780
1.86118020
1.95260170
1.97275785
2.05431474
2.11352511
2.11506889
2.15738179
2.22794785
2.25784509
2.29716483
2.30345241
2.30420156
2.41534440
2.44466482
2.66435642
2.71868422
2.81416220
2.83435107
3.02892231
3.07431981
3.28973234
3.37445384
3.49160522
3.61490514
3.71383417
3.86865869
4.00288979
4.09670955
4.17365097
4.17929186
4.20885638
4.23464518
4.24009945
4.29920887
4.30704717
4.44841065
4.47585257
4.52753374
4.65301479
4.76792864
4.83850270
4.84248925
4.89895276
5.04811425
5.07935295
5.27980940
5.36530529
5.44611522
5.53140376
5.54282690
5.60317665
5.69839335
5.74120590
5.89999136
5.98461103
6.01565317
6.05767576
6.11961830
6.19996751
6.23415041
6.28668137
6.38000170
6.69350026
6.76237911
6.85799592
6.86839746
6.88121693
7.05363612
7.22206699
7.24645829
7.39728201
7.43938652
7.56648549
7.63925982
7.64046944
7.65610186
7.74904905
7.88904617
7.98461950
8.04348442
8.28148282
8.32599795
8.43755011
8.44631711
8.63071667
8.67028831
8.90615222
8.92494991
9.03080419
9.03579256
9.16219496
9.26529187
9.30397863
9.50009315
9.53192068
9.53891826
9.55367993
9.55828256
9.59978872
9.60218698
9.73944796
9.77600090
9.78980149
9.84671841
9.85070698
10.14087649
10.37462352
10.47692228
10.50913369
10.56060280
10.85199763
10.98870758
11.00856752
11.06633777
11.09766097
11.18546626
11.37960259
11.41049590
11.56178178
11.74278338
11.74991490
11.77861628
11.87293346
11.97990404
12.21594245
12.42474189
12.61651463
12.76633486
13.13251206
13.32542530
13.33551645
13.44542886
13.49346944
13.51039340
13.52131598
13.81483092
13.87552666
13.90178039
13.91764688
14.08365486
14.13679190
14.26053408
14.32041053
14.45097267
14.52665546
14.53280327
14.53555834
14.56014076
14.56820352
14.58652490
14.66736482
14.70435501
14.70472939
14.77387620
14.81121038
14.89029941
14.91963268
14.98069626
15.09969289
15.22998055
15.23660194
15.38761168
15.39111949
15.45969169
15.83429329
16.17773659
16.21250311
16.23935049
16.26033867
16.41473782
16.69228435
16.71435637
16.73207668
16.75706982
16.76868377
16.79582165
16.95779561
17.01691577
17.02373299
17.15051225
17.23910661
17.24306690
17.42036178
17.56882060
17.62857896
17.69173337
17.73599470
17.80079214
17.98880199
18.00198892
18.02018868
18.13092341
18.20975277
18.23613678
18.32164938
18.32359751
18.34869761
18.40766810
18.41938213
18.51689916
18.58845312
18.80830049
18.81928610
18.85132557
18.97683407
19.10854917
19.14835555
19.31190032
19.32573409
19.43464999
19.46660671
19.55747676
19.64426439
19.72256335
19.80308227
19.87796093
19.91141361
19.97843958
20.07786502
20.09288530
20.15370058
20.26464010
20.27473785
20.43568549
20.50157020
20.52489592
20.55349472
20.65024121
20.82185238
21.04818340
21.06711616
21.13724725
21.26853075
21.32142456
21.42647005
21.43551842
21.48491726
21.67748276
21.72272642
21.87333336
21.99017565
22.22024243
22.37194893
22.53507460
23.02559023
23.12203266
23.13350731
23.38592898
23.54448638
23.66138614
23.69975563
23.74259390
23.78030282
24.03635574
24.09428520
24.10626539
24.24733961
24.28060249
24.36789310
24.44598122
24.44650650
24.45309068
24.46398142
24.52775134
24.56607088
24.58788644
24.59504161
24.70662239
24.74529855
24.79573392
24.82465822
24.84806380
24.87214017
25.03427967
25.30200289
26.09763593
26.30717528
26.33472008
26.39797088
26.45459937
26.46292378
26.50328523
26.53031567
26.63889441
26.77971761
26.88584824
26.88959575
27.05609219
27.07771493
27.17516388
27.18141160
27.18872807
27.21272317
27.25089341
27.26446755
27.27258332
27.31877801
27.37113586
27.41630186
27.42401420
27.43114308
27.44495648
27.49477385
27.59401005
27.62844234
27.72716338
27.78744326
28.24575454
28.27513175
28.41029737
28.42770348
28.51614436
28.52935225
28.56737704
28.58197588
28.84235057
28.90580714
28.92674148
29.14101994
29.35263243
29.45049648
29.50407389
29.53302316
29.59899910
29.80660119
29.82199642
29.99629375
30.00566443
30.10904649
30.24629316
30.27404931
30.30719701
30.40182338
30.44923873
30.46337006
30.49046361
30.50630233
30.72430051
30.78928382
30.87713685
30.92434425
30.96646011
31.23180082
31.31901555
31.34485822
31.40639000
31.65957157
31.66012756
31.72108825
31.74344992
31.74699286
31.74836803
31.79332085
31.92998321
32.17037660
32.17726611
32.20129067
32.22314125
32.24248385
32.32811482
32.33821301
32.35712922
32.37067854
32.44788929
32.55448820
32.61667209
32.65238992
32.66884934
32.68218751
32.78564947
33.15590726
33.17047519
33.30315970
33.40593900
33.41446932
33.41767090
33.43468400
33.45193930
33.48515287
33.75425762
33.96934807
34.04693569
34.08280501
34.08849781
34.12140690
34.19982680
34.37795337
34.42705376
34.47564992
34.53172173
34.53266306
34.68668116
34.78345385
34.81996444
35.00321148
35.05542153
35.06955564
35.11269635
35.18871054
35.39678385
35.47733497
35.63229588
35.63406781
35.67696244
35.76051634
35.84972136
35.88086725
35.95408441
36.04247777
36.11236981
36.22535772
36.32588765
36.32673230
36.41024867
36.48759776
36.51987643
36.59414272
36.78924932
37.00117059
37.34527583
37.39133055
37.39974133
37.49310744
37.50834333
37.56864340
37.57522100
37.66624904
37.71007194
37.80004057
37.80759928
38.11804631
38.13226692
38.13398014
38.29900733
38.32769546
38.39417097
38.39782303
38.57276996
38.61420350
38.77477052
38.88207111
39.00195575
39.01570293
39.11135227
39.28894496
39.36027844
39.66720155
39.76730798
39.81574326
39.83140379
39.93971523
40.28318350
40.43316171
40.44461174
40.57451640
40.65050706
40.68331326
40.69096124
40.69978608
40.72049448
40.79926630
40.81052613
40.86533174
40.88989169
40.94389870
41.07870751
41.22845912
41.24701536
41.65977213
41.75195069
41.89159811
42.01194829
42.04321878
42.17552834
42.21549445
42.28810498
42.46874565
42.51238505
42.53429381
42.59553370
42.77711693
42.85779395
42.86190836
42.91410413
42.93795782
43.02003036
43.13789871
43.14505552
43.26488000
43.26682579
43.39524016
43.58176530
43.65663445
43.80411808
43.82094838
44.15149390
44.16585559
44.19560753
44.27107744
44.28113568
44.30624812
44.31364118
44.52273338
44.57379776
44.59084240
44.61243660
44.71938838
44.73629722
44.74764596
44.88189105
44.89396764
44.94406244
45.04964503
45.08226011
45.29344704
45.34169612
45.43273397
45.43355155
45.54123161
45.55314111
45.62783774
45.71655108
45.74430965
45.77697083
45.79769087
45.86356072
45.88584402
45.96399087
46.00369441
46.32344088
46.36217606
46.39045774
46.54793384
46.56525067
46.62601852
46.63732329
46.78427043
46.84462645
46.99841991
47.05707594
47.06317591
47.25227497
47.43392057
47.50051879
47.73924488
47.78133860
47.91645853
47.96439089
48.08088180
48.19682359
48.22628618
48.42928975
48.57401604
48.61476245
48.63964699
48.75137676
48.82070130
48.97439046
49.20920522
49.30429226
49.31679647
49.54609056
49.90118651
50.00578945
50.14374599
50.15035134
50.21024117
50.27578404
50.31646883
50.42551133
50.57929284
50.68283851
50.69744153
50.74126402
51.05797517
51.06109450
51.36127369
51.41405840
51.53268298
51.55747865
51.72172689
51.91166014
52.07645772
52.26559230
52.32673727
52.47376400
52.55886485
52.62404247
52.63730611
52.67558753
52.74525295
52.82189951
52.91466475
53.17308065
53.21665874
53.22321110
53.29472103
53.34251066
53.36054656
53.37388427
53.40871448
53.48629537
53.50569972
53.59610654
53.72646525
53.89856742
53.92607871
54.06444541
54.11920698
54.12136266
54.14179665
54.56710456
54.57428618
54.64869016
54.91604644
54.92189683
54.97904177
55.06228935
55.18094543
55.18384282
55.22434713
55.30790878
55.40403338
55.46996269
55.63848364
55.75689864
55.76690799
55.85697940
55.93167513
56.11849795
56.18378027
56.27709987
56.37411461
56.39226992
56.44262264
56.48690197
56.65088770
56.69161097
56.73693393
56.73932203
56.84791989
56.85586481
57.05204218
57.35040983
57.36562599
57.36789059
57.39569469
57.60472797
57.65288566
57.65344086
57.73195851
57.86019605
57.86804650
57.88098389
57.96897180
58.07492679
58.20582487
58.21897981
58.23409835
58.24747983
58.30445592
58.41785162
58.46833630
58.52849101
58.68953073
58.89353972
58.94684384
59.01482217
59.06368921
59.11473839
59.21185903
59.22599718
59.29307987
59.40677990
59.42241349
59.64219895
60.01507362
60.16092053
60.20716097
60.28750907
60.30607020
60.38970557
60.40405726
60.44819384
60.47589992
60.60991262
60.63505008
60.70525395
60.75248506
60.81069242
60.89448756
60.95340275
60.96305135
61.00362635
61.03740876
61.17862375
61.20509292
61.46122755
61.53223316
61.56719868
61.57634595
61.59650130
61.61991984
61.63723764
61.77339311
61.92952932
61.97928464
62.07145361
124.00000000
