0.08095848
0.12992600
0.22045874
0.24351958
0.39799350
0.39995893
0.40500773
0.55169252
0.75695599
0.86221850
0.91802480
0.92237835
0.95159546
1.03986028
1.07870019
1.10084831
1.18481417
1.20540864
1.25797015
1.26751111
1.51074164
1.57362874
1.67898741
1.76532861
1.79482840
1.87918372
1.98555558
2.15348150
2.22069192
2.24923569
2.26092598
2.31506407
2.42139160
2.45737630
2.45767817
2.55163948
2.64228618
2.70317412
2.76658014
2.91357515
2.97711830
3.03852523
3.35871098
3.36445405
3.45028043
3.45256060
3.52104622
3.69475089
3.76917605
3.85618208
3.99570064
4.02854197
4.12444311
4.19008406
4.34705211
4.42700754
4.46220626
4.59569596
4.75039669
4.96626108
4.98170206
4.99969208
5.05840215
5.15460055
5.34911024
5.35627343
5.63062716
5.66725163
5.78098789
5.81695715
5.98461103
6.07052680
6.15755494
6.35615048
6.39574218
6.41917541
6.63988264
6.67048714
6.82391148
7.12275354
7.13246991
7.36496658
7.46871654
7.62489861
7.70307842
7.72126050
7.84811535
7.89340513
7.92832697
7.96862062
8.13503378
8.15940288
8.19377071
8.20936137
8.22021969
8.25425687
8.25581722
8.27648331
8.32121509
8.41685831
8.45105545
8.48699462
8.49062965
8.49490233
8.56869108
8.65504075
8.68139170
8.71385917
8.83479051
8.87908870
8.95018465
8.97638028
8.98167939
9.11855156
9.24122630
9.27750589
9.31423089
9.48040473
9.51193309
9.52994944
9.53054385
9.53192068
9.62854363
9.66256416
9.90102409
10.02789950
10.05393510
10.09813235
10.14476934
10.21775752
10.26435397
10.34810839
10.47924885
10.48652181
10.61570691
10.76036644
10.77908769
10.81976547
11.05598003
11.09452340
11.24196089
11.32829408
11.44066902
11.44113105
11.53436884
11.54639116
11.63420737
11.65392463
11.69923763
11.72852329
11.94615435
11.97657725
12.01454542
12.11408104
12.12212829
12.15852914
12.16354360
12.31139331
12.37496713
12.38619348
12.44605052
12.52070204
12.56581296
12.56887794
12.57040807
12.67382734
12.82494712
12.85438716
13.04665886
13.18356979
13.19364057
13.24228392
13.26118497
13.28935330
13.31290768
13.59747956
13.78398303
13.87304167
13.89745734
13.95980374
14.02018908
14.03847949
14.05223450
14.10387797
14.22935833
14.23462296
14.23665625
14.35381517
14.60845819
14.82173456
14.84799654
14.92358972
14.96759975
15.07141664
15.14289340
15.14567049
15.16083125
15.19061976
15.29924779
15.31531765
15.51750561
15.56834109
15.88886005
16.03711227
16.26161720
16.36192280
16.67293145
17.06941192
17.17692628
17.19577019
17.93563129
18.09251757
18.17875007
18.17942189
18.20990974
18.29361648
18.31466311
18.31768780
18.31933164
18.34971813
18.42471005
18.42955849
18.68803439
18.69792529
18.92074921
18.94311372
19.09170440
19.09514038
19.15149967
19.39563464
19.42947137
19.44266543
19.58624936
19.60208814
19.72306481
19.91368269
19.94188760
20.05317378
20.35814159
20.36401618
20.49172369
20.64309243
20.66330489
20.72393140
20.84478002
20.84682597
20.89466519
21.05512634
21.18091068
21.33234827
21.38014156
21.43083036
21.48101485
21.67136677
21.69952806
21.74546392
21.79029949
21.92697047
21.94878585
21.97124650
22.01381382
22.02213649
22.12298106
22.18458482
22.25683073
22.33880957
22.34171464
22.38074021
22.59618708
22.59629689
22.77268552
22.80871313
22.98876714
23.01570319
23.05977459
23.18077192
23.29521442
23.47779914
23.48736009
23.62829369
23.65587990
23.69934475
23.85425750
23.94959989
24.14017740
24.15865203
24.19480573
24.23628012
24.25757000
24.45512913
24.57215703
24.58511072
24.62248189
24.64482985
24.73639851
24.81934551
25.12983379
25.27968841
25.28074275
25.31715484
25.38824308
25.44910143
25.46150887
25.50368134
25.59629006
25.69560120
26.01239757
26.13278128
26.30661364
26.31381926
26.37164822
26.39689704
26.41096290
26.50137924
26.56880869
26.57127272
26.58222659
26.66669401
26.67771736
27.10638006
27.23724366
27.31733153
27.50801133
27.52320393
27.54113809
27.77816893
28.04758958
28.17045142
28.20324310
28.33231492
28.35036494
28.37827459
28.43057733
28.55962341
28.63204738
28.70579377
28.89539853
28.99732450
29.00504349
29.09147014
29.17372746
29.19437692
29.21088368
29.36617582
29.40454169
29.43242427
29.49758038
29.96066239
30.05786447
30.10896559
30.17254514
30.19893658
30.25426888
30.55970616
30.68036672
30.69535157
30.94356512
30.97363074
31.00591017
31.00856606
31.01446348
31.13728080
31.16295343
31.18515368
31.25626355
31.30848222
31.31901555
31.34374565
31.34658424
31.46530704
31.49565472
31.55950040
31.60245638
31.62759718
31.65398160
31.67972134
31.70225863
31.75972451
31.79537169
31.83831016
31.87859061
31.88049470
32.11148286
32.19395826
32.20109803
32.27476044
32.40018933
32.42705812
32.55027737
32.69081242
32.69137540
32.96428674
33.01562097
33.38158290
33.48965971
33.56324699
33.61362999
33.65749311
33.90159537
33.94731817
33.97250092
33.98091076
33.98335427
34.13190050
34.23757724
34.30927272
34.32542998
34.32776836
34.38865946
34.39472097
34.53151910
34.55107272
34.61047458
34.63494788
34.66158824
34.86914523
35.07509357
35.31876961
35.34420487
35.39704961
35.45860790
35.68420539
35.71895057
35.74349350
35.93596217
36.09127297
36.22255182
36.26231115
36.33889163
36.39775463
36.45528002
36.47816627
36.49841905
36.55800035
36.65641550
36.91498711
36.97501184
36.98526310
37.05590369
37.06945645
37.08065109
37.09591087
37.13532015
37.43051100
37.45282835
37.55805988
37.55840480
37.85456020
37.88687438
38.00167220
38.04129232
38.05798689
38.19582965
38.19603160
38.23371904
38.24571445
38.31030621
38.31427936
38.42043560
38.68433520
38.69618106
38.89555160
38.93053303
39.13369209
39.23595930
39.24110478
39.31816795
39.45291980
39.64650208
39.70215321
39.70764636
39.71542775
39.79929872
39.84903481
39.96294906
40.03546788
40.13065992
40.24866479
40.26340745
40.29179620
40.29772845
40.30563741
40.34811705
40.45128957
40.46813581
40.49176165
40.50090106
40.80705761
40.89008985
40.98569659
41.03037844
41.11188913
41.24003292
41.24264394
41.35875418
41.52024133
41.56177926
41.71703329
41.71815792
41.76202373
41.78466099
41.81434593
41.93124926
42.08503347
42.40594790
42.51803752
42.54570956
42.54706142
42.55068134
42.56268828
42.64654435
42.90284679
43.02090963
43.03730104
43.09878021
43.11370518
43.13897755
43.32155560
43.34654728
43.35925457
43.39825237
43.40923016
43.41065071
43.52269340
43.59108498
43.91123836
43.92173867
43.92428586
43.96309741
44.17261005
44.29520212
44.32189965
44.32808850
44.35392534
44.42049388
44.50130906
44.50821865
44.64318798
44.65795522
44.69756820
44.69758261
45.13365987
45.17113111
45.19470575
45.25047523
45.48272413
45.66665177
45.74953957
45.90717092
45.91637337
45.93827933
46.20157834
46.21255662
46.71200985
46.88971944
46.93531002
46.99070188
46.99502199
47.60360590
47.62676893
47.68288683
47.68441217
47.74114405
47.85508909
48.08571230
48.21739164
48.22628618
48.38944715
48.75137676
48.77888503
48.80128545
48.87460157
48.97680798
49.00099722
49.10322568
49.10623560
49.14619138
49.18334989
49.37033527
49.44129367
49.45775879
49.49693785
49.50582692
49.57956055
49.60246809
49.62442244
49.63885014
49.69147246
49.70483714
49.78087033
49.89131146
49.97578224
49.98641552
49.99539023
50.07526117
50.08219554
50.19344814
50.22858586
50.26329273
50.48687452
50.53098582
50.68131478
50.79640953
50.85532178
51.06865361
51.07747799
51.12414626
51.24777483
51.27164123
51.30106627
51.37715376
51.49744115
51.67681053
51.75151205
51.83779301
51.93558234
52.05734668
52.06327390
52.07805747
52.29601982
52.38105714
52.50457516
52.52136014
52.61409359
52.65560164
52.67139451
52.74940736
52.86080302
52.86669972
52.88434130
52.96967787
53.04953182
53.15112718
53.34360790
53.37388427
53.39156672
53.41959833
53.58915856
53.61051909
53.62351458
53.63562642
53.64532669
53.64873710
53.69603687
53.70359502
53.75637388
53.86602123
53.88538499
53.91257916
54.01653108
54.08804867
54.09619051
54.14179665
54.16118464
54.24373014
54.25520535
54.37317166
54.58259830
54.81641012
54.88583473
54.90695543
54.93097286
55.12159309
55.22499465
55.38133188
55.39695523
55.50410610
55.71624589
55.71736562
55.74656486
55.81434514
55.84121954
55.95058414
55.95522516
55.96835233
55.97107842
56.14403519
56.22553839
56.36749094
56.45918296
56.46234306
56.66116045
56.82469128
56.95446733
57.07719090
57.10462112
57.11114771
57.22530489
57.25446685
57.28191602
57.37407076
57.38561762
57.59012678
57.68495428
57.79877308
57.80052646
57.83761669
57.84119490
57.93245894
58.03612503
58.04805945
58.14789146
58.33266662
58.40567881
58.42435839
58.45305962
58.45667795
58.48852419
58.53048643
58.64304523
58.72819073
58.92295415
59.04261263
59.26585874
59.30483781
59.36543199
59.45835787
59.63321276
59.78361565
59.90980121
59.91060853
59.92337993
59.98584576
60.07656619
60.20546022
60.36423406
60.45193511
60.52196901
60.54550882
60.54775240
60.56781375
60.60563246
60.60698255
60.62879509
60.62961613
60.65750725
60.87884045
61.12368233
61.25162055
61.67512173
61.76691569
61.85406005
61.93521332
61.99777738
62.15691735
62.33694315
124.00000000
