0.03885754
0.05175806
0.09050989
0.15355023
0.23749500
0.32875022
0.39872630
0.41997730
0.45721085
0.50865381
0.55730599
0.60360739
0.63455711
0.67475393
0.74872045
1.08946769
1.13557413
1.14718113
1.16021403
1.31317651
1.36722598
1.37532392
1.46817171
1.57341294
1.62755681
1.75198622
1.94662453
1.98511741
2.00571949
2.01083510
2.08269227
2.18983645
2.30110761
2.67683618
2.75857398
2.82183799
3.02339824
3.09236688
3.19213606
3.21801562
3.35357820
3.38467074
3.39529231
3.53195250
3.60986284
3.61274850
3.61947566
3.73569852
3.78809869
3.88323734
3.95763560
4.28133168
4.33961912
4.49685607
4.57028507
4.69067537
4.79366397
4.95043660
4.96566137
5.02249439
5.06439490
5.18122414
5.21189300
5.29709569
5.42270847
5.48484887
5.53690371
5.56671854
5.82382972
5.83501826
5.84632757
5.85813115
6.01076184
6.01468137
6.01594071
6.13980810
6.21577434
6.22742532
6.22823334
6.36614276
6.39999393
6.55326961
6.63213231
6.84527795
6.96271886
6.98870602
7.01524828
7.03767484
7.21397107
7.33524782
7.38899659
7.53264095
7.61633657
7.63945666
7.75325658
7.78192781
7.80138798
7.81247178
7.88054217
7.93110040
7.96639740
8.15018947
8.21654186
8.23332988
8.26112190
8.27430172
8.28476966
8.32499228
8.33121348
8.34160262
8.52214354
8.63291484
8.64588707
8.83295517
8.84762003
8.95367346
8.95434638
8.96597080
9.03675665
9.08362842
9.41867951
9.55137153
9.61130258
9.65364761
9.69732208
9.76094404
9.77556642
9.81182158
9.87827923
10.09635908
10.38755795
10.59069926
10.63839356
10.64060058
10.65761501
10.89888370
10.90395126
10.94347120
10.95514947
10.96011330
10.98129902
11.25968306
11.32175069
11.42077139
11.50995201
11.56607508
11.67881567
11.71724356
11.93969111
12.03720393
12.17128906
12.25089334
12.39161078
12.49043427
12.55070997
12.55134755
12.58891439
12.61090995
12.75173357
12.83376741
12.85785523
12.88806558
13.17690618
13.25318767
13.25363851
13.26013057
13.33228466
13.51537156
13.57329977
13.68812606
13.70505750
13.77005014
14.03966341
14.07463216
14.17991540
14.29830013
14.39720018
14.45734543
14.63893132
14.64310332
14.75559635
14.88097841
14.88913680
14.95069466
15.03640684
15.22719813
15.27043829
15.32044906
15.32181484
15.38564665
15.46624288
15.68502643
15.71350036
15.82285068
16.02360651
16.07686624
16.12027357
16.24243870
16.33199169
16.37204053
16.37322865
16.51669376
16.55431147
16.57880055
16.88295373
16.88809455
17.02536688
17.03262886
17.07174185
17.10899275
17.11753299
17.14184546
17.31494056
17.32022555
17.44064476
17.47032841
17.49705504
17.56068201
17.62327466
17.80235023
17.91962414
18.04421177
18.21849530
18.29690908
18.35488110
18.37038402
18.44286904
18.45731851
18.46347262
18.61820630
18.66622220
18.67936485
18.74626919
18.76156770
19.04593250
19.08368563
19.20578749
19.21337377
19.28043129
19.33485597
19.38981262
19.40069525
19.41500837
19.46867616
19.50586195
19.55640305
19.68186948
19.93397319
19.93988864
19.99735554
20.00588742
20.13424325
20.16356840
20.21314863
20.28457155
20.38835624
20.38876397
20.41592902
20.52580764
20.52822762
20.58228276
20.66747415
20.68690467
20.85964130
20.88810391
21.08959395
21.32626397
21.34971077
21.36161624
21.55995754
21.59840319
21.64553071
21.69993751
21.76409630
21.79452942
22.08096030
22.08395683
22.09114670
22.09591701
22.13585888
22.14251580
22.23450111
22.37796931
22.42626202
22.49281727
22.49359398
22.49643788
22.53681010
22.59381884
22.59398000
22.63903566
23.05015478
23.08770888
23.11816376
23.27472129
23.35866260
23.42938384
23.57481746
23.61087791
23.63176185
23.72137012
23.80257939
23.80860327
23.83162986
23.88851692
23.94343796
24.10626539
24.17693883
24.35400614
24.42269850
24.71147556
24.73470703
24.74125785
24.82020416
24.84884593
24.85917271
24.87840082
25.03427967
25.06636748
25.10924320
25.15082731
25.19314633
25.23294692
25.23948677
25.26406561
25.58615044
25.67950884
25.69281001
25.72179552
25.76545237
25.83824454
25.96132576
26.05497615
26.22080533
26.31611407
26.35238560
26.41311987
26.48941041
26.58505833
26.66459121
26.72843015
26.81923919
26.97917280
26.99096049
27.00603655
27.18872807
27.56752454
27.60286940
27.60873537
27.70099996
27.74527566
27.76925206
27.79081980
27.79274924
27.85467881
27.87889645
27.89824190
27.97706111
27.98274231
28.05704254
28.13140377
28.15574846
28.26495952
28.34883841
28.66637959
28.69982171
28.77211124
28.95955444
28.96046237
29.00146587
29.05572687
29.14341005
29.20174517
29.30922147
29.44197983
29.66655425
29.90569492
29.99883448
30.30482513
30.31091851
30.34879469
30.59467644
30.63243443
30.70580874
30.74087131
30.78967446
30.86985511
30.99035391
31.00588399
31.04150139
31.04218108
31.21842039
31.31901555
31.32999829
31.35658223
31.41428580
31.62499219
31.64467093
31.67078053
31.75701882
31.75792072
31.77979770
31.82044145
31.87339615
31.89826300
31.90407154
32.08006539
32.08174929
32.11037877
32.16773233
32.51705579
32.52370524
32.55078290
32.77347083
32.81274935
33.15059260
33.15435119
33.20227418
33.28064630
33.30272378
33.32228485
33.39148697
33.39617809
33.40991889
33.51073677
33.57656518
33.58599726
33.61787861
33.70753626
33.81185832
33.86129316
34.03671399
34.12362955
34.19019362
34.23071506
34.31064962
34.42230485
34.50031421
34.52594892
34.61091974
34.77196244
34.79690884
34.83268590
34.84108056
34.84842342
35.01683814
35.04887178
35.06020192
35.06955564
35.08537207
35.12176091
35.16220412
35.24381229
35.27878745
35.39408751
35.40676547
35.49214704
35.61562545
35.69981303
35.71506096
35.80667087
35.80705416
35.80851581
35.81783348
35.84543517
36.00024182
36.18890856
36.20587257
36.34965736
36.46717080
36.48374423
36.92543165
36.97737997
37.01828126
37.14907959
37.16421166
37.25257981
37.29799556
37.38750131
37.47579129
37.47722365
37.65755406
37.68583728
37.70924969
37.72550536
37.81871159
37.85493032
38.13341047
38.16310455
38.19029444
38.22947257
38.27941043
38.28456840
38.41392246
38.63269682
38.64127614
38.85738311
38.86772229
38.89068581
38.95865308
39.02758822
39.04553776
39.14624453
39.21622628
39.43899634
39.53254910
39.59416349
39.65300806
39.83935286
39.97347229
39.97400815
40.05246149
40.08416687
40.49247858
40.81523879
40.82703280
40.82857038
40.88050226
40.96468407
41.13142743
41.16683047
41.29139688
41.33390775
41.34953358
41.36108632
41.42499978
41.45692537
41.46161665
41.54658384
41.62571861
41.80234581
41.82894383
41.91471997
42.09361404
42.09904966
42.18241093
42.36286951
42.42203669
42.65088868
42.90668270
43.08969152
43.26613471
43.30477167
43.31013183
43.43420384
43.44162264
43.51474752
43.57489255
43.58192936
43.77140598
43.90953120
43.92250851
43.97332647
44.07262258
44.08845081
44.09456156
44.11805769
44.34323630
44.44142825
44.48813250
44.55396559
44.70826084
44.72045236
44.88570264
45.27985448
45.42892944
45.82349408
45.88596230
46.01556577
46.03176338
46.07030952
46.19447744
46.29032624
46.35026811
46.56637314
46.83591134
46.88872381
46.97291975
47.17249717
47.30659854
47.36331153
47.58168890
47.59476316
47.71439809
47.73706781
47.85798525
47.88376369
48.00364404
48.03754937
48.13396718
48.17284227
48.18790409
48.21536110
48.25046226
48.30173766
48.34877922
48.35105233
48.45140011
48.48011429
48.68501769
48.77735800
48.88097733
48.92873259
49.10637559
49.16710805
49.23052133
49.24746639
49.29562939
49.51571788
50.06173029
50.16838918
50.27086921
50.38335843
50.52153995
50.67527011
50.76937136
50.80549556
50.96992332
51.26666658
51.27971205
51.30598957
51.34598244
51.36406053
51.41013924
51.53268298
51.68503606
51.69248330
51.73548617
52.36035722
52.40043240
52.48082176
52.52841887
52.53171060
52.53322920
52.65560164
52.85425201
52.92697429
52.92815556
53.07767046
53.10955399
53.12858371
53.19549958
53.24723836
53.32889812
53.39041863
53.41348439
53.49199088
53.50166870
53.52351476
53.74565476
53.83243627
53.90973424
53.92850276
54.07824556
54.18810447
54.20176270
54.24169394
54.25670552
54.29232955
54.30000131
54.33220818
54.51727335
54.52247063
54.54139874
54.55276386
54.56904643
54.63352257
54.74115760
54.83711384
55.04144816
55.12875913
55.15199417
55.18058992
55.21802470
55.39285069
55.43924334
55.47166115
55.47815369
55.49961252
55.60648172
55.62679808
55.64504742
55.72726893
55.73088264
55.74113035
55.75360335
55.76330698
55.78847671
55.84515007
56.11406281
56.15383013
56.30104854
56.32984641
56.36730200
56.44491892
56.77671481
56.97581067
56.98690643
57.09974512
57.10744333
57.12318633
57.12338581
57.18295646
57.19164241
57.31149692
57.43708900
57.51760454
57.60017792
57.61234070
57.64521394
57.96099680
58.02777092
58.03077985
58.16436196
58.27718828
58.43350050
59.02882461
59.11122310
59.11225822
59.19347633
59.21926262
59.21944247
59.29800767
59.32337783
59.38110281
59.58742052
59.63781482
59.67921497
59.75254857
59.86291106
60.18619153
60.46485135
60.50766571
60.56781375
60.58128308
60.62598096
60.72428170
60.73542040
60.75696913
60.77537712
60.87189619
60.90808387
61.04854738
61.10352259
61.13059248
61.15979320
61.37348399
61.59919432
61.62713438
61.71880299
61.77165543
61.78281041
61.81248907
61.88895221
61.90680335
61.93299960
62.02200015
62.30355188
124.00000000
