0.17355442
0.35595691
0.36075218
0.36482363
0.42397743
0.66189710
0.68836977
0.76377609
0.80193281
0.91094954
1.13916182
1.19554821
1.33569701
1.55898643
1.59867196
1.60312239
1.68217995
1.69350107
1.75561023
1.75802810
1.79096031
1.79227292
1.79370506
1.79816972
1.96121030
1.96573222
1.96581642
2.05291494
2.12412575
2.17415626
2.22055264
2.22794785
2.26092598
2.29502159
2.41637611
2.46879882
2.59147164
2.63921242
2.65499792
2.83991196
2.87468351
3.01404919
3.06360319
3.11631562
3.18408834
3.27423508
3.29379964
3.48327394
3.56068987
3.63122194
3.64071816
3.66078060
3.66812904
3.71184672
3.77421081
3.84017836
3.87843730
3.93728797
3.98317807
3.99253187
4.06409792
4.13947671
4.17767586
4.17933805
4.25016945
4.32571618
4.36717571
4.53395502
4.57970683
4.89152555
4.94561308
4.95071209
5.05961928
5.17019987
5.17218315
5.36106189
5.43263120
5.45395847
5.54089710
5.54322865
5.81991754
5.90989918
6.01819445
6.07357752
6.14630563
6.15831631
6.16304736
6.17088163
6.37537274
6.46869876
6.49776189
6.51548527
6.72347517
6.73924450
6.77454587
6.79553298
6.94337719
6.95380424
6.95400762
6.95578773
6.98349961
7.03322717
7.04328167
7.09495849
7.10673578
7.17208937
7.20837051
7.23992597
7.33352749
7.45479276
7.50247921
7.50913695
7.69214773
7.69418360
7.76474399
7.93534656
7.94306193
7.99385276
8.02940222
8.05261609
8.25351274
8.28324881
8.42483697
8.44129859
8.52677641
8.59718270
8.61095340
8.63495749
8.72875364
8.76876671
8.85868958
9.12610271
9.14458953
9.41897364
9.47738851
9.48296878
10.00316538
10.21307944
10.22689256
10.26435397
10.29070381
10.50296847
10.55411794
10.56252060
10.64704712
10.81022162
10.82441487
10.85107831
11.28347708
11.40331113
11.49706953
11.51717247
11.59218630
11.97385884
12.14396623
12.16319040
12.31126482
12.39753709
12.69991148
12.70875503
12.75473051
12.85236065
12.87948769
12.88514353
12.93063579
12.96044959
12.96222905
13.06420618
13.07712814
13.13858528
13.17966782
13.20280192
13.29475278
13.78105522
13.88831969
13.95903014
14.11036525
14.57704210
14.65550855
14.80932968
14.93424336
14.98102726
15.11422630
15.13838323
15.22650251
15.31253785
15.31770130
15.40634488
15.69044000
15.93725065
16.11303109
16.11842061
16.23666937
16.48760706
16.55640782
16.55976137
16.68138423
16.69131909
16.70871888
16.72756593
16.76854441
16.89245874
16.98415766
17.01202310
17.02835231
17.08337119
17.20459941
17.25839980
17.28041686
17.28806776
17.45419953
17.53491732
17.54006769
17.67095784
17.80445022
18.03221245
18.06274665
18.10076596
18.14577743
18.17905249
18.26147714
18.26251564
18.34171604
18.95211310
18.98267934
19.09463758
19.24561135
19.28782061
19.32552380
19.73540223
19.90203712
19.91053027
19.95539013
20.07449748
20.14055683
20.43044072
20.65542913
20.68939690
20.75675095
20.87811417
20.94641573
21.09628540
21.13962941
21.19917575
21.24293099
21.26458024
21.26888464
21.37034654
21.38335973
21.45976514
21.68370825
21.85420030
21.92718129
22.08264986
22.10864836
22.29253110
22.32124259
22.51608144
22.61388198
23.05722254
23.06977390
23.11816376
23.23152583
23.31267796
23.35829784
23.45210968
23.64333363
23.72372130
23.74111066
23.75370712
23.83147933
23.87978237
23.91494174
24.13991907
24.26323362
24.26875807
24.27114704
24.56311279
24.66121242
24.99844821
25.00977660
25.09101522
25.16462890
25.18172678
25.19520236
25.20026776
25.34795051
25.53725619
25.54099798
25.59733311
25.77207181
25.79847875
25.87973916
25.93715237
25.98909683
26.00703099
26.04122275
26.08176716
26.14240422
26.14949706
26.50633145
26.50878310
26.52220675
26.56428058
26.66527654
26.67650995
26.76017578
27.19647337
27.28536589
27.32003098
27.35456563
27.35470125
27.48551721
27.49450637
27.76778824
27.83643691
28.00637639
28.04221259
28.12173203
28.16136422
28.16625191
28.55294514
28.66881168
28.83012065
28.96330400
29.22268895
29.24491469
29.29233163
29.51793339
29.52836707
29.53197530
29.59540003
29.66392648
29.83328619
29.96483206
30.06392862
30.14165629
30.14712499
30.16457819
30.31125366
30.49743547
30.52154938
30.70103892
30.74456696
31.10265278
31.11575272
31.56178835
31.59599437
31.65957157
31.92016472
31.95037702
31.98143265
32.07270183
32.08801788
32.20749169
32.24351953
32.24405659
32.24994780
32.27476044
32.57460402
32.65364547
32.69773468
32.78414057
32.82220420
32.82673273
32.83196926
32.84429871
33.27436915
33.65717216
33.70757651
33.82027886
33.98002360
34.01716456
34.05853246
34.49076185
34.63084270
34.72875238
34.78331227
34.83515102
34.85285031
34.86704289
34.88784878
34.91531364
34.93528426
34.94420038
34.98378292
35.15583195
35.58155770
35.78933223
35.85839918
36.11115862
36.15731756
36.18655473
36.26308444
36.29626316
36.31237563
36.34181273
36.38587861
36.55151907
36.57313504
36.64136638
36.66775990
36.76569322
36.83848496
37.49752304
37.54941061
37.57088083
37.64129457
37.73805665
37.89906747
38.11674913
38.27701670
38.29405573
38.39387331
38.46432270
38.62243773
38.66022158
38.68091535
38.75098219
38.89479886
38.93610973
38.93941430
39.02181144
39.07788925
39.11488445
39.20561105
39.31715229
39.32806714
39.39787799
39.59107854
39.59255168
39.61712999
39.66386170
39.72927651
39.74908251
39.75157700
39.81868291
39.93463437
39.99631872
40.06112232
40.13154528
40.15592693
40.17851328
40.24264023
40.39342139
40.39427807
40.42748618
40.59634685
40.65726374
40.67758029
40.68194207
40.74455001
40.80486088
41.02719849
41.05256376
41.17017773
41.38412221
41.69660494
41.86794922
41.95135590
42.45012644
42.53847088
42.54789048
42.60885978
42.85779395
42.91247844
42.99883060
43.22417746
43.31178181
43.36621993
43.38689953
43.51474752
43.53765715
43.56085630
43.74520812
43.92567426
43.98386823
43.99839676
44.01992374
44.04018424
44.27369951
44.51314537
44.63207583
44.66251403
44.69034318
44.74987032
44.79460539
44.87080104
44.87658018
44.93336618
45.04176741
45.09672902
45.16617001
45.18650644
45.22369292
45.29344704
45.32149470
45.34914201
45.37837774
45.40288720
45.44924839
45.51283438
45.60249683
45.70533754
45.77484199
45.86854906
45.93353252
45.97161390
46.01987270
46.05349632
46.06703008
46.07717046
46.07721296
46.08759273
46.13060028
46.23102397
46.23181804
46.38677552
46.54127100
46.54170628
46.54245372
46.62838981
46.75401543
46.80864458
46.83372890
46.83530676
46.86135657
46.89933245
46.99502199
47.00685293
47.06265942
47.18351498
47.37176675
47.40394002
47.52854876
47.57909577
47.59646423
47.63167833
47.69714553
47.80367136
47.88580744
47.93700867
48.16089168
48.19447604
48.25027107
48.32904681
48.35122715
48.40580411
48.54577038
48.75753739
48.93663330
49.03987788
49.31001011
49.40812422
49.46058909
49.49520128
49.53866909
49.60258593
49.65554797
49.73563971
49.82452943
49.85833019
49.87575089
49.96595897
50.20946412
50.27855592
50.35864120
50.46358897
50.52596378
50.53386410
50.54546272
50.64671880
50.67407942
50.67507565
50.69987564
50.75831806
50.81327124
51.05030450
51.14168728
51.26638745
51.43245823
51.54791280
51.60426889
51.61618841
51.72172689
52.01402124
52.02971275
52.04342816
52.10401321
52.23032746
52.25927025
52.29313402
52.34384681
52.38540669
52.48082176
52.52255169
52.53693490
52.57221245
52.59624945
52.63061772
52.73926893
52.78226146
52.91150447
53.01852756
53.12273863
53.17566400
53.18876494
53.19487975
53.36054656
53.38928438
53.49109065
53.63446633
53.67247040
53.71878557
53.73728922
53.74992011
53.78466502
53.86077548
53.97999985
54.35271295
54.54258946
54.57392102
54.59035632
54.77663295
54.79644927
54.93372579
54.98351728
55.18058992
55.27067950
55.31711410
55.45930824
55.88928735
56.05238333
56.14164327
56.15118091
56.16565165
56.30916481
56.36759967
56.41203142
56.48690197
56.54411334
56.63072310
56.67042540
56.86192885
56.87654701
57.11136507
57.11814111
57.13962428
57.17162624
57.17378683
57.17734239
57.25006220
57.51989903
57.62276439
57.71472218
57.78721470
57.90664277
57.91218105
57.92304526
57.93510514
58.00725306
58.04988606
58.25985050
58.29978063
58.31061638
58.37661802
58.41516608
58.49008150
58.52405212
58.54905754
58.68537977
58.68953073
58.73383663
58.80734326
58.86851685
58.91655648
59.01299347
59.01618209
59.08374282
59.25735368
59.43407545
59.46239330
59.69135713
59.86004208
59.89947972
59.92709440
59.98352232
60.01501143
60.03920787
60.19631163
60.25088936
60.28379952
60.49900851
60.52350942
60.61886477
60.65603837
60.75125669
60.79365497
60.81540785
60.88058922
61.05894130
61.06075638
61.19963124
61.25978228
61.35932219
61.37759375
61.46835554
61.48501187
61.50558546
61.54850199
61.56107043
61.60658450
61.66140437
61.73963687
61.81893247
61.83549923
61.92903671
62.00837091
62.02500833
124.00000000
