0.04711993
0.28137140
0.31889705
0.42371511
0.45321870
0.48003706
0.65396942
0.82776577
0.89183825
0.90002240
0.90919750
0.96372618
0.96844272
1.00002441
1.01512468
1.03394557
1.18279222
1.19554821
1.21039933
1.21279446
1.42786206
1.57425839
1.59352150
1.70728261
1.77160266
2.03802180
2.03901742
2.10557439
2.23521716
2.24076969
2.27195913
2.34821982
2.36732711
2.36780226
2.51102050
2.59978464
2.60492388
2.73595424
2.76571389
2.82658361
2.91327302
2.93579897
2.97070440
3.00687154
3.00703133
3.01112605
3.06655532
3.08180041
3.37142949
3.41374333
3.44215849
3.60632366
3.68706893
3.69711378
3.74012062
3.74091638
3.78809869
3.94048557
3.98556071
4.05598737
4.11598101
4.11946388
4.13473615
4.16386050
4.24070114
4.25016945
4.25121835
4.28766005
4.43362098
4.65600221
4.85641252
4.86911356
4.90690959
5.03359932
5.11570628
5.46277764
5.50767453
5.55168373
5.63590608
5.77119059
5.89464473
6.09077108
6.30936665
6.35387775
6.58744623
6.61762040
6.73031737
6.81587797
7.04827700
7.19087530
7.28716289
7.36782430
7.37199724
7.42583476
7.49474893
7.50678055
7.50751543
7.50873142
7.53283583
7.53673670
7.73571776
7.77881217
7.87063320
7.98312877
8.00044795
8.05778162
8.11915998
8.27648331
8.56679463
8.61970200
8.84420906
8.85555352
9.04307902
9.12766176
9.17087863
9.30397863
9.32776431
9.35438729
9.60218698
9.71573442
9.78878035
10.21346478
10.45566271
10.56931152
10.64793504
10.88302639
10.89888370
11.02970988
11.11069879
11.18229255
11.30401614
11.35789436
11.47152457
11.49827874
11.67814511
11.67873455
11.72434422
11.77654100
11.89404521
11.97385884
12.14396623
12.24972205
12.27610426
12.42299510
12.46964518
12.56887794
12.59907954
12.61416367
12.64277750
12.67699783
12.70254096
12.80614000
12.88693257
12.92733341
12.95094193
13.01131327
13.01519003
13.10303134
13.13719797
13.14532933
13.20757062
13.20927109
13.29663100
13.32505345
13.43613139
13.52221105
13.57594006
13.69773685
13.97354078
14.18765312
14.24947746
14.34725353
14.47201069
14.51114853
14.62860129
14.68702325
14.79636087
14.84452347
14.92474055
15.12104947
15.15231928
15.17836066
15.35371561
15.35499634
15.42294069
15.57453951
15.60344280
15.72851319
15.79627077
16.14845935
16.23464383
16.42389190
16.48652494
16.50984130
16.52837344
16.71983506
16.72872002
16.73201311
16.74666179
16.74891334
16.79888743
16.80400299
16.94489293
16.97818189
16.98436150
16.98949133
17.08134127
17.29117470
17.35986698
17.37405119
17.40829754
17.52790805
17.64797678
17.70780824
17.73831784
17.76440832
17.76531029
17.84876446
18.00405460
18.15028587
18.22119752
18.39797688
18.54361898
18.57723177
18.63292322
18.64836615
18.72082250
18.74937410
18.76095518
18.90280233
18.96029134
19.03267642
19.20322746
19.25893900
19.30202294
19.45936445
19.46518963
19.52003267
19.53391681
19.68014092
19.73540223
19.80649759
19.99124387
19.99455547
20.27753067
20.29573910
20.32929814
20.36408129
20.46412325
20.65269931
20.70340655
20.83762447
20.89058114
20.89321995
21.05097148
21.09046321
21.09852376
21.10211865
21.18449581
21.19693218
21.29364850
21.35073803
21.35532733
21.44528474
21.44802653
21.45701038
21.70567940
21.70792634
21.76300057
21.82691896
21.83614352
22.01560894
22.04542108
22.04669975
22.09530078
22.11890056
22.18591826
22.29167212
22.35170875
22.39111565
22.44076506
22.44457762
22.72662317
22.73492562
22.74254693
22.77986646
22.79084739
22.79134487
22.81031605
22.94055975
23.09682843
23.23448509
23.36719051
23.45694412
23.47779914
23.52143685
23.52657012
23.57846145
23.61496117
23.61591020
23.67646213
23.75746380
23.76385454
23.82473389
23.84389999
23.85052139
23.86086609
23.88710765
24.00355443
24.02548604
24.15946167
24.25207016
24.26882134
24.29609978
24.37938922
24.60684926
24.76046625
24.80179452
24.83988755
24.85856528
24.87798984
25.10417228
25.12978471
25.15273717
25.23178846
25.25654357
25.29872774
25.33152544
25.43618439
25.48212846
25.61915956
25.78226899
26.00359811
26.12885841
26.14215448
26.25579981
26.60279320
26.60621444
26.72845751
26.79128843
26.81087395
26.84225181
26.96495185
27.03798915
27.08531832
27.17516388
27.32437483
27.41581162
27.41966390
27.42393014
27.47439520
27.48215052
27.60984672
27.66506742
27.95759164
27.97566240
28.11074325
28.25343385
28.31121477
28.34174988
28.34912269
28.37586865
28.39219355
28.60133651
28.63734731
28.64792280
28.72472307
28.77390341
28.80438159
28.81373584
29.07034099
29.08354543
29.11077176
29.16357124
29.16645727
29.18020139
29.21161453
29.24571469
29.25566259
29.28809347
29.34431755
29.37267403
29.44197983
29.45826255
29.47222219
29.53065670
29.58024685
29.65156130
29.65249143
29.84352421
29.86119914
29.86862173
29.95765622
29.99826824
30.01687926
30.02358930
30.09440731
30.12845097
30.31495449
30.34100145
30.42199318
30.43182277
30.55494009
30.60329271
30.61090809
30.67145168
30.96759328
31.12386697
31.18610646
31.25404350
31.25978979
31.28496737
31.32761154
31.33023362
31.63860946
31.64060297
31.66164615
31.72902265
31.87607638
31.94480080
31.98143265
32.02722083
32.13083267
32.32706643
32.41611383
32.42971874
32.59962956
32.64500358
32.65189291
32.66466232
32.75062458
32.82526280
32.97276969
32.98688250
33.04123951
33.14353609
33.19753311
33.21566959
33.29560625
33.46112558
33.48891343
33.53959510
33.59853274
33.64196004
33.64736386
33.81414785
34.08189238
34.16224323
34.28871527
34.41860757
34.44354777
34.47459338
34.65731145
34.66007443
34.67083302
34.74392414
34.85547222
34.94420038
34.96080222
35.29117266
35.34807311
35.36391503
35.40908707
35.46836517
35.47602888
35.66879389
35.69267366
35.73804192
35.81511888
35.81848919
35.82922560
35.85356026
35.86170454
35.87823419
36.12241197
36.43144463
36.57313504
36.58585545
36.63073380
36.64812785
36.80632136
37.10169359
37.14442217
37.21502103
37.52230832
37.57804593
37.74655905
37.76732912
37.77681077
37.85190519
38.10170001
38.13835678
38.39345343
38.44089055
38.56788160
38.63200859
38.93177191
39.03236720
39.13338178
39.40443848
39.48306918
39.50525281
39.50729803
39.54336941
39.57433555
39.74285429
39.75916646
39.98547215
40.03093589
40.06112232
40.17589464
40.18476002
40.21806954
40.21861256
40.27230832
40.31079172
40.31473356
40.33289728
40.57149781
40.62033526
40.63298523
40.66245649
40.66368171
40.71409570
40.86165567
40.89980964
40.90979929
40.99705747
41.00228801
41.06281580
41.08701650
41.08822411
41.14153509
41.14508811
41.21613621
41.27290486
41.29251571
41.30183702
41.42339782
41.68003586
41.69660494
41.70452776
41.78685355
41.79752831
41.96839580
42.02497907
42.27160992
42.36800951
42.42718843
42.45572203
42.56467167
42.59548063
42.63845185
42.66500344
42.83390515
42.90913335
42.96314024
43.00078474
43.05666555
43.08297056
43.11767135
43.14431878
43.23319297
43.26478342
43.28053049
43.30218170
43.32050727
43.47585263
43.52118088
43.64391416
43.77987639
43.82813020
43.92925594
43.99644801
44.04559802
44.35835027
44.44039374
44.62737951
44.70351806
44.74986447
44.75941168
45.00846125
45.08521428
45.28271605
45.44284493
45.47833435
45.64925209
45.71471788
45.90732383
45.92931383
45.95507206
45.98645695
45.99942411
46.05282782
46.12266323
46.24859000
46.30716641
46.37672258
46.48780542
46.56827189
46.66932733
46.84317235
46.84587762
46.86528236
47.08884046
47.09900243
47.15677934
47.19696414
47.20029263
47.26910106
47.54569590
47.59719424
47.71209701
48.04032056
48.29114904
48.29829999
48.42608111
48.50294765
48.57644774
48.73248764
48.80073304
48.80303915
49.03205535
49.03235709
49.12437104
49.26713309
49.31445274
49.52792087
49.54441909
49.56515132
49.85359220
49.88983185
49.92275144
49.96826165
49.98060988
50.04391966
50.20486263
50.30142232
50.30595136
50.32080330
50.39312088
50.42028987
50.43859035
50.61843270
50.73493639
50.83386708
50.85548550
50.94005384
50.99663157
51.02489060
51.06972664
51.11366913
51.14409904
51.27324779
51.28485146
51.39646624
51.39778949
51.41345547
51.49703671
51.56797642
51.59508096
51.62989268
51.71390745
51.88205308
51.94463701
51.96044679
51.96224606
52.00003792
52.07554085
52.22426384
52.36943885
52.42374357
52.43705005
52.46916589
52.53127005
52.54823754
52.57608057
52.63808266
52.72567668
52.81008756
52.88738927
53.00476852
53.03672204
53.04123914
53.04625751
53.11327093
53.23815624
53.38224784
53.39547924
53.54598030
53.55372449
53.61569789
53.66025499
53.94718020
53.96554254
54.11677583
54.12858534
54.33210623
54.40206092
54.45159384
54.45746912
54.50481184
54.61673874
54.63416335
54.66088800
54.69906536
54.74502662
54.85841065
54.86516744
54.88423471
54.95069067
54.97444091
54.99159305
55.07525367
55.08845808
55.09330110
55.12029094
55.34444657
55.37136433
55.48269642
55.59314864
55.74164648
55.80029793
55.85652988
56.36730200
56.43279378
56.83703591
57.08117950
57.18958288
57.20751054
57.34809626
57.64763724
57.69545509
57.70035315
57.75589749
57.77635827
57.89949684
57.92858106
57.93093879
57.99074555
58.01760821
58.12722470
58.17406395
58.28227149
58.43341757
58.46795443
58.47111210
58.49679789
58.55570135
58.58626292
58.64780486
58.67324022
58.72128249
58.75475177
58.93413246
58.95447493
59.02882461
59.08060432
59.22344220
59.28675353
59.40389325
59.40685420
59.43571448
59.75466320
59.79984918
59.83764665
60.16513090
60.17262950
60.36046675
60.36776582
60.37931937
60.67128405
60.71703217
60.78522047
60.81135630
60.92107249
61.19514723
61.41026971
61.46823544
61.49042374
61.52663922
61.54128874
61.67142160
61.72315339
61.84397564
61.88458197
62.33092388
124.00000000
