0.00571314
0.01038785
0.07040365
0.07883764
0.14710368
0.40947320
0.48279866
0.54158461
0.78158493
0.89454730
0.90235413
1.02611879
1.24643386
1.28301195
1.29244618
1.29322895
1.40705705
1.40940595
1.67766184
1.69010187
1.86751899
1.98511741
2.02497097
2.13444525
2.27864290
2.42292761
2.44349154
2.48692231
2.61101723
2.61664122
2.62804084
2.73226919
2.77388342
2.84010069
2.93633958
3.00723510
3.05933562
3.41737832
3.57004673
3.62976941
3.68530016
3.96750604
4.03578385
4.08009087
4.09525263
4.09704200
4.12326060
4.20874037
4.22347479
4.32910558
4.45210869
4.48171126
4.52929285
4.56907602
4.57237940
4.77351148
4.79622575
4.84250399
4.86248700
4.86911356
5.04063525
5.05840215
5.16754079
5.36696269
5.53044896
5.56592588
5.72501992
5.75014084
5.82179066
5.90989918
5.97285641
6.23616128
6.36062357
6.43938826
6.58032130
6.71455369
6.89221255
6.89923962
7.39111279
7.42261331
7.49594439
7.51131940
7.55802042
7.64239514
7.66006012
7.75430218
7.78761243
7.94267343
7.97530995
7.99567780
8.21598863
8.24717184
8.25611182
8.50256221
8.78713614
8.84209350
8.94272739
9.10887598
9.16730721
9.20247412
9.27128363
9.34512462
9.48691004
9.49387213
9.55137153
9.65494275
9.71586004
9.78913612
9.98947979
10.06732321
10.10945033
10.15749242
10.17852375
10.18082560
10.18368440
10.27909692
10.33293284
10.33420585
10.37339044
10.38282080
10.42406362
10.44123789
10.50461866
10.55428738
10.61470803
10.62547945
10.63926494
10.75280469
10.77505336
10.81976547
10.82074568
10.82774505
10.83376893
10.95518101
10.97872482
11.02569116
11.09635487
11.24997100
11.28173989
11.36616737
11.38832848
11.51513933
11.56241421
11.57955625
11.67132816
11.85242622
11.88433546
11.89888468
12.31079068
12.37574890
12.43681676
12.47696117
12.48685338
12.52066037
12.58146059
12.64635976
12.64776196
12.79854747
12.84402384
12.95390796
13.08081969
13.17067709
13.36706581
13.60543254
13.61237435
13.63055587
13.64083805
13.74071024
13.80536015
14.13937751
14.14407014
14.15860494
14.24225305
14.26546214
14.30291041
14.35376233
14.43187367
14.64632639
14.68719296
14.70042712
14.71151306
14.89667219
14.92358972
15.02964915
15.14458675
15.22764923
15.34197286
15.37552792
15.40272358
15.40403861
15.52838757
15.59099056
15.60135488
15.87034867
15.88605509
15.94184706
15.97293180
16.02177403
16.21863927
16.23747288
16.36059490
16.37383787
16.40591616
16.48872154
16.50454414
16.58160062
16.61502010
16.62370583
16.70363580
16.70711234
16.90677415
16.95160551
17.02512254
17.15614041
17.16606973
17.20459941
17.21819953
17.21895878
17.22204083
17.27564546
17.33525294
17.33986385
17.47704792
17.51248490
17.57159447
17.59943872
17.67071688
17.67420767
17.67932890
17.81323892
17.93060060
18.20546423
18.22863792
18.36219180
18.38197151
18.48071295
18.49088662
18.73822482
18.75537601
18.92779264
18.94487206
19.05340440
19.26883426
19.30693736
19.37060385
19.60076535
19.61367645
19.63429612
19.64954378
19.76771700
19.79167601
19.86697234
20.01798878
20.02723725
20.07327968
20.18723676
20.24801286
20.27128139
20.73246279
20.80856992
20.81709215
20.84054890
20.84486613
21.03156601
21.05504719
21.09057979
21.13645776
21.15846622
21.19997597
21.42746981
21.43413918
21.47236111
21.61728332
21.63710990
21.73490793
21.82925987
21.93734812
21.95818267
22.02420685
22.09426398
22.10871740
22.15136045
22.24352275
22.34848386
22.44046496
22.44076506
22.51034436
22.51148707
22.52195081
22.54235628
22.55944761
22.62629859
22.75471411
22.88120447
22.97864472
23.06502200
23.09451625
23.19364369
23.41383324
23.42483395
23.50538617
23.56988148
23.59928594
23.68193018
23.69288825
23.74283154
23.87562089
23.94343796
23.94635223
23.94789866
23.96322784
23.96494489
24.07684924
24.11779630
24.19130183
24.19559154
24.21243459
24.35681706
24.37938922
24.41411769
24.47805755
24.51625886
24.58701838
24.69251975
24.70623230
24.73755919
24.79166724
24.82482083
24.82915586
24.83330439
25.02442984
25.07635680
25.12983379
25.23948677
25.31780868
25.59422103
25.62830573
25.66098549
25.72425057
25.75709631
25.81261938
25.82556263
25.82728613
26.01859544
26.10067269
26.11039881
26.18399979
26.22192686
26.45427603
26.49462338
26.52573492
26.67667816
26.75177419
26.83163853
26.94212482
26.99249705
27.04373115
27.39054511
27.45108340
27.57622099
27.70766535
27.71782046
27.85039783
27.88987381
27.98610989
28.06267972
28.16177621
28.20466041
28.26871275
28.26907805
28.27875681
28.58197588
28.60685716
28.68134337
28.81314508
28.83958170
28.89201098
28.96220001
28.99822191
29.00682651
29.02098035
29.39110298
29.45835956
29.52216144
29.67339633
29.81198953
29.84775381
29.85700990
30.02542081
30.04675880
30.06808561
30.08749057
30.19301480
30.32904569
30.43337443
30.47767100
30.68036672
30.79555169
30.86151285
30.87303997
31.00796448
31.01446348
31.16127323
31.18504012
31.21656960
31.27444859
31.30713411
31.33830581
31.40189545
31.41774404
31.61648125
31.72183341
31.73026118
31.78931217
31.87905111
31.89325599
31.93949309
31.95926619
32.10931243
32.14518752
32.18497426
32.29477834
32.34566093
32.47382567
32.65612679
32.66313867
32.68455957
32.69614753
32.80409370
32.85598646
32.87085786
33.00831816
33.07899092
33.08568245
33.16597682
33.19192094
33.19688162
33.20536098
33.54000824
33.55888262
33.57693266
34.07344794
34.16979056
34.37827006
34.55541626
34.61060247
34.73005184
34.73410456
34.73763876
34.78607350
34.82243302
34.82629139
34.83515102
34.84214746
35.05409111
35.13300961
35.14851254
35.23729740
35.36431215
35.87776105
35.90385888
36.29102471
36.46665772
36.49619513
36.57128490
36.61379632
36.77442597
37.03307023
37.04063763
37.14749332
37.23145836
37.33769272
37.45613888
37.55490164
37.56342036
37.60307531
37.62078763
37.63526132
37.67483632
37.71735042
37.78046651
37.86274829
37.91693491
37.93280054
38.06362287
38.13065942
38.13835678
38.19923230
38.22907155
38.23323270
38.28685766
38.31409981
38.36740728
38.52556339
38.52827477
38.55511131
38.61103895
38.62862715
38.69433726
38.74859387
38.81699970
38.92674920
39.13375316
39.18648894
39.26694359
39.34574807
39.41313404
39.55409349
39.60639254
39.72927651
39.79193183
39.81744851
39.85773123
39.92692263
39.97330630
40.19665717
40.20427920
40.21861256
40.31347333
40.33861560
40.37000187
40.37899095
40.49783230
40.58979770
40.64042598
40.65810417
40.90055266
40.97975859
41.12749549
41.13777547
41.22845912
41.29251571
41.39650830
41.40318796
41.41668249
41.42313848
41.57930046
41.58110262
41.64327245
41.66156415
41.77540032
41.79221776
41.81066865
41.91138994
42.03389926
42.05235345
42.10889977
42.19126169
42.21699471
42.37051571
42.40576911
42.46950326
42.65434913
42.68671622
42.83224278
42.85081337
43.08155302
43.12822363
43.22017501
43.39732306
43.44238707
43.47882517
43.89023860
43.95304856
44.11816349
44.14526279
44.32654788
44.47884271
44.64411476
44.66914282
45.31358573
45.32857888
45.40558686
45.42985139
45.55930028
45.71753720
45.72550203
45.77180336
45.85304358
45.86356072
45.89286631
46.37487520
46.37978599
46.43807169
46.48000879
46.50417405
46.54556194
46.63395189
46.79512710
46.88299197
46.94466905
47.12117094
47.14473120
47.23639990
47.31884426
47.37807344
47.37980342
47.43050618
47.58964972
47.74915444
47.94537933
48.12537895
48.17991607
48.24202331
48.41306799
48.57029325
48.63124940
48.74702596
48.75401683
48.77229676
48.93571321
48.94404892
49.04931735
49.28836946
49.40931474
49.51952196
49.52792087
49.53866909
49.58039479
49.62442244
49.73409508
49.91226294
49.94776677
49.96616878
50.07188355
50.29621628
50.29764225
50.36909724
50.40147498
50.64387741
50.94893814
50.99234609
51.16141165
51.16774139
51.27971205
51.42073622
51.48404119
51.68538468
51.81490372
51.83211581
51.88080584
51.98698394
52.02206410
52.16035275
52.18517876
52.23195817
52.52794945
52.56945332
52.58220152
52.90153057
53.03885987
53.04822512
53.06825051
53.12599564
53.12879383
53.17482525
53.22456649
53.34792742
53.37066520
53.42369555
53.42705395
53.54789620
53.57439951
53.61051909
53.61824401
53.62210899
53.78096608
53.80197466
53.80894447
53.98402972
54.02327930
54.10390882
54.25955228
54.35021078
54.36875295
54.49447799
54.49899002
54.55022891
54.55469029
54.58922105
54.72297889
54.80623801
54.88467851
54.88819662
55.04785666
55.04997088
55.10122659
55.12693209
55.17282771
55.40996771
55.48241718
55.56813394
55.65588864
55.66139288
55.79221313
55.84299037
56.28566591
56.37955765
56.38661582
56.39317134
56.43410225
56.44090306
56.52757009
56.59526086
56.63394644
56.63483181
56.82572978
56.88969507
56.88998820
56.93841949
56.98392009
57.08267926
57.39158078
57.43629573
57.46914341
57.60718577
57.70549830
57.72971823
57.73195851
57.87298682
57.93004231
58.03752474
58.05616965
58.10193844
58.10993052
58.14630765
58.36649029
58.37550728
58.45852157
58.46648295
58.66713257
58.94095458
59.00293721
59.09727033
59.10067155
59.12657116
59.14288241
59.21087615
59.35506415
59.40101825
59.45391920
59.47802458
59.65366106
59.70030784
59.70359715
59.72264125
59.89517338
59.93068125
60.02426953
60.06599579
60.10384149
60.21608717
60.24771054
60.31261535
60.37906342
60.44180351
60.44944622
60.46027404
60.48160155
60.54559179
60.63505008
60.64504749
60.89575132
60.93236969
61.12088596
61.18965096
61.21045540
61.28761079
61.30054875
61.40277937
61.41048972
61.41778753
61.49420287
61.50356095
61.51099176
61.71717106
61.72315339
61.72782559
61.72969295
61.76376706
61.77604625
61.90671682
61.93405719
61.96244493
61.99744313
124.00000000
