0.02182977
0.11848960
0.17060840
0.24893396
0.26052647
0.28422069
0.30579289
0.37485978
0.39600699
0.44246453
0.44275598
0.57138970
0.60558039
0.80094244
0.93897909
1.04739495
1.14591696
1.33006112
1.49364062
1.55515595
1.63937106
1.71485168
1.73432140
1.84550003
1.87259339
1.89365976
1.90804769
1.91900059
1.99547380
2.12115074
2.16391297
2.26437914
2.28913992
2.40400014
2.42088147
2.50397735
2.61101723
2.62573221
2.62953411
2.66705498
2.73077487
2.80759951
3.32742081
3.37134455
3.39529231
3.44518749
3.49716171
3.52873360
3.55954226
3.68209679
3.83358612
3.97963925
3.99561261
4.24009945
4.25668468
4.25989434
4.31722297
4.34348781
4.40358212
4.45371504
4.58357010
4.64797461
4.70342885
4.79026542
4.92811252
5.02249439
5.09898239
5.28945026
5.39881769
5.40556145
5.44003120
5.52025276
5.56445586
5.60138601
5.67177160
5.88547950
6.17725109
6.37121006
6.40395696
6.43651754
6.51943479
6.75943210
6.84778186
7.09488135
7.16220322
7.18692410
7.20065730
7.20101946
7.33056399
7.40045677
7.45552962
7.53067962
7.56904565
7.62882095
7.72178161
8.35313571
8.68955422
8.76765679
8.85561271
9.03871441
9.11213055
9.33114375
9.38516905
9.42872165
9.49138573
9.52484467
9.68089738
9.74619627
9.84750462
9.94165090
10.20858649
10.22280658
10.33989596
10.36213895
10.41691430
10.45656365
10.64704712
10.76433842
10.82400826
10.84041444
10.96370698
11.03720467
11.06897393
11.09766097
11.10111425
11.17146488
11.20083702
11.36202837
11.40753527
11.42545665
11.62693904
11.65286465
11.69994239
11.80161182
11.81110289
11.98027307
12.00010961
12.10048447
12.22182404
12.24312090
12.24324613
12.35271676
12.43681676
12.67488225
12.72836149
12.76985648
12.86823863
12.91804877
13.06254084
13.07401449
13.10041099
13.15488229
13.22356326
13.33939468
13.37286091
13.40304330
13.61789773
13.65043585
13.80181444
13.85104929
13.91204638
13.98871161
14.04985787
14.15802453
14.23296215
14.33130281
14.35007389
14.37414927
14.82660108
15.03697912
15.05022993
15.21512971
15.37153484
15.55304106
15.58641406
15.61261399
15.85667648
15.86193170
16.10025436
16.21250311
16.22500692
16.33184475
16.34507550
16.36086636
16.37290736
16.37383787
16.47896395
16.48379338
16.83625018
16.87149912
16.88580058
17.01108460
17.11885425
17.14944676
17.26664678
17.31052848
17.44399765
17.56068201
17.56379921
17.69590724
17.75781477
17.86857829
18.05321696
18.05503956
18.06913327
18.09951786
18.10239993
18.28597768
18.33049593
18.34672027
18.34971813
18.40293516
18.56653974
18.80838012
18.82199840
18.85908311
18.92794496
19.00071716
19.02865420
19.13275861
19.17122295
19.32431915
19.32510167
19.34820112
19.63067236
19.69818654
19.80017279
19.87583791
19.91474044
20.05733271
20.12580610
20.14458206
20.24601892
20.34254034
20.58996769
20.61506607
20.66796698
20.84110595
20.89164020
20.96108982
21.00179060
21.16941365
21.25079314
21.29718565
21.32410889
21.32454656
21.56685195
21.57991118
21.61307163
21.68457359
21.68714411
21.91924574
22.04967848
22.19210044
22.35219738
22.41688589
22.50270669
22.51148707
22.53862040
22.62414805
22.90970273
22.91301971
22.93836558
22.94141070
23.12172725
23.27178355
23.31260145
23.34174502
23.42815247
23.50001432
23.53779412
23.58783039
23.61937299
23.64310415
23.67916002
23.78831031
23.88701510
23.89236212
23.94425287
23.96944153
24.04047439
24.19034196
24.29468789
24.46840993
24.49508795
24.58788644
24.62977638
24.65899235
24.70662239
24.74902510
24.98301234
24.99002986
25.03747394
25.13088007
25.15060723
25.16529822
25.16748207
25.21359573
25.31146295
25.53861410
25.68005704
25.81133225
25.86907940
25.89579525
25.92236396
25.97728215
25.98602587
25.99859655
25.99982906
26.08414127
26.10953924
26.13595718
26.16024558
26.17692224
26.31381926
26.41867041
26.56279006
26.67650995
26.72308262
26.72417631
26.74172586
26.81675224
26.89754548
26.91592548
27.07759271
27.12099507
27.22948923
27.29655490
27.30970255
27.33714088
27.42649250
27.53081293
27.57834874
27.62844234
28.11956195
28.18324366
28.28055730
28.34767084
28.43072032
28.75454437
28.96720112
28.96792479
28.97890758
28.97924894
28.98380048
29.00146587
29.00682651
29.07929798
29.47910362
29.57312816
29.73797848
29.77208744
29.82713879
29.97983971
30.00551056
30.17270453
30.40937063
30.44921562
30.59898975
30.78554887
30.82934705
31.11318316
31.16108414
31.29279340
31.37646276
31.50554884
31.65414045
31.67624178
31.70223317
32.03114803
32.04524162
32.27461370
32.32706643
32.48477808
32.49180573
32.51312572
32.51371165
32.62637522
32.74726364
32.84084564
33.03648913
33.19688162
33.31617691
33.42656794
33.49137048
33.55314266
33.56250811
33.75060745
33.80117576
33.86129316
33.94633070
33.99374853
34.07958154
34.17265508
34.19006800
34.20507622
34.21281678
34.36240795
34.46472329
34.49332522
34.50503494
34.61399509
34.79085430
34.82574714
35.01970528
35.19637700
35.19936607
35.27844259
35.50111745
35.51987795
35.53056154
35.53900893
35.61929075
35.70854577
35.74034222
35.83620268
35.93470227
36.08004538
36.09116284
36.29626316
36.30937645
36.68115026
37.06816056
37.07642677
37.29131775
37.46931659
37.53052491
37.53891804
37.69151453
37.81871159
37.90516007
37.90716768
38.17712010
38.20067276
38.73610145
38.85204445
38.88824679
39.30660211
39.40918061
39.59386235
39.75756923
39.76484335
39.79501523
39.85450086
39.93971523
40.03359604
40.32660085
40.44682620
40.60755940
40.61029925
40.64388976
40.72477227
40.87361595
41.07669289
41.09482215
41.12048239
41.18498124
41.25366407
41.37653552
41.39546918
41.39650830
41.40048996
41.58519353
41.83482132
41.94774107
41.95155810
42.13502953
42.16019138
42.23755735
42.46950326
42.47558112
42.50966726
42.55068134
42.59111423
42.62992987
42.75000560
42.75177587
42.82933507
42.90913335
43.09924433
43.13839425
43.32056322
43.32550585
43.45642369
43.56989361
43.57779062
43.76556356
43.88019860
43.89000646
43.93412572
43.99345209
44.14526279
44.15262394
44.15433612
44.19551370
44.22782944
44.23337429
44.28075347
44.49945256
44.69487373
44.71475775
44.95533183
44.97253943
45.00630126
45.07154198
45.07922199
45.09874768
45.29628676
45.40349874
45.47833435
45.49432192
45.49443895
45.56476207
45.59907152
45.62136490
45.63117436
45.69003030
45.77208894
45.78723982
45.80809488
46.02250104
46.02792507
46.05296379
46.16781138
46.35801937
46.48117365
46.70919149
46.72809010
46.74068992
46.94440044
46.94486106
46.97291975
46.98100375
46.99061903
47.11301211
47.16009904
47.20779713
47.24664821
47.48168625
47.53300025
47.54255980
47.66619146
47.79350767
47.94348381
48.14335667
48.17524319
48.18284858
48.27091503
48.36030901
48.73868684
48.76971937
49.19817439
49.20718980
49.33550334
49.36951098
49.37798107
49.51366906
49.60480533
49.77388619
49.79651733
49.80925124
50.01707247
50.04021836
50.14954703
50.15035134
50.27901127
50.36608767
50.44847681
50.48550668
50.56360354
50.62796064
50.85288380
50.86657246
51.00625944
51.11366913
51.16011247
51.29362851
51.37295275
51.56648948
51.62489923
51.74890281
51.92010688
51.97254646
52.04083472
52.08125105
52.14614038
52.21936638
52.27812915
52.28414121
52.28640370
52.39811660
52.49122874
52.61116038
52.67664235
52.70265623
52.74400923
52.85842889
53.00785078
53.07258318
53.35971614
53.42115663
53.42631937
53.56540496
53.69948621
53.82485702
53.84060697
53.91257916
53.95883800
53.96444800
53.97293272
53.97690660
54.05883251
54.28787735
54.29440035
54.33969463
54.43897594
54.45499651
54.55924625
54.68611424
54.69446599
54.83487666
54.87802663
54.94418492
54.99155143
55.14520931
55.28263839
55.28995890
55.29111118
55.29421464
55.44664633
55.47769933
55.48391193
55.51076927
55.61152692
55.70787544
55.79576771
56.34485315
56.42384729
56.47165376
56.48401048
56.95126881
56.96115936
57.01738361
57.17694471
57.24718770
57.35738103
57.40840495
57.44795389
57.53622836
57.61661703
57.70785460
57.70931485
57.71374581
58.16766143
58.17901203
58.18677287
58.24867928
58.29596023
58.34184519
58.42689416
58.51125346
58.58563845
58.65300204
58.71063427
58.80328813
58.81923150
58.87349942
59.04678819
59.09149921
59.35327574
59.35506415
59.39686255
59.45803352
59.65894686
59.76712639
60.05064401
60.26720282
60.36344120
60.43719057
60.45519006
60.51927298
60.64769731
60.65806989
60.78737536
60.80843943
60.93236969
60.95841313
60.97490931
60.97929694
61.16811716
61.20864346
61.24160367
61.45531024
61.49341603
61.49827490
61.59328642
61.64085908
61.68257880
61.71019679
61.71624940
61.71817599
61.81387389
61.83153839
61.88380629
61.90930483
61.92700742
61.95711300
61.97954584
62.13935665
124.00000000
