0.00733272
0.08395196
0.08683424
0.27330325
0.36941680
0.38608912
0.56215621
0.60052155
0.63676790
0.75951168
0.98682880
1.14858698
1.37467051
1.37872395
1.47317485
1.47974740
1.88033693
1.99936831
2.10009975
2.18109423
2.32014415
2.44084715
2.46125999
2.63930960
2.80503790
2.81690354
2.83295110
2.86873090
2.87337633
2.97815441
3.00123754
3.17237499
3.21921221
3.28984131
3.42013179
3.62317487
3.66776660
3.69499519
3.73395715
3.78384676
3.88681446
3.98614773
4.07489345
4.09019788
4.10555499
4.18217050
4.34817468
4.38065583
4.69935035
4.70583565
4.88270679
5.04608023
5.11491406
5.16909468
5.24607383
5.27853925
5.32761450
5.50149423
5.80832892
5.82461316
6.25618160
6.32684743
6.36405774
6.44287736
6.75422583
6.77648185
6.79414088
7.00230802
7.09293030
7.21524680
7.40729663
7.64125851
7.66553292
7.67802289
7.71256546
7.76016549
7.76441593
7.80082254
7.93578841
7.95740126
7.97041695
8.03647527
8.05261609
8.10083116
8.21578842
8.26875773
8.27768848
8.28148282
8.28886277
8.34918719
8.48881650
8.54258558
8.65792488
8.66445957
9.04021744
9.20356818
9.22070625
9.26696109
9.27005970
9.30677418
9.52901545
9.53743004
9.59681262
9.62547967
9.65494275
9.74881126
9.86326337
9.90764322
9.91802882
9.94974034
9.96691798
10.04390126
10.06419038
10.18465962
10.51987843
10.59623607
10.62912208
10.65711607
10.89128532
11.03546435
11.11488934
11.22680052
11.48500207
11.53618315
11.56712474
11.65624857
11.69192826
11.76302679
11.79617035
11.80243386
12.05446401
12.15000459
12.19534030
12.32260514
12.37161389
12.44026294
12.44382192
12.61431195
12.70292180
12.83019396
12.86855728
12.87540230
12.98481743
13.06332085
13.15488229
13.17796293
13.24030754
13.26867316
13.40304330
13.50613329
13.60750498
13.66364240
13.75794999
13.93847123
14.00135769
14.06749650
14.10893272
14.56657908
14.57821660
14.61404252
14.62059953
14.67912230
14.69041855
14.71292646
14.71761554
14.73825035
14.74848414
14.76801628
15.03007559
15.19118292
15.63517109
15.77409476
15.77543039
16.09764023
16.16950596
16.17967282
16.21391463
16.25193060
16.25226310
16.32222637
16.35890597
16.44579490
16.45831875
16.47510336
16.48787613
16.85877416
17.09904780
17.26164986
17.36277165
17.44407660
17.49175636
17.93531321
17.98977239
17.99534347
18.04715171
18.24458486
18.34020017
18.35264231
18.38579286
18.46401218
18.51021122
18.63173486
18.64107201
18.65898269
18.80765842
18.85604750
18.86832840
19.07697123
19.12091119
19.42487311
19.55523232
19.68767270
19.72366735
19.79727651
19.82118977
19.84961054
19.96627139
20.03524372
20.05317378
20.06464410
20.08177651
20.10362500
20.11353005
20.18445240
20.24263231
20.45413926
20.46848051
20.50130464
20.58259389
20.66333529
20.88487763
21.03506060
21.32142456
21.32527407
21.36546933
21.40553080
21.42114982
21.52314613
21.69802800
21.86232270
21.88252476
21.96653356
21.97005121
21.98386155
22.01157457
22.02552613
22.05247874
22.06595058
22.11061916
22.15212523
22.16226658
22.25683073
22.31284302
22.48108230
22.53292775
22.57079207
22.62486817
22.62535754
22.67312532
22.71238375
22.74868521
22.95519045
23.14107955
23.18068835
23.24874565
23.26157198
23.30649823
23.34299659
23.35647934
23.39300104
23.45982069
23.60117090
23.73615701
23.79062182
23.80058451
23.86533399
23.89340910
23.92557661
23.94070273
23.97357545
24.28696485
24.40461348
24.48715250
24.49759100
24.51327675
24.73782687
24.77326956
24.88214883
24.91472018
24.99590893
25.06356857
25.12270864
25.14057475
25.23353520
25.25654357
25.33879586
25.64212223
25.72688463
25.79029138
25.93390316
26.17081780
26.25532214
26.56107479
26.61918135
26.73528026
26.75986146
26.84229662
26.89369671
26.97228372
26.97628151
27.06080532
27.23632125
27.45590662
27.61279379
27.64693260
27.70372421
27.73370858
27.85114416
27.85294191
27.92378277
28.04949297
28.20348827
28.38764668
28.56810288
28.58784741
28.61409738
28.73825292
28.76437700
28.84114576
28.86206530
28.87619240
28.88595812
29.09537428
29.15965980
29.23354942
29.62509539
29.74569278
29.82474230
29.98421924
29.98932282
30.18516028
30.39978275
30.46553791
30.54151082
30.59589119
30.65076508
30.66836734
30.69865812
30.70238868
30.74385293
30.75338225
30.76920966
30.82920606
30.86635727
30.91507562
31.06782960
31.44587753
31.47522276
31.51812586
31.54517343
31.61429601
31.68374790
31.76135134
32.13667091
32.21571865
32.21744555
32.25168330
32.27659122
32.31328202
32.35025345
32.36692012
32.46902743
32.48921647
32.76224642
32.82149788
32.82812800
32.90827787
32.96142948
33.16244894
33.42596849
33.65960409
33.75060745
33.81418682
33.84625901
33.94649465
33.97250092
34.00080828
34.14918321
34.22258658
34.35970119
34.42262439
34.45218099
34.77225735
34.77816855
34.79355123
34.90080457
35.05699198
35.05932682
35.11633142
35.17960162
35.20034537
35.23729740
35.46869423
35.49292744
35.50769307
35.73473553
35.90948063
36.00460944
36.00776949
36.14148389
36.18939424
36.22088813
36.24564700
36.46336094
36.58775258
36.60877258
36.64818976
36.72281425
36.77232140
36.78924932
36.92277558
36.92490149
36.95934746
37.19172568
37.29407077
37.30115440
37.44228001
37.45726758
37.52989055
37.65165507
37.92746830
37.95461678
37.95737207
37.97861703
38.07928187
38.11500265
38.14998290
38.29670823
38.36619210
38.43106083
38.43156858
38.49846507
38.56319630
38.59159542
38.79722176
38.86772229
39.02567495
39.04231616
39.14731208
39.28327220
39.39201919
39.42396194
39.45134762
39.46775269
39.48755451
39.57237321
39.82488494
39.90993855
40.06283997
40.24968513
40.27694698
40.28029776
40.33066940
40.34030226
40.34273611
40.39749856
40.45956676
40.72120727
40.73080514
40.79773812
40.98800257
41.04258036
41.05622443
41.10937345
41.46180100
41.46914510
41.55498358
41.75631480
41.76569654
41.77263493
41.80234581
41.81522346
41.90347805
42.04423030
42.05034923
42.27984480
42.28965963
42.32556389
42.34933109
42.35683924
42.41361335
42.41857039
42.43280366
42.57500908
42.68977870
42.72463453
42.72657377
42.73389424
42.76472189
42.77205611
42.89607783
42.98158876
42.98912313
43.03690969
43.35750112
43.53969882
43.83233768
43.83328282
43.83767482
43.89071836
44.12960524
44.17274328
44.24929078
44.26790439
44.29818987
44.32311421
44.32915682
44.34618171
44.37573291
44.56555146
44.99927338
45.04052215
45.17919967
45.36211035
45.45309700
45.51790098
45.55018429
45.55314111
45.61272312
45.62871939
45.71891699
45.73611191
45.87249964
45.98981392
46.05157827
46.05349632
46.08753270
46.10344020
46.24012047
46.25699984
46.33963912
46.42337800
46.44677756
46.52237226
46.64695832
46.65459208
46.67167745
46.75177597
46.76679266
46.85828464
46.86374533
46.93440983
46.98243061
47.10053028
47.12554608
47.18112373
47.36012205
47.45884667
47.47404336
47.68078846
47.77235660
47.92125741
47.96615025
47.99940530
48.01546082
48.01899627
48.04368837
48.14570198
48.17403630
48.18221382
48.20726366
48.27700508
48.35275804
48.37159156
48.40200945
48.44754732
48.63828528
48.65540164
48.80536735
48.80727156
48.91841073
49.00660017
49.10623560
49.24483574
49.29509356
49.43268069
49.49693785
49.57332508
49.58657420
49.59750019
49.64075129
49.72603890
49.83055646
50.07526117
50.09195925
50.19682359
50.47446789
50.51986967
50.66568824
50.71907606
50.81470678
50.83009327
50.93781617
51.01514299
51.01522344
51.01877489
51.03578688
51.05030450
51.22437830
51.32380936
51.36597274
51.44251861
51.86377801
51.87617854
51.97655290
52.07542355
52.18532972
52.56418258
52.66907510
52.69530099
52.71072889
52.87225933
52.87611111
53.01203915
53.09084142
53.12272854
53.14457368
53.15722315
53.21188044
53.25472318
53.27826486
53.37485773
53.46106681
53.65637159
53.67169539
53.71142369
53.75111784
53.76569303
53.78166191
53.81858331
53.92554742
54.31037101
54.44519863
54.48626074
54.61434164
54.68559558
54.80017141
55.04785666
55.14147581
55.16963997
55.20366781
55.35647008
55.36077074
55.41357509
55.51326598
55.55341932
55.72297436
55.75494763
55.82829879
55.99510169
56.07004419
56.07411633
56.29346760
56.30916481
56.33809005
56.51951420
56.71225715
56.72492139
57.00283166
57.02040865
57.06691799
57.06754862
57.22205710
57.22670210
57.27112773
57.37905151
57.38788014
57.65268720
57.82637017
57.92533659
57.99621981
58.10397417
58.52499891
58.75931210
59.00448907
59.03352404
59.06541624
59.07221085
59.07520811
59.10097189
59.10532981
59.11187324
59.18486505
59.47951690
59.48028038
59.51740426
59.52249085
59.62326196
59.62562098
59.83402669
59.95013989
60.01951000
60.12956246
60.13645895
60.20658883
60.31470151
60.32742118
60.36591661
60.44179897
60.56093915
60.72826965
60.81157355
60.85168615
60.99183402
60.99942796
61.07907096
61.09682581
61.32566872
61.35354096
61.37421415
61.40989731
61.42126492
61.42468743
61.50331647
61.68507226
61.86996731
61.87415221
61.99086272
124.00000000
