0.01821029
0.53629741
0.66236653
0.89711419
1.11022106
1.16866809
1.26030773
1.40423082
1.44685181
1.47475689
1.94974881
2.00392092
2.07339589
2.21110085
2.21839210
2.42798184
2.44874278
2.47400961
2.62355395
2.63543833
2.63921242
2.65022337
2.81970145
2.91338319
2.91357515
2.97002162
3.09126815
3.14545120
3.25193683
3.29114092
3.32534256
3.39529231
3.78148544
3.92385893
4.14532346
4.25363390
4.31238418
4.31722297
4.36356767
4.45177034
4.45867195
4.46671277
4.73074490
4.75023700
4.91019768
5.10465245
5.11714039
5.26481383
5.31860713
5.37402875
5.37855338
5.42425482
5.48463779
5.50640066
5.55168373
5.60394969
5.74618699
5.90934617
6.01565512
6.12261486
6.13980810
6.18971699
6.25342400
6.26294341
6.29579259
6.37759261
6.48288703
6.53886671
6.57314288
6.62388120
6.64123171
6.67926132
6.79469059
6.96743582
6.96842222
7.00408986
7.01760433
7.06753347
7.15081723
7.16168464
7.16816017
7.16859504
7.24442273
7.35854306
7.37305318
7.41730865
7.58008892
7.72178161
7.77839700
7.78649536
7.82586507
7.88586235
7.96888472
8.15418531
8.31125242
8.32514595
8.37787392
8.44578891
8.47849834
8.73739523
8.98437424
9.07736879
9.28392413
9.32824758
9.41156402
9.46831123
9.49859138
9.52603922
9.53217119
9.55770879
9.64339319
9.73944796
9.88437504
9.89785847
9.89854934
9.97954156
10.03009343
10.07765275
10.23987971
10.35397670
10.51245568
10.52862477
10.57243913
10.66181489
10.71029451
10.71053507
10.95320870
10.99133410
11.00003252
11.01018093
11.05176800
11.19686248
11.43196628
11.45970154
11.52609958
11.55671388
11.79829081
11.90582312
11.98909228
11.99865259
12.05524663
12.09814271
12.09871464
12.14106669
12.17860758
12.21844051
12.25821786
12.28492747
12.28761039
12.43308795
12.46352036
12.53612767
12.61058698
12.89562377
12.91686450
13.16309123
13.20529323
13.20832059
13.30131591
13.42399789
13.48345275
13.49540558
13.51857524
13.72422276
13.76689555
13.79342209
14.12206922
14.12742588
14.15802453
14.19857443
14.20785278
14.23030193
14.23191002
14.33720755
14.63210528
14.64100811
14.65084636
15.05604917
15.09105659
15.11588922
15.18116552
15.21672996
15.28509163
15.47309448
15.54853374
15.56044311
15.59878694
15.70795171
15.80523389
15.86018082
15.87216823
15.88605509
15.90921881
15.92065051
15.98006449
16.00527425
16.04626519
16.35112195
16.39474537
16.43679909
16.44579490
16.56463279
16.65219979
16.68390082
16.81614837
16.86866557
16.96085929
17.02603969
17.04781244
17.10131506
17.17443264
17.18021697
17.22100508
17.23577127
17.33358536
17.40018503
17.57030044
18.09796063
18.10681628
18.16813610
18.27492594
18.32949999
18.33684009
18.45263058
18.48097054
18.59531862
18.67875736
18.72839442
18.74776853
18.83219346
18.89854494
19.01582203
19.07326300
19.09170440
19.39239829
19.55037818
19.57534569
19.59860618
19.60143714
19.69014404
19.78913320
19.81252460
19.84442520
19.98222823
19.98873903
20.07295603
20.25628732
20.37795303
20.44095137
20.65542913
20.94760236
21.04818340
21.13062773
21.17480862
21.28830252
21.32363984
21.32475386
21.46463023
21.51711629
21.57201161
21.66874988
21.80906848
21.84727668
21.87142900
22.16680601
22.21165747
22.21711487
22.42477083
22.45799675
22.46184177
22.51026907
22.60071596
22.66668288
22.73267392
22.74414058
23.15774289
23.17025052
23.26924374
23.27839542
23.30003514
23.40927563
23.53161052
23.58481634
23.74306146
23.77276943
23.86607740
23.90379416
23.91073958
24.11885014
24.43166973
24.49441095
24.58534437
24.61336308
24.75936912
24.77096300
24.78857412
24.87711063
24.94067309
24.96319286
24.97302322
25.13294050
25.46141594
25.51526423
25.57798828
25.65262472
25.66800852
25.89432020
25.92236396
25.92255807
25.96435014
25.96470297
26.25599850
26.29434314
26.33287747
26.37786019
26.39223351
26.42964456
26.54927000
26.67650995
26.68645188
26.87460166
26.92744651
27.00027595
27.04179795
27.15837208
27.23712768
27.41516604
27.41534820
27.51364164
27.52382922
27.53647168
27.60312283
27.68695958
27.79619862
27.83289026
27.85114416
27.93206769
27.99220408
28.02209794
28.12527197
28.27419843
28.37638286
28.43134886
28.50279546
28.63797110
28.64616890
28.82479322
28.92581948
28.94674130
28.98910608
29.01703062
29.10881963
29.22231716
29.27361864
29.35986107
29.38299219
29.53548109
29.56012525
29.75299868
29.84505014
29.97799684
29.98688398
30.18720136
30.18888747
30.22304156
30.30295127
30.49538433
30.62470036
30.87570638
30.90627370
30.98596314
31.07786120
31.20701707
31.23404203
31.28133162
31.31033207
31.57361935
31.62745090
31.69965215
31.73663631
31.92998321
32.05974642
32.30723565
32.42290138
32.44788929
32.45367091
32.46874921
32.54785491
32.56001420
32.57721809
32.60014115
32.70427095
32.70634070
32.84345756
32.85026138
32.96179302
32.99943874
33.09520957
33.19602025
33.40227244
33.63318348
33.78569935
33.80282218
33.89593771
34.12362955
34.16670926
34.50778932
34.55863515
34.62976823
34.69841030
34.84842342
34.86304526
34.89753086
34.91979274
34.93390799
35.03316699
35.05811324
35.20413572
35.23495530
35.27901705
35.34420487
35.41948173
35.46425922
35.50626707
35.56257524
35.58666582
35.67764518
35.68184305
35.71860857
35.78595223
35.87204083
35.87473374
35.88966538
36.08511454
36.09351028
36.12200888
36.16657153
36.30998880
36.32601958
36.32640162
36.56861852
36.57088836
36.57945120
36.74295906
36.82595130
36.89324708
36.98585312
36.99034551
37.06926163
37.08228488
37.09820197
37.14841970
37.15382083
37.16069480
37.22944186
37.34926837
37.55346425
37.57780300
37.68888979
37.75491260
37.92553104
37.99638916
38.02362180
38.02706418
38.04912461
38.17402008
38.18081117
38.22447748
38.32901765
38.53514281
38.55917748
38.56031042
38.63242544
38.63740515
38.64108531
38.84405251
38.97573345
39.19507671
39.20421472
39.21384965
39.38615594
39.41124795
39.45201426
39.50025870
39.55519955
39.59255168
39.73481571
39.78617310
39.88296951
39.98409829
40.13131437
40.15861700
40.24181643
40.30568817
40.33354631
40.50800718
40.51450438
40.60407618
40.66571319
40.67280521
40.75218688
40.78657229
40.81208403
40.87262970
40.93042009
40.95495556
40.99201954
41.00777735
41.03422347
41.04885970
41.13454326
41.30671499
41.33390775
41.38097393
41.58034097
41.73467131
41.76043674
41.78902093
41.81522346
41.82412913
41.87893870
42.00818054
42.09632006
42.10889977
42.13318607
42.28226584
42.29091092
42.40378124
42.42788173
42.44430889
42.48710457
42.93900837
43.07851107
43.11143317
43.14431878
43.22870892
43.25894086
43.34953487
43.69188867
43.79013351
43.91999123
43.96669760
44.03629074
44.12679505
44.19476677
44.24760154
44.28161574
44.35158111
44.37724058
44.41144386
44.42533269
44.46149044
44.47406110
44.57316864
44.78388755
44.84037356
45.07154198
45.12596301
45.16974211
45.17733500
45.22036885
45.36900005
45.41829246
45.78326970
45.81231372
45.85006579
45.87209855
45.95310888
46.01823375
46.04693271
46.07843914
46.22643189
46.23102397
46.30340686
46.33632061
46.54295406
46.55711576
47.01660910
47.16309666
47.24646185
47.32603299
47.35610729
47.37536535
47.38135124
47.42882284
47.43280754
47.43948912
47.66395040
47.76184309
47.78526247
48.02660983
48.03415085
48.12078521
48.35354538
48.49210068
48.66258310
48.75813015
48.93210643
49.01559616
49.32308767
49.49977398
49.70632461
49.87011094
49.87050818
49.91911307
50.05992084
50.21566317
50.22733488
50.24039358
50.41378281
50.43327816
50.48944957
50.49505221
50.61394968
50.62726881
50.65889709
50.73493639
50.79919602
50.81327124
50.94669153
51.02472073
51.06039787
51.08190058
51.12708826
51.13399869
51.29798896
51.34845205
51.37568589
51.39015696
51.40680579
51.51357689
51.55166776
51.83278446
51.83825236
51.86837530
51.91770878
51.92997049
51.93403242
51.96224606
51.98486996
52.12096631
52.23250368
52.38388201
52.59369866
52.61222441
52.70966568
52.76374759
52.83774207
53.00443343
53.22120255
53.22984074
53.32328492
53.39268870
53.46817428
53.48082834
53.54303677
53.64891486
53.79640392
53.89936326
53.94119485
53.99216082
53.99541947
54.14312215
54.16189154
54.19443535
54.33320124
54.34949516
54.49643314
54.50854510
54.70064127
54.81718255
54.84123947
54.93097286
55.06662197
55.24715027
55.40179734
55.40848879
55.62496171
55.74780674
55.77933321
55.82549099
55.88613355
55.92196290
56.06246378
56.12132485
56.28174797
56.29231426
56.40586700
56.43155949
56.45998893
56.51284801
56.70461653
56.73208373
56.84383754
56.97534096
57.05145485
57.11129493
57.21408634
57.22530489
57.26337750
57.26486468
57.30847781
57.36332395
57.44795389
57.51445735
57.51646434
57.57454114
57.61324179
57.77111470
57.82387577
57.90752810
58.06567852
58.19393170
58.23595423
58.24356468
58.30350284
58.32141123
58.34815129
58.62436260
58.62893356
58.63700379
58.68537977
58.69315925
58.73215370
58.78632528
58.84711272
58.93270040
59.15388349
59.24111467
59.28651688
59.32192763
59.50633620
59.59757449
59.71038282
60.09679193
60.13737910
60.31261535
60.43719057
60.58472430
60.70680257
60.73097290
60.77918406
60.91202799
60.91245617
61.06184201
61.16811716
61.19053752
61.22991030
61.27977830
61.44315468
61.46710871
61.46821735
61.47323212
61.68285513
61.72321443
61.72814394
61.90623880
61.93935941
61.95680028
61.97057461
124.00000000
