0.01483176
0.35998237
0.44275598
0.46593878
0.51610018
0.59741846
0.78535250
0.84905426
0.94158045
0.94488978
0.94979712
1.01269222
1.03389875
1.06202516
1.08113112
1.09861588
1.13759683
1.17114155
1.52981668
1.77972445
1.78747742
1.78906983
1.84478372
1.86118020
1.91218769
1.94663265
2.09065733
2.16690283
2.17181159
2.27485643
2.30642520
2.41536579
2.41589296
2.63416044
2.67683618
2.81453824
2.87468351
2.94317877
2.97287613
3.16519135
3.17625840
3.38467074
3.55751348
3.80977955
3.87087741
3.88062604
4.11523913
4.14572280
4.16525973
4.16623107
4.36241950
4.37369727
4.42300838
4.42514744
4.77889317
5.07326614
5.09856527
5.29128268
5.31421413
5.46088597
5.50640066
5.57249034
5.64005666
5.73574746
5.75762549
5.79340289
5.88819550
5.93006867
6.01594071
6.18270767
6.39387530
6.64274341
6.75912147
7.06850990
7.07679667
7.13696551
7.17642454
7.20924005
7.46818424
7.54982781
7.57210299
7.58947045
7.59136269
7.64665543
7.83917360
7.87472874
7.90778528
7.90817045
8.21998815
8.28989214
8.41355235
8.43029099
8.57985036
8.64376909
8.68107935
8.76709987
8.91603780
9.18324988
9.24914134
9.26967090
9.45554286
9.52994944
9.54356342
9.57933357
9.67770221
9.72896985
9.79662747
9.83581150
9.87981735
9.92713089
10.03960679
10.22903881
10.26435397
10.33964555
10.51008769
10.55242811
10.57477716
10.61099569
10.63651010
10.69511630
10.82256749
10.91941800
10.93114625
11.01815853
11.03975056
11.04459585
11.06198932
11.06583068
11.13944162
11.17146488
11.20979130
11.24379336
11.24592419
11.25228256
11.27659521
11.28056959
11.30915400
11.32441198
11.39283348
11.46488750
11.56178178
11.61556007
11.63171681
11.66307089
11.68291694
11.85036413
11.95738738
12.00313444
12.01364882
12.05289869
12.08562951
12.09688015
12.18807487
12.21766293
12.28434316
12.36520174
12.43139256
12.43212975
12.55070997
12.55305373
12.62000208
12.69942038
12.70534862
12.76063398
12.83222437
12.84365021
13.08749934
13.11402357
13.15123942
13.20832059
13.24011800
13.28337626
13.31932905
13.37350353
13.43565394
13.53379001
13.54311197
13.63921220
13.65353172
14.00468955
14.09763362
14.13120514
14.13644129
14.19830491
14.21087204
14.23292582
14.25806629
14.27454560
14.28680571
14.29500656
14.40570708
14.43187367
14.73695558
14.78262865
14.86322554
15.00338510
15.06828101
15.43553327
15.54350261
15.55696027
15.56071655
15.92387394
16.01334337
16.05788128
16.09927202
16.17291097
16.19723589
16.31634353
16.38184118
16.41289015
16.57698951
16.68691691
16.70045498
16.78439479
16.97885556
16.98547569
17.04158800
17.25962996
17.40620621
17.49363652
17.75413417
17.79883169
17.81612383
18.06628269
18.15669892
18.18792635
18.22769310
18.28016026
18.35645147
18.50790786
18.54839868
18.61276701
18.75082760
18.87493266
18.96265677
18.98671933
19.10610905
19.12073448
19.30693736
19.33681790
19.36863563
19.41078508
19.41691679
19.45145456
19.60208814
19.61071701
19.81548646
19.89057354
20.10362500
20.25319937
20.25628732
20.29340525
20.34126567
20.42670915
20.57890082
20.71909211
20.74944658
20.86108950
20.88777468
20.89262161
20.96023802
21.02022126
21.03740892
21.09821301
21.31341309
21.40319963
21.58087828
21.72094926
21.75560096
21.83759875
22.02570197
22.13331465
22.18591826
22.21521132
22.31461936
22.38393686
22.52599357
22.58553224
22.60853509
22.61328633
22.63303708
22.66085345
22.70988454
22.89342315
22.90043401
22.91883088
23.03755472
23.05084942
23.06977390
23.07164671
23.09428881
23.20528302
23.26721298
23.35224870
23.45228697
23.57918059
23.61087791
23.63195283
23.69955065
23.71264493
23.74674489
23.78049924
23.90670241
24.03573861
24.30180155
24.32205659
24.42641160
24.48776440
24.69030323
24.72004892
24.73994732
24.78410066
24.84136609
24.89946488
24.90560747
25.03601037
25.10015533
25.13467818
25.19314633
25.19465418
25.30990402
25.44318465
25.46150887
25.51157552
25.67854883
25.81336118
25.93543849
25.94628157
25.98085163
26.19165598
26.19881123
26.26020410
26.26379792
26.30423259
26.39424795
26.63013725
26.64533876
26.69324372
26.74412024
26.83889213
26.95104332
27.01669236
27.30958653
27.37765631
27.53464183
27.53765092
27.56973330
27.57012268
27.70237211
27.71868142
27.78354075
27.87566953
27.93066240
28.10443066
28.15142088
28.17706550
28.28470924
28.38200425
28.44360065
28.58303213
28.64504599
28.80072000
28.90414284
28.94191920
29.29866658
29.42247721
29.44084729
29.48431249
29.53340407
29.66655425
29.67566707
29.89829791
29.90359388
29.96990477
30.07903194
30.40737599
30.40937063
30.42586859
30.51640931
30.58310722
30.62314716
30.83742005
30.93968577
31.00016293
31.20881387
31.26933336
31.31535274
31.41774404
31.47627620
31.64375680
31.74561613
31.77979770
31.78874650
31.80614946
31.82776167
31.94095602
32.42852821
32.42853481
32.52584978
32.54954171
32.60465721
32.61667209
32.72772109
32.76595846
32.90536907
32.91978414
33.20336463
33.20595515
33.31553576
33.35601456
33.40897282
33.49654403
33.52770609
33.53217375
33.54943561
33.55340392
33.55841718
33.79651756
34.12014976
34.40009556
34.55107272
34.74740124
35.29848517
35.34768469
35.50111745
35.60275633
35.73898022
35.77794137
35.78597949
35.85644493
35.92734848
36.08652472
36.14439582
36.23131088
36.26476846
36.45064146
36.57313504
36.60783468
36.63481944
36.74666244
36.83760099
37.14799889
37.33197262
37.35167803
37.37180936
37.63037767
37.73740120
37.76851023
37.84922098
37.97899348
38.15119667
38.31965272
38.34309959
38.39445242
38.46408490
38.64127614
38.93540216
39.09092904
39.16625544
39.22003688
39.37436010
39.37476803
39.51327801
39.54896766
39.57598674
39.61331393
39.66100234
39.71610780
39.84198446
40.04562795
40.20137970
40.47868206
40.48039412
40.50800718
40.51747379
40.92619246
41.06889195
41.13777547
41.22358525
41.22885241
41.35414285
41.40318796
41.42499978
41.50200237
41.59438393
41.82252967
41.91416048
42.00818054
42.09093624
42.15242736
42.16432697
42.20812836
42.21893096
42.22250949
42.23322644
42.27027926
42.32667437
42.42301328
42.46182177
42.61611741
42.67250268
42.69724309
42.70764960
42.74256345
42.95267287
43.06987782
43.20112349
43.20951018
43.30477167
43.30751062
43.35413648
43.37818125
43.40152248
43.44463890
43.47718967
43.74940179
43.80610880
43.84025092
43.89023860
44.00427211
44.01702670
44.04826310
44.27333836
44.30528514
44.38941253
44.44140754
44.45804439
44.50268340
44.61810264
44.68686930
44.74976773
44.75460196
44.79019734
44.88290931
44.98368867
45.06563341
45.19818253
45.32413468
45.37952571
45.53906944
45.67357610
45.83801236
45.91006176
46.00369441
46.03017217
46.05078000
46.15011911
46.19081560
46.27066390
46.39045774
46.75942008
46.82517165
46.83492464
46.88363260
47.01660910
47.21514814
47.30124901
47.35731465
47.43289199
47.48385529
47.55057762
47.71537291
47.81947504
47.88296896
47.88580744
47.89904968
47.90195301
48.17440889
48.23734484
48.32086551
48.32639694
48.34051093
48.34682530
48.36459115
48.37081099
48.37089963
48.40833159
48.58439093
48.65547415
48.69488697
48.75076860
48.75468958
48.78314253
48.84839502
49.12035495
49.14994480
49.21657838
49.23792797
49.29935941
49.32436183
49.49040198
49.50340701
49.81299061
49.82272981
49.82286060
49.87575089
50.29822738
50.32826986
50.45552844
50.62024612
50.62726881
50.67043432
50.76733077
51.00318137
51.01200116
51.02367791
51.03712451
51.14334071
51.20460412
51.23337115
51.42733189
51.49621757
51.56390596
51.66315314
51.66956448
51.93442043
51.94354883
51.96738627
51.97704258
52.08205716
52.09615459
52.44052875
52.46554092
52.57608057
52.76928644
52.92556121
53.04953182
53.06117228
53.13369313
53.15538230
53.18232962
53.34032921
53.40750626
53.48968172
53.60476654
53.60949998
53.63735182
53.71002319
53.86602123
53.89641184
54.12119454
54.19093070
54.21501694
54.31013464
54.35154697
54.47926265
54.53850294
54.74789625
54.99748603
55.23244864
55.26479021
55.26519098
55.67766150
55.69156231
55.86815057
56.06034850
56.23540617
56.32323469
56.40827248
56.52160861
56.58164462
56.59883462
56.64779297
56.65828249
56.81684584
56.89654142
57.08163993
57.08306418
57.21441479
57.30508740
57.36886295
57.46189372
57.47200174
57.58601970
57.61650298
57.64763724
57.72727352
57.74577961
57.80922690
57.86787270
58.11027120
58.14517488
58.19523906
58.37045609
58.37716880
58.41570335
58.43675189
58.57863364
58.59129156
58.61092386
58.63626216
58.71049905
58.77226554
58.90384430
58.99214346
58.99915622
59.12863351
59.25488519
59.26539953
59.36651242
59.55645763
59.59757449
59.66515274
59.73395905
59.88155338
59.93205720
60.15447711
60.26382167
60.28690001
60.57730209
60.83200755
60.84804137
60.88149601
60.90290861
61.04552410
61.12049731
61.16312553
61.22249117
61.64162567
61.73964748
61.90163048
61.96728371
61.97928464
124.00000000
