0.06302088
0.11484177
0.12380500
0.13715067
0.37464951
0.55200541
0.62226253
0.75101432
0.78169252
0.79564877
1.05167314
1.17828932
1.22486401
1.28238391
1.35071827
1.36921469
1.46243938
1.60779388
1.65437954
1.70523119
1.78173698
1.86047063
1.95034859
1.96738242
2.16213039
2.21404645
2.26854696
2.29732615
2.34027704
2.48502896
2.53848703
2.60851785
2.74149942
2.74591741
2.80520706
2.83769191
2.84357392
2.85984649
2.92734574
2.98681544
3.00350366
3.14743974
3.35188036
3.61274850
3.65422787
3.66776660
3.70939868
3.74026911
3.76986296
3.79297969
3.86761139
3.91362736
4.24474556
4.30545757
4.31238418
4.44670654
4.54701904
4.57028507
4.92989902
4.93064679
5.16782018
5.21189300
5.23381711
5.25394381
5.29692546
5.30969119
5.34672836
5.36704069
5.42403658
5.43283435
5.43843366
5.48694614
5.51594114
5.60327893
5.64029618
5.68333637
5.69353147
5.72501992
5.77395966
5.78639918
5.80489263
5.81319138
5.86325794
5.87843717
5.88819550
5.91805170
5.95860789
6.00799244
6.11232435
6.38104466
6.63045782
6.63428715
6.74362884
6.80638820
6.84021393
6.97694337
6.99624806
7.02336606
7.15211252
7.31394420
7.44121636
7.45610197
7.47351318
7.48740142
7.52582090
7.66716496
7.70776765
7.74356719
7.77717515
7.84528044
7.85299010
7.91787510
8.20847447
8.28003461
8.32988084
8.35771430
8.38766452
8.54003493
8.64480092
8.78970439
9.01960300
9.14879081
9.16571454
9.28512858
9.32611815
9.37742684
9.44035667
9.59846763
9.62418839
9.79112650
10.05247071
10.13177231
10.24486369
10.26133114
10.32979168
10.37701993
10.45604652
10.45871800
10.55757553
10.59983103
10.65977684
10.67846443
10.69943849
11.07383983
11.09677249
11.24592419
11.46761520
11.50839383
11.51495409
11.56241421
11.57204467
11.61638614
11.65693174
11.73323195
11.77690087
11.79070157
11.99206627
12.03979486
12.26349603
12.39053435
12.43906896
12.52569149
12.58351735
12.64421712
12.72776221
12.72788821
12.79672557
12.86823863
12.89498801
13.20302196
13.24163133
13.29841333
13.32481421
13.44739307
13.46216384
13.48232439
13.51492709
13.73418881
13.83995669
14.08365486
14.16266486
14.20483535
14.39934503
14.41703119
14.47203214
14.57681036
14.59984926
14.64199711
14.65219722
14.84528250
14.85981720
14.90978604
14.91926617
15.00387166
15.06074536
15.08073405
15.45969169
15.61261399
15.80269334
15.88487303
15.88836145
16.07256854
16.09859730
16.14534855
16.21002043
16.22615209
16.62378724
16.66022749
16.80958336
16.81914076
16.90917071
16.94819824
17.05580282
17.09066367
17.12449576
17.16792438
17.28185906
17.30998403
17.41151123
17.41945095
17.56882060
17.63995872
17.64612935
17.72715479
17.81470764
17.85120328
17.86696803
17.86872633
17.91756806
17.91915411
17.94882051
18.08748460
18.19202655
18.42579125
18.52302911
18.72314211
18.75605815
18.84952093
18.88524830
18.89972970
19.20521986
19.25140413
19.31497245
19.39305791
19.42116680
19.44134488
19.58270630
19.59305317
19.61965045
19.68929254
19.77664914
19.80619718
20.15342078
20.19532264
20.19962221
20.30372995
20.33714146
20.34027661
20.41204295
20.57547356
20.70938159
20.77670968
20.91338252
20.93876676
20.95140624
21.03740892
21.05152159
21.07145827
21.11930699
21.17772219
21.17895222
21.22982340
21.23430402
21.33863874
21.55120897
21.66854519
21.69997803
21.73672504
21.77953113
21.90364756
21.96653356
21.97018127
22.24657444
22.25864035
22.28843624
22.29022049
22.34883845
22.38313147
22.43982747
22.55146533
22.60071596
22.73319711
22.79127261
22.82399910
22.88812824
23.00158686
23.07898420
23.13471388
23.18077192
23.18260902
23.21671801
23.24744780
23.30661334
23.31929150
23.35135649
23.53998994
23.60117090
23.80825562
23.84645806
23.92746783
24.02873928
24.08005536
24.09451638
24.25131411
24.77046857
24.77474272
24.79778328
24.82512967
24.85301100
24.86689401
24.88662737
24.90818033
25.03983444
25.15534763
25.42040944
25.54099798
25.67924657
25.84838640
25.85770831
25.92255807
25.93438111
26.27710309
26.30428624
26.39585357
26.40945638
26.52430890
26.52494127
26.53978866
26.62321225
26.78896713
26.79880893
26.83899388
26.96266363
26.97326523
27.01669236
27.04276885
27.11534060
27.27416824
27.47439520
27.59417476
27.71777465
27.73737819
27.77043513
27.77914411
28.19645945
28.29701969
28.34703621
28.34767084
28.39304385
28.41690729
28.41948563
28.52715419
28.57277688
28.66842176
28.69236239
28.69981547
28.78305629
28.87926570
28.90795482
29.01115164
29.01626482
29.05136815
29.27589285
29.33866588
29.39212041
29.45452103
29.50627054
29.83019026
29.83626816
30.15489639
30.21418565
30.23588279
30.24717315
30.49538433
30.50580250
30.64488413
30.75361445
30.98213478
31.02877985
31.05100092
31.05240257
31.14689255
31.19773610
31.23463076
31.29611044
31.48501527
31.54267969
32.06802353
32.11844650
32.30492462
32.41490784
32.47626725
32.53213221
32.61667209
32.67243266
32.71430145
33.09745980
33.13458694
33.19602025
33.21381356
33.22566618
33.32591969
33.36942685
33.42878863
33.42962977
33.47195714
33.51157386
33.51651005
33.55314266
33.57656518
33.60824844
33.73974868
33.82641945
33.83716076
33.99463378
34.03591528
34.17243372
34.30675307
34.47752043
34.52159622
34.53364752
34.73778116
34.76361456
34.81244173
34.83018949
34.84108056
34.93639589
35.04785536
35.05118783
35.11269635
35.14567077
35.19443813
35.22888833
35.36435717
35.49265045
35.74362921
35.85257533
35.88908858
35.93599323
35.93929885
36.15300154
36.25941313
36.29679382
36.30151571
36.34863603
36.39775463
36.46261658
36.64632440
36.64818976
36.71638945
36.80633676
36.89720947
37.12619999
37.17436239
37.27332727
37.30143977
37.44325835
37.48975887
37.77941934
37.92308553
38.08033228
38.15835146
38.20458706
38.29149074
38.37919115
38.44089055
38.59068122
38.74356718
38.83979703
38.84907465
38.85586075
39.02177600
39.28894496
39.34354589
39.37846165
39.43458307
39.47251996
39.47597331
39.50025870
39.57375107
39.64580240
39.70349234
39.72733193
39.79559322
39.82488494
39.89291005
39.92503622
40.07681966
40.09558692
40.16215228
40.19362949
40.21379515
40.21728717
40.29502356
40.30123136
40.34397071
40.41325126
40.42717072
40.50800718
40.52578013
40.72120727
40.74846766
40.76458554
40.79305463
40.85938137
40.86203942
40.89338376
40.94609351
40.94932546
40.98451291
41.03882097
41.22174243
41.22358525
41.22783754
41.23646036
41.25231953
41.52488441
41.56318259
41.57960222
41.93045612
41.93918326
42.19526834
42.29914532
42.33111341
42.37655418
42.47671230
42.49223740
42.50209025
42.50836122
42.52429773
42.57409025
42.64500843
42.76943799
42.85096395
42.89213005
42.92635544
42.92923311
42.96148798
43.28811788
43.40462366
43.42545091
43.44443779
43.59947145
43.64217860
43.70069500
43.83536540
43.84927423
43.94424059
43.95304856
43.96298453
44.17324633
44.24760154
44.44255731
44.48632701
44.72790048
44.76893252
44.96399875
45.01588200
45.38844123
45.40245530
45.57381516
45.62871939
45.68920051
45.74122393
45.79754500
45.84967964
46.07837668
46.11341764
46.19827456
46.32879463
46.55928626
46.67124717
46.68221748
46.69111190
46.69259583
46.72571798
46.75640082
46.79525420
46.81709879
46.82169538
46.95984962
47.15193098
47.20218028
47.22612944
47.33684671
47.42527083
47.45014608
47.57320560
47.66294615
47.71407728
47.71637458
47.82224485
47.82406292
47.82886877
47.84868155
48.04531904
48.11293491
48.24202331
48.27568287
48.28640014
48.58572663
48.60833666
48.86162121
48.99228581
49.02150308
49.14703707
49.16851809
49.27799650
49.31598571
49.35606178
49.44954148
49.51952196
49.56515132
49.59213761
49.79684660
49.86692112
49.96026809
50.30006448
50.48021369
50.60602201
50.62183471
50.70365416
50.82417010
50.91204453
50.96120981
50.97451823
51.03900421
51.10048073
51.14886019
51.15438560
51.16374909
51.20423872
51.32821159
51.44635790
51.45719572
51.47519392
51.53559515
51.54482409
51.57719556
51.58196504
51.64719531
51.76371399
51.76530326
51.85595251
51.99486805
52.11413406
52.27329023
52.52136014
52.57995830
52.61598049
52.62124274
52.62193801
52.62321137
52.70532240
52.71262363
52.72542985
52.81074030
52.82198744
52.91466475
53.04741311
53.05053654
53.30349634
53.37896476
53.37962667
53.40230566
53.45221922
53.63989929
53.66984994
53.70625873
53.80197466
53.81712145
53.86198699
54.03549873
54.10901985
54.15588558
54.23024856
54.28957188
54.28981719
54.39525691
54.56570191
54.71472626
54.73844696
54.87921171
54.92640046
55.20341758
55.22499465
55.28771181
55.33429473
55.61439121
55.62413977
55.65164872
55.71746928
55.72778851
55.75360335
55.79596211
55.84967006
55.85672817
56.14459320
56.28139189
56.30857672
56.40586700
56.61628673
56.67569991
56.81817277
56.88969507
57.06949874
57.19993417
57.26850021
57.32817364
57.33854633
57.62191728
57.64921155
57.76946841
57.97166121
57.99493673
58.03790305
58.09543399
58.15351176
58.17901203
58.26162935
58.33406143
58.42622939
58.44229847
58.52546419
58.67939980
58.76285584
58.84574063
59.05539433
59.06630795
59.15329634
59.25080461
59.31115216
59.66775589
59.75254857
59.76802176
59.85103550
59.98703621
60.02426953
60.07047593
60.10105677
60.12826319
60.22844179
60.46898884
60.47265861
60.55019664
60.55859105
60.59746963
60.79650383
60.98808132
61.00823368
61.15278529
61.31149558
61.50638607
61.53574160
61.58011874
61.71717106
61.72576570
61.78479350
124.00000000
