0.00617853
0.01379515
0.05033322
0.05541137
0.13715067
0.16735073
0.18687023
0.21816318
0.22086682
0.44209481
0.44478540
0.52766636
0.52995884
0.57125374
0.67999255
0.78420138
0.85143264
1.06105390
1.14858698
1.16905231
1.17118277
1.18950844
1.21833595
1.28026562
1.32800915
1.42803145
1.49214842
1.51881079
1.58402486
1.69687073
1.71483104
1.90046117
1.94647764
1.99267538
2.03505753
2.05606120
2.09581890
2.13863905
2.74410078
3.04011993
3.29194544
3.36587897
3.41137462
3.51610511
3.56167258
3.57177202
3.73395715
3.87140350
4.05984794
4.23337621
4.24984917
4.26332288
4.36612071
4.41832969
4.57329666
4.61367450
4.68154567
4.68752189
4.69690923
4.72649044
4.77425071
4.95071209
4.95528422
4.95538952
5.05691101
5.09562845
5.12171727
5.20547643
5.27391904
5.31419443
5.32621579
5.33243517
5.42304297
5.43898299
5.47676559
5.52333535
5.68791446
5.79613656
5.86527344
6.09972222
6.27801849
6.43047477
6.48034200
6.60806823
6.66212128
6.71200179
7.04228476
7.10669380
7.13981339
7.17260855
7.29581231
7.30789793
7.33491543
7.35560087
7.49961169
7.54892928
7.62896409
7.76983496
7.78684482
7.88701985
8.14069104
8.32891348
8.38494108
8.40412198
8.44633259
8.45322545
8.47306108
8.47361664
8.48699462
8.55614430
8.56660886
8.76747894
8.79329921
8.88919849
9.08361618
9.18324988
9.18448878
9.28504283
9.31610695
9.46762963
9.48915054
9.51325474
9.51638514
9.67510647
9.99396365
10.02279689
10.22429924
10.28661005
10.35089205
10.37572750
10.49412705
10.51722269
10.54297074
10.88744781
10.92995314
11.07280065
11.25655920
11.38908401
11.40487193
11.49304166
11.54639116
11.56265226
11.62237808
11.73755720
11.83297752
11.88874454
12.02186881
12.03532074
12.11586363
12.46454686
12.58243966
12.60007903
12.65289527
12.69938181
12.73311949
12.75772947
12.83222437
12.87672631
12.97242695
12.99849626
13.28131470
13.28935330
13.32268906
13.34720180
13.45538564
13.49346944
13.50148559
13.51675969
13.52181544
13.65353172
13.78590058
13.84212390
13.84239043
13.87460779
13.93699035
13.97820927
14.01126328
14.07149804
14.19664599
14.30340857
14.44449690
14.56096534
14.61452032
14.78000882
14.93696953
15.09001078
15.09071748
15.13241410
15.14478039
15.25303757
15.28509163
15.33761383
15.40351970
15.67817914
15.87083645
16.07999027
16.12192734
16.16950596
16.21250311
16.28589539
16.31634353
16.47430944
16.63359982
16.70199359
16.96901074
17.08299641
17.09591742
17.19377703
17.27775446
17.32022555
17.47577729
17.51355957
17.53742846
17.55379800
17.63629648
17.86847219
18.35439879
18.50380117
18.56041897
18.56465297
18.59957684
18.67052131
18.74691976
18.86884741
18.91974966
19.02653535
19.11714966
19.18565334
19.21391474
19.23340110
19.37573061
19.42360979
19.54893952
19.59860618
19.61268672
19.65273587
19.73214851
19.89558909
19.90707311
20.02408397
20.02554587
20.05733271
20.10364929
20.13307605
20.15787906
20.25102608
20.46412325
20.51456953
20.58259389
20.59748210
20.66747415
20.81610251
20.89777295
20.93229382
21.05273144
21.09537874
21.10848666
21.16172433
21.17022536
21.30410668
21.37531066
21.46607607
21.47737690
21.51457473
21.56685371
21.86382971
21.89370727
21.95078920
21.95341695
22.07546812
22.11446573
22.14357918
22.18081783
22.27861863
22.33227603
22.42396874
22.46148479
22.64929110
22.78699383
22.92326610
23.34287450
23.41542865
23.47689516
23.48971817
23.50863034
23.53570806
23.62724173
23.67423845
23.71472039
23.83622167
23.93181005
24.08743521
24.09598050
24.15721215
24.21994159
24.29654667
24.30527213
24.31431545
24.43866964
24.49815995
24.78091852
24.82076932
24.96213519
24.98078859
25.02049022
25.15323866
25.16814716
25.19643303
25.33965042
25.39210103
25.43282146
25.67109980
25.68296511
25.86729373
25.87282197
25.91715673
25.93255820
25.98877764
26.03786205
26.05135830
26.12063583
26.14821655
26.23282671
26.25917052
26.42147524
26.74718408
26.92327340
27.04179795
27.19091097
27.24395173
27.34686086
27.41335386
27.60873537
27.78926443
27.93374573
27.93760918
28.14639220
28.22032046
28.23900399
28.28957232
28.29190035
28.32761578
28.33303436
28.56564855
28.64332696
28.64616890
28.74337940
28.98208160
29.08618719
29.20914341
29.32462968
29.39212041
29.48366147
29.48667064
29.51238259
29.55987740
29.59083069
29.68572408
29.76673146
29.78441571
29.85854442
29.91518660
29.94719055
30.19410480
30.40053250
30.40184979
30.47031875
30.58917258
30.67080580
30.67144477
30.69223156
30.72303625
30.78187799
30.98980232
31.02051153
31.06695875
31.16261475
31.29002828
31.55087990
31.60286820
31.91414905
31.92016472
32.08293443
32.13360206
32.17175239
32.49690809
32.56538029
32.65660801
32.71233391
32.78233761
32.82535575
32.89343413
33.00848343
33.08110245
33.11821413
33.16059104
33.17052577
33.22444854
33.26895379
33.45193930
33.46201260
33.50794849
33.57507046
33.58662218
33.59232017
33.59438407
33.69137533
33.81511247
34.06600570
34.14535443
34.16319090
34.23071506
34.30993605
34.43982190
34.46015869
34.58551404
34.61963553
34.71813108
34.77050720
34.89761921
34.93781418
35.01002430
35.31930404
35.36651637
35.54118295
35.60299281
35.79533093
35.89283127
35.94808872
35.95564381
35.96460082
35.97925448
36.04605694
36.27174931
36.31677055
36.46584476
36.51433127
36.52244685
36.56030455
36.56861852
36.65768169
36.74376161
36.74991380
36.80667206
36.87063733
37.10880180
37.24809641
37.46930682
37.57800018
37.66856537
37.82998748
37.90239883
38.01249351
38.05226817
38.08620252
38.24443302
38.44910073
38.54572680
38.60903671
38.74233539
38.88387283
38.92833350
39.10390837
39.18381244
39.18383441
39.19354916
39.38032530
39.52589505
39.61717994
39.64155337
39.71130701
39.75223252
39.85938816
39.87999409
39.99599047
40.07666622
40.22263647
40.30568817
40.35686360
40.48439181
40.48846615
40.55782506
40.71261187
40.78236891
40.79704240
40.93716219
40.94552561
41.13142743
41.28680374
41.43640375
41.56877207
41.64279189
42.03249676
42.09361404
42.25588852
42.81043502
43.10095370
43.18468659
43.20112349
43.23723963
43.40152248
43.44422653
43.45067462
43.45642369
43.86149245
43.98404332
44.09690548
44.10056020
44.23729417
44.32410407
44.44847861
44.47007339
44.66901255
44.95356086
44.96442526
45.00650635
45.07922199
45.09846911
45.25261414
45.25366220
45.69431757
45.86016197
46.05347988
46.13060028
46.18648092
46.24103251
46.30391996
46.34054337
46.42162323
46.45783033
46.53831611
46.72143614
46.74404488
46.99502199
47.09087284
47.14473120
47.35263572
47.48419304
47.48997750
47.65000591
47.75378777
47.84211335
47.86989587
47.88426001
48.02507333
48.08873037
48.23405148
48.30621620
48.34426067
48.37077241
48.58095420
48.61217806
48.65272375
48.82104336
48.95175607
48.97083821
48.97761873
49.08146329
49.11467956
49.13452707
49.16244658
49.21286772
49.23936367
49.36841777
49.39356139
49.47941235
49.49486799
49.56382492
49.69073165
49.80861641
49.91695351
49.98078472
50.31876017
50.45697730
50.50998644
50.59271275
50.60602201
50.67293188
50.77755089
50.82931417
50.84649226
50.93584761
50.97447211
51.01198519
51.10383943
51.11470490
51.16011247
51.26666658
51.36382339
51.62405243
51.82372455
51.90755309
51.91413129
51.91714437
51.99304945
52.14352285
52.26840743
52.39240171
52.39253118
52.54111357
52.59759567
52.74340953
53.32678174
53.50166870
53.54095929
53.61227819
53.62828161
53.65826075
53.85287896
53.95883800
54.21512687
54.25194955
54.67409641
54.81661983
54.83707769
54.85210279
54.89928813
55.21985718
55.28134078
55.45430227
55.56059166
55.60745764
55.62068154
55.83686517
56.05141893
56.17103957
56.22385990
56.27783527
56.28576527
56.29421282
56.29628257
56.80293482
56.92039581
56.93437295
56.95183294
57.09700759
57.18777701
57.26229349
57.26922860
57.34809626
57.37865669
57.67318650
57.67548814
57.74754574
57.75972710
57.76897971
57.87743066
57.94702866
57.94781265
57.97587075
58.09637932
58.12166571
58.24886864
58.31886152
58.32708330
58.33406143
58.34723626
58.47809982
58.49220460
58.54202187
58.58401488
58.65622576
58.73014873
58.79072791
58.80848221
58.81280653
58.81779539
58.85501545
58.88839580
59.00792125
59.15962020
59.24445537
59.26776576
59.41792266
59.53285963
59.57138698
59.61447895
59.61775551
59.66515274
59.83957820
60.02123174
60.09719994
60.14081922
60.16288974
60.28750907
60.52914115
60.56518932
60.61961681
60.77380951
60.82893470
60.99147972
61.01308979
61.06045645
61.20388499
61.26800692
61.28202308
61.30670115
61.40263230
61.67142160
61.76876131
61.83551307
61.94894735
62.00262906
124.00000000
