0.05517029
0.17483847
0.24893396
0.28276505
0.32198773
0.46591646
0.53116807
0.56437136
0.58531869
0.58734871
0.62060932
0.66536250
0.75650692
0.76227711
0.77293148
0.83345246
1.11906016
1.23765420
1.24635315
1.27333604
1.35626648
1.35989257
1.48092011
1.56851241
1.68998749
1.91602079
1.98399253
2.00820075
2.08912629
2.13497849
2.13988371
2.14812291
2.19978474
2.26515332
2.32151395
2.42088147
2.43255177
2.46144315
2.49554537
2.50850340
2.56717073
2.62498550
2.63176323
2.64196226
2.68636896
2.84371398
2.91880456
3.08180041
3.08662827
3.11438557
3.13852825
3.17875441
3.22909919
3.31480623
3.35229101
3.36921352
3.40838869
3.42534656
3.49774475
3.52229300
3.64028416
3.75075669
3.80282446
3.91311005
3.99197447
4.05908926
4.21627468
4.31538511
4.31984127
4.32424273
4.36727876
4.42656003
4.45932310
4.59726290
4.85765022
4.89289661
4.93869665
4.94096928
4.96858085
4.98265414
5.03032019
5.08069827
5.09104897
5.10319023
5.18268617
5.25044999
5.31534448
5.40883671
5.80762569
5.81941314
5.86729818
6.01192994
6.18971699
6.25136722
6.28686614
6.39327121
6.40395696
6.42276597
6.52273094
6.62210737
6.62388120
6.74641924
7.03038812
7.18074351
7.48385807
7.60811942
7.60944563
7.61771052
7.73252873
7.76921000
7.92233185
7.94716302
7.95177781
7.95782519
8.11984861
8.20498956
8.36165859
8.50144161
8.81900960
8.94272739
9.17087863
9.18535297
9.27522749
9.29432655
9.35373520
9.41929865
9.58242525
9.61393696
9.61689834
9.70077020
9.78700092
9.80325737
9.85234475
9.90945691
9.91921664
10.14087649
10.19927901
10.22154243
10.36573080
10.37937416
10.45109504
10.63839356
10.83264264
10.90078217
10.96027136
11.01762162
11.03204357
11.06570181
11.22956168
11.47433727
11.60671948
11.92493345
11.94577722
12.03848973
12.13264350
12.34151052
12.52001105
12.73994318
12.86668755
13.00073229
13.16072751
13.17823187
13.18356979
13.32656729
13.35486015
13.57826140
13.58389952
13.64243339
13.71458183
13.73080231
13.77053904
13.78105522
13.81968630
13.99957010
14.01885309
14.10744771
14.14407014
14.21448298
14.39863112
14.43545539
14.46824555
14.52073486
14.69939821
14.72913710
14.74251833
14.79447233
14.87491402
15.03965590
15.09969289
15.10230398
15.12940348
15.18674077
15.18752445
15.20397048
15.47589011
15.48058159
15.80103577
15.87049023
16.17216266
16.18134340
16.25591691
16.27443344
16.28507048
16.29288364
16.30935007
16.30941431
16.32428932
16.33074600
16.41812523
16.44278993
16.48865012
16.48872154
16.50765729
16.52471104
16.54082053
16.59067224
16.59163253
16.67235565
16.70465446
16.75353957
16.76605221
16.81223981
16.82557828
16.84235551
16.97965447
17.02536688
17.17118888
17.36092440
17.40197775
17.44407660
17.69397826
17.93381477
18.24796935
18.34055410
18.43877283
18.56466695
18.57638407
18.58793011
18.58845312
18.64836615
18.69471576
18.82140847
18.88322674
18.92722311
18.93595772
18.98065229
19.09696650
19.10585011
19.19584219
19.27889160
19.32044495
19.33623001
19.44136329
19.47270072
19.51881701
20.25043287
20.28169615
20.36503135
20.50659885
20.56902053
20.57486431
20.73246279
20.74944658
20.88240460
20.91004561
20.91878833
21.20992927
21.22978945
21.29620684
21.35532733
21.37405689
21.38827835
21.42497613
21.46805429
21.47905461
21.59169314
21.62620443
21.66840221
21.71829186
21.73906396
21.84006860
21.85010727
21.85973403
21.92677894
22.03447399
22.15163180
22.21530443
22.52684684
22.53879388
22.55707857
22.60071596
22.88600307
22.96559294
23.00865823
23.01948964
23.02230861
23.19364369
23.26924374
23.43291715
23.44777881
23.85449107
23.92958975
24.09804046
24.14334367
24.18848268
24.23504749
24.27339099
24.37766903
24.40689396
24.41363848
24.50065446
24.50892814
24.61844295
24.66121242
24.70128504
24.73994732
24.80833106
24.90158796
24.92287450
24.97566980
25.05389532
25.05497683
25.15576715
25.28663249
25.42303239
25.47430927
25.47599032
25.51730537
25.73874871
25.74808342
25.79477280
25.89295728
25.99895301
26.00103108
26.05321880
26.22122690
26.29026709
26.35976747
26.44669881
26.48311380
26.55289057
26.85322813
26.86437815
26.97326523
27.03216838
27.03894100
27.09338056
27.16129496
27.37155733
27.37214051
27.53070298
27.72092587
27.74842907
27.98863553
28.23816232
28.29590718
28.38525254
28.39219355
28.48465674
28.49863926
28.56766615
28.66881168
28.67714629
28.83623571
28.87051737
28.97634954
28.98380048
29.00682651
29.04191791
29.18154411
29.22963308
29.28809347
29.51814366
29.60739618
29.63890532
29.64887701
29.77875046
29.98171231
29.99271964
30.04955921
30.07790876
30.14877824
30.30952150
30.33650939
30.35083882
30.38620032
30.38654479
30.42371706
30.42565832
30.52194512
30.61994726
30.62312976
30.65387759
30.72547952
30.83733994
31.01105074
31.05190697
31.08177553
31.31349982
31.57633995
31.72612176
31.78038642
31.79094219
32.08039832
32.24895824
32.32172224
32.51576756
32.75015309
32.82149788
32.87183212
32.90825599
32.95146191
33.09423511
33.11619289
33.20690448
33.26454256
33.48612586
33.65671456
33.86110861
34.01612186
34.02986411
34.11263445
34.16542702
34.32683639
34.41860757
34.42097435
34.42747178
34.44379128
34.63705496
34.72260382
34.73905903
34.80485962
34.81276668
34.83598060
34.93992739
34.97444766
34.99007062
35.06848097
35.08300117
35.41788324
35.61695340
35.66980260
35.72204674
35.72595834
35.73804192
35.73898022
35.78076491
35.79744897
35.91137733
35.99236691
36.01566261
36.42575120
36.45184902
36.54201431
36.65288501
36.68560511
36.90632677
37.00285299
37.25161429
37.26783803
37.38108083
37.47402332
37.52686711
37.61142070
37.70243875
37.75556228
37.76732912
37.93300470
37.97542001
37.97899348
38.07827694
38.15766056
38.19098124
38.20041841
38.21487359
38.34794580
38.43903212
38.65385379
38.85090227
38.92116545
38.92833350
38.98317505
39.02181144
39.07471140
39.07482945
39.08513849
39.08998233
39.12940230
39.13139800
39.19384639
39.22003688
39.28587774
39.29607824
39.32570389
39.35668610
39.36365709
39.42914552
39.46432273
39.46708153
39.49083229
39.58544042
39.58646560
39.63356518
39.63851092
39.93179515
39.93968825
40.03350231
40.09689217
40.13133685
40.15012185
40.17424848
40.18794794
40.22370163
40.37847157
40.48001298
40.49502679
40.69164117
40.74469505
40.88369892
41.14508811
41.21167536
41.27804663
41.39032864
41.70659933
41.75195069
41.80577004
41.82657775
41.83064572
41.86207070
41.87511153
41.90789242
42.14416182
42.15674419
42.18540269
42.21689577
42.21768619
42.34033268
42.37182673
42.39077367
42.55404178
42.63965062
42.65722137
42.77233757
42.78875625
42.79353602
42.96040956
43.03118850
43.06662193
43.15743445
43.23024166
43.40923016
43.54340904
43.54425164
43.55204770
43.58157921
43.71361396
43.71999854
43.84496007
43.89883295
43.90842547
44.04018424
44.06938958
44.09342916
44.15579491
44.25634961
44.30139641
44.31705083
44.37160930
44.37573291
44.45959226
44.70129348
44.83391964
44.85536920
44.89773016
44.93371825
45.03384550
45.04052215
45.04988355
45.19181801
45.22516357
45.27472197
45.49680232
45.53365396
45.54401629
45.64494340
45.64700109
45.72550677
45.87261906
46.04438747
46.19323371
46.19595468
46.38395524
46.48306293
46.49496056
46.67482497
46.80134311
46.81378561
46.93361943
47.08756364
47.22176417
47.24646185
47.26775213
47.46373709
47.47279521
47.48385529
47.54810198
47.55057762
47.80973525
47.90178698
47.99595426
48.16182240
48.27036237
48.37077241
48.46490878
48.56244705
48.66041788
48.72743753
48.75922334
48.90604187
48.92997486
49.10648529
49.16911407
49.19128879
49.29802190
49.33621933
49.44957378
49.60660656
49.71451510
49.71727607
49.73793937
49.82272981
49.84363117
49.88882426
49.91361658
49.91415040
50.09978484
50.28311045
50.29565357
50.50763321
50.50967824
50.63507593
50.72420683
50.82417010
50.93397330
51.19191306
51.30819075
51.43799576
51.47619251
51.51058166
51.51357689
51.63986158
51.67481101
51.68504352
51.74991722
51.75586420
52.03164078
52.13762102
52.15997270
52.21936638
52.23271432
52.37254029
52.50240725
52.66083882
52.67277440
52.82981450
52.98200367
53.32073643
53.32328492
53.35603633
53.38416098
53.42780191
53.44082071
53.44466244
53.47016906
53.72306412
53.74547480
53.74736056
53.83204017
53.86134505
53.86668790
54.06050281
54.14010648
54.14411226
54.22927943
54.35088554
54.37328195
54.54210203
54.60254128
54.60696680
54.69646463
54.74764770
54.75624227
54.78360956
54.78788419
55.05808793
55.35114882
55.43314675
55.51390318
55.57725749
55.63250097
55.69515313
55.81515347
55.96339549
55.98840006
56.04840048
56.06639606
56.15640347
56.22620750
56.27218641
56.62790957
56.65350634
56.72567766
56.80546436
56.91635674
57.16450845
57.16795197
57.22585843
57.31632209
57.36466404
57.51932684
57.53399828
57.72321653
57.92789590
58.27845541
58.28085766
58.46648295
58.46866166
58.48621401
58.49246230
58.60690145
58.63693230
58.64721996
58.69836339
58.76285584
58.81779539
58.91441091
58.91892849
58.92517292
59.17989014
59.29683147
59.30649597
59.41224370
59.47951690
59.57671353
59.87288758
59.87942692
59.90315172
59.93068125
59.93075381
60.04171147
60.16722113
60.52373991
60.81074589
61.04154605
61.04611379
61.10206128
61.10416184
61.15726162
61.16187978
61.18118449
61.19636153
61.22828015
61.35354096
61.39844230
61.41172142
61.46401063
61.47223453
61.49831293
61.54579777
61.57634595
124.00000000
