0.01351739
0.32799830
0.39298341
0.39507240
0.41505783
0.55312311
0.67708823
0.71817891
0.82959801
0.91619102
0.99795003
1.01269222
1.07040468
1.13904432
1.16330622
1.20532591
1.29581823
1.36558514
1.42194076
1.43666359
1.46498829
1.54460134
1.59357812
1.60277594
1.67446791
1.91966063
1.98848636
1.98857595
1.99986688
2.06882128
2.09979750
2.13863905
2.25126398
2.36925457
2.38193696
2.41455276
2.41782733
2.83991196
3.03837638
3.13403438
3.22355715
3.23613245
3.28854188
3.44058575
3.47559254
3.50047198
3.50148264
3.53893556
3.62317487
3.68416860
3.76979909
3.78384676
3.84527281
3.84827724
3.90775873
3.95254095
4.02854197
4.05558360
4.07489345
4.10522237
4.13500653
4.15052926
4.15292679
4.41792888
4.48034770
4.48086037
4.63557866
4.70252401
4.72164531
4.96961605
5.01644172
5.12358846
5.14157317
5.18458387
5.24164948
5.39206042
5.41221848
5.46944691
5.53044896
5.53595484
5.59957507
5.70498428
5.72068705
6.20613029
6.28235474
6.35711946
6.37629784
6.39061451
6.47665880
6.56839536
6.69837521
6.74127695
6.74518090
6.79726336
6.79972035
7.01524828
7.27527330
7.34539102
7.39283326
7.47681350
7.68900634
7.69124923
7.69193848
7.74241113
7.74266736
7.86237644
7.93578841
7.96821924
8.03565475
8.03929119
8.38373344
8.39235786
8.40745008
8.43080053
8.49684982
8.53242588
8.59799364
8.66894634
8.71413100
8.76440986
8.76747894
8.91948023
8.97396066
9.15119448
9.16219496
9.25573123
9.29328995
9.85962528
9.95581038
9.97060557
10.20926435
10.31135881
10.32103498
10.55773335
10.69543402
10.70246502
10.73252508
10.77457445
10.79697493
10.84041444
10.96428564
10.97428275
10.99583050
11.24093478
11.31512812
11.65159875
11.65225493
11.69192826
11.75956229
11.85036413
11.96930373
11.97788099
12.14017423
12.26110734
12.27610426
12.28172852
12.42760897
12.74908918
12.75131403
12.84016404
12.90248295
12.91686450
13.35471526
13.41477987
13.63034281
13.63933949
13.64243339
13.74486644
13.97770711
14.10922535
14.15654889
14.39065538
14.52879803
14.63210528
14.64199711
14.70733880
14.72372767
14.72913710
14.77711881
14.89029941
14.98069626
15.06352998
15.23172850
15.26330609
15.40196032
15.49463293
15.65454401
15.68382912
15.78901027
15.82702013
15.99388501
16.08704194
16.13381632
16.20371757
16.30142415
16.42994578
16.57982684
16.59683918
16.66577585
16.74219848
16.82912186
16.87510158
16.91920279
16.93451208
16.94888863
17.19526294
17.25077607
17.33189993
17.34462910
17.49058131
17.49640968
17.54536227
17.56005504
17.57302454
17.59243029
17.59907592
17.60040264
17.62266059
17.63484208
17.73678745
17.78929109
17.97991093
18.04736742
18.21899584
18.27805598
18.29109578
18.32311751
18.37841215
18.40612004
18.44286904
18.58617128
18.74999640
18.76893441
18.91239334
19.07421239
19.08281619
19.15149967
19.17837542
19.40069525
19.52710289
19.55346266
19.78781369
19.80501392
19.84456947
19.93415666
20.06726617
20.20019150
20.21228431
20.21370368
20.24291663
20.30719722
20.31455847
20.45049836
20.47876390
20.48727727
20.72070833
20.90384383
20.93257455
20.94215502
21.01671060
21.14159818
21.24145333
21.32818869
21.37891943
21.39924354
21.51711629
21.57201161
21.70260230
21.80906848
21.90033933
21.91216240
21.97018127
21.99376989
22.07651813
22.29267991
22.30041157
22.58550385
22.62803011
22.71342348
22.77360033
22.86602570
22.87517085
22.89342315
22.91112806
22.91297642
22.94157771
22.98846499
23.05387232
23.08718839
23.18412339
23.36830053
23.41696761
23.43730814
23.44133631
23.56579741
23.79062182
24.04601244
24.08509911
24.11885014
24.19342805
24.19911384
24.21716158
24.37087557
24.39988841
24.64968298
24.69030323
24.74750863
24.90891640
25.00892155
25.02049022
25.03814786
25.15361256
25.31403017
25.35153415
25.38800545
25.39552571
25.39755398
25.41141047
25.43712649
25.50173336
25.53406632
25.55924297
25.65506132
25.65847379
25.68416088
25.71944797
25.72188985
25.74207146
25.76845848
25.84201559
25.88348249
25.90102820
25.93099880
25.94695954
25.95419607
25.96435014
26.14318395
26.32876327
26.38250814
26.43916463
26.49922106
26.53271064
26.54756273
26.55607557
26.62714769
26.74159886
26.76189517
26.76494862
26.78389596
26.85222136
26.98832882
27.03109190
27.05596027
27.11292446
27.14363273
27.16769573
27.34676185
27.38223858
27.52709020
27.52973888
27.57307542
27.91463601
27.91960748
27.95260957
28.00106640
28.01409133
28.03601721
28.17967798
28.41570594
28.49798113
28.63256346
28.63778659
28.69982171
28.70287935
28.71010766
28.73257711
28.78572030
28.79818664
29.02046913
29.11537423
29.11735057
29.22068388
29.27355884
29.55953415
29.63079687
29.68238355
29.94300087
29.94838786
30.06993580
30.09440731
30.40330025
30.41827734
30.42343425
30.50630233
30.60350281
30.65295230
30.76583096
30.80373324
30.82793654
30.85916386
30.86504539
30.87570638
30.87785833
30.91999756
30.93552569
31.02877985
31.07786120
31.23734982
31.42367380
31.47810883
31.69877671
31.77752297
31.92903837
31.99688907
32.04430122
32.15554246
32.35877103
32.51268483
32.70225128
32.82082051
32.85899780
32.87391156
32.89469343
32.90417764
32.91882821
33.10972058
33.14092725
33.26697409
33.33595557
33.42656794
33.53438733
33.55899001
33.56102518
33.58858093
33.86281516
33.96540402
34.03549075
34.09780751
34.28871527
34.35738737
34.56680361
34.60890650
34.68986955
34.79564181
34.88766589
34.91906723
34.97444766
35.11789579
35.24304113
35.25269150
35.56654399
35.65932546
35.90164833
35.94574664
36.05497143
36.07785695
36.23909679
36.25555508
36.27724665
36.31072800
36.36914475
36.47284608
36.52103952
36.53450885
36.56083438
36.65633293
36.72906018
36.73032069
36.91498711
36.99976946
37.03971274
37.05951566
37.09073949
37.14752648
37.14818012
37.15114484
37.16642499
37.16648883
37.19052828
37.25396863
37.29280957
37.32274513
37.32583035
37.40566209
37.41421385
37.42088653
37.59830543
37.61481962
37.67445206
37.71462034
37.76656558
37.83941855
37.89214096
37.97010491
38.08901537
38.32630946
38.48898792
38.50034997
38.54733970
38.57710382
38.60063116
38.63200859
38.64869766
38.69637752
38.82368072
38.91217088
39.18648894
39.25963520
39.56480055
39.56955985
39.64039876
39.65307924
39.71542775
39.78720775
39.91670897
39.94683206
40.17236353
40.27739006
40.40151395
40.48837089
40.59816404
40.65050706
40.74445330
40.74728018
40.78353763
40.89097613
40.95707510
40.96601788
41.00202517
41.03943446
41.10067128
41.10506853
41.14508811
41.23829934
41.24769213
41.41831143
41.47202597
41.60950765
41.63656381
41.70615195
41.71060523
41.75633800
41.76202373
41.78669570
41.81247952
41.95680826
42.24369511
42.48710457
42.57600466
42.57892565
42.74370979
42.79959711
42.89597825
42.91690743
42.94484403
43.07701128
43.23319297
43.26488000
43.36677788
43.46772495
43.68688653
43.69937773
43.80007802
44.12131385
44.16645653
44.18254540
44.19386582
44.25338157
44.31633700
44.48828192
44.56555146
44.70193038
44.77360444
44.85654284
44.97253943
44.97753095
44.99803836
45.16409416
45.21047024
45.27875372
45.27917656
45.31280146
45.43449312
45.43688438
45.45223423
45.58976859
45.79157031
45.86575529
45.90938792
45.93375486
46.13102404
46.20306931
46.31916967
46.46680469
46.47215598
46.48014613
46.48958753
46.63669787
46.74404488
46.77799089
46.81533205
46.82002966
46.87934768
46.95037287
47.00108639
47.06999650
47.10081949
47.13825116
47.23980051
47.25133835
47.27045764
47.30962709
47.41553592
47.44279381
47.48076635
47.53654034
47.59476316
47.86989587
47.88296896
47.91483788
47.95494175
47.97406846
47.97826628
47.99792875
48.06171452
48.32292437
48.34920749
48.38837880
48.38848194
48.41859040
48.42876272
48.47186345
48.53697789
48.57484429
48.57906154
48.69488697
48.83005480
48.87131074
48.88892810
49.06881495
49.16625474
49.21684264
49.31445274
49.36028378
49.55503061
49.68849308
49.79517723
49.84987471
49.89346139
49.91954633
49.95125577
49.97810739
49.99590011
50.46469652
50.48550668
50.52932481
50.78407775
50.96269810
51.04733413
51.09721783
51.31320783
51.34309634
51.35833120
51.36672632
51.47619251
51.49680434
51.56279319
51.60773732
51.60902565
51.62941452
51.81412949
51.85380410
51.86007713
51.92997049
51.93558234
51.94235151
51.94722908
51.97285840
52.09092097
52.19608584
52.23071653
52.23259161
52.34271197
52.47452918
52.56686657
52.70823633
52.74970360
53.11671933
53.11927592
53.12273863
53.26903222
53.30943450
53.37735957
53.40354026
53.56065851
53.61106421
53.71824501
53.72908003
53.77464878
53.83009810
54.02843684
54.07431457
54.25692990
54.52491201
54.80316179
55.03489097
55.24398762
55.25641685
55.30284365
55.42591014
55.46823623
55.56813394
55.59029575
55.72531331
55.82525237
55.91388808
55.98527960
56.28930853
56.31265783
56.34580886
56.63483181
56.65908613
56.71825464
56.72840449
56.72997207
56.74464937
56.85457257
56.90909581
56.96605219
56.99376132
57.00458749
57.01272061
57.11136507
57.19395832
57.36886295
57.43762584
57.51573607
57.52693024
57.61783018
57.66660179
57.69131125
57.69810354
57.90341540
57.91152179
57.96897180
58.00779943
58.03752474
58.08900309
58.09637932
58.11345790
58.17746034
58.27156626
58.27158595
58.28085766
58.33263576
58.34815129
58.43796440
58.58442801
58.60135839
58.60299741
58.73893987
58.92019128
59.08128175
59.17721558
59.22160668
59.30210497
59.38903073
59.45835787
59.63394208
59.68500359
59.68850955
59.71083013
59.95013989
59.98220614
59.99674361
60.07687421
60.10693545
60.16531240
60.19904927
60.23999004
60.40763205
60.61566458
60.62797328
60.82855335
60.95288678
60.98236819
61.03628631
61.29132325
61.52106738
61.56497203
61.56847823
61.80061029
61.84727485
62.15351298
62.30355188
124.00000000
