0.07941701
0.09019733
0.18687023
0.24456684
0.31935634
0.54360837
0.62340295
0.62753840
0.63065503
0.66854333
0.81103529
1.05505256
1.18690809
1.19517011
1.32478256
1.35989257
1.51303450
1.78097725
1.78817353
1.88892582
1.90441915
2.01239351
2.13841667
2.14663492
2.21670975
2.27552950
2.29264687
2.30562683
2.31335446
2.50489318
2.52324406
2.57456959
2.58742843
2.63853690
2.90738263
2.95636713
3.19213606
3.27141538
3.28494025
3.41137462
3.51848985
3.58983511
3.77099731
3.79629193
3.88193985
3.99958122
4.08278089
4.58033699
4.64935179
4.69218451
4.79622575
4.90659199
5.03423505
5.13337698
5.15766266
5.19881885
5.30876624
5.39326695
5.41382299
5.56592588
5.59362703
5.67433228
5.97995910
6.15916136
6.22923512
6.23635955
6.39502419
6.41836090
6.52245184
6.62138501
6.90334382
7.02439742
7.09495849
7.20819629
7.21280366
7.21612900
7.43187289
7.45534822
7.47415168
7.52946769
7.53766406
7.61100195
7.64523330
7.65593693
7.66935684
7.70307842
7.71376981
7.80309658
7.86586245
7.90778528
7.96410018
8.17591069
8.27767804
8.38350710
8.57878145
8.76422347
8.84925382
8.99921631
9.12717418
9.29589096
9.42872165
9.43973863
9.55800393
9.56509782
9.64979629
9.68089738
9.68435923
9.79753470
9.88046070
9.98378405
10.02937020
10.03421037
10.04473060
10.07505254
10.08304943
10.12673010
10.14381078
10.22009137
10.40851135
10.44124817
10.44526660
10.47860344
10.65031881
10.69632334
11.00904339
11.03785512
11.11069879
11.12596495
11.20935523
11.23966076
11.36595302
11.49110976
11.52921749
11.55623933
11.61383437
11.63171681
11.67057749
11.69928976
11.76954631
11.83466333
11.85568117
11.86428902
11.96987722
12.09472747
12.21612331
12.22097641
12.39312789
12.40481255
12.50126340
12.54772885
12.59082322
12.63136897
12.66698004
12.70331918
12.81788730
12.83145176
12.99891359
13.00073229
13.07955620
13.10621964
13.11014157
13.33967219
13.49036414
13.51336668
13.61340587
13.69922542
13.72926763
13.73631034
13.78935095
13.96099619
14.01136614
14.03179899
14.24386963
14.25532768
14.25806629
14.29172742
14.36477012
14.37348308
14.63370735
14.71500137
14.86239478
14.87238279
14.91983602
15.01571410
15.03349758
15.07107255
15.09534292
15.11517965
15.18449235
15.31505007
15.38887338
15.47317563
15.48438353
15.52211239
15.52561807
15.71580929
15.75254101
15.83429329
16.02955110
16.03079795
16.09579314
16.12027357
16.15335579
16.18507270
16.25934877
16.32112365
16.38442714
16.48379338
16.48459698
16.61502010
16.69684929
16.76378862
16.83941214
16.93342989
16.97885556
17.07397470
17.08233797
17.08992360
17.12448082
17.17118888
17.29088442
17.29413622
17.38617807
17.61289824
17.63105966
17.66498850
17.66863881
17.68985394
17.80203167
17.95536187
17.96338070
17.99520309
18.03411657
18.23568255
18.27866268
18.38379632
18.40495611
18.40766810
18.53359254
18.58845312
18.65146355
18.87590184
18.97421958
18.98707589
19.16228297
19.17451475
19.36550704
19.40369219
19.48453882
19.57499985
19.68624339
19.84420602
19.95993143
20.07216543
20.26635612
20.35774207
20.40192995
20.45927030
20.49880130
20.50159496
20.52257897
20.55164303
20.55981058
20.56993536
20.70272504
20.79138000
21.11573431
21.12108907
21.13962941
21.14549412
21.29545363
21.32161739
21.46992040
21.51238734
21.52160844
21.61462983
21.61759938
21.64440611
21.65901224
21.74605200
21.78488723
21.80043376
21.80200981
21.90102128
21.91552431
21.92677894
22.09323500
22.24352275
22.27112556
22.41838379
22.51632809
22.55438620
22.67920157
22.74529738
22.80754339
22.83770720
22.86651660
23.12345111
23.32747528
23.35647934
23.37847842
23.40489339
23.54880811
23.56842570
23.60737469
23.72137012
23.84110225
23.93056402
23.93852733
23.94635223
24.00664791
24.10220138
24.51960819
24.66812755
24.67543827
24.76469383
24.79348525
24.81407715
24.83126476
24.85391054
25.04507829
25.11896558
25.13424014
25.15361256
25.16061001
25.22099096
25.24626034
25.33367126
25.34911944
25.36750195
25.36779718
25.75165575
25.81694963
25.88561095
25.88883043
25.96193118
26.01626513
26.16374195
26.30423259
26.31657256
26.41488109
26.47326082
26.77332613
26.81424104
26.83899388
26.87429937
26.89241287
26.96837998
27.03576776
27.37470422
27.38805013
27.59389029
27.63403358
27.80901882
27.83780516
27.87527443
28.04170080
28.06444986
28.28961007
28.47639491
28.70253455
28.76753068
28.90511203
29.05699236
29.12975966
29.14341005
29.38431048
29.58632242
29.61565716
29.69811420
29.86774023
29.91141727
29.91995554
30.03803526
30.11359622
30.17411768
30.28094644
30.31966686
30.34019555
30.67889542
30.87580339
31.00974344
31.08419968
31.19171057
31.19773610
31.35261519
31.35658223
31.36032636
31.46110666
31.53459762
31.57143619
31.59127405
31.64060297
31.68382830
31.80511156
31.87607638
32.00680443
32.23836893
32.26956498
32.40634195
32.47117340
32.47715249
32.63210263
32.76396828
32.83350057
32.92807200
33.16644908
33.29871495
33.48612586
33.84705217
34.22222941
34.26735636
34.29603200
34.35575229
34.40597140
34.41511920
34.46932607
34.65537244
34.70867869
34.76022258
34.76087838
34.77050720
34.79155863
34.81684390
34.91874905
34.93992739
34.99829707
35.02599952
35.06790083
35.15309989
35.39480146
35.48498434
35.53056154
35.63736773
35.72020831
35.83307836
35.94076653
35.97052173
35.98962459
36.11412131
36.14121466
36.15300154
36.34812896
36.70417505
36.72906018
36.76624192
36.80214611
37.12169510
37.21792141
37.21999538
37.22916261
37.34380028
37.51174325
37.55746453
37.63974415
37.64416690
37.66913563
37.72941405
37.78432298
37.83231106
37.93336387
37.99289666
37.99755136
38.05663289
38.07253466
38.13675280
38.22447748
38.28456840
38.29405573
38.31848892
38.42378962
38.43455778
38.46301037
38.52331190
38.68843680
38.82896226
38.94081222
38.96270196
38.96823140
38.99743539
39.03236720
39.04418607
39.08354577
39.16981599
39.18419363
39.22684857
39.28327220
39.54896766
39.64663690
39.67153224
39.86257631
39.93799154
39.95782941
39.97961109
39.97990274
40.03359604
40.04877191
40.07546499
40.15132971
40.38578257
40.47481813
40.49247858
40.65824039
40.71739898
40.92787454
40.93565827
40.96646994
41.08822411
41.20964019
41.33309958
41.49874067
41.51186143
41.67914412
41.69904211
41.77102518
41.79265936
41.86501287
41.89935733
41.96530347
41.96587413
42.06846080
42.11954193
42.31189113
42.40822245
42.41963140
42.47671230
42.55295036
42.85078263
42.86389014
42.95589672
42.95836430
43.01557984
43.28628217
43.39988317
43.67666185
43.67695177
43.68631641
43.72974286
43.73283057
43.74445454
43.76549327
43.80801147
43.82097319
43.87527959
44.16084664
44.31633700
44.37823269
44.39978150
44.44828474
44.50821865
44.52338767
44.53153393
44.60219234
44.61021910
44.66251403
44.71356619
44.95416940
44.97227673
45.18965232
45.28265823
45.28598290
45.28625797
45.37714017
45.57798913
45.58869958
45.65897083
45.91649104
45.92440646
46.02316915
46.03335906
46.05349632
46.35867430
46.47091637
46.62246888
46.66211434
46.78879760
46.83322305
46.85715771
46.92525770
46.98472040
47.08358352
47.64172580
47.66338365
47.71209701
47.79612817
47.87341146
48.01546082
48.04531904
48.08591551
48.23335174
48.27603093
48.44668430
48.74351732
49.02111908
49.15140611
49.17744467
49.28505866
49.33494249
49.36770036
49.44737356
49.53804123
49.60258593
49.65168735
49.66370238
49.67139757
49.71451510
49.74689367
49.78079246
50.12016637
50.22748912
50.23194825
50.33863465
50.41963527
50.61731918
50.62965719
50.64135733
50.64851679
50.68214814
50.72420683
50.82605346
50.90508629
51.02567523
51.07277365
51.07963505
51.08306743
51.08499479
51.14946873
51.16922920
51.24841480
51.38413932
51.44061836
51.57215034
51.60420226
51.69467887
51.73548617
51.77652703
51.78331456
51.78459113
51.90595357
51.91714437
52.06721508
52.29358138
52.33927779
52.54131879
52.70354191
52.76297627
52.93142514
52.97383319
53.03672204
53.10053631
53.13369313
53.20766051
53.32328492
53.51224515
53.56901066
53.58646124
53.73661595
53.79049753
53.83807629
53.97008728
54.11651780
54.19295249
54.28960808
54.32014567
54.51727335
54.53850294
54.55205001
54.66839903
54.74474423
54.86051047
54.86887817
54.87007338
54.95072845
54.95366965
54.97442552
54.98577386
55.01377753
55.05140170
55.19728263
55.22052347
55.26479021
55.26682307
55.27993976
55.38530033
55.65388969
55.71264464
55.71335553
55.81294039
55.84718885
55.94174481
56.01825444
56.22119667
56.25721316
56.35978764
56.40968458
56.43331658
56.46678543
56.50408182
56.54130387
56.54503739
56.55033357
56.69131720
56.73022689
56.76570127
56.90222600
56.95144983
57.13188939
57.15297954
57.29257533
57.32519249
57.36358970
57.41375975
57.62916768
57.64760591
57.66158887
57.75736531
57.79944558
57.91115704
57.96966672
58.00644244
58.04315959
58.12548843
58.16238728
58.24662881
58.27742723
58.47459570
58.55165209
58.56594998
58.66966639
58.73956442
58.77215358
58.81951697
58.89552621
58.95417440
59.07188724
59.11694266
59.12855215
59.18088647
59.20700043
59.32293926
59.59593989
59.67256189
59.71710376
59.76579428
59.79988853
59.80650157
59.98622045
60.02123174
60.06773069
60.25088936
60.37267811
61.17331232
61.43108472
61.52328223
61.53519528
61.59418130
61.61660135
61.86625887
61.87833011
61.96750080
61.98455702
62.04647456
62.07017563
62.07039867
62.09287343
62.39048454
124.00000000
