0.01394139
0.10392516
0.17457089
0.44325826
0.53186598
0.53511673
0.56045198
0.56314500
0.82160024
0.89701409
1.03051565
1.12567644
1.15289524
1.26982089
1.31424520
1.37850473
1.43825561
1.46214730
1.49682034
1.52233399
1.55475176
1.56829631
1.69527736
1.98998372
2.03918392
2.14401519
2.37827478
2.55421734
2.56717073
2.64170883
2.98886898
3.17550266
3.19645069
3.25306585
3.35339760
3.39279313
3.41644861
3.50444680
3.50780579
3.52229300
3.53301849
3.68962452
3.74867875
3.76359061
3.80809077
3.81941137
3.95792641
3.98109895
3.99253187
3.99809032
4.06753389
4.07558684
4.09862511
4.19127318
4.21428588
4.30987644
4.31075728
4.37282228
4.42656003
4.47091339
4.57028507
4.81971545
4.85641252
4.98596859
5.11322012
5.14525482
5.24421658
5.32291096
5.49606903
5.64780489
5.68523522
5.73725697
5.74430149
5.76997434
5.83119101
5.86854029
5.91248446
6.16371814
6.19802778
6.20771087
6.21416922
6.24399265
6.27921829
6.38000170
6.43047477
6.43230043
6.46192343
6.46318939
6.59182722
6.61916113
6.68760217
6.70884998
6.75708707
6.78653833
6.85299154
6.92900834
6.94037629
6.98931346
7.05429077
7.07125680
7.13358055
7.14606287
7.14831232
7.15254824
7.16735646
7.17929297
7.18243747
7.31807223
7.34849576
7.39924293
7.45188294
7.48607961
7.48740142
7.53842396
7.60777109
7.82980951
7.86348306
7.93079885
8.06623215
8.26824381
8.27768848
8.38445707
8.44810760
8.49490233
8.51360204
8.51860497
8.59799364
8.63004530
8.63301858
8.67923586
8.77146621
8.78574602
8.82161249
8.89865842
8.95853737
9.00778867
9.02517517
9.03518789
9.15826695
9.38543328
9.58522775
9.78160671
9.86326337
9.88083980
10.00316538
10.08747535
10.36113720
10.56682615
10.70339569
10.85942656
10.87682683
11.03128814
11.03221437
11.06784286
11.16866467
11.17277463
11.19347196
11.25203357
11.35230752
11.36011039
11.62992303
11.71387193
12.04813372
12.15254756
12.18807487
12.20071520
12.50385017
12.78163350
12.79520644
13.11478341
13.15422219
13.17796293
13.29475278
13.29985937
13.35889228
13.40905505
13.45378750
13.51675969
13.59786048
13.75034581
13.83644748
13.88063784
13.97262419
13.98883136
14.16598709
14.21678641
14.24883801
14.31794881
14.50764402
14.55373672
14.58252800
14.64706704
14.66949471
14.68478486
14.70733880
14.71899459
14.76353333
14.84807332
14.91352132
14.94420873
14.99819379
15.03135636
15.06229841
15.06551853
15.30213724
15.58640774
15.63237462
15.72972967
15.87563026
15.94184706
16.00382168
16.02955110
16.10313424
16.22659120
16.30839396
16.51222287
16.56938477
16.59698171
16.63517120
16.64401137
16.82398332
16.83144058
16.85801907
16.98913311
17.01357305
17.10990644
17.26669404
17.27189342
17.27826498
17.31793840
17.51229212
17.61054192
17.61744229
17.70902792
17.71181571
17.76245712
17.84143893
17.93516530
18.19039028
18.28307205
18.31466311
18.32365497
18.35860973
18.54483784
18.57167914
18.62452869
18.69805966
18.78470255
19.14229779
19.21043601
19.24561135
19.35891049
19.44530905
19.53976802
19.57128499
19.57137709
19.71964880
19.95057050
20.00406338
20.02795772
20.09382734
20.11159680
20.26821662
20.27254474
20.30372995
20.31961431
20.33601751
20.37309752
20.37931689
21.06429818
21.08945348
21.14808414
21.26979212
21.28347189
21.29545363
21.32475386
21.40808544
21.47019719
21.56371165
21.56564953
21.59049848
21.59822241
21.64359327
21.76365477
21.87736903
21.92592947
22.04201582
22.08145620
22.09712173
22.12741397
22.25172033
22.25864035
22.29514649
22.41618145
22.42543018
22.50785569
22.64936624
22.76021635
22.80694778
22.89428578
22.90438214
22.95523950
22.95771515
23.17180484
23.24479613
23.29747797
23.34367381
23.38352647
23.42954855
23.43291715
23.71240922
24.03089030
24.05990999
24.10086301
24.28222091
24.37553063
24.37938922
24.43660643
24.51407100
24.56005458
24.69784456
24.84455337
24.87214017
24.88593744
24.91234132
24.99793938
25.04978802
25.13638735
25.38609067
25.45111192
25.51526423
25.58542388
25.60601335
25.62332545
25.66646600
25.74522018
25.88791779
25.98648718
26.02144418
26.07934073
26.09366933
26.23510669
26.24001165
26.27373246
26.37852861
26.45971531
26.47775459
26.48153271
26.50064732
26.67399980
26.67427553
26.96258902
27.15856868
27.16010515
27.19357016
27.20363723
27.37511449
27.52956592
27.53822144
27.58430700
27.75005954
27.89929158
28.02969202
28.09634722
28.15624307
28.28961007
28.34245020
28.42553279
28.69107216
28.88083804
28.93914150
29.06536086
29.16228768
29.23354200
29.26789012
29.29389496
29.31252398
29.33107460
29.41171166
29.44152508
29.48748334
29.50192211
29.56547164
29.73524370
29.76673146
29.84173138
29.95410688
29.98407144
29.99802774
30.05724206
30.16872322
30.33029434
30.33650939
30.34448936
30.44843763
30.45175524
30.68864424
30.68920873
30.74433816
30.80270171
31.01700480
31.05100092
31.08030691
31.08091325
31.33651063
31.44469054
31.49275889
31.52011293
31.54592867
31.55428533
31.58144985
31.76193284
31.93541344
32.05296757
32.16057350
32.37084360
32.38246822
32.50748692
32.52476676
32.91323361
33.00019743
33.03232827
33.03818140
33.04218138
33.12527174
33.16137322
33.20246142
33.32698594
33.47472482
33.50871685
33.64704537
33.86281516
33.90622025
33.90872131
33.99534349
34.11014905
34.21868523
34.31917861
34.45532010
34.49332522
34.81684390
35.08300117
35.13733900
35.17041218
35.17071968
35.19930065
35.20286109
35.33091123
35.43183407
35.45314098
35.52522726
35.76012978
35.80699350
35.83620268
35.87855318
35.92695327
35.93259981
35.93885705
36.03582133
36.13553267
36.17838092
36.18037738
36.30949573
36.39598365
36.47424078
36.47822884
36.56030455
36.87692316
36.93071601
36.93452574
37.09820197
37.26436208
37.31082151
37.36153954
37.41142730
37.48681900
37.65298441
37.70482264
37.71526444
38.08796245
38.11019426
38.18560858
38.20512725
38.24824470
38.33376040
38.71650291
38.72885978
38.75158875
38.79468410
38.93899974
38.94699516
39.07865474
39.08070184
39.25638677
39.32001478
39.35374863
39.42604245
39.44782992
39.50367001
39.53254910
39.54701633
39.55582016
39.67206176
39.94062156
39.96509790
40.20030257
40.21580185
40.32709666
40.33066940
40.41325126
40.44595984
40.68287182
40.71261187
40.75526967
40.87799359
40.89338376
40.93716219
40.93889464
41.02880735
41.22784688
41.35703964
41.36842646
41.37086976
41.68082092
41.72130536
41.94484978
42.25105300
42.83927842
42.84735806
42.86591589
42.96314024
43.12489629
43.12858009
43.29675062
43.44562353
43.46048552
43.57150622
43.68509060
43.74968302
43.89071836
43.90451484
43.90729215
43.99511254
44.02334282
44.20114254
44.23143659
44.24359135
44.28435359
44.32402580
44.39372645
44.43053857
44.49730424
44.55226276
44.60219234
44.81570815
44.93480659
45.02063913
45.04184146
45.04988355
45.08697677
45.16371011
45.16614261
45.17733500
45.18651280
45.31664410
45.38258058
45.46849726
45.48419668
45.82901344
45.94824753
45.96956081
46.02552047
46.12946346
46.17846969
46.19526151
46.22643189
46.35353789
46.41054707
46.41282225
46.46191454
46.47125486
46.54127100
46.54755607
46.55606764
46.64393516
46.74762334
46.88445655
47.00685293
47.09328788
47.13706780
47.16115389
47.16309666
47.18112373
47.27181879
47.27721254
47.45063535
47.47171842
47.54765271
47.55928866
47.68883778
47.86718971
47.88572751
47.99311960
48.02660983
48.45957118
48.48613405
48.54867059
48.60150007
48.74711240
48.94733429
49.21203181
49.22539602
49.31799167
49.34152254
49.36951098
49.41814584
49.43268069
49.58869810
49.66609979
49.69067375
49.81298673
49.83266787
49.84739204
50.17758681
50.25511933
50.36909724
50.74802746
50.74986233
50.75937412
50.86250346
50.90446818
51.10048073
51.12708826
51.31394098
51.33740580
51.39778949
51.45112681
51.49680434
51.50384142
51.52364233
51.67629610
51.71390745
51.73992391
51.75625666
51.90974577
51.94406633
52.01882135
52.03813159
52.05916309
52.52239127
52.53435795
52.59740341
52.66495906
52.91145747
53.15568016
53.16327982
53.28817645
53.35825460
53.39744142
53.44235640
53.45221922
53.50569972
53.55140831
53.61051909
53.72188685
53.81559860
54.06358560
54.24204106
54.71729717
54.72125301
54.80880169
55.38823821
55.41652100
55.44370159
55.46396904
55.49301961
55.63995598
55.67097238
55.75570259
55.79153525
55.89644006
56.02595328
56.23267286
56.28253329
56.32167519
56.47868894
56.48925600
56.62996226
56.63662407
56.67767218
56.72061657
56.74746298
56.85881709
56.93784901
56.96039186
57.16635577
57.16883474
57.32370094
57.34990809
57.37407728
57.48816530
57.57552780
57.63396763
57.76594659
57.77010535
57.91665079
57.91752412
57.94355644
57.98617839
58.16623692
58.19595482
58.28073028
58.77226554
58.94239334
59.00463005
59.05015722
59.19819870
59.22289087
59.29692169
59.38654284
59.47675289
59.63404756
59.64988824
59.76964608
59.80956167
59.81409213
59.82870097
59.92512611
60.00046553
60.12345156
60.12657198
60.17262950
60.20850985
60.21363833
60.23768160
60.24087892
60.27130066
60.36417608
60.39068087
60.56840182
61.12735773
61.13045878
61.13503905
61.18118449
61.19193146
61.40021404
61.84099311
61.85166973
62.02904767
62.15351298
62.32142720
124.00000000
