0.13255512
0.15694483
0.29531399
0.51610018
0.67891137
0.69944590
0.76300094
0.95159546
1.01528036
1.10121550
1.23176266
1.28464645
1.37414141
1.38720211
1.50538166
1.53581855
1.69365462
1.91900059
2.00665138
2.08499214
2.11304564
2.24029462
2.29094759
2.30420156
2.31416222
2.33515937
2.41637611
2.44557238
2.51435011
2.62105665
2.74305600
2.78136625
2.79010572
2.81413504
2.82483330
3.09284064
3.28189112
3.28432554
3.30743283
3.31915355
3.40528450
3.62593597
3.69499519
3.69789856
3.81907892
3.95914666
3.99809032
4.16386050
4.23179624
4.23327509
4.25668468
4.31396918
4.39194819
4.51855669
4.52220008
4.57237940
4.71108571
4.81466636
4.86347241
4.86673038
4.89152555
4.90925719
4.93209728
4.98566958
5.00700110
5.01226417
5.01640746
5.01990131
5.23148606
5.30934290
5.32590582
5.42425482
5.43489314
5.45424488
5.59168312
5.59362703
5.60142801
5.66708320
5.77119059
5.82551306
5.90707188
5.90923045
6.16226181
6.16509549
6.21239264
6.23493071
6.29906881
6.50672646
6.53673570
6.63571589
6.80521582
6.99624806
7.14869553
7.25850386
7.28816632
7.32899472
7.38001859
7.42716881
7.46984698
7.58894793
7.69193848
7.72330204
7.76441593
8.10942908
8.12440774
8.12509323
8.13051408
8.15698042
8.23860843
8.27716818
8.31854240
8.38494108
8.47833433
8.51360204
8.54258558
8.83816322
8.84814272
8.85890581
8.86882542
8.89003333
8.91726969
8.94101276
8.99866707
9.32538416
9.43973863
9.47574258
9.63251103
9.88630195
9.95815398
10.06615728
10.25583339
10.27077312
10.30128390
10.37483607
10.52464234
10.53600276
10.59946816
10.65031881
10.67239253
10.67931570
10.71686037
10.75690412
10.84422594
10.90402839
11.06003654
11.09635487
11.15933075
11.22557980
11.24196089
11.26099272
11.46049834
11.50839383
11.65132184
11.88452815
11.96587262
11.98155237
12.13013776
12.21552492
12.23622005
12.44763351
12.55341213
12.57870436
12.68706652
12.79709667
12.83088852
12.88322900
12.94721555
12.95015483
12.96902812
12.98575986
13.12146518
13.28412430
13.30478941
13.39028233
13.40325546
13.65043585
13.68882226
13.73623655
14.04291211
14.20085953
14.28888729
14.30291041
14.33384865
14.49117737
14.54152239
14.57362269
14.69218350
14.71860830
14.72565589
14.91265987
14.97693841
15.09923538
15.15253540
15.31766749
15.35597368
15.36075225
15.47463303
15.47588854
15.52621345
15.56837855
15.58936353
15.61477467
15.71113941
15.72684105
15.79125435
15.88010835
16.09650249
16.12590387
16.13247159
16.14433638
16.18507270
16.44453477
16.49781867
16.51642097
16.55620275
16.56861178
16.60170047
16.77763697
16.81959920
16.86947121
16.88330758
16.99169792
16.99391359
17.09231241
17.23345546
17.24258917
17.39960629
17.46186318
17.46248553
17.61244300
17.64797678
17.67951991
17.78412758
17.98779168
18.12959686
18.28700779
18.31990469
18.32368146
18.36219514
18.56670463
18.59648119
18.66622220
18.67664439
18.73811312
18.89781702
18.95761545
19.15390756
19.18184455
19.25925290
19.30563452
19.31497245
19.49354077
19.51432302
19.68148103
19.82655100
19.93358211
19.95667590
19.97385562
20.15691137
20.25260101
20.33110535
20.37795303
20.48157626
20.59748210
20.70340655
20.75084489
20.79138000
20.81409861
20.92528944
20.99870662
21.02471991
21.08516951
21.15732526
21.18690523
21.24951902
21.30796137
21.35709028
21.40059478
21.60398399
21.72984135
21.80559293
21.82497597
22.08751453
22.17379246
22.17458305
22.21998973
22.33239227
22.43258625
22.45827731
22.51260870
22.59490297
22.63108155
22.66085345
22.68141053
22.73028062
22.83352353
22.93013075
22.93836558
23.38907653
23.39667546
23.41696761
23.45805326
23.47208017
23.47968465
23.54024495
23.58783039
23.62724173
23.72654343
23.72998215
23.84645806
23.85612601
23.98298020
24.02548328
24.15767204
24.19888055
24.21949573
24.22464737
24.27919399
24.30169281
24.43905384
24.51327675
24.64424303
24.67558934
24.70670928
24.73645678
24.84169720
24.87975360
24.96025106
24.99002986
24.99256690
25.02089927
25.08020203
25.10015533
25.19823047
25.24183046
25.33629793
25.38636035
25.42303239
25.46584729
25.65847379
25.78877331
25.83504187
26.05497742
26.10227325
26.39989658
26.57571120
26.66551888
26.73441589
26.74815993
26.88613778
26.94574160
27.03986515
27.17714793
27.18748702
27.23279495
27.26802539
27.31922548
27.80185138
27.81148843
27.82889165
27.91862950
27.92041982
28.00315017
28.01791396
28.13913404
28.13953339
28.23825305
28.27011805
28.53791593
28.83958170
28.86206530
29.00857382
29.16058797
29.16674532
29.18020139
29.23354942
29.25790911
29.27087476
29.33245485
29.43288778
29.45932062
29.46968616
29.48688440
29.49586774
29.51656119
29.66655425
29.72300056
29.74231602
29.81604975
29.87765906
29.94119868
30.00793600
30.07135236
30.08371499
30.09598295
30.10780135
30.30345910
30.34019555
30.38620032
30.58935607
30.80556233
30.81483333
30.83327542
30.85916386
30.87785833
31.21645571
31.32977064
31.51317345
31.54016720
31.57058465
31.58212498
31.62335316
31.69063044
31.78469772
31.98143265
32.33830472
32.34569460
32.55448820
32.55944986
32.57218831
32.71683807
32.73877574
32.82761571
32.89282642
33.24140438
33.61834289
33.71765499
34.05930230
34.20449144
34.32815211
34.48875209
34.51773955
34.53288647
34.55541626
34.73383912
34.76421972
34.82629139
34.85692368
34.93528426
34.98088004
34.99759750
35.05645365
35.06790083
35.08300117
35.11662017
35.32529103
35.34768469
35.38010322
35.42472344
35.47175206
35.65568946
35.67850268
35.86169725
35.88113914
36.11766026
36.14148389
36.22535772
36.35360687
36.38252943
36.40032400
36.44760039
36.63434046
36.68245193
36.82043773
36.83808205
36.87043201
36.98889745
37.08228488
37.09820197
37.18287214
37.25753094
37.27114871
37.27194321
37.61424182
37.62210221
37.91404287
38.03074633
38.06820620
38.08033228
38.08185420
38.21538396
38.33427256
38.33528558
38.48166493
38.48791793
38.49047199
38.50222583
38.56161147
38.67447654
38.70693613
38.73415315
38.80734129
38.81882702
38.83979703
38.93925145
39.01925475
39.15113706
39.34010812
39.35676616
39.40292177
39.41089225
39.57237321
39.63557719
39.68890687
39.69278846
39.78216170
39.78411587
40.11600693
40.16248102
40.24935790
40.26246278
40.66758669
40.66958366
40.71856162
40.72475409
40.76547636
40.76614079
40.83994325
40.85927807
41.03175830
41.10481597
41.14750060
41.23289031
41.33932311
41.37583912
41.45759113
41.52586808
41.76356501
41.77717743
41.81326698
41.87835773
42.07834810
42.25285721
42.26845897
42.27301327
42.46818643
42.67415093
42.71473992
42.75829967
42.76795979
42.81726852
42.99281306
43.10172436
43.24531131
43.33389101
43.33699250
43.38599605
43.39961987
43.45397084
43.46983171
43.51417875
43.54796919
43.56484078
43.82434050
43.87018796
43.87582748
44.13315540
44.22700480
44.28294637
44.57386884
44.70838067
44.81645091
44.83202033
45.14928872
45.30399602
45.31447911
45.40245530
45.48083834
45.49484263
45.64656794
45.66585373
45.68546748
45.88540546
45.91120646
45.93895879
46.00138491
46.01389862
46.07837668
46.17156141
46.19735642
46.41129665
46.43647873
46.57076328
46.60040780
46.61272724
46.66338951
46.89504717
46.94466905
46.95217923
47.03116342
47.04554406
47.04880180
47.10081949
47.25018961
47.26126847
47.35263572
47.36749976
47.48634952
47.66354646
47.70502681
47.78408635
47.91834092
47.92302688
47.95384372
47.97881550
48.00020297
48.11059094
48.30104337
48.33462690
48.34682530
48.44925379
48.51438427
48.54170267
48.57253917
48.75899937
48.78314253
48.84080441
48.84628962
48.86514226
48.90306082
49.03684981
49.12075159
49.22044955
49.30815079
49.43119930
49.44227019
49.49656711
49.55028737
49.56310062
49.75051156
49.92365915
50.03183045
50.15604184
50.23517834
50.27973031
50.30285520
50.30530361
50.32073834
50.33773089
50.70250432
50.71907606
50.77010703
50.79880861
50.96269810
50.99663157
51.01081078
51.03900421
51.04475416
51.05564938
51.15836638
51.24868115
51.36798705
51.42966312
51.48404119
51.48697788
51.51058166
51.56279319
51.56838818
51.58173153
51.66315314
51.66576487
51.68677256
51.93368189
52.00393035
52.05831177
52.06233204
52.10873031
52.31615729
52.36348144
52.36725371
52.44458761
52.51987434
52.52136014
52.52794945
52.63418621
52.70966568
52.74876452
52.79776129
53.03215811
53.05053654
53.09968412
53.15732904
53.23874329
53.26080062
53.35971614
53.39466036
53.62828161
53.66913534
53.69661668
53.75075706
53.80894447
53.83687192
53.93866033
53.94455625
53.97821245
54.06212906
54.10913733
54.19243654
54.23708261
54.41620340
54.46588816
54.65214109
54.66058159
54.68153420
54.71552232
54.72857159
54.78023995
55.20545302
55.22087188
55.38044991
55.40006212
55.42974222
55.57079070
55.60048704
55.65127250
55.81390184
55.83455305
55.87436811
55.90946534
56.01316449
56.01825444
56.17806438
56.28174797
56.29292153
56.29346760
56.29807521
56.35289089
56.46033073
56.49679559
56.53995553
56.60665375
56.70909835
56.73022689
56.75943464
56.86487783
56.97946400
57.24453683
57.27899100
57.39569469
57.48403130
57.57185675
57.65290895
57.76096600
57.92915338
57.98936959
58.03894968
58.10946984
58.13911786
58.17400273
58.61859254
58.64304523
58.65337733
58.66968171
58.74728879
58.98839209
59.02549471
59.04935486
59.10710927
59.28804321
59.38200635
59.39052485
59.40389325
59.44737796
59.45096466
59.62047140
59.65704031
59.83437786
60.01855112
60.01951000
60.12433951
60.13117326
60.19046142
60.47265861
60.58037846
60.62765510
60.73323852
60.89949239
60.95841313
61.03805521
61.08445365
61.28761079
61.39764705
61.46294759
61.57797215
61.58025147
61.79773564
61.98437377
124.00000000
