0.29521442
0.31708340
0.36803376
0.38740199
0.39575512
0.40601217
0.51494160
0.54295178
0.57204088
0.68784757
0.71663919
0.74644181
0.77825196
0.87773297
0.90289813
0.97507838
1.06982104
1.08830500
1.17118277
1.21794966
1.27839584
1.29462761
1.35907215
1.47234140
1.51333179
1.51896545
1.58307953
1.65507838
1.68884945
1.80584860
2.03224752
2.08332282
2.08499214
2.13988371
2.20320843
2.28620039
2.29052415
2.32444900
2.35102373
2.69414460
2.95909658
2.97264379
3.06892785
3.09023961
3.20907173
3.41374333
3.74841139
3.75029512
3.78661832
3.85513191
4.19544660
4.19829649
4.24009945
4.26074508
4.27507627
4.32331861
4.39136732
4.39730604
4.72746580
5.08859635
5.10855224
5.21033039
5.29115270
5.32708779
5.36696269
5.41178772
5.53047242
5.55168373
5.62974822
5.65589822
5.75197325
5.87886109
5.97278111
6.06126135
6.12261486
6.22124908
6.23704175
6.27779931
6.38000170
6.53886667
6.54770247
6.60152529
6.63045782
6.70020855
6.71348552
6.84778186
6.96271886
7.02336606
7.05744281
7.08832303
7.17208937
7.72651220
7.74309094
7.81362949
7.91240580
7.96719588
8.06814363
8.10851946
8.20847447
8.34546380
8.36902256
8.39151545
8.47255874
8.47833433
8.64376909
8.72082876
8.78574602
8.83858011
8.86847038
9.08193587
9.11148076
9.16691821
9.24167926
9.57860415
9.67510647
9.69385908
9.73025557
9.79253400
9.88203089
9.90816730
9.92928744
10.00112396
10.00316538
10.07921798
10.37339044
10.44093493
10.76979490
10.78340126
10.82805951
10.92245666
11.26449411
11.27018026
11.28369812
11.29461951
11.29992994
11.30033355
11.47933763
11.58615822
11.69192826
11.78043286
11.85280936
11.87002369
11.95994147
12.04781930
12.14744987
12.19967661
12.34151052
12.43308795
12.45362062
12.47236691
12.50844533
12.53308554
12.64308139
12.71534902
12.75963560
12.83385331
12.94382366
13.05017014
13.12788786
13.28240789
13.32978679
13.51985623
13.52172949
13.53573122
13.64243339
13.74333404
13.76689555
13.80506166
13.82583132
13.89650656
13.97992262
13.98090290
14.30496059
14.38767632
14.62042082
14.66476581
14.80968879
14.91177784
14.99204281
15.33000985
15.38308314
15.44399314
15.49671920
15.53934086
15.60963708
15.64207023
15.77066906
15.86598331
15.94047231
15.98189175
16.23877408
16.24185583
16.32295763
16.36668294
16.43503121
16.45645859
16.50162607
16.51708431
16.53429692
16.62370583
16.63991692
16.97043780
17.05749723
17.08401513
17.09111301
17.11283027
17.12449576
17.14184546
17.16604950
17.29613340
17.34036474
17.34980620
17.35074544
17.57044260
17.69490471
17.71014221
17.91467312
18.00392715
18.10076596
18.12959686
18.16003281
18.18513271
18.19931894
18.32165405
18.32205523
18.37528806
18.44011907
18.46600310
18.58879857
18.60980759
18.63438494
18.67591627
18.82770785
18.83525386
18.84173593
18.92794496
19.01582203
19.04267915
19.15284288
19.17150294
19.34242830
19.56457065
19.62299146
19.69014404
19.75761489
19.80510336
19.83366724
19.90536580
20.11654806
20.18591029
20.27753067
20.41176133
20.54593376
20.66956051
20.71813088
20.73286173
20.83441856
20.84061688
20.84478002
20.95140624
20.96634431
21.16799778
21.17772219
21.19272051
21.33958092
21.40119726
21.44307104
21.66703045
21.88771992
21.91894656
22.04268361
22.25589638
22.32502689
22.38046324
22.38424373
22.39338820
22.44266778
22.56912502
22.59398000
22.78299583
23.00198285
23.01228840
23.07310456
23.07565991
23.12844012
23.23258435
23.27160912
23.28168267
23.35469965
23.42847556
23.44055396
23.57508277
23.76385454
23.94789866
24.06307118
24.07684924
24.08048133
24.17158523
24.30932704
24.46398142
24.52545573
24.53430923
24.59466359
24.67550410
24.71375270
24.78720438
24.83705759
24.93330602
25.14891686
25.18084072
25.53338079
25.66169041
25.66288404
25.72688463
25.96437894
26.02574386
26.07808462
26.16598628
26.19716449
26.22122690
26.23402383
26.37784616
26.70068757
26.86070861
26.91976013
27.10189971
27.14009154
27.19842405
27.22735334
27.23973656
27.27111683
27.41396705
27.43735471
27.57622099
27.77816893
27.78975497
27.84058864
27.92278299
28.00868011
28.01582928
28.19883744
28.45135407
28.77598718
28.89201098
29.12582088
29.23536292
29.27355884
29.34965802
29.35032474
29.46537799
29.54411894
29.72131565
29.74589864
29.75813058
29.95838194
29.97877985
29.99005257
30.00714186
30.16300253
30.16533964
30.19448328
30.27956643
30.44581461
30.45101303
30.48692556
30.50089253
30.52161090
30.55656265
30.58546053
30.76340883
31.18178914
31.28528835
31.32761154
31.33192777
31.40639000
31.85623589
32.01231233
32.18906283
32.29105615
32.39082567
32.42144866
32.43074815
32.45013304
32.46476375
32.52506996
32.68465488
32.70520993
32.82535575
32.98361563
33.06204207
33.09157503
33.14377917
33.28543385
33.31196006
33.41783746
33.59503559
33.62828407
33.66790886
33.80117576
33.81561244
33.95118203
33.98177004
34.10744205
34.62402212
34.77401754
34.83339525
35.00214466
35.00265315
35.00509105
35.02726405
35.09295013
35.12572258
35.14817960
35.20201559
35.37403736
35.56378718
35.64943719
35.66414948
35.71237134
35.76475275
35.90898683
35.92876509
36.16000790
36.16394555
36.18454567
36.21380566
36.22088813
36.28997025
36.49408313
36.57945120
36.58769191
36.64872146
36.71552853
36.71638945
36.82746962
36.87680117
36.91549885
37.05951566
37.12934827
37.18373926
37.20872414
37.24357069
37.25396863
37.27104529
37.31082151
37.34589562
37.35022903
37.48022183
37.49305356
37.61009412
37.71697115
37.76163237
37.91593296
37.92527373
38.04519435
38.18326935
38.19408874
38.35599325
38.36035025
38.39742126
38.48791793
38.59535542
38.72885978
38.78905387
38.83094258
39.01886716
39.03715028
39.04591398
39.07788925
39.13461557
39.16935542
39.31399872
39.37937291
39.37942300
39.43626906
39.47395571
39.51689240
39.57605303
39.70972979
39.72756896
39.74047629
39.78155143
40.14611840
40.18476002
40.24968513
40.45455196
40.53205209
40.60956258
40.66465860
40.71659505
40.86870526
40.87232649
40.96101687
40.96557040
41.09035767
41.21874636
41.22585025
41.23489078
41.31405410
41.32126739
41.47202597
41.47581429
41.65193344
41.79876528
41.88162330
41.95472949
41.95486096
41.97924541
41.98880687
42.28477931
42.32443181
42.43788828
42.57172117
42.57445820
42.65637854
42.78644960
42.95589672
43.05596765
43.22645332
43.33389101
43.36313003
43.39295878
43.40188557
43.44562353
43.46215034
43.47743632
43.59591512
43.62380070
43.68631641
43.71882877
43.82038669
43.82097319
43.90842547
44.24224133
44.32915682
44.36408684
44.49730424
44.53218568
44.71329819
44.80125290
44.87062643
44.87227473
45.08330224
45.13693421
45.21047024
45.37714017
45.51835698
45.59953007
45.82713309
45.97289404
46.03217853
46.07717046
46.07742628
46.08879510
46.12266323
46.12395169
46.13276305
46.13971180
46.23304427
46.40648308
46.45563705
46.49551532
46.53713801
46.65354273
46.94134272
46.98608383
47.01827172
47.12345465
47.32311473
47.42404074
47.46242819
47.49612788
47.52606904
47.62048902
47.78156358
47.79102126
47.94348381
48.03349485
48.24795040
48.25045989
48.32632243
48.52072099
48.65454277
48.76431924
48.84075000
48.88640840
48.91657419
48.91690793
48.91969107
48.99855112
49.05369158
49.08533781
49.19144605
49.40701382
49.63205413
49.65087176
49.75441236
49.81837196
49.83164335
50.06855488
50.12607261
50.13950966
50.19297337
50.20304096
50.35931763
50.46699539
50.64010504
50.75791247
51.06338637
51.08752845
51.22766568
51.27324779
51.33767260
51.38102651
51.48115148
51.49621757
51.65474352
51.67627502
51.74325009
51.82123659
51.97061439
52.11100446
52.46470271
52.50170696
52.50482218
52.59934717
52.62591935
52.94079150
53.04953182
53.08348095
53.15255548
53.34489519
53.39156672
53.42631937
53.45641722
53.54038698
53.54789620
53.62828161
53.68587170
53.78166191
53.81969743
53.93326943
53.98134360
54.45799622
54.47233221
54.51502903
54.70642850
54.71155790
54.80189313
54.85709193
54.98449899
55.05947940
55.21436906
55.23074510
55.23244864
55.25056845
55.28618266
55.28697958
55.30230932
55.33096790
55.33404461
55.48241718
55.49013717
55.50307365
55.55064857
55.55795084
55.57296866
55.64131052
55.69088562
55.74711517
55.77054934
55.80967235
55.95763950
55.98949189
55.99446853
56.00982911
56.16840363
56.18115468
56.18213482
56.50895742
56.66983285
56.73208373
56.84083973
56.84847243
56.96052926
57.11462747
57.15329238
57.36789473
57.52144377
57.63456027
57.73168502
57.79944558
57.85822458
57.88730347
57.88922532
57.92789590
58.09637932
58.24702735
58.37621638
58.45298766
58.46429164
58.50685659
58.54288064
58.57364919
58.68105241
58.73366283
58.78153018
58.94288778
59.06364658
59.14157785
59.14484957
59.18838332
59.20080091
59.41497330
59.45202507
59.57890451
59.97542093
60.19460868
60.34591637
60.37931937
60.38054451
60.51090412
60.62187578
60.65872133
60.68550403
60.69599557
60.71146934
60.74966270
60.87523873
60.91036647
61.04540305
61.05125879
61.09682581
61.17502588
61.21135777
61.47566295
61.58945532
61.67154803
61.82848241
61.97522906
124.00000000
