0.00358746
0.01543744
0.02669129
0.08009940
0.14849048
0.17872078
0.19411738
0.22720156
0.23413133
0.40126926
0.45747057
0.46591646
0.50384271
0.54082519
0.58424093
0.63504758
0.68242863
0.69435850
0.78661742
0.81248772
0.82959801
0.83649860
0.91098999
0.91183929
0.96856020
0.97507838
1.06154297
1.09610628
1.11290864
1.29462761
1.30085936
1.40705705
1.41856784
1.64631535
1.68867216
1.74330631
1.84572139
1.86265454
1.90436867
2.00752453
2.01185479
2.01465863
2.03919444
2.09458106
2.16391297
2.18498638
2.30273982
2.33630031
2.38946843
2.46303453
2.48229521
2.65535681
2.69727606
2.72370383
2.82008914
2.85290127
2.90358774
2.97815441
3.00413573
3.04725513
3.13168391
3.16496866
3.25327204
3.25708852
3.38897960
3.44385912
3.50334818
3.62619195
3.78385631
3.78809869
3.86901525
4.11922288
4.12730621
4.19301029
4.19657051
4.32424273
4.45701343
4.46733358
4.54894661
4.99198758
4.99231395
5.04714017
5.10858908
5.11491406
5.17135528
5.20678006
5.24518411
5.30702252
5.34860293
5.44480766
5.82246702
5.84442013
5.89975341
6.06678048
6.19474707
6.56757539
6.60997481
6.62269163
6.62388120
6.67511842
6.68389363
6.77919302
6.84729154
6.95874010
7.18781182
7.28003364
7.28120729
7.31964527
7.59471835
7.60944563
7.72416388
7.79889033
7.89711207
7.90564525
7.90817045
7.93079885
8.11551373
8.13934124
8.15268527
8.18154906
8.21131820
8.25611182
8.31125242
8.32599795
8.40959523
8.48881650
8.49061509
8.53992412
8.58409131
8.63385783
8.74090554
8.88962404
8.89722439
8.91730372
8.99540764
9.18059648
9.25131660
9.38543328
9.49066338
9.54103313
9.60469684
9.61019120
9.61873492
9.62418839
9.62854363
9.87827923
10.05241891
10.10929500
10.17852375
10.18735912
10.20337819
10.31300418
10.51455861
10.71686037
10.73392377
10.81392645
11.03994303
11.15393738
11.31385774
11.36581132
11.49055034
11.59664100
11.59781039
11.64750812
11.72445780
11.74868692
11.75669454
12.17693029
12.18220844
12.22706234
12.37277043
12.45761668
12.64875664
12.91686450
12.98171111
12.99347094
13.10183220
13.24471738
13.28936639
13.34831097
13.37674132
13.56176541
13.69480301
13.71754069
13.73418881
13.75460870
13.78377045
13.81963759
13.88063784
13.88831969
13.89654602
13.95904037
14.38209681
14.52105711
14.59895038
14.65654824
14.66736482
15.01182235
15.27775669
15.42390198
15.44616597
15.68642116
15.78400589
15.89174369
16.09601232
16.40794543
16.41332779
16.45826976
16.48760706
16.53408615
16.68955887
16.74413362
16.77954696
16.82366665
16.86522685
16.95422293
16.97824200
17.04686437
17.14944676
17.22808007
17.33261203
17.42103196
17.54507141
17.63223243
17.72431048
17.73770683
17.78412758
17.81389799
17.98694882
18.16860190
18.39340730
18.45161355
18.47978682
18.49419256
18.50790786
18.61935918
18.67591627
18.93388978
19.13275861
19.14167663
19.31149141
19.67994716
19.68556310
19.72026513
19.72511504
19.80487561
19.82722231
19.90000064
20.13481678
20.20092600
20.43111896
20.50224472
20.51408346
20.51456953
20.77870990
20.90574867
20.92914295
20.99330394
21.01671060
21.08562741
21.14808414
21.18100432
21.24293099
21.27733587
21.34301632
21.42608930
21.45959559
21.49360128
21.51978580
21.71415279
21.74285704
21.76984496
21.83269373
21.88372613
21.93120295
21.95227713
22.00016708
22.07546812
22.14842958
22.22672412
22.44076506
22.48971130
22.54896517
22.56740181
22.64739227
22.65062913
22.66150041
22.76021635
22.76779419
22.89165780
23.03104288
23.04209357
23.13094535
23.15575231
23.22634868
23.35521946
23.61937299
23.72384128
24.01055882
24.11191073
24.21040204
24.26323362
24.27409783
24.37027531
24.48745490
24.60097660
25.02442984
25.15038614
25.33808105
25.36062335
25.48738088
25.53020218
25.64594111
25.73034243
25.84709997
25.86229508
25.97230025
25.97268889
25.99683870
26.04996009
26.07467609
26.27710309
26.45971531
26.55169296
26.67399980
26.74172586
26.79880893
26.99180323
27.10219610
27.13518989
27.19304102
27.23221379
27.27111683
27.34493549
27.36569333
27.43101694
27.46701381
27.59999652
27.62493773
27.83147621
27.97476324
28.10173569
28.16745622
28.27875681
28.34839274
28.48440962
28.65651977
28.89884951
28.99732450
29.22616359
29.31648833
29.82534693
29.87638923
29.89542591
30.00162389
30.02515181
30.22664411
30.36098432
30.40559549
30.60329271
30.87580339
30.91904127
31.11326074
31.26028888
31.29777473
31.41598268
31.42240437
31.42784110
31.43391339
31.53117909
31.80637889
31.81799758
31.84353045
31.99765419
32.19395826
32.27221282
32.49283681
32.58446682
32.70123277
32.85967011
32.89613009
32.94135394
32.99725344
33.01360036
33.09063147
33.21739484
33.25921775
33.33395295
33.55516412
33.59414888
33.60211561
33.62928240
33.82850118
33.83989976
33.86136104
34.13734609
34.15005886
34.22545872
34.29460453
34.31917861
34.45382207
34.48875209
34.50426137
34.69939794
34.86892927
35.05409111
35.10737712
35.36391503
35.38442538
35.42624620
35.43912677
35.49671308
35.56885614
35.57024441
35.62059886
35.71036032
35.76220841
35.89273355
35.95101537
35.96578118
35.96627294
35.98844530
36.01829855
36.39711294
36.51193817
36.58769191
36.58958037
36.60772120
36.68976317
36.74114478
36.75367678
36.76861151
36.82885211
36.86174972
36.89324708
36.92340994
37.05060150
37.27807036
37.38847829
37.42022711
37.61481962
37.81747958
37.85550738
38.02874982
38.06418702
38.09716264
38.25119135
38.33533864
38.38537512
38.40776548
38.40907534
38.60973357
38.65806350
38.76364122
38.84706039
38.86548584
38.90375361
38.95033973
39.14234828
39.21365249
39.23411696
39.47342977
39.48454112
39.56294530
39.74746492
39.75971461
39.78714356
39.80119040
39.81574326
39.85345504
39.86137045
39.89340909
39.96918613
40.04791737
40.16222748
40.21580185
40.34030226
40.36646022
40.38446466
40.44133802
40.44834097
40.48252813
40.62139690
40.73916586
41.11413862
41.16834931
41.17051403
41.34308363
41.63756474
41.69719093
41.70027900
41.72636184
41.82657775
41.84361117
41.86793547
41.91456717
42.03952344
42.16216822
42.23433323
42.28320675
42.29927372
42.62087276
42.70843432
42.79988410
42.86190836
42.88579278
42.90301504
42.97732430
43.21011889
43.22526684
43.39988317
43.51965948
43.54463743
43.56480159
43.70711833
43.96651440
44.01930573
44.04018424
44.19163782
44.21296258
44.29818987
44.35656974
44.65795522
44.68030736
44.68382897
44.78777346
44.84331563
44.84418527
45.15062147
45.15903960
45.40549811
45.49889382
45.66832950
45.75209887
45.78262918
45.92440646
45.98981392
46.05455717
46.11234911
46.13102404
46.20735756
46.23959609
46.27063869
46.30000016
46.38093304
46.38278734
46.60183135
46.70766532
46.77971122
46.84517590
46.85514165
47.20705938
47.26775213
47.35150145
47.37176675
47.43592653
47.53320634
47.65235990
47.80798397
47.89512429
47.94112568
47.98777867
48.00665569
48.16182240
48.38844346
48.41575884
48.43167099
48.61806089
48.81486327
48.81504458
48.81690057
48.84146008
48.88040142
48.94813209
48.96674058
49.03154416
49.05890440
49.17062970
49.18024694
49.19644073
49.25540679
49.28836946
49.34455055
49.37530611
49.39186129
49.40976619
49.59608003
49.60384896
49.67157950
49.75770398
49.77302844
49.83497542
50.09438313
50.18827931
50.19407220
50.26387879
50.30303743
50.32080330
50.32826986
50.53920806
50.65889709
50.67043432
50.86117233
50.86991854
50.97397024
51.01877489
51.10779614
51.27748322
51.44251861
51.53374895
51.62489923
51.68156943
51.92299175
52.03908473
52.08808738
52.10826148
52.25706001
52.83663696
52.93115685
53.03724188
53.34786730
53.56919647
53.64532669
53.71473767
53.71750922
53.76977232
53.78161498
53.81481568
54.01043407
54.04995989
54.17316451
54.25520535
54.26313830
54.35088554
54.54258946
54.73760205
54.79213301
54.84275878
54.96027253
55.00326959
55.08618112
55.35711294
55.48007840
55.48635627
55.52240120
55.71500770
55.83955575
55.98867492
56.13091294
56.17727813
56.18378027
56.19887339
56.21227577
56.28345810
56.32013791
56.42855860
56.44579597
56.44735457
56.59574352
56.72790940
56.74217608
56.81029942
56.81562508
56.96193098
57.02040865
57.11247919
57.24734535
57.38654732
57.43736642
57.51573607
57.55920357
57.59152912
57.59442287
57.62806854
57.74374606
57.78682315
57.81290147
57.82726432
57.82798885
57.83266364
57.88876304
58.16934387
58.18445957
58.23047250
58.47111210
58.58544297
58.58869824
58.64073323
58.71449167
58.73342761
58.95487983
59.04239708
59.06310807
59.11220261
59.16038582
59.16131992
59.38654284
59.41321609
59.43119862
59.53964982
59.53989278
59.55512150
59.62676900
59.88105782
59.93754878
59.97086722
59.97311529
60.09465124
60.23939635
60.25293172
60.27900543
60.36069576
60.37267811
60.44441246
60.50602012
60.52743886
60.59746963
60.60022008
60.71962029
60.73617562
60.95827195
60.99592290
60.99942796
61.19636153
61.20444558
61.25964822
61.30353537
61.34207418
61.34597655
61.41048972
61.49516903
61.58727254
61.66071566
61.91521339
62.06020434
62.15207538
124.00000000
