0.18103851
0.23413133
0.36941680
0.45748862
0.51533486
0.54999027
0.56778568
0.60335879
0.75101432
0.80504298
0.82430296
0.85075074
0.92671240
0.92962433
0.94107914
1.14671718
1.14695888
1.24535705
1.26710327
1.37524658
1.47234140
1.49774059
1.57274456
1.65827137
1.67836837
1.72725142
1.89163557
2.02092646
2.15995206
2.29716483
2.36734959
2.38595243
2.50758475
2.55163948
2.65499792
2.72230238
2.78002993
2.86131396
3.05485689
3.06973393
3.11084411
3.27263366
3.30912677
3.33569308
3.34970928
3.37867203
3.37960194
3.55245096
3.70869142
3.83823242
4.03845096
4.09568716
4.12653602
4.16445094
4.20874037
4.25276803
4.34236393
4.37805071
4.44312846
4.58033699
4.75511317
4.83140348
4.86451361
4.93716473
5.03930748
5.10620678
5.19857141
5.28009503
5.32540255
5.39206042
5.42304297
5.42450471
5.43705993
5.44473720
5.45115262
5.53140376
5.63223863
5.71991845
5.82673575
5.91539506
6.01300569
6.01552414
6.06085414
6.28206276
6.39491204
6.40712552
6.41186120
6.46619176
6.48116705
6.48765271
6.49162727
6.62998638
6.74096288
6.76078899
6.76982718
6.82333985
6.88287808
6.93964891
7.06822004
7.30789793
7.54166909
7.59382196
7.88918714
7.90250548
8.03539533
8.12480115
8.43939429
8.45459542
8.71137846
8.73415247
8.74490532
8.76108464
8.87319212
8.89870552
8.90594223
8.92665621
8.93060651
8.95409269
9.44531398
9.74344195
9.75740360
9.77475460
9.78026594
9.78913612
10.02457434
10.13628491
10.17681250
10.18735912
10.22884047
10.34899836
10.39665789
10.48603596
10.52286477
10.72973867
10.80125270
10.83402086
10.90572210
10.95240195
11.00700251
11.14690974
11.25969421
11.32061801
11.40854130
11.41049590
11.44898900
11.54614975
11.62992303
11.68829882
11.76554841
11.77035081
11.84344126
11.86217045
11.87418901
11.90582312
11.92378556
11.93455060
12.04716630
12.14023282
12.21743838
12.29620707
12.42784054
12.44637875
12.55134755
12.68333477
12.77591033
12.81484216
12.85363393
12.90624446
13.07997397
13.08167260
13.16137622
13.22572936
13.32956434
13.35486015
13.38455195
13.45599423
13.49026916
13.52994539
13.59482502
13.61065104
13.74174178
13.82626260
13.83644748
13.90210747
13.90655570
13.97295673
14.03179899
14.18110128
14.22218752
14.24947746
14.29101774
14.43152237
14.65650240
14.67373116
14.75717318
14.86322554
15.16981056
15.58897956
15.64605504
15.72588578
15.82287785
15.88563127
15.97289003
16.00689262
16.24243870
16.25662908
16.31694472
16.41680255
16.67776052
16.83692660
17.02018867
17.30387359
17.32804879
17.62034717
17.78275236
17.98861000
18.04436026
18.13366391
18.14551137
18.20266248
18.22283899
18.45029613
18.46267249
18.47780018
18.87643961
18.90337400
18.92676374
18.95498382
19.17000597
19.23056528
19.33043635
19.34113594
19.40667427
19.48307392
19.63199787
19.79688306
19.80464669
20.10327657
20.18701144
20.24291663
20.35828747
20.39513285
20.65698414
20.67055249
20.77188209
20.89058114
21.08029169
21.09736467
21.13489307
21.32512236
21.37181156
21.38945588
21.51724610
21.62191195
21.67812671
21.72094926
21.93969796
21.98004996
22.10468672
22.18458482
22.32174541
22.35455443
22.41247226
22.45562895
22.59758637
22.93794387
23.02084028
23.05205463
23.19177814
23.30003514
23.31865546
23.37847842
23.58484963
23.68774525
24.02548328
24.05783765
24.36822105
24.57337014
24.58840560
24.67727620
24.70905516
24.71863830
24.76863603
24.79095070
24.83078041
24.98078859
25.06476882
25.15323866
25.31789621
25.42383009
25.52876165
25.69971818
25.83700060
25.98381550
26.01250197
26.07063738
26.19964594
26.49215943
26.53271064
26.57127272
26.67402745
26.68399310
26.74179963
26.74396982
26.86646140
26.98301282
27.14824402
27.40424172
27.41044944
27.52002671
27.58288335
27.63434558
27.77735728
27.81651524
27.83472912
27.89668577
27.90495535
27.93990463
28.00525792
28.26833049
28.55962341
28.75803604
28.78486521
28.81076262
28.82947531
28.84118611
29.00857382
29.01304140
29.02476751
29.15863681
29.18487985
29.34829294
29.55007206
29.68519236
29.73963408
29.74309335
29.79253923
29.87547581
29.90662936
30.18529253
30.26104394
30.47310559
30.47448287
30.49336324
30.52203762
30.69979685
30.70561705
30.91428301
31.09962358
31.12248935
31.16217026
31.17975134
31.30926256
31.34374565
31.40023140
31.47123309
31.59246607
31.64064134
31.65170125
31.68603889
31.69874173
31.80637889
32.05202428
32.07998905
32.10893273
32.17337103
32.21286312
32.36740020
32.38586755
32.47958821
32.72772109
32.76185338
32.78200257
32.87085786
33.07566074
33.27652217
33.35880872
33.41477473
33.41529013
33.60824844
33.60869059
33.61697412
33.76476243
33.81414785
34.06126392
34.18610129
34.20507622
34.23007603
34.40905517
34.50856453
34.52810477
34.60035504
34.63701812
34.63705496
34.66013140
34.77225735
34.86838232
34.94595500
35.01859139
35.14669624
35.39361485
35.41465722
35.45847958
35.50789170
35.61058165
35.62119325
35.69172977
35.71895057
35.91824911
35.92300923
35.92990163
36.04502142
36.08230236
36.12471252
36.12668682
36.13952364
36.26163129
36.32049879
36.51738151
36.70945805
36.77176582
36.79240962
36.84893358
37.12895966
37.30143977
37.40304551
37.40566209
37.49345717
37.73805665
37.95891678
37.96107728
38.40101736
38.47963393
38.75958834
38.80269493
38.80636185
38.86772229
38.90936299
38.93568772
38.96019447
38.98341944
39.27803503
39.32402519
39.48951970
39.50466179
39.57791747
39.60966999
39.83053942
40.03093589
40.08678495
40.10767230
40.27549322
40.39578146
40.50090106
40.52217227
40.63927353
40.74728018
40.77402487
40.82373451
41.15488673
41.17874113
41.18090426
41.27431038
41.46842574
41.50200237
41.56177926
41.61164591
41.67131153
41.74893286
41.76487560
42.10884320
42.12692650
42.31522854
42.33020958
42.49285520
42.53129565
42.55068134
42.55295036
42.56355016
42.56930185
42.66626472
42.73973777
42.90155678
42.95369876
42.95867911
43.01326140
43.03238907
43.07238562
43.18596219
43.31207722
43.40505575
43.46085067
43.71695457
43.73083490
43.80369384
43.81726496
43.94072274
44.06173258
44.36259423
44.38356239
44.41519701
44.48813250
44.53488442
44.53927968
44.71062318
44.83954070
44.88043073
45.09398297
45.18116656
45.26123994
45.27472197
45.29056302
45.32857888
45.40090440
45.53813910
45.79746890
45.89502848
46.04066686
46.05282782
46.19640764
46.20828268
46.22878139
46.41129665
46.48958753
46.49558135
46.49911793
46.52577842
46.75640082
46.88485249
47.20868052
47.27378145
47.37520315
47.52170775
47.54873628
47.63554366
47.72328192
47.75834999
47.78526247
47.79977912
47.86171724
47.86674914
47.89277399
47.94277469
48.27415279
48.52512862
48.63205756
48.68413242
48.68490638
48.77888503
48.82312676
48.86515875
48.91505792
48.94979029
49.13069542
49.21657838
49.29423941
49.50901799
49.63547476
49.78087033
49.85605309
49.90208865
49.93675195
50.08864215
50.18153017
50.30767482
50.37506459
50.45552844
50.75717425
50.86991854
50.90999094
50.98482691
51.01785929
51.04733413
51.04831887
51.04838516
51.19312596
51.31901407
51.34886224
51.68691742
51.68807564
51.71792652
51.84428661
51.84542202
51.87712710
51.89132179
52.08462393
52.40043240
52.49631007
52.61792527
52.87200223
52.94077952
52.95738453
53.02781260
53.15400141
53.23787523
53.25760047
53.49219983
53.51621236
53.57278656
53.97550245
54.18555125
54.20115909
54.24831756
54.40103083
54.51316758
54.51734852
54.53355603
54.58539492
54.59837069
54.72863532
54.76866840
54.83981703
54.86700820
54.89046817
54.95214958
55.01665770
55.16202676
55.17176024
55.18988940
55.19650387
55.21442627
55.23509106
55.75396271
55.91230437
56.00216952
56.14029641
56.16626380
56.33134280
56.37077344
56.48401048
56.69674068
56.70043032
56.72712372
56.80378920
56.80439871
56.88179660
56.91744666
56.91960310
56.94608612
56.97581067
56.98976379
57.02559445
57.29062643
57.32817364
57.33557117
57.42353358
57.46410167
57.57201394
57.60112806
57.73955745
58.02030836
58.03832668
58.09421762
58.19523906
58.23623362
58.27718828
58.31399059
58.32796461
58.46006731
58.49679789
58.58442801
58.64506073
58.76038477
59.07303424
59.31778805
59.37285879
59.37486764
59.45804136
59.48035237
59.62047140
59.73082347
59.76926326
59.89884400
59.99585383
60.16425085
60.18692161
60.26309694
60.32778992
60.50435968
60.50602012
60.52914115
60.55183233
60.58933826
60.63196190
60.90187146
61.08726337
61.11957365
61.23703980
61.24753607
61.24795453
61.30504492
61.47270665
61.47759086
61.50638607
61.63088008
61.79442671
61.82124837
61.83551307
61.94073220
61.96286689
61.98165195
62.03653868
62.15351298
124.00000000
