0.07883764
0.13255512
0.18155048
0.47127520
0.72369276
1.11022106
1.20540864
1.41351042
1.41685171
1.54742511
1.63770552
1.69337226
1.70966411
1.88916918
2.10533212
2.11342813
2.15492625
2.34821982
2.47618385
2.48284157
2.58669134
2.62355395
2.64170883
2.65536900
2.73711805
2.80865273
2.90688968
2.90716064
2.94405484
2.97600797
3.03681371
3.11572616
3.19737575
3.20762861
3.25072167
3.36291931
3.43418890
3.54023001
3.54477049
3.54612832
3.57594141
3.63708315
3.70932444
3.74252963
3.76503205
3.83013062
4.11722754
4.12933258
4.16119688
4.20874037
4.21163308
4.25838368
4.30583541
4.31469017
4.32424273
4.34033173
4.42205355
4.44683471
4.50080842
4.52486611
4.56839772
4.61321950
4.87519569
5.03291182
5.07935295
5.16792050
5.20122230
5.25078617
5.38186621
5.41126500
5.45115262
5.76189622
5.76468435
5.81432912
5.83119101
6.30187379
6.41921375
6.58744623
6.71005658
6.75079420
6.78453795
6.85696145
6.88798658
6.96685875
7.01377513
7.01992549
7.06792314
7.10917642
7.26911225
7.31394420
7.48995077
7.54326620
7.59382196
7.61004358
7.72178161
7.76474399
7.86591552
7.91787510
8.26885090
8.30291182
8.31820888
8.40598456
8.52409535
8.64965432
8.89515177
8.90045194
8.93129127
8.95853737
9.32936254
9.32937010
9.36260211
9.37910306
9.38296916
9.42289686
9.48967576
9.51085684
9.52970004
9.56642821
9.66504349
9.70532420
9.77475460
9.85157786
9.85393363
9.86911757
9.91151334
10.05005799
10.17681250
10.23616217
10.36371295
10.42359274
10.70246502
10.80394055
10.81085328
10.81151646
10.94347120
10.95427373
10.96821354
11.14941718
11.29461951
11.82811713
11.83468323
11.83484218
11.84259955
11.87875763
11.91113638
11.92475551
11.96410948
11.99865259
12.00857127
12.09902967
12.25643691
12.29710103
12.45118717
12.61443705
12.62411557
12.69095217
12.87540230
12.94343580
13.05430082
13.10776940
13.12146518
13.12703419
13.42056895
13.44125976
13.51039340
13.55530791
13.60543254
13.66826075
13.68240791
13.69298455
13.69558062
13.82705444
13.95980374
13.96644669
14.02018908
14.06413602
14.11680988
14.17437000
14.23720572
14.45945732
14.51227223
14.63760893
14.64220573
14.78977484
14.81736673
14.91798484
15.01526992
15.12976665
15.21441018
15.31988715
15.37552792
15.42930723
15.50648507
15.76986323
15.93993609
16.09865128
16.33295255
16.40639631
16.50327317
16.50963555
16.53042823
16.72505057
16.82853441
16.91823076
17.36385843
17.39309872
17.42103196
17.45472976
17.48309322
17.54827340
17.54923905
17.55160671
17.66330253
17.66873293
17.69873298
17.80090195
17.80235023
17.91948781
17.98836026
18.22302209
18.29548636
18.33309503
18.43753763
18.50101232
18.63516708
18.67330784
18.68378604
18.93595772
18.93611782
19.22077327
19.34891469
19.48048049
19.53976802
19.56740995
19.73850559
19.75939273
19.83366724
19.83672161
19.85730150
20.01139402
20.10253057
20.13000605
20.19532264
20.32929814
20.34203763
20.35641563
20.36412067
20.38029444
20.46381557
20.47276650
20.63112271
20.66503627
20.72070833
20.82185238
21.01934764
21.11573431
21.11710620
21.23482314
21.24089508
21.36449973
21.38016282
21.45959559
21.54249019
21.61430398
21.65321575
21.68188002
21.93969796
22.12664819
22.17302939
22.22740462
22.25683073
22.27389131
22.32124259
22.36754908
22.62913747
22.83770720
22.84076961
23.13350731
23.15753303
23.19081649
23.39889677
23.44073711
23.47341826
23.47911724
23.53570806
23.54389852
23.69955065
23.71195203
23.77337353
23.87206096
23.87943961
24.19034196
24.21092201
24.21455659
24.25859282
24.35490151
24.52307257
24.58788644
24.61397373
24.74651382
24.83952316
25.03601037
25.07520031
25.20797423
25.23420249
25.30353487
25.35052506
25.49726577
25.53209167
25.53544975
25.56346897
25.67268638
25.72038127
25.72242671
25.76502139
26.03734471
26.09763593
26.30992737
26.33713435
26.39085504
26.53596444
26.62229922
26.67771736
26.68399310
26.70068757
26.82257761
26.85110090
26.89462200
27.00603655
27.14958910
27.19240180
27.19357016
27.19980351
27.21184438
27.24358278
27.30088640
27.45813682
27.54113809
27.60911897
27.61279379
27.73569610
27.82451216
27.87238310
27.89429513
27.95223159
28.07199000
28.07375301
28.13347657
28.24551530
28.28876496
28.38647543
28.52087725
28.64378098
28.84391654
28.95793008
29.08550315
29.34753508
29.37267403
29.56296401
29.64309083
29.67572059
29.74020973
29.77254447
29.83803495
30.20406508
30.24322525
30.27956643
30.32562722
30.37599173
30.58936185
30.66137319
30.75265742
30.88902135
30.89416355
30.92434425
30.96923480
31.03061815
31.08417404
31.11247353
31.23610027
31.28031479
31.30002862
31.36685982
31.53117909
31.72902265
31.77244527
31.80352885
31.81201833
31.81262353
31.94564873
31.95162749
32.18730462
32.25834669
32.29024505
32.30640346
32.53443817
32.64094667
32.99620382
33.16597682
33.22772895
33.25472806
33.28419950
33.52086489
33.53245176
33.58381292
33.59712491
33.61193954
33.61367659
33.65157059
33.65258844
33.71694719
33.91480850
33.95494387
33.98091076
34.08511111
34.42809984
34.56453258
34.56986532
34.75098929
34.79564181
34.83566030
34.88908630
34.93390799
34.99829707
35.05118783
35.10966848
35.15868234
35.29117266
35.30450292
35.32898211
35.37473116
35.39066369
35.41509812
35.76503663
35.83965511
35.98925663
36.19957847
36.29230116
36.35518285
36.57128490
36.61100319
36.64166958
36.70417505
36.73277570
36.96331399
36.97641100
36.99432750
37.00017978
37.13981947
37.40953540
37.47410892
37.54459363
37.57083638
37.62295577
37.66216952
37.94376850
37.96910598
38.04313419
38.09933666
38.13175427
38.16644820
38.31895291
38.34759344
38.35780100
38.36568008
38.48830909
38.49118634
38.53255513
38.56977479
38.72599685
38.76285902
38.96742984
39.13792794
39.14240622
39.15113706
39.17482589
39.20302822
39.20523980
39.21616383
39.27857682
39.32354830
39.40828310
39.48306918
39.58544042
39.63540008
39.78824330
39.82488254
39.83309024
40.05247875
40.18269635
40.26246278
40.26299202
40.46363762
40.59481130
40.62029815
40.62629234
41.00578200
41.03386182
41.42339782
41.65193344
41.70747458
42.03389926
42.41239584
42.48370566
42.49285471
42.55792724
42.63742209
42.88707133
42.90301504
42.97656908
43.05658912
43.06791095
43.10732019
43.13581481
43.13946960
43.20412205
43.44463890
43.54188327
43.55936342
43.80540585
43.81710341
43.94256022
44.08880977
44.35331241
44.42018598
44.43053857
44.47406110
44.50262808
44.88518800
44.91486374
44.92053324
44.98441564
45.14620175
45.20290500
45.48236963
45.49835169
45.52964784
45.69345480
45.74230732
45.78326970
46.00658289
46.04505825
46.21448889
46.24182618
46.60952242
46.66982703
46.79675792
46.99298531
47.15244485
47.18407946
47.23097291
47.23878441
47.26319055
47.27045764
47.39538148
47.45063535
47.50267274
47.82475749
47.87012778
47.90771378
47.91402670
47.92675453
48.10871550
48.14192971
48.14964408
48.17788190
48.27298362
48.29804918
48.30104337
48.30357478
48.32307901
48.41548441
48.56641608
48.63056845
48.67014326
48.74051379
48.78262268
48.85235658
48.95248011
48.96171460
48.97305502
49.03205535
49.04866456
49.11837701
49.15955102
49.20246632
49.21546416
49.21947184
49.24746639
49.25918177
49.47076104
49.55379312
49.57158767
49.67139757
49.68873355
49.75347859
49.77345710
49.78751605
49.80861641
49.82272981
49.88023615
49.90095190
49.93644675
49.97369437
50.21411064
50.26329273
50.36160649
50.37073356
50.56719916
50.73765428
50.81060845
50.82669997
51.00846899
51.01496075
51.11578902
51.15235515
51.21074404
51.22766568
51.30106627
51.36406053
51.81921597
51.83334945
51.89436362
51.99304945
52.03813159
52.14054761
52.21557831
52.21680983
52.28327099
52.46735474
52.53162157
52.53322920
52.53598184
52.74185984
52.93036552
52.95784864
53.00291327
53.16683220
53.21847210
53.27292103
53.34032921
53.36439284
53.61734278
53.74974508
53.92192147
53.94188323
53.98437231
54.04730717
54.46149248
54.57644774
54.74764770
54.81599167
55.12706944
55.16891594
55.24362828
55.28396390
55.32156833
55.52000606
55.54465294
55.54866411
55.55036584
55.55415498
55.60974187
55.64131052
55.67370446
55.73326193
55.81883201
55.82605043
55.83581777
55.88723522
56.17046632
56.17926462
56.34382791
56.35295089
56.36759967
56.74216393
56.79566353
56.81010463
56.90175794
56.92700561
57.03292758
57.09536166
57.12538220
57.46650265
57.49493749
57.60017792
57.64299093
57.78269913
58.05996649
58.08575103
58.09976190
58.14382790
58.24352849
58.41589847
58.44188273
58.54905754
58.71196183
58.84824173
58.92517292
58.93235222
58.93413246
58.99115941
59.08128175
59.09789176
59.11757581
59.12280457
59.19266516
59.37974266
59.57438628
59.86264127
59.90162626
59.94682798
59.95135309
59.97542093
60.04171147
60.11871804
60.12513565
60.14194140
60.18031645
60.18123695
60.20009042
60.21136345
60.33489432
60.40288098
60.45193511
60.49055829
60.64138521
60.70020443
60.93281991
61.07907096
61.26126624
61.29722823
61.34795167
61.37616527
61.49516903
61.49886861
61.62454632
61.68842864
61.71806036
61.78180455
61.80140186
61.80834718
61.85025665
61.93275639
62.04055147
62.14066194
124.00000000
