0.00358746
0.05930313
0.16236527
0.22966159
0.33819335
0.43175803
0.46881797
0.48279866
0.52444737
0.56806168
0.65750264
0.72340852
0.78683559
0.79730458
0.82075054
0.85769725
0.90561320
0.98589868
1.00693611
1.05470786
1.15930156
1.17661567
1.18858183
1.23678948
1.24535705
1.43021522
1.47797898
1.54019224
1.58402486
1.60900651
1.73507031
1.79091325
1.85878402
1.95525844
2.01185479
2.01377010
2.05223306
2.06000173
2.28436292
2.30110761
2.30562683
2.40239036
2.50531662
2.52956643
2.62498943
2.64400068
2.64584699
2.76339818
2.85737063
2.86411687
2.96749784
3.01303081
3.03157775
3.23677126
3.28494025
3.40273947
3.45443736
3.61061114
3.62619195
3.81604566
3.83420315
3.88681446
3.95161663
3.97450835
4.03071753
4.26330656
4.27772030
4.32179341
4.32635082
4.63089768
4.73041796
4.74570899
4.91847038
4.93780592
4.94928819
5.03032019
5.15252479
5.19760669
5.32511733
5.38448614
5.38570689
5.50640066
5.67228825
5.83574224
5.91095788
5.98461103
6.12056378
6.19474707
6.26930996
6.34296045
6.46318939
6.60609114
6.65107340
6.67048714
7.11842296
7.19065371
7.20837051
7.33499057
7.48867470
7.64070327
7.66022990
7.68398377
7.68973830
7.83985431
7.98641291
7.99466211
8.02549405
8.02728094
8.09562171
8.16122168
8.16612277
8.81598551
8.91726969
8.94272739
8.95456061
8.95849177
9.07519022
9.14879081
9.41929865
9.43478652
9.61725783
9.61943226
9.63644949
9.69934941
9.86143825
9.88017504
10.00316538
10.10505110
10.10518999
10.11231321
10.11563664
10.15673395
10.27077312
10.34949848
10.47121202
10.47692228
10.50354526
10.71053507
10.75476545
10.81649509
10.86098680
10.94565125
11.09635487
11.10929921
11.14996661
11.25444622
11.53292697
11.63139941
11.66516616
11.72942634
11.77023253
11.84720717
11.88452815
11.97344537
12.00313444
12.03594244
12.05172703
12.11566481
12.14037797
12.18053264
12.43061954
12.54453488
12.75029770
12.80364870
12.91052166
12.97828284
13.06410822
13.12456304
13.16014027
13.16645883
13.25448622
13.42583134
13.45338676
13.54853966
13.60543254
13.63933949
13.66364240
13.71956551
13.79181256
13.83760463
13.85287996
13.94431546
13.94472183
13.95012160
14.01581117
14.08365486
14.11317349
14.17991540
14.29830013
14.36020088
14.45097267
14.52382861
14.70412736
14.73577283
14.76456758
14.77668386
14.87005220
15.03640684
15.14478039
15.17198540
15.17359732
15.18650237
15.32694643
15.35117212
15.44017440
15.45706006
15.55924967
15.63516544
15.74263026
16.14200273
16.21022644
16.21499526
16.29855050
16.47989407
16.50034418
16.54827510
16.60236518
16.77973360
16.79987111
16.85202858
16.86697070
17.04271061
17.12119004
17.16012897
17.22926771
17.42106032
17.57183060
17.63470820
17.66863881
17.85934654
17.88033576
17.98009569
18.05856719
18.12312283
18.27885849
18.33520260
18.34171604
18.36219780
18.50380117
18.56117617
18.71308352
18.74185708
18.83219346
18.87999976
18.98404210
19.10634227
19.21502804
19.48920545
19.63216423
19.63819488
19.64498569
19.73826477
19.79641079
19.90952540
19.97634366
19.99943171
20.11725738
20.24958395
20.29340525
20.34687897
20.51353713
20.68703380
20.96541808
20.97311566
21.05180730
21.07145827
21.13428936
21.21191257
21.23427284
21.33270494
21.37034654
21.45225627
21.57450455
21.58974525
21.80075317
21.83759875
22.03490319
22.08291680
22.13110871
22.15059232
22.38555764
22.41770375
22.49281727
22.57210006
22.65706272
22.71397755
22.74732157
22.88120447
22.89872390
23.01187586
23.05502059
23.12119858
23.21564546
23.27802189
23.28011511
23.30510079
23.31443220
23.31835746
23.66869650
23.75381964
23.75943374
23.79163432
23.84645806
23.88290278
24.03696492
24.03710767
24.04023050
24.16961405
24.20678188
24.29079099
24.34855993
24.44553540
24.51407100
24.52706670
24.54857053
24.70899348
24.74041175
24.81657990
24.92046996
24.93330602
25.06662675
25.20294900
25.21779895
25.23772886
25.30984081
25.32162277
25.41141047
25.50389377
25.52601164
25.53601698
25.55863117
25.58022016
25.66800852
25.72180211
25.81121561
25.83638243
25.91414705
25.92775623
25.99895301
26.20368263
26.23622909
26.25968696
26.28966832
26.39189855
26.47332560
26.59832259
26.64736567
26.65821135
26.69054903
26.83001761
26.89252504
27.02693214
27.03986515
27.11042578
27.18405241
27.27258332
27.37511449
27.44495648
27.55481290
27.77043513
27.77322752
27.90046099
28.03153885
28.30050320
28.30794118
28.43383816
28.66526096
28.67459262
28.71157350
28.71740924
28.80664799
29.08808604
29.10989070
29.18236522
29.39356837
29.46472736
29.51226729
29.70183762
29.94838786
29.97154960
29.99703313
30.00162389
30.11497323
30.16346505
30.23667507
30.29936861
30.29990465
30.46311657
30.47869358
30.50588854
30.51644510
30.56683273
30.78765405
30.83342106
30.94107379
30.96895300
31.06198006
31.08177553
31.20779482
31.21951785
31.25141701
31.25621522
31.32206804
31.37629233
31.43391339
31.46565306
31.73611039
31.91239375
31.98692965
32.04104771
32.22031875
32.34063938
32.38323801
32.44836244
32.44893772
32.49389175
32.54217332
32.58506864
32.84128049
32.96662161
33.09397863
33.10229388
33.23913119
33.46257262
33.58713246
33.58794973
33.77154449
33.77517220
33.85898573
34.04965613
34.07958154
34.19099758
34.20287391
34.25079000
34.35701790
34.35913254
34.45952005
34.68619178
34.74717738
35.01011624
35.01579129
35.17945984
35.20378718
35.26884670
35.29076590
35.47351262
35.58926461
35.84426282
35.92381887
36.25042235
36.26397871
36.45038119
36.65633293
36.74769862
36.75367678
36.84085733
36.99174282
37.05119762
37.05659041
37.12196272
37.15239845
37.20898908
37.22916261
37.33294212
37.40163659
37.46494192
37.51639572
37.80351161
37.87280347
38.02989867
38.13216049
38.22686178
38.28529068
38.30778221
38.43053173
38.44983961
38.52227522
38.53835534
38.59816544
38.65058955
38.75261909
39.00460544
39.03611167
39.08944036
39.09092904
39.25848774
39.37436010
39.41089225
39.43786053
39.50629082
39.51910144
39.55711776
39.65753812
39.78236115
39.90641665
40.06603785
40.22179433
40.38446466
40.45614692
40.48039412
40.68551350
40.74274315
40.91707148
41.23829934
41.33892317
41.39032864
41.42812527
41.43776865
41.55700017
41.59067966
41.65551314
41.69325157
41.72140892
41.91471997
41.95895114
42.05974068
42.08511967
42.10762272
42.11497668
42.33830917
42.44096665
42.44726689
42.51511038
42.58307923
42.65919064
42.71473992
42.71655691
42.73468566
42.79353602
42.82005874
43.09369403
43.11984114
43.13265767
43.14184607
43.21827812
43.24696060
43.28628217
43.34206068
43.43600518
43.51331896
43.67716405
43.70018677
43.75347157
43.82294552
44.08413441
44.15597042
44.17858403
44.20594271
44.20916093
44.35158111
44.37705412
44.41542579
44.42049388
44.42548499
44.51223100
44.68843902
44.85818913
44.95180380
44.96102061
44.97292980
44.98404463
45.19387142
45.37662926
45.39127082
45.41251839
45.44106053
45.74519159
45.86171779
46.02649476
46.14738617
46.18493435
46.19852437
46.33963912
46.49019884
46.81254377
46.87811157
46.87929341
47.14663899
47.17140565
47.23526824
47.24664821
47.27810996
47.28332482
47.29575578
47.30771582
47.37818538
47.38116271
47.57466938
47.64933168
47.88454187
47.93598640
47.95535453
47.98499805
48.02873506
48.08088180
48.11320135
48.21393106
48.28409520
48.29461813
48.29964945
48.76971937
48.86340821
48.87516505
48.93210643
48.96548575
49.02158491
49.03649689
49.21657838
49.22024902
49.28109971
49.34172208
49.60106683
49.73531047
50.00090261
50.25709600
50.26387879
50.52233706
50.57952346
50.62484700
50.76733077
50.81031497
50.84081027
50.84540522
50.90717656
50.95438010
50.96416093
50.99709538
51.02530081
51.09483926
51.10915891
51.15343596
51.20352077
51.27748322
51.55047510
51.80023477
51.82665025
51.82898082
51.84428661
51.89727112
52.00334438
52.05916309
52.07542355
52.14259755
52.28414121
52.38234532
52.43913824
52.46808703
52.50170696
52.61439946
52.70647622
52.72598511
52.82490347
52.87681917
52.89951283
52.94365702
53.16175540
53.22161998
53.33477391
53.34032921
53.35107438
53.43327597
53.56710928
53.62336704
53.62961656
53.63723616
53.68435177
53.85110508
54.07419582
54.13800543
54.14500079
54.17831232
54.24430654
54.24728424
54.25584845
54.27277108
54.33210623
54.37283882
54.44503190
54.54258946
54.61635207
54.63266840
54.63416335
54.89467629
55.04458197
55.05889912
55.06588761
55.35014257
55.43597722
55.43964365
55.47136627
55.48573809
55.52574326
55.58166614
55.71434793
55.75689864
55.86794960
55.93058676
55.98949189
56.24542060
56.53483304
56.58750337
56.65350634
56.67487412
56.76406598
56.87319669
56.94440534
57.14898657
57.24702539
57.37534196
57.44795389
57.52693024
57.60017792
57.63396763
57.66233998
57.70705054
57.71511209
57.73987053
57.75985349
57.77781526
57.81214827
57.82893459
57.88239637
57.90237035
57.97482451
58.28677127
58.46067276
58.67191790
58.72128249
58.73383663
58.75475177
58.77342319
58.86851685
58.99650067
59.02080897
59.02738411
59.04386710
59.12681065
59.29226352
59.34945191
59.35506415
59.37041394
59.54108810
59.87423716
60.02791571
60.06961468
60.16692971
60.24196200
60.27900543
60.34001724
60.35912678
60.39675599
60.50121054
60.51306526
60.53989714
60.65974488
60.71962029
60.77377364
60.79778905
60.89068777
60.90349794
60.91496643
60.93537764
60.94986909
60.95112080
61.08469687
61.19481650
61.40657730
61.41764736
61.61180002
61.68424942
61.72503589
61.83549923
124.00000000
