0.13363054
0.28422069
0.38536986
0.40180417
0.44639814
0.47769397
0.48190451
0.53866814
0.76294756
0.82776577
0.84081393
0.86989594
0.87805701
0.90120744
0.91730651
0.94488978
0.99387301
1.03484904
1.04209255
1.08311748
1.10592126
1.12228856
1.16572226
1.19719202
1.31797767
1.34124541
1.36710584
1.37145341
1.63243566
1.79704930
1.80110960
1.85996603
1.89577542
1.92501177
2.00310400
2.09432354
2.09979750
2.18498638
2.20171260
2.29094759
2.39678079
2.42292761
2.57650144
2.58620098
2.81686784
2.87385013
2.87874051
3.48175230
3.52983369
3.62976941
3.64133737
3.73018971
4.02458477
4.04195025
4.25726807
4.27760942
4.33713080
4.37941717
4.75594665
4.76230800
4.96566137
5.06439490
5.07403844
5.18051124
5.20122230
5.23304064
5.54485991
5.55683071
5.64987119
5.80234888
5.92159515
5.97285641
6.04944911
6.08187736
6.25652379
6.29494448
6.45594374
6.47183517
6.52110846
6.64740004
6.65390424
6.67721204
6.85039662
6.85312150
6.94951362
6.98807130
6.98931346
7.00501500
7.04419934
7.05636367
7.06323735
7.15241062
7.18781182
7.32209641
7.37305318
7.49961169
7.52250418
7.68398377
7.77321293
7.80082254
7.83867567
7.93651534
8.07345109
8.27430172
8.28090971
8.28092105
8.28269919
8.29267520
8.40597009
8.50349372
8.69684543
8.70898948
8.84925382
8.85555352
9.06601081
9.10344330
9.12787461
9.15421149
9.16057325
9.17484583
9.52683970
9.52994944
9.55408262
9.57502552
9.66802111
9.84706400
9.94363236
10.06164956
10.12919328
10.14733549
10.23818194
10.33656317
10.44123789
10.61596549
10.77908769
10.78266912
10.96370698
11.01869965
11.10511581
11.67736120
11.70478192
11.74266266
11.80901007
11.87440723
12.00313444
12.10218851
12.19065635
12.43139256
12.46352036
12.53297552
12.67699783
12.75116095
12.91614429
12.96222905
13.02251043
13.03453091
13.07486108
13.20408665
13.44673392
13.56350717
13.63055587
13.64219852
13.67642699
13.73528547
13.82988274
13.85133693
13.85850849
14.02182641
14.06154591
14.28458274
14.29051221
14.30874179
14.44449690
14.49252995
14.51263046
14.53722210
14.55065674
14.60498159
14.70357955
14.76227482
14.84807332
14.87888725
14.88092042
14.89530345
14.89954868
14.98313681
15.02271093
15.10967920
15.12687806
15.13535027
15.21064406
15.51847458
15.60771577
15.67150103
15.67497981
16.02421708
16.04736534
16.23666937
16.24185583
16.33528834
16.38827257
16.50034418
16.56189367
16.61317449
16.73134381
16.75564640
16.87510158
16.98959842
17.11716452
17.12027877
17.25702594
17.29613340
17.34205618
17.39255569
17.44407660
17.53374296
17.56826974
17.67932890
17.73087511
18.09904360
18.19419027
18.28431512
18.40949680
18.66209998
18.74691976
18.75487489
18.77108724
18.82140847
19.08847048
19.14727089
19.24699388
19.34051805
19.49076097
19.49913747
19.86142397
20.02771707
20.07326839
20.22784049
20.28598990
20.46813234
20.55389250
20.58711714
20.72140544
20.87282590
20.87297464
21.01779606
21.38674173
21.60857762
21.62325711
21.63280026
22.08395683
22.10004311
22.10864836
22.32174541
22.39111565
22.49577047
22.60878402
22.63391413
22.95633856
23.31865546
23.42032902
23.42550059
23.45787453
23.53804083
23.53806296
23.54410845
23.55306496
23.80314276
23.98955902
24.01055882
24.02850672
24.03032061
24.14668978
24.19911384
24.28378765
24.34213194
24.36182542
24.66889029
24.70607448
24.92698343
24.96069239
25.07888050
25.09101522
25.16284787
25.27406365
25.27886285
25.31403017
25.36667267
25.43013555
25.43461920
25.47416157
25.50671386
25.53234055
25.53382882
25.55385017
25.61457428
25.90975061
26.13278128
26.15422444
26.22759117
26.53139161
26.54646843
26.61527385
26.64476168
26.72698961
26.79968999
27.03894100
27.07042619
27.28951417
27.34989605
27.46919049
27.70230718
27.80901882
27.88060099
27.89673864
27.91224238
28.22332470
28.25109933
28.29912772
28.30312421
28.35282277
28.52677081
28.56564855
28.57283046
28.62260963
28.66934191
28.82763283
28.96718550
29.00974610
29.03963522
29.05699236
29.11210402
29.14033071
29.24733650
29.33513232
29.37051154
29.37270138
29.47969219
29.50219439
29.92188515
29.93481234
29.95765622
29.98267262
30.05167299
30.07419434
30.09351740
30.19277898
30.29936861
30.34584049
30.44843763
30.45737885
30.51303619
30.58655254
30.65295230
30.93949315
31.03961009
31.04735019
31.08177553
31.10633132
31.21593733
31.24200116
31.31329238
31.37069344
31.56700868
31.61695177
31.62335316
31.74561613
31.77516003
31.84909267
31.90372323
32.03650032
32.11837297
32.17337103
32.19374312
32.43303410
32.44368150
32.47004887
32.49180573
32.54998500
32.57721809
32.58541045
32.62984326
32.70850902
32.91978414
33.13162577
33.26022597
33.33395295
33.37261360
33.44991680
33.52770609
33.54222687
33.55837659
33.56130935
33.59285467
33.78084728
33.83958253
34.01957571
34.12664265
34.16224323
34.20389514
34.27844116
34.44970880
34.60626738
34.66007443
35.00509105
35.01154393
35.06860791
35.11805805
35.21404606
35.25558416
35.36196026
35.44231875
35.53316361
35.66578276
35.67745851
35.69852909
35.88343899
35.88876799
36.01674360
36.35360687
36.36473238
36.41847987
36.47424078
36.67855069
36.80632136
36.86174972
36.97918922
37.04174463
37.14595203
37.22559478
37.31706722
37.33446005
37.34525481
37.56393558
37.66041700
37.81871159
37.82307552
37.87409423
37.93624615
38.09158510
38.13226692
38.32352183
38.40101736
38.48791793
38.71723331
38.77551943
38.79844549
38.80556828
38.89461530
38.94725554
38.96823140
38.98171629
39.00993690
39.12795879
39.14240622
39.14608822
39.19680635
39.24628839
39.42104733
39.48951970
39.53328348
39.55409349
39.80055907
39.81868291
39.86840944
39.89160456
39.97330630
40.14431823
40.15062600
40.30268972
40.55776456
40.61107226
40.63568259
40.72039563
40.78213794
40.79075129
40.80486088
40.85140055
40.94609351
40.99634703
41.03550829
41.15048182
41.27628270
41.29139688
41.44555796
41.53787689
41.65256858
41.79381900
41.88047525
41.91138994
42.00689598
42.25585635
42.26699932
42.33088448
42.36266197
42.45572203
42.46950326
42.51169699
42.51679671
42.52458319
42.53429381
42.66843168
42.75361611
42.83927842
42.95544758
43.01182670
43.08190265
43.08969152
43.11986268
43.19102032
43.21092577
43.43882409
44.09456156
44.12131385
44.16436840
44.19742506
44.38320932
44.52792724
44.55828476
44.76531620
44.81050003
44.85536920
44.89034942
44.98404463
44.99256784
45.03781746
45.22036885
45.24313693
45.26620158
45.61830329
45.62936764
45.66567807
45.87309045
45.89286631
45.94123100
46.00073696
46.02792507
46.31138202
46.33456032
46.38747337
46.39281978
46.39803423
46.40648308
46.41445260
46.46253883
46.48000879
46.54127100
46.54222898
46.56278619
46.67167745
46.68221748
46.74813342
46.80882165
46.90076558
46.93306789
47.00345887
47.04880180
47.06533484
47.11699011
47.15561835
47.16630366
47.43392057
47.44514818
47.45485840
47.57228687
47.57466938
47.64690631
47.65296867
47.69549282
47.73538168
47.76032806
47.78269859
47.89906832
47.90205876
47.98840572
48.17243798
48.23041099
48.25746044
48.29114904
48.39462393
48.53546489
48.55956142
48.66499261
48.68157034
48.79430031
49.04389154
49.19901239
49.21713299
49.26630521
49.39785181
49.44245252
49.49214720
49.60175367
49.83668138
49.89508465
50.06180875
50.09572887
50.21766041
50.30303743
50.40479610
50.43554643
50.48022918
50.62796064
50.64387741
50.67527011
50.73034631
50.73309220
50.77153311
50.93626086
50.96703891
50.99663157
51.01786467
51.07277365
51.10391465
51.13078237
51.13642711
51.47075612
51.53639196
51.54472513
51.58470128
51.59511260
51.60420226
51.62102110
51.67629610
51.73734916
51.78348166
51.82251794
51.90627040
51.92267411
51.98055753
52.00503155
52.08149450
52.13813741
52.14259755
52.29831849
52.30902264
52.37809779
52.40043240
52.46149173
52.51469104
52.54799351
52.73851483
52.79808318
52.84486317
52.85358749
52.87608593
52.97747602
53.01950135
53.05064404
53.09558751
53.11968928
53.13781514
53.20291337
53.34786730
53.37408057
53.50340356
53.51349869
53.56710928
53.62188519
53.68856390
53.81120316
53.83400709
53.84807831
53.97008728
53.99156536
54.23938333
54.29571867
54.31591072
54.35271295
54.41060236
54.43909593
54.48022938
54.50995035
54.82632469
55.19998747
55.25203687
55.48573809
55.59554512
55.64594624
55.73451962
55.81274744
56.04866744
56.06639606
56.14510238
56.15943335
56.16819836
56.27810981
56.36314389
56.43422309
56.43916549
56.48239611
56.49778533
56.51905884
56.54370465
56.74454581
56.75684060
56.83100077
56.90909581
56.92653085
57.07402553
57.15403340
57.17199314
57.18987470
57.37179923
57.44056413
57.48531403
57.61981812
57.64177375
57.85046560
58.00173145
58.02332690
58.05347353
58.41961123
58.43238490
58.56078125
58.56630058
58.71977122
58.84297719
58.96808067
59.07979287
59.40472218
59.45202507
59.50397569
59.51155083
59.63138839
59.64988824
59.68557403
59.69135713
59.80456749
59.82204976
59.85001362
59.89175243
60.12718298
60.28017683
60.28563735
60.29409102
60.44344191
60.48555585
60.54044630
60.62020569
60.93281991
60.95063190
61.14165995
61.20685752
61.24429034
61.33421070
61.39619087
61.41790288
61.52581159
61.66429462
61.71985224
61.92514336
62.09403895
62.14217024
124.00000000
