0.03787547
0.03883383
0.15666675
0.18678404
0.28764459
0.44275598
0.45433749
0.46591646
0.53866814
0.54158461
0.57447624
0.66392022
0.68843450
0.90909993
0.93520331
0.95630054
0.97507838
1.08334744
1.15799037
1.19825743
1.22658907
1.24252942
1.37138249
1.48448647
1.96077907
2.08678898
2.09688978
2.18355072
2.31974457
2.32198199
2.42433594
2.44729823
2.47501884
2.63607078
2.79822716
2.82197855
2.89625608
2.93649339
3.11466806
3.11678694
3.13734712
3.14473931
3.15895827
3.26227449
3.35467469
3.47450911
3.50134465
3.65048605
3.76917605
3.81420106
3.82167605
3.93071430
3.98109895
4.05892984
4.11411139
4.14591175
4.16704944
4.25121835
4.31050347
4.51235994
4.52220008
4.56641828
4.63020148
4.71927301
4.72164531
4.83593021
4.85788262
4.87039553
4.90025263
4.90490997
4.90659199
4.90925719
5.15497186
5.16078708
5.32994740
5.33732876
5.51176189
5.55772839
5.75973274
5.83167352
5.86770908
5.99135831
6.17579313
6.17952189
6.20771087
6.35633973
6.41186120
6.42163440
6.47275930
6.51286138
6.60127170
6.62388120
6.63640470
6.65096959
6.73324502
6.83417576
6.84679948
6.90386936
6.97794205
6.98906910
7.08374407
7.14984962
7.16816017
7.18542077
7.20347744
7.22734139
7.39712953
7.54139345
7.91967297
7.94465562
8.02576945
8.10083116
8.31125242
8.31950244
8.32988084
8.46896057
8.55941111
8.57091587
8.66969600
8.79329921
8.79855684
8.79882794
8.92665621
8.93533740
9.00164790
9.12391065
9.16894644
9.27767871
9.31610695
9.31776506
9.47645618
9.52484467
9.53380966
9.59465328
9.76086155
9.84233095
9.86962677
9.89162262
9.90102409
10.02279689
10.18762875
10.20926435
10.28027698
10.30311201
10.36714575
10.39033626
10.39344069
10.72973867
10.77984308
10.82435735
10.87964766
11.26586727
11.32664739
11.56369300
11.58633002
11.59177716
11.68057960
11.89575873
11.92895345
11.94504950
11.98032873
12.10912573
12.29956451
12.37161389
12.50681390
12.55458092
12.56071924
12.61058698
12.65289527
12.72288943
12.83471906
12.91807433
12.97696452
13.11820652
13.33765524
13.37677064
13.41140543
13.51781725
13.77573622
13.77624945
13.79014294
13.97861478
14.11065193
14.11480910
14.17226811
14.21627472
14.38839457
14.54880303
14.63653471
14.67212950
14.80620092
14.84151424
14.86815560
14.98069626
15.36067434
15.42286385
15.46624288
15.47309448
15.52879088
15.53053949
15.53137531
15.54853374
15.55490622
15.61987428
15.67150103
15.71619447
15.88560295
16.01207226
16.02645310
16.21002043
16.24185583
16.27386665
16.34605202
16.35234027
16.41826321
16.62117247
16.76389930
16.77818073
17.04741382
17.09220918
17.11228191
17.19011532
17.21819953
17.24038581
17.27198223
17.35006949
17.38189678
17.39309872
17.48159623
17.68868395
17.72478344
17.82507331
18.08329351
18.18756889
18.20550199
18.23792083
18.34625114
18.44101385
18.44923112
18.81943115
19.00071716
19.05340440
19.21043601
19.22622753
19.33623001
19.40069525
19.43350596
19.47918102
19.60526731
19.64782751
19.74567803
19.80510336
20.16356840
20.53803143
20.57173495
20.62080626
20.68324494
20.74035278
20.78316120
20.88035109
21.01671060
21.15601057
21.20539370
21.27223023
21.29620684
21.29718565
21.34971077
21.35532733
21.71792395
21.89103608
21.99401649
22.01092614
22.03469425
22.10646388
22.12670153
22.25395372
22.26793821
22.31171225
22.31494029
22.34577369
22.57419223
22.70458036
22.73668547
23.13714719
23.14454716
23.20358058
23.21671801
23.43763944
23.50863034
23.62610192
23.64301892
23.71472039
23.93726159
23.94934486
24.12420872
24.19034196
24.27023323
24.31684694
24.42269850
24.51327675
24.67992232
24.75987179
24.83387325
24.90560747
24.95528801
25.16884755
25.19643303
25.35488036
25.41853675
25.50345816
25.60683370
25.69201271
25.73606826
25.87588915
25.97728215
26.07140757
26.22128210
26.33573033
26.36261745
26.46093976
26.46430382
26.56560243
26.63886403
26.67771736
26.70469176
26.71609547
26.75375433
26.79910923
26.85718510
26.99351637
27.12821365
27.27139600
27.32960657
27.45593321
27.46355254
27.46762461
27.77696557
27.78915366
27.98284232
28.03586883
28.14599355
28.17821713
28.22527242
28.39241493
28.48107971
28.63717519
28.69189936
28.82258079
28.98939475
29.03660653
29.06717615
29.06965040
29.11502114
29.15599045
29.23038699
29.24489241
29.35160467
29.35364740
29.36675089
29.38439472
29.47973438
29.55424137
29.56265457
29.59417780
29.67129792
29.73880257
29.81040470
29.88073083
29.88580367
29.94626969
30.02259553
30.19281857
30.23588279
30.24286871
30.33390096
30.38098171
30.41871541
30.42987135
30.44685081
30.57140967
30.58655254
30.60371166
30.71728417
30.85693680
30.87506191
30.97673048
31.03715687
31.06610343
31.09775970
31.18916704
31.26695687
31.34126830
31.44194324
31.68020230
31.68353175
31.78744928
31.86769051
31.93522634
31.98967367
32.02576197
32.19156686
32.36606708
32.42980301
32.44209863
32.49465871
32.49891011
32.56143771
32.62841226
32.66630728
32.91292335
33.02749286
33.17263048
33.26694537
33.42901172
33.44991680
33.60795701
33.66613595
33.68067363
33.69137533
33.75521435
33.80835010
33.83284476
33.90485661
34.06670736
34.15611892
34.29914759
34.31500248
34.34090218
34.35251411
34.42816245
34.48903158
34.58551404
34.61060247
34.63922491
34.69841030
34.71209849
34.89244128
34.93878825
35.02956752
35.04881597
35.10289166
35.23299440
35.37091616
35.53830386
35.58832544
35.82278839
35.94456455
35.95750953
35.98962459
36.00331544
36.05813103
36.36822540
36.46542692
36.54279999
36.59987965
36.62774755
36.72261648
36.79155882
36.85220977
36.92016117
37.41118687
37.49171311
37.49345717
37.53441895
37.56342036
37.89499574
38.10612789
38.16431814
38.17751049
38.22686178
38.51319051
38.70332217
38.75143651
38.78264945
39.12984783
39.18648894
39.23446457
39.25828697
39.53642628
39.54336941
39.60344156
39.78476908
39.82254943
39.89739494
39.93243067
39.97961109
40.04269179
40.05415306
40.24632216
40.31196625
40.34811705
40.35031984
40.38043969
40.64864539
40.68817053
40.78381096
40.87570053
40.89008985
40.89710189
41.02816253
41.07638326
41.13142743
41.23278383
41.35603182
41.35875418
41.37101965
41.40268140
41.45892230
41.52170744
41.57854027
41.58281603
41.68134356
41.76569654
41.78437148
41.79221776
41.79964761
41.85261034
41.92207868
42.26993401
42.37071936
42.41964917
42.65447356
42.67724428
42.69800649
42.75132588
42.77904917
42.78035563
42.98996086
43.08030613
43.14238739
43.33817961
43.41379699
43.44982940
43.58043911
43.59795835
43.66806351
43.81746903
43.83767482
44.19163782
44.22884577
44.23416040
44.27112944
44.30003752
44.38008288
44.39440968
44.57346995
44.66901255
44.67699850
44.87583158
44.88729681
45.17160249
45.25218667
45.29447264
45.33304968
45.43531982
45.48908699
45.56373608
45.57463566
45.79160545
45.81737255
45.86171779
46.04806336
46.11652706
46.12266323
46.13383439
46.18493435
46.33246442
46.35307376
46.36345614
46.52709909
46.98100375
47.00036125
47.01660910
47.08379660
47.12589437
47.14402449
47.39198885
47.43005012
47.74965894
47.78445348
47.79973380
47.85649294
47.86171724
47.92038967
47.98499805
48.04046035
48.07968421
48.08968586
48.09905521
48.16458306
48.32947783
48.44544127
48.45339681
48.53730643
48.54156762
48.58823823
48.65002538
48.69398589
48.72965413
48.73188170
48.75899937
48.78532014
48.85724169
48.99802991
49.03307575
49.03987788
49.14947248
49.19644073
49.27154736
49.28884293
49.30940826
49.32031923
49.48110739
49.60444103
49.72029900
49.83583313
50.00383659
50.05754507
50.21293060
50.43212376
50.52186035
50.64390654
50.69318441
50.79880861
50.85505465
50.85998373
50.90555279
51.12531211
51.14928811
51.38237668
51.48459652
51.51402617
51.60078235
51.66863813
51.73282384
51.93403242
52.02433944
52.02679073
52.10342103
52.10657323
52.14183024
52.19652475
52.37230281
52.40043240
52.96641915
52.96967787
53.08102320
53.09558751
53.35107438
53.39963746
53.53022196
53.58695912
53.71030585
53.77464878
53.80934694
53.95964761
54.07824556
54.11920698
54.24844833
54.26178892
54.27221520
54.29540350
54.44096233
54.44568855
54.65070096
54.65608135
54.65963502
54.76866840
54.85430986
54.87487105
54.88590524
54.88699088
54.93935905
54.96510823
55.01462052
55.28617836
55.30790878
55.39695523
55.49301961
55.56601851
55.73899525
55.77677580
55.80669482
55.91083995
55.91201124
55.92463576
56.00697796
56.00818132
56.04980081
56.12733611
56.20649002
56.28513458
56.29704209
56.56303857
56.80186560
56.81029942
56.82593586
56.87319669
57.10079571
57.11938204
57.13881263
57.20635214
57.28872054
57.31717632
57.32370934
57.38044528
57.54512968
57.64048896
57.66272685
57.76342152
57.79003721
57.79625307
58.05216041
58.10193844
58.24867928
58.30350284
58.38195934
58.40872417
58.45793508
58.63262579
58.67388921
58.99989897
59.19950823
59.35506415
59.36901146
59.42855440
59.53740230
59.68554150
59.81246095
59.88668308
59.89698794
59.90320428
60.01204880
60.11403053
60.19460868
60.23183874
60.49089864
60.52202060
60.56881187
60.57320748
60.59815848
60.63607414
60.77380951
60.78522047
60.79650383
60.81212177
60.82893470
60.84966365
60.87189619
60.89627500
60.98774407
61.63547341
61.82398509
61.90925153
61.94073220
61.99882375
124.00000000
