0.01379515
0.13363054
0.14556340
0.15207155
0.20919221
0.37979407
0.87902090
0.88398391
0.97616801
1.09861588
1.21915620
1.23765420
1.33770200
1.59352150
1.63567547
1.65781276
1.66177504
1.70940932
1.73507031
1.91758697
2.04256984
2.11326929
2.23815278
2.26515332
2.44349154
2.45737630
2.50823262
2.51132842
2.59382775
2.61101723
2.72216520
2.83558993
2.94317877
3.03426150
3.05983663
3.06360319
3.16510111
3.19213606
3.22857018
3.28365455
3.28403114
3.29297840
3.31569346
3.34678582
3.37069361
3.49160522
3.70869142
3.76531700
3.82906478
3.91311005
3.98614773
4.15096321
4.44052828
4.47945092
4.67928465
4.73117181
4.75039669
4.75527459
4.76637832
4.83282314
4.91417059
4.99066605
5.01177416
5.16030334
5.36917694
5.53761376
5.65198700
5.67175113
5.71562550
5.81464878
5.88398710
5.96807267
6.05823529
6.10932715
6.14528893
6.19958742
6.27862633
6.28056837
6.35492286
6.41917541
6.43280169
6.46192343
6.47211853
6.47700206
6.62383767
6.63045782
6.63919841
6.73031737
6.79449909
6.98225515
7.03802385
7.09488135
7.10614038
7.15545570
7.16735646
7.19349749
7.27623768
7.34464621
7.39712953
7.61083022
7.66273580
7.85299010
7.87934154
8.13972943
8.22497063
8.23928167
8.26824381
8.30030817
8.41834707
8.49490233
8.67545626
8.70615864
8.71947961
8.75185339
8.76883553
9.09208256
9.09374575
9.13463411
9.14842614
9.16791977
9.18011869
9.19894601
9.29685739
9.30820514
9.33779153
9.53562708
9.60419936
9.64369300
9.67510647
9.84233095
10.18368440
10.19444028
10.19597932
10.22543901
10.22977582
10.28648385
10.49863494
10.61165032
10.61465722
10.64955191
10.91941800
11.04190244
11.11030891
11.29019755
11.38913885
11.44844377
11.52250046
11.65321052
11.67658495
11.67773555
11.74266266
11.78978932
12.01993939
12.04667944
12.60651229
12.67371226
12.67382734
12.71832053
12.79672557
13.27325171
13.28896459
13.31162538
13.33765524
13.54026011
13.73179998
13.77228675
13.86528557
13.96589450
13.98996063
14.26383989
14.36980030
14.44158535
14.55132948
14.65422317
14.69359222
14.91228206
14.93737961
14.94392577
15.04206753
15.11438660
15.20821530
15.40641510
15.41083984
15.43705861
15.45109198
15.47536141
15.55382129
15.90302896
16.12590387
16.31070288
16.43564964
16.58533050
16.59067224
16.61275445
16.61317449
16.77818073
16.80594166
16.82287529
16.92207171
16.97339344
17.25227670
17.26679186
17.29685450
17.31494056
17.34045866
17.34205618
17.41839386
17.42298218
17.47223462
17.49504950
17.50475222
17.57441865
17.57978971
17.63988983
17.74038205
17.86957198
17.90712857
17.92866062
17.93085757
18.02745943
18.05098681
18.10076596
18.17914881
18.18387167
18.31466311
18.35184378
18.36794875
18.62148084
18.68292750
18.76648237
18.84168628
18.85604750
18.93783870
18.99132236
19.17837542
19.44620163
19.52720427
19.69469269
19.71366159
19.73676803
19.86541027
20.03622559
20.06134613
20.19775177
20.27474374
20.33196561
20.45597933
20.63063783
20.64646552
20.84359046
20.89777295
21.01671060
21.16175911
21.18198182
21.26516739
21.31261229
21.50641150
21.65517329
21.73734614
21.78114186
21.88749131
21.93717107
21.97018127
22.20093793
22.29396889
22.59398000
22.70991487
22.71783499
22.79808164
23.08113309
23.12119928
23.20815802
23.23041641
23.35300925
23.37818912
23.50017278
23.55028743
23.68121950
23.75370712
23.90638648
23.95934251
24.04403636
24.07865930
24.17983616
24.19717117
24.23524949
24.27324497
24.58979906
24.64708476
24.65509232
24.70662239
24.98892546
24.99059707
25.00965912
25.08314808
25.15889605
25.23079660
25.23353520
25.24593648
25.64762161
25.65079605
25.68797604
25.73988671
25.79311160
25.84020632
25.90505399
25.93477435
25.96132576
26.01153216
26.11725090
26.19398840
26.22829453
26.24941110
26.37457117
26.62229922
26.67667816
26.77472128
27.24439646
27.39562124
27.44136685
27.50200974
27.70886605
27.72083521
27.76644544
27.83706232
27.99760174
28.00747221
28.03103310
28.24308234
28.32266974
28.37827459
28.40570016
28.51572106
28.56015309
28.59779999
28.91558195
29.16279280
29.41836479
29.42247721
29.46956338
29.51143191
29.76238556
29.80432190
29.83891800
29.87638923
30.10563498
30.11047928
30.20293746
30.28402277
30.52598374
30.55818651
30.59616077
30.80141618
30.82168968
30.83845455
30.87083781
31.06190769
31.19839686
31.29896074
31.62759718
31.63011195
31.64467093
31.76026354
31.77158866
31.79367973
31.89911536
31.90267199
31.95315660
31.97136709
31.98053903
31.99357810
32.04206655
32.11860382
32.14921391
32.17746049
32.19395826
32.27345095
32.28155667
32.28360406
32.29299300
32.32811482
32.43562623
32.49034161
32.53303028
32.55425653
32.71976038
32.73663013
32.86201103
32.86651741
32.87286613
32.87831480
32.90827787
33.06161293
33.18238159
33.21076261
33.23913119
33.69495201
33.94716607
33.95118203
33.98091076
33.99170917
34.02158577
34.08474554
34.21422210
34.32506813
34.33478228
34.41695193
34.52432998
34.75926035
34.97475782
35.01258480
35.04576850
35.11593988
35.27759854
35.39361485
35.52408722
35.62418123
35.66642561
35.87855318
35.94903318
36.15607764
36.18031817
36.19594702
36.26777822
36.50838666
36.64399097
36.86174972
36.92752536
37.08217073
37.09701621
37.38108083
37.41178553
37.51505657
37.54459363
37.55490164
37.62489722
37.66358284
37.73799103
37.85057328
37.93219249
37.97117701
37.98460157
37.99449917
38.02706418
38.06921047
38.19029444
38.31890449
38.35681514
38.59068122
38.61211980
38.66771862
38.68508190
38.71685581
38.79468410
38.80342668
39.13868132
39.33949539
39.34141513
39.36129236
39.36820873
39.41265730
39.43195027
39.49116282
39.50875536
39.51323047
39.54296792
39.77097721
40.21635552
40.38422537
40.38480982
40.52849482
40.57091961
40.78209113
40.79971183
40.97274452
40.97474391
41.19813646
41.29974002
41.31099997
41.31257747
41.33932311
41.42339782
41.47969541
41.56401380
41.71779094
41.75496949
41.75633800
41.84379509
41.87798465
42.03117638
42.16160960
42.18588882
42.38168492
42.50832551
42.55386790
42.56930185
42.68733998
42.72323508
42.73563925
42.75316697
42.89404754
43.07627806
43.12822363
43.15437261
43.18696845
43.19102032
43.31484371
43.33469842
43.35879405
43.41179325
43.43285593
43.43882409
43.44348306
43.45397084
43.70711833
43.88278931
43.96707492
44.25633776
44.32258821
44.32402580
44.37267372
44.40339883
44.43338942
44.44828474
44.49511126
44.49963934
44.60610991
44.65271125
44.71106591
44.71475775
44.94181722
45.01474836
45.04143411
45.09892024
45.10835764
45.35221690
45.40558686
45.58352669
45.68884991
45.81231372
45.89286631
45.91962097
45.93616195
46.02686047
46.03552527
46.05607778
46.15323704
46.17684885
46.19526151
46.20883807
46.25230970
46.37966222
46.48774053
46.49019884
46.49882841
46.67442161
46.67878759
46.76320107
47.02590223
47.05132096
47.06122727
47.06967804
47.13270350
47.25133835
47.37458630
47.61697914
47.66294615
47.78529287
47.87124185
47.90771378
47.94540720
47.96525955
47.99209328
47.99603631
48.13270526
48.17243798
48.46577545
48.50092340
48.69312604
48.85993568
48.94733429
49.08488393
49.16611460
49.24867857
49.27804530
49.28016141
49.40701382
49.45216968
49.60067883
50.03993935
50.07394540
50.20278957
50.30303743
50.31504987
50.36751342
50.37886138
50.54399168
50.57101077
50.67507565
50.78700480
50.79477227
50.80781053
50.87400905
50.93700856
51.02367791
51.09280462
51.17649869
51.36127369
51.39217548
51.39874629
51.63744349
51.63819279
51.92177378
51.96996993
52.00179898
52.06733620
52.15997270
52.16919950
52.26840743
52.46735474
52.56608425
52.57774662
52.66521119
52.72429454
52.72921614
52.83774207
52.88245804
52.96160966
53.18148455
53.26477148
53.32419845
53.34792742
54.00865984
54.03707440
54.12004593
54.29440035
54.35088554
54.39073108
54.58519097
54.58762988
54.64033843
54.78009736
54.84641087
54.94800152
55.06564091
55.23962104
55.24362828
55.34151288
55.34791785
55.35391811
55.40446735
55.51845375
55.55723555
55.60017568
55.75396271
55.83655741
55.90620578
55.96628233
56.11485719
56.35345274
56.38661582
56.39884094
56.54546412
56.58962119
56.80269943
56.84401495
56.86828721
57.00283166
57.12538220
57.29626235
57.33429116
57.38501442
57.50286098
57.50663630
57.65268720
57.68607963
57.72757522
57.73955745
57.94781265
57.97504824
58.17126847
58.26015437
58.26714039
58.37207478
58.48700599
58.65051267
58.65917588
58.67749688
58.77331854
58.80827167
58.92502944
58.94239334
58.95707000
58.98919771
59.15252276
59.16899806
59.43982848
59.49168204
59.56067775
59.65119231
59.67050953
59.76543432
59.79686030
59.98785137
60.05569713
60.17262950
60.25942739
60.28828860
60.30754273
60.36069576
60.49612553
60.55802771
60.64153541
60.64168471
60.90376645
61.18252467
61.18998169
61.19453938
61.30595311
61.33945713
61.38774163
61.55488822
61.57797215
61.69176417
61.73963001
61.79417743
61.79773564
61.82284877
124.00000000
