0.05774446
0.08843078
0.16135943
0.21276024
0.32205485
0.40693269
0.44478540
0.47190625
0.50384271
0.74548637
0.95159546
1.02946623
1.22658907
1.35139476
1.40213595
1.42411702
1.57886148
1.70375352
1.80227913
1.87959074
2.09419702
2.09458106
2.10632907
2.23561501
2.41676970
2.83371956
2.90064871
3.00029669
3.06030475
3.09126815
3.13912216
3.14004275
3.28675892
3.47308644
3.76986296
3.79203040
3.86563798
3.93465425
4.23348910
4.23464518
4.34236393
4.35234049
4.44635207
4.51937368
4.65974964
4.70775444
4.78213673
4.85171808
4.93341427
4.97760827
5.03171944
5.15497186
5.31899418
5.32511733
5.36879181
5.37111087
5.38724040
5.38912417
5.42197701
5.68153005
5.80731055
5.90034772
5.98399549
6.10087165
6.18575877
6.19476572
6.25872102
6.36002449
6.36536765
6.38469394
6.41858468
6.41921375
6.70335013
6.77919302
6.80327462
6.88413975
6.90844363
6.94631528
6.95908572
7.01861528
7.02889924
7.06796931
7.09232908
7.13751334
7.20065730
7.36164678
7.37319628
7.52946769
7.65206024
7.66445807
7.69910345
7.78192781
8.09110682
8.10432353
8.12611762
8.21297686
8.23106996
8.28886277
8.39448216
8.50256221
8.56766344
8.61352294
8.68235081
8.74685189
8.89033084
9.06122642
9.07519022
9.11690288
9.12902771
9.18535297
9.35826476
9.38296916
9.50777836
9.63025216
9.70816197
10.14947850
10.15183770
10.24917592
10.38282080
10.43300257
10.56886697
10.59495033
10.59738943
10.98870777
11.09903437
11.11346436
11.16382819
11.16617813
11.22127594
11.44896754
11.55484625
11.74991490
11.78829151
11.80161182
11.91244168
11.92746013
12.03309240
12.03979486
12.18651450
12.22165855
12.29948596
12.42614687
12.52868260
12.58045160
12.69609851
12.83385331
12.84500233
12.98143376
12.98575986
13.03011127
13.16526450
13.17246675
13.34374513
13.36441108
13.38907809
13.51066679
13.56296060
13.57837542
13.60719298
13.64825402
13.72507706
13.79014294
13.80305235
13.82838340
13.88567134
13.91208392
13.93617148
14.04220535
14.13120514
14.42645551
14.45018000
14.51220287
14.52669537
14.57528008
14.73635813
14.78995722
14.82660108
14.96178809
15.09948566
15.21064406
15.29152921
15.38887338
15.49005734
15.54853374
15.57934576
15.63517109
15.68784508
15.82516246
15.91729128
15.93225205
16.01694400
16.15512572
16.32597941
16.37290736
16.37420148
16.70711234
16.71610549
16.74272331
16.76854441
16.76879146
17.04692365
17.10827291
17.25680924
17.26057540
17.35736886
17.46248553
17.72500878
17.78412758
17.78421145
17.84876446
17.86411343
17.92628799
17.93136689
18.04208993
18.05358203
18.05990603
18.17875007
18.41191634
18.48370444
18.56572860
18.58645433
18.62034994
18.63462705
18.65505463
18.68663253
19.03267642
19.05154988
19.10634227
19.11777214
19.12125592
19.16071881
19.46518963
19.68923456
19.79477811
19.88708667
20.03901076
20.22115527
20.22792171
20.25208025
20.33133910
20.50789161
20.56920160
20.58691545
20.61111175
20.61294793
20.65627985
20.68953925
20.71642639
20.75201284
20.81547307
20.99458818
21.20565797
21.30430930
21.43271201
21.49360128
21.61692610
21.68836744
22.05786460
22.08839463
22.13110871
22.13409263
22.25864035
22.26957912
22.27735791
22.37542674
22.43982747
22.52220742
22.59807116
22.70166882
22.80029241
22.85607797
23.08121923
23.12155824
23.19045271
23.31585090
23.35866260
23.42954855
23.60117090
23.65405489
23.66521377
23.68063544
23.69400976
23.71195203
23.84379859
24.02177148
24.11898922
24.20268777
24.22004163
24.66531051
25.03182832
25.07414844
25.07462799
25.15323866
25.16857633
25.24490201
25.31881210
25.36609122
25.38984211
25.52625999
25.59822466
25.67819089
25.67854883
25.75894688
25.77308070
25.81650764
25.84020632
25.88028410
25.95327021
25.97401808
26.06298440
26.07788340
26.34445975
26.47775459
26.58505833
26.69605338
26.82973132
26.83641224
26.86457315
27.11352191
27.37035370
27.48743174
27.51689703
27.52320393
27.57012268
27.70372421
27.72053509
27.87889645
27.99728976
28.04088492
28.11398257
28.26043229
28.47585052
28.78699017
28.81750710
28.96475054
29.00734894
29.01624460
29.16181127
29.18657938
29.37901725
29.40800167
29.51608409
29.54663752
29.67272923
30.13503157
30.16281072
30.18463026
30.25055821
30.34895569
30.35987950
30.39086413
30.52620614
30.56110006
30.60239906
30.66861263
30.73450062
30.76844850
30.80270171
30.88865735
30.94300645
31.11326074
31.11677521
31.26253420
31.30770989
31.32977064
31.35933060
31.36685982
31.64060297
31.65043068
31.73087601
31.75802803
31.86133699
31.87601402
32.04795919
32.08861538
32.14747714
32.20376844
32.28399931
32.30723565
32.36425655
32.36766857
32.44714607
32.46554291
32.56820031
32.74741220
32.76017551
32.77799795
32.95493811
32.98142029
33.03831340
33.06077649
33.07692884
33.19753311
33.19810981
33.34058185
33.36790898
33.43639286
33.45604249
33.78084728
34.04254104
34.17856270
34.21074960
34.27390400
34.38161171
34.39097804
34.54936178
34.61800823
34.83219704
34.87328208
34.97781574
35.04748467
35.10289166
35.10952609
35.15775317
35.53049084
35.54152155
35.56771538
35.61953605
35.74470857
35.76785660
35.80358471
35.92341276
36.06157355
36.08230236
36.26624961
36.50189564
36.55367871
36.57236601
36.59835972
36.61213922
36.75015984
36.76624192
36.81423689
36.85220977
36.92919736
36.97029032
37.02323328
37.13184443
37.17197570
37.26940183
37.37449149
37.49776514
37.55259707
37.55705793
37.59184900
37.66648639
37.69356576
37.76163237
37.93070816
38.01249351
38.02900986
38.32873482
38.61170109
38.71634093
38.76285869
38.79887846
38.84809059
38.85460535
38.88762348
38.89680377
38.93782595
39.12045866
39.25480030
39.45291980
39.48899470
39.49663469
39.51726978
39.51811462
39.61563151
39.96509790
39.97949788
39.99759133
40.16348246
40.21459872
40.26061453
40.32709666
40.50079268
40.55782506
40.57338848
40.66958366
40.68883527
40.73312798
40.75647401
40.82414822
40.96813544
41.09373254
41.21195312
41.26423005
41.55474494
41.70747458
41.78685603
41.89842921
41.94128069
41.95032346
42.10889977
42.14722902
42.21215089
42.29122138
42.30431082
42.40462910
42.77427563
42.85779395
42.88727052
42.88993332
42.92236623
42.95437795
43.11235089
43.13789871
43.17715386
43.21767738
43.31857673
43.43882409
43.51474752
43.53915696
43.71781587
43.72136309
43.85275142
43.92108877
43.95065720
44.19187803
44.24760154
44.28294637
44.30003752
44.37267372
44.38878581
44.41642514
44.43277817
44.52311942
44.59309901
44.61139461
44.63273024
44.86317379
44.97292980
45.05541023
45.07922199
45.16956889
45.19954799
45.25519926
45.27917656
45.29005895
45.31664410
45.38290370
45.44106053
45.57876471
45.87545651
45.87743124
45.97289404
46.01823375
46.04066686
46.08113260
46.35867430
46.36634530
46.57044828
46.63361858
46.64509458
46.67442161
46.76320107
46.80882165
46.91543233
46.93361943
46.98100375
47.00846440
47.36749976
47.55125645
47.60242059
47.72103327
47.72159527
47.73667044
47.89385145
48.25746649
48.26175038
48.39646219
48.44821943
48.75468958
48.78400160
48.97761873
49.07205937
49.10794904
49.11048117
49.24867857
49.52232894
49.60326009
49.60480533
49.64374120
49.78704469
49.79893001
50.12607261
50.20982982
50.28266378
50.33362734
50.36249023
50.37886138
50.39192955
50.49169492
50.71807121
50.87105262
50.89777877
50.90943589
50.90999094
50.94234870
50.97447211
51.05797517
51.07483685
51.07821529
51.08630488
51.20612055
51.43445952
51.49316402
51.55885412
51.60134504
51.75757563
52.17269701
52.22392127
52.34609207
52.72542985
52.72819118
52.74948243
52.78234020
52.90725404
53.16683220
53.23557902
53.33845114
53.40742572
53.42305369
53.43320859
53.45995333
53.52875542
53.80833713
54.02802836
54.07878616
54.11654846
54.21969165
54.23024856
54.30156585
54.38733711
54.39535900
54.59837076
54.63416335
54.72630210
54.75586000
54.78023995
54.81418938
54.89469951
54.90240288
54.99155143
55.31775430
55.31889241
55.33104208
55.56792402
55.60521236
55.66367721
55.70355245
55.86359243
55.92870515
56.01178603
56.02466261
56.08243548
56.14409234
56.37468073
56.51496971
56.67765172
56.75936289
56.75997229
56.86192885
56.89611160
57.08306418
57.11092054
57.13673172
57.17664128
57.27195323
57.45042988
57.45114001
57.53214126
57.60532391
57.88689425
57.88922532
57.89949684
57.95072968
58.13680706
58.18780977
58.21930439
58.28728833
58.32801802
58.33155118
58.33581744
58.34275599
58.50530282
58.57309230
58.57364919
58.67733408
58.72964707
58.93190735
58.95606622
59.06432916
59.11063466
59.16701411
59.53419665
59.66400369
59.80952289
59.99724113
60.11648165
60.29040111
60.45990963
60.60223554
60.65694136
60.70290813
60.97929694
61.00401109
61.01804989
61.06494304
61.19904340
61.21745987
61.23882179
61.28361303
61.32915600
61.34331620
61.34637042
61.37348399
61.46031087
61.52328223
61.58341052
61.76691569
61.89985455
61.97138034
62.13153899
124.00000000
