0.07899873
0.09615165
0.16971892
0.17872078
0.20863526
0.21082289
0.29696515
0.66382939
0.78001780
1.04725083
1.10593339
1.16008240
1.19542426
1.30640087
1.33732365
1.42786206
1.43481167
1.70375352
1.80776117
1.89322618
2.04136041
2.04737887
2.07683299
2.30924772
2.52277553
2.62850695
2.80024504
2.80759951
3.06664962
3.32595024
3.42293667
3.47903200
3.52450951
3.57739285
3.59431562
3.87087741
3.88323734
4.03961199
4.16091679
4.20905464
4.51851400
4.55233731
4.56346024
4.57332929
4.68650372
4.69573734
4.69935035
4.74564436
4.78874224
5.06279043
5.13313879
5.16093775
5.26156763
5.28833109
5.35517483
5.44003120
5.53690371
5.65307763
5.66230002
5.90092286
5.91805170
5.92070808
5.98713184
6.10972111
6.17608062
6.31050703
6.31722940
6.34643051
6.37494515
6.90381258
6.95400762
6.96990658
7.03273113
7.16859504
7.34241994
7.42126566
7.47681350
7.71061735
7.91828349
8.03427742
8.40959809
8.59255118
8.68676023
8.81900960
8.90586677
8.98440873
8.99273379
9.01079687
9.12841789
9.16571454
9.21520324
9.27966867
9.36610450
9.48296878
9.48462512
9.54435122
9.55103234
9.61807827
9.68775886
9.69855233
10.22429924
10.23471731
10.26797604
10.28534333
10.44123789
10.51619782
10.77410141
10.83264264
10.90078217
11.10333391
11.13037650
11.21851729
11.27257735
11.29446793
11.34506700
11.36595302
11.37195927
11.43902255
11.49038464
11.66537695
11.67212104
11.73224626
11.73461008
11.85242622
11.85280936
11.90977654
12.02919660
12.14023282
12.37416778
12.41505571
12.43053815
12.53297552
12.56581296
12.58777185
12.59435642
12.80433590
12.96371840
13.25343668
13.27435401
13.60619281
13.84256851
13.90811670
14.07391448
14.22162452
14.28888729
14.35261889
14.50775028
14.68296549
14.84744199
14.91852468
15.15020478
15.20780616
15.27062231
15.34846664
15.38475308
15.48264452
15.62037161
16.01616782
16.03079795
16.07267070
16.10121097
16.10903446
16.12632638
16.17280066
16.23027999
16.37290820
16.41426336
16.44002927
16.61315356
16.62959947
16.63239880
16.85401029
16.86155984
16.87126947
16.87418622
16.93342989
17.07397470
17.21769946
17.29877501
17.30366140
17.38562093
17.42347190
17.53040506
17.54515485
17.58609426
17.67768551
17.68619025
17.81323892
17.93563129
18.04736742
18.07653063
18.28067348
18.47780018
18.58738289
18.65146355
18.83219346
19.07070582
19.15290896
19.45391902
19.52720427
19.60314235
19.73540223
19.79829360
19.86541027
19.87328313
20.09815372
20.26759423
20.54447769
20.65542913
20.66956051
20.67151124
20.70938159
20.73445802
21.14132544
21.27683698
21.34581608
21.37181156
21.45225627
21.54709320
21.54719247
21.74823363
21.89402695
21.91738327
22.10460063
22.19444817
22.31514898
22.33880957
22.35402840
22.39388112
22.45054895
22.49726987
22.50169993
22.58273803
22.61388198
22.61673114
22.62970892
22.69460134
22.77488322
22.80451799
22.98838043
22.99086003
23.05728607
23.07565991
23.09905193
23.12602795
23.17503388
23.27890729
23.38891664
23.41609098
23.54389852
23.58632854
23.71715922
23.85790979
23.90612920
24.05201066
24.06354113
24.19405187
24.24589936
24.27665230
24.39104072
24.39470029
24.47600899
24.50520912
24.61334580
24.77474272
24.83668126
24.92046996
24.92287450
24.99590893
25.01268824
25.03877161
25.07462799
25.23353520
25.39755398
25.54533601
25.60761892
25.85315120
25.88619815
25.91812197
26.01297399
26.08414127
26.24941110
26.33526358
26.40350895
26.49836612
26.51663277
26.51704214
26.68645188
26.72702254
26.79968999
26.88584824
27.19927875
27.39006327
27.60593253
27.62844234
27.73898452
27.81651524
27.89429513
27.92278299
27.98538944
28.02006852
28.06319498
28.22704581
28.28471670
28.45616306
28.46320355
28.51596333
28.54088142
28.58726352
28.70669286
28.72206638
28.78696370
28.79458479
29.00030636
29.03193497
29.04985622
29.65623437
29.68756405
29.96259423
29.97561087
30.01760475
30.02269265
30.02607273
30.17989380
30.25067269
30.58506834
30.61076841
30.61548204
30.62913551
30.66142170
30.70875781
30.84852548
30.85787598
30.88355335
31.08335443
31.12386697
31.30956827
31.39762375
31.55128194
31.92998321
31.94087450
32.07164947
32.14021914
32.48477808
32.60997593
32.70392205
32.83465640
32.97647707
33.04218138
33.08382281
33.08788224
33.13646767
33.17732437
33.30209180
33.37862269
33.54782914
33.77798041
33.84675640
33.93997733
34.02204874
34.04504872
34.05844254
34.15886257
34.34743731
34.40597140
34.62630133
34.62944688
34.62958080
34.69256727
34.72129246
34.75098929
34.94595500
35.04633038
35.05151216
35.14222137
35.18677130
35.38019371
35.44456019
35.45827149
35.64133094
35.95750953
36.18856080
36.21717374
36.45556468
36.46029100
36.47382870
36.65150833
36.83438043
36.92490149
37.12169510
37.17234534
37.24616190
37.30948239
37.35272939
37.47851776
37.68583728
37.80505334
37.88307928
37.91586528
38.08507697
38.13254705
38.23682384
38.35581257
38.35681514
38.43903212
38.49870943
38.61074557
38.71650291
38.75105466
38.77454695
38.77822621
39.03705288
39.05387610
39.22003688
39.46710756
39.48068246
39.48275225
39.61527596
39.63156706
39.74801752
39.87526465
40.05051049
40.07018796
40.10654310
40.19466604
40.29819789
40.46591555
40.62033526
40.67360495
40.68221934
40.85600207
40.94175798
40.99561391
41.12413478
41.12741401
41.15397093
41.22783754
41.25203773
41.31072341
41.34308504
41.42175441
41.56401380
41.69817919
41.72493667
41.79520544
41.80761365
41.90661460
42.01310120
42.21893096
42.27027926
42.27224222
42.30477759
42.33212992
42.45556800
42.45800191
42.52491168
42.54451027
42.61954675
42.63742209
42.64974266
42.82933507
42.89284536
42.97732430
43.03801194
43.12489629
43.14431878
43.53275946
43.75686758
43.88903929
43.94117638
43.99220547
44.11805769
44.22067081
44.28113568
44.33553782
44.35647805
44.43805082
44.50553556
44.73559751
44.89084213
44.93075959
44.95715979
45.18975772
45.40917069
45.54558431
45.82677357
45.93353252
45.95510132
45.95514174
46.00337246
46.07921474
46.16480717
46.21323757
46.25144236
46.28784177
46.56525067
46.58461099
46.65130240
46.81653712
47.06453154
47.24045219
47.30932146
47.66065049
48.02873506
48.09497366
48.19135355
48.28122806
48.28543288
48.32753037
48.33640758
48.37868662
48.43787368
48.52268929
48.57644774
48.59624291
48.73188170
48.74984411
48.77262533
48.82104336
49.04272581
49.11965420
49.15432775
49.30815079
49.36104377
49.45427805
49.46006872
49.56759031
49.58606882
49.59924265
49.70941831
49.79039799
49.80633371
49.83673168
49.87177355
49.91188810
49.93569409
49.94787797
49.97144879
50.00285031
50.24447328
50.29253141
50.36160649
50.37073356
50.40025759
50.52233706
50.71878026
50.75249604
50.94778435
50.95564241
51.16774139
51.22273238
51.22561149
51.43445952
51.43799576
51.73548617
51.76087584
51.76615432
51.76801466
51.97119593
52.05719010
52.15945662
52.19839384
52.25633476
52.39240171
52.45479620
52.47452918
52.50514539
52.63422808
52.68141339
52.79923355
52.81455815
52.89422007
52.94029659
52.97355014
53.06524022
53.06751128
53.19043215
53.26648234
53.38176518
53.38928438
53.42047395
53.55485432
53.62435621
53.84187497
54.05322366
54.18368034
54.20176270
54.27773467
54.41161643
54.66426648
54.77119044
54.88094568
54.89921280
54.96546197
55.21029940
55.27292805
55.27740500
55.30284365
55.33555417
55.34663342
55.39358182
55.41433135
55.51024029
55.61152692
55.66974735
55.74113035
55.75391360
55.81375619
55.88635107
56.01756272
56.03655655
56.11608708
56.24918382
56.41141303
56.47961803
56.48925600
56.88179660
56.93864380
56.95446733
57.08163993
57.34763914
57.55904450
57.57552780
57.65344086
57.68365521
57.69635648
57.74759242
57.79779331
57.82798885
57.92304526
58.01308949
58.17247781
58.21892049
58.30994726
58.56133236
58.58277440
58.59562659
58.66594440
58.84297719
59.11728402
59.17629898
59.23741829
59.55017640
59.60184249
59.62512467
59.70741155
59.74591589
59.81516801
59.90932072
59.91195637
60.00089340
60.06662392
60.10693545
60.14810060
60.19460868
60.24672418
60.31894241
60.63006088
60.72671737
60.79221272
60.81029900
61.10868381
61.22408868
61.25213478
61.39823329
61.54369917
61.71880299
61.73924343
61.77339311
61.91521339
61.92903671
62.32309385
124.00000000
