0.02669129
0.02748569
0.04532243
0.11663813
0.11787421
0.39872630
0.43737270
0.51934816
0.55916743
0.56942594
0.77794508
0.78617674
0.98439739
1.05998082
1.22486401
1.43858516
1.49292907
1.52337506
1.60645615
1.61702069
1.71485168
1.74425659
1.77715140
1.78308274
2.18498638
2.27552950
2.36780226
2.47023436
2.56292887
2.56386567
2.60698455
2.64344426
2.66934452
2.70230415
2.72468759
2.84785471
2.89703872
2.98269216
3.02190268
3.09638966
3.14534941
3.16510111
3.19914694
3.32742081
3.33163642
3.48400953
3.51501366
3.52726458
3.59245062
3.62269250
3.65048605
3.65600262
3.66300410
3.79701564
3.80093037
3.84095530
3.89773723
3.99197447
4.09862511
4.11328653
4.13468195
4.27731257
4.38746761
4.49490696
4.49491310
4.61005273
4.66660668
4.77413622
4.91603642
5.00971855
5.16897346
5.28160075
5.29409465
5.31573164
5.52896315
5.63223863
5.66732440
5.73850541
5.81069865
6.09245411
6.23967503
6.27517291
6.39837648
6.46380449
6.47665880
6.48146977
6.55576424
6.96685875
6.97912134
6.98136948
7.00219332
7.01033759
7.25397312
7.31890468
7.33461923
7.37076863
7.40967585
7.47351318
7.47688201
7.64665543
7.72126050
7.89249387
7.93105756
8.11220139
8.12426891
8.14137223
8.14619079
8.15940288
8.17417439
8.17785768
8.21818226
8.23013485
8.24430428
8.38373344
8.48343220
8.65482682
8.68442198
8.71489730
8.97981760
9.19017033
9.25702560
9.29685739
9.33445324
9.36700966
9.38584003
9.52773303
9.57933357
9.60419936
9.63018919
9.63499420
9.66256416
9.92283433
10.09890100
10.12673010
10.28961570
10.35339261
10.68135570
10.81314434
10.81392645
10.94048193
11.14654834
11.17154801
11.70309856
11.73323195
11.77690087
11.98909228
12.02972686
12.30334208
12.40424777
12.57870436
12.60816735
12.73385754
12.90248295
13.09959050
13.18436965
13.28469461
13.32344104
13.33276331
13.45599423
13.53181118
13.67668424
13.71506296
13.75794999
13.76200245
13.83510680
14.00597733
14.07968445
14.30324688
14.43179727
14.59895038
14.69908895
14.73730623
14.80620092
14.89692256
15.12113613
15.13610720
15.14126306
15.35233191
15.43394840
15.45706006
15.49491088
15.56834109
15.57742256
15.57855520
15.79696937
15.84787429
15.87373561
15.96060132
15.97508023
16.03561726
16.03621955
16.13041750
16.14060970
16.15907011
16.18359104
16.29275734
16.39997943
16.45643338
16.49794896
16.70921952
16.80776782
16.98177061
17.01975190
17.06619241
17.08103484
17.12381022
17.12750947
17.31684167
17.53368772
17.71462633
17.75413417
17.82499928
17.86123315
17.86696803
17.99276755
18.10681628
18.33049593
18.37841215
18.48389139
18.49440689
18.57306097
18.59381873
18.78112074
18.81793454
18.88470169
19.00309286
19.01183650
19.11992713
19.16081340
19.16342733
19.20459086
19.22434887
19.48404620
19.56272493
19.80293666
19.83784250
19.89057354
20.05030180
20.16589566
20.18700377
20.33714146
20.45522701
20.63112271
20.88006388
20.96247832
20.96898200
21.09852376
21.10218807
21.18211302
21.20668587
21.29620684
21.31261229
21.44089286
21.46326732
21.67673009
21.80067344
21.82766917
21.96228981
22.02552613
22.03655650
22.05401537
22.21889757
22.22024243
22.24657444
22.27906933
22.34726185
22.38724794
22.39787394
22.50012045
22.55964372
22.56194777
22.58856490
22.63108155
22.73036166
22.73267392
22.76245180
22.93464878
23.14028768
23.36004379
23.39866698
23.51576792
23.55800806
23.57663192
23.73896938
23.76394525
24.02177148
24.03089030
24.12880332
24.18848268
24.60097660
24.60672545
24.63516012
24.69700447
24.73639851
24.76309235
24.78973666
24.82545453
24.83705759
24.83724077
24.83988755
24.93012291
25.03297492
25.05389532
25.19152691
25.28893061
25.36059959
25.38636035
25.47720343
25.48710719
25.50368134
25.51442913
25.58384501
25.66144735
25.92236396
25.92288013
25.98207746
26.00494898
26.11061304
26.12371394
26.27153923
26.28046451
26.40350895
26.42719803
26.42964456
26.46430382
26.58453690
26.62246717
26.63733545
26.66722209
26.67484397
26.71350180
26.81923919
26.83889213
26.97482047
26.99430020
27.00507044
27.14899417
27.41396705
27.60286940
27.65356577
27.66063932
27.73776237
27.75310930
27.75798453
27.76827990
27.87889645
27.92672623
27.94969669
28.12489516
28.22032046
28.31504551
28.40570016
28.41317128
28.42977135
28.58215282
28.99732450
29.18226967
29.21817733
29.37051154
29.42763047
29.43147528
29.54411894
29.56634804
29.59956283
29.73167789
29.73580231
29.74569278
29.84503032
29.87550932
29.89743053
29.91625447
29.96555098
29.97877985
30.13407806
30.19467365
30.44060105
30.44923873
30.55356947
30.82703515
31.10443932
31.21786612
31.26253420
31.60591312
31.76650146
31.87934262
32.09324226
32.21411774
32.22314125
32.25168330
32.30987210
32.39435877
32.42971874
32.46476375
32.52081615
32.52370524
32.52836247
32.53295140
32.53443817
32.59476735
32.74328569
32.75288828
32.77027738
32.84660695
32.85598646
32.95293269
33.03050841
33.14015950
33.28302537
33.36825771
33.43639286
33.49825564
33.69825057
33.70757651
33.73021033
33.82027886
33.82473343
33.96019245
34.22063650
34.34218425
34.37972437
34.42705376
34.61800823
34.62476767
34.63494788
34.68920448
34.77398098
34.83468465
34.91842161
35.07761272
35.15630125
35.27413379
35.32566606
35.37041949
35.38010322
35.45314098
35.49297275
35.51463226
35.60734838
35.61562545
35.70803410
35.73416782
35.81511888
35.89337390
35.91347708
35.99185715
35.99266357
36.06779661
36.13991679
36.18856080
36.28514777
36.28911455
36.30151571
36.34911189
36.40032400
36.40050054
36.42251778
36.46684624
36.55800035
36.76327053
36.76820396
36.97482413
37.13772219
37.16817882
37.19031167
37.25012638
37.31082151
37.53891804
37.59148978
37.66358284
37.68559300
37.78264421
37.78934276
37.84896602
37.84922098
37.99911238
38.06626963
38.09408945
38.12550255
38.15835146
38.23174642
38.42978593
38.49253204
38.58767440
38.68631064
38.77755080
38.78607984
38.82428412
38.92116545
39.12940230
39.27236327
39.33727722
39.38032530
39.42776460
39.47342977
39.54004966
39.59107854
39.61712999
39.63345983
39.74285429
39.77280622
39.92507985
39.95699888
40.57068841
40.59845782
40.60755940
40.74469505
40.87262970
41.01146505
41.18848150
41.26603292
41.27076785
41.40239733
41.49874067
41.52803500
41.54780116
41.78466099
41.79221776
41.84261915
41.85896363
41.89391865
41.95012536
42.03684265
42.07869069
42.13907320
42.15487843
42.19351983
42.32556389
42.36274750
42.37871289
42.48560531
42.84785951
43.10252726
43.25266453
43.27510985
43.48792444
43.64947235
43.67735462
43.88885786
44.01713635
44.06641887
44.11922221
44.17405288
44.19100659
44.21296258
44.36489646
44.39440968
44.47260301
44.48051913
44.65212311
44.70129348
45.07308684
45.16160643
45.28284604
45.34354137
45.42133818
45.48547965
45.54642073
45.65633156
45.66665177
45.93353252
46.10313265
46.31354642
46.35224664
46.65730982
46.80971288
46.81756905
46.84353933
46.85715771
46.90800180
46.93081727
47.04794857
47.05176582
47.18451770
47.20334938
47.24636820
47.27001192
47.28239360
47.39996412
47.46242819
47.50341988
47.66294615
47.78081844
47.81731418
48.00305883
48.20246507
48.26460949
48.29465245
48.31009691
48.31953117
48.35835892
48.44749727
48.46434916
48.49777426
48.58095420
48.63898857
48.70143950
48.70938532
48.74183081
48.87631234
48.92860417
49.06274920
49.15065800
49.23917099
49.32190119
49.50653771
49.62352662
49.62730236
49.64380530
49.65970627
49.69500671
49.78290033
49.91057837
49.91378639
49.95748787
50.08329873
50.22510291
50.27060467
50.28938889
50.36486622
50.44367421
50.63285026
50.64387741
50.79477227
50.81477966
50.89509166
51.06039787
51.08570518
51.12995597
51.17847607
51.28884839
51.34309634
51.42396940
51.52518117
51.74907856
51.78716820
51.81687024
51.82054489
51.82319162
51.92115532
51.94207192
51.97117104
51.98748767
52.00179898
52.29635934
52.33372320
52.35463170
52.43320515
52.49994947
52.54836902
52.61439946
52.68934790
52.85553601
53.07767046
53.12378848
53.16683220
53.17427402
53.22984074
53.34596471
53.74267349
53.74565476
54.04920848
54.06438518
54.10943283
54.16191596
54.25462430
54.30383959
54.35880396
54.57509707
54.76837254
54.83694403
55.09312102
55.15649160
55.16834524
55.18863647
55.18867831
55.21113836
55.23498264
55.33555417
55.40179734
55.40278996
55.72955300
55.88384017
56.04980081
56.11948825
56.15334999
56.16923856
56.17487648
56.24383102
56.34207764
56.37851519
56.64338983
56.92565469
56.93864380
57.04434674
57.21617687
57.31097390
57.51333541
57.54906711
57.66038226
57.79388501
57.83634947
58.08517062
58.17739819
58.23909921
58.45401217
58.69516548
58.73366283
58.75798277
58.75931210
58.77782450
59.00463005
59.05508616
59.10069381
59.13949120
59.38408342
59.45957381
59.49991034
59.53989278
59.56190006
59.74667352
59.77933313
59.81516801
59.98584576
60.00234121
60.05064401
60.09268699
60.09611031
60.17316652
60.29384164
60.37271706
60.40752351
60.44179897
60.46865734
60.47410143
60.50435968
60.56898005
60.59746963
60.68748672
60.70437316
60.77419034
60.81916790
60.88058922
61.01487781
61.12950426
61.15271973
61.24160367
61.36082167
61.38774163
61.42985229
61.58718108
61.78641624
61.79811697
61.89531402
61.90934492
61.98996946
62.00384796
62.13851293
62.24106137
124.00000000
