0.11978101
0.13715067
0.21201315
0.27586436
0.31100216
0.45012327
0.51533486
0.58193542
0.60786429
0.62265796
0.71524927
0.78491334
0.86264721
0.93667305
1.15289524
1.15966764
1.17978911
1.28301195
1.29483623
1.43825561
1.55892129
1.61127888
1.64104773
1.79096031
1.84909659
1.86040229
1.90517922
1.90531090
1.99844952
2.23561501
2.35905713
2.46014250
2.58063623
2.72340231
2.73312443
2.81147445
2.81974888
2.94006697
2.94505380
3.17402839
3.18139616
3.28000990
3.38051080
3.38997575
3.48263703
3.49758252
3.50447936
3.57766182
3.69571602
3.84527281
3.87198290
3.96750604
4.09525263
4.26068127
4.26332288
4.27976618
4.30896652
4.35005072
4.35899840
4.37758020
4.42468005
4.58518185
4.71108571
4.84437327
4.85641252
4.87897021
4.91162634
5.10194215
5.15072761
5.16782018
5.23878497
5.49487850
5.79496420
5.93453485
6.05503993
6.06208696
6.07961972
6.10724814
6.13779590
6.13902434
6.19929132
6.28324725
6.41148346
6.43938826
6.45728201
6.67751519
6.72064865
6.78400076
6.84679948
6.87524703
6.95800712
7.23248415
7.24277898
7.31959877
7.36496658
7.54982781
7.55699945
7.61383738
7.73695854
7.73729090
7.85865453
7.94800849
7.98641291
8.05445522
8.10402164
8.20942304
8.36949438
8.39212693
8.40745008
8.43961323
8.44793221
8.48460614
8.67736042
9.20456709
9.24462529
9.32538786
9.36458485
9.38219201
9.42289686
9.55103295
9.60243063
9.63556830
9.66297048
9.83669603
9.92567958
9.92706456
9.93355919
9.99170504
10.03807943
10.11224117
10.12128373
10.20926435
10.22903881
10.49418198
10.69990771
10.71029451
10.71915589
10.73677681
10.77918772
10.80533688
10.81975646
10.97151178
10.98042700
10.98199989
11.03720467
11.06857514
11.11346436
11.25299816
11.26993685
11.36960783
11.37148113
11.38832848
11.39811791
11.49110976
11.65060521
11.66307089
11.77654100
11.92804799
12.09523091
12.13705839
12.14708130
12.14995963
12.23106928
12.29112209
12.30472952
12.39881933
12.46391254
12.60007903
12.70999751
12.74380289
12.77719096
12.79052979
13.00041092
13.07573862
13.18162589
13.19808867
13.50228288
13.57678685
13.63550546
13.68646399
13.77118917
13.77267066
13.82838340
13.96338529
13.96759265
13.99774880
14.02525573
14.03966341
14.06132511
14.13569822
14.15016756
14.38839457
14.41060175
14.44020264
14.48087191
14.50650302
14.60100903
14.62822430
14.68279593
14.78728643
14.98383554
14.99745252
15.00964557
15.04705590
15.09510330
15.19688393
15.24619022
15.47950316
15.49522981
15.58998714
15.59099056
15.74184326
16.08174188
16.28392429
16.43419727
16.52187621
16.54683423
16.62481118
16.76513212
16.90708610
17.06771970
17.07122376
17.26074319
17.38538855
17.40758453
17.42997401
17.48120991
17.55232869
17.59381584
17.65757806
17.66763063
17.73291518
17.87328098
17.94519603
17.94680626
18.02745943
18.13366391
18.20266248
18.20716670
18.28787386
18.32949999
18.33355138
18.35203086
18.35702280
18.38416499
18.43080618
18.49440689
18.59553246
18.76095518
18.80205045
18.84952093
19.01898398
19.02714688
19.15696674
19.16081340
19.26710827
19.51754309
19.72723514
19.82525110
19.82722231
20.05766067
20.08124148
20.15396306
20.49539616
20.70896588
20.75530808
20.79731450
20.84359046
20.93032237
21.10164840
21.33958092
21.37477205
21.45701038
21.45956895
21.61728332
21.62520556
21.64242835
21.74453631
21.75872465
21.88186124
21.98382982
22.11747945
22.29473849
22.49073932
22.50744832
22.54235628
22.54896517
22.59838815
22.64929110
22.67128273
22.73668547
22.84406530
22.99824257
23.01163416
23.05005840
23.11816376
23.40189365
23.40927563
23.52534034
23.64233133
23.64398263
23.90394859
23.94552544
24.00056963
24.02398491
24.02556512
24.15721215
24.20898289
24.25795914
24.26378700
24.34249832
24.41938371
24.75038578
24.81903799
24.85971623
24.87711063
24.97883556
25.02894117
25.12983379
25.20797423
25.29483878
25.35293006
25.48662151
25.55875767
25.56822321
25.58286353
25.68797604
25.88927724
25.92229368
26.01626513
26.05574778
26.38701699
26.47299140
26.47587468
26.55593307
26.56821756
26.57127272
26.82134154
26.89241287
26.91398597
27.00298437
27.01530143
27.03635168
27.11798971
27.12886898
27.22639550
27.28536589
27.49335956
27.70372421
27.89680256
27.94608805
28.31817185
28.46884710
28.55111825
28.55713208
28.72543147
28.85680833
28.95777643
28.98910608
29.01747654
29.06611209
29.32281084
29.46419784
29.51238259
29.54223268
29.69593541
29.73446556
30.05917503
30.18186695
30.35537865
30.37082115
30.40737599
30.41217514
30.49747985
30.62120166
30.66413752
30.68813991
30.91520024
30.95079557
30.96270664
31.05100092
31.16312590
31.23404203
31.34093946
31.37069344
31.61023296
31.62735901
31.68776705
31.86017025
31.94514955
32.01479339
32.03264868
32.04552921
32.06088278
32.08174929
32.08984236
32.10756651
32.37381725
32.44006240
32.86444324
32.87744172
33.03661408
33.03831340
33.07687807
33.10880752
33.13464625
33.14678548
33.17780893
33.17785614
33.28419950
33.33032851
33.39177844
33.50477877
33.53304481
33.55787561
33.56874393
33.62533791
33.67761512
33.74718506
33.80803859
33.91390033
34.26352525
34.42809984
34.50130934
34.59195845
34.59529969
34.62958080
34.86304526
34.86914523
34.88893941
34.89753086
34.98088004
35.19630650
35.24881759
35.25396388
35.29469167
35.32096465
35.36083299
35.40503427
35.52522726
35.54565972
35.58887589
35.70693750
35.77207048
35.83965523
35.84785910
35.86170454
35.95830158
35.99583740
36.14600215
36.21018564
36.24871247
36.24907622
36.26308444
36.28053463
36.43816933
36.45064146
36.54279999
36.62340578
36.66404534
36.92220609
37.34263462
37.36115600
37.44076951
37.44929537
37.47851776
37.48681900
37.67040393
37.69490247
37.72541844
37.85190519
37.86295742
37.89717003
37.94712875
37.98831302
38.09423735
38.16412245
38.39862804
38.49047199
38.55635231
38.57595309
38.66393144
39.06776553
39.08462131
39.10291280
39.15997461
39.23595930
39.27289972
39.33727722
39.37749752
39.66755808
39.71790034
39.85895753
39.95459589
39.95699888
40.14858146
40.24940608
40.40691938
40.43079891
40.56488498
40.75451704
40.80688992
40.89507696
40.91120293
40.96894148
41.02843908
41.04378341
41.08367652
41.09111322
41.20817712
41.50740304
41.55623880
41.56896634
41.77717743
41.82891534
41.83811482
41.84379509
42.10762272
42.21549445
42.25684124
42.27291198
42.42162248
42.53408854
42.54828025
42.55440171
42.58488382
42.65971454
42.68158959
42.76943888
42.78035563
42.80650613
42.85770307
42.88824158
42.89850797
43.02700695
43.21420374
43.27940458
43.67695177
43.87253406
43.94858258
44.03540532
44.16123783
44.17542479
44.20943381
44.23959602
44.46444814
44.51791108
44.54688971
44.61379760
44.94450792
44.96097441
45.21133101
45.44234621
45.71175443
45.79583791
45.80973000
45.82721018
45.94279597
45.97161390
46.11913080
46.13711782
46.15511457
46.16126091
46.19799525
46.19852437
46.29622635
46.30720241
46.34284973
46.35264876
46.39027127
46.47554995
46.60104215
46.66441840
46.78879760
46.84317235
46.88445655
46.88971944
46.98100375
46.99061903
47.01476353
47.01837989
47.37520315
47.54273857
47.59121034
47.59719424
47.79918785
47.92000152
47.99499681
47.99536201
48.08968586
48.14966981
48.15144324
48.25746044
48.42507555
48.46557239
48.67190689
48.69312604
48.83005480
48.83650612
48.85235658
49.02752425
49.05162597
49.23953364
49.33550334
49.36422864
49.47244273
49.47595097
49.49520128
49.59807436
49.63276931
49.66263735
49.69987440
49.79039799
49.91116509
49.92700496
50.00797435
50.02206621
50.07407066
50.18918794
50.19427123
50.23961927
50.35387056
50.62841281
50.90943589
50.96504727
51.02261658
51.22585919
51.33253585
51.33684146
51.36597274
51.84627989
51.95832801
52.03432137
52.06217610
52.14183024
52.20062112
52.33339645
52.36541694
52.47242703
52.57772031
52.59663765
52.60964592
52.76590640
52.80518420
52.97691549
53.07660270
53.14457368
53.30495229
54.14676293
54.25309511
54.29440035
54.30163544
54.30164092
54.33614424
54.68881800
54.72629382
54.84641087
54.85210279
54.98980360
55.38288058
55.41952227
55.46661603
55.47536990
55.50874334
55.54769146
55.59576116
55.72554517
55.82605043
55.82839584
55.89704119
55.97549919
56.05872613
56.20649002
56.26413236
56.32064708
56.32984641
56.67569991
56.78959853
56.79082076
56.80767976
56.83394531
56.96966304
56.97209338
57.11697881
57.12338507
57.16635994
57.23068834
57.26504210
57.32382931
57.42323266
57.49039477
57.49831591
57.52888289
57.62363550
57.63934347
57.69052989
57.72321653
57.74374606
57.89270457
57.92369989
57.96042727
58.02225303
58.11172056
58.21842503
58.30350284
58.45667795
58.51159263
58.70458343
58.73366283
58.75379372
58.75464526
58.80235882
58.80848172
58.87537782
58.90219925
58.90560638
58.91441091
59.05785752
59.14355464
59.38408342
59.46835684
59.53964982
59.72679455
59.86672208
59.87686296
60.00977066
60.09759815
60.29924681
60.33356640
60.52785969
60.52914115
60.57181227
60.58824057
60.65637705
60.70582965
60.96362027
60.98774407
61.14490128
61.19572730
61.25744372
61.42817403
61.43461037
61.56673604
61.63835416
61.64500812
61.65160992
61.70539131
61.94161543
62.01222812
124.00000000
