0.01088748
0.05930313
0.07139272
0.13655260
0.18926669
0.27607098
0.33819335
0.35345397
0.54646201
0.63829989
0.71985736
0.73113690
0.81306178
0.82846325
0.83696683
0.86989594
0.87712711
0.92838277
0.94654543
0.98380798
1.03670384
1.04931210
1.11842231
1.14204483
1.15354987
1.32154468
1.38169626
1.49364062
1.54503683
1.56829631
1.57839923
1.64872011
1.72725142
1.76455149
1.78308274
1.78985220
1.85821723
1.94958333
1.96521905
2.30713613
2.46014250
2.57081906
2.61664122
2.74410078
2.81027801
2.81147445
2.83271466
2.94505380
3.14172630
3.25121493
3.25389025
3.38903042
3.45836296
3.50379442
3.63364526
3.66012301
3.75807115
3.76917605
3.87198290
3.91033964
3.97445652
4.03355195
4.26909767
4.28766005
4.35464873
4.37355806
4.37805071
4.38835015
4.45210869
4.49490696
4.63196353
4.68656854
4.82905702
4.96961605
5.00357352
5.06279043
5.10408629
5.22274515
5.24218358
5.36106189
5.65198700
5.80962768
5.82179066
5.86573917
5.88547950
5.97268313
6.08097197
6.13018560
6.14668439
6.23800355
6.28235474
6.35016690
6.42078403
6.47095168
6.49250269
6.55777012
6.58213469
6.62998638
6.67818888
6.94991220
6.95956909
7.15529742
7.20780244
7.32899472
7.33107521
7.33499057
7.41327644
7.47473524
7.52619649
7.59170986
7.73272018
7.75629545
7.81399718
8.12440774
8.22282438
8.25357213
8.25425687
8.32891348
8.33482663
8.35048795
8.40919449
8.48711511
8.48881650
8.57193595
8.66894634
8.82421885
9.08950997
9.12391065
9.31011064
9.48691004
9.58456906
9.88625670
10.00281583
10.00607503
10.08011595
10.13645025
10.15900461
10.19131943
10.25675330
10.29138664
10.34810839
10.47751850
10.53102729
10.60506186
10.90518215
11.19063157
11.21515632
11.29454958
11.52806221
11.67452267
11.72091476
11.75997458
11.76140868
11.86114308
11.89068312
11.95973169
12.22597468
12.23270681
12.25481414
12.46750863
12.50184059
12.58146059
12.64875664
12.70846162
13.16648778
13.27357938
13.31814016
13.43141146
13.52039695
13.53245358
13.53701972
13.54923759
13.65128778
13.68081079
13.69117981
14.09057103
14.14281305
14.14407014
14.34660436
14.36917982
14.46611727
14.49724195
14.64151737
14.74374733
14.90784603
14.93573858
14.94931201
14.98656899
15.04206753
15.09600547
15.11422630
15.28940240
15.32848514
15.50648507
15.58640774
15.60205157
15.61174790
15.66444893
15.88215504
15.89489437
16.02955110
16.04296526
16.10488586
16.13334602
16.20621502
16.29062650
16.31835085
16.46448267
16.58818915
16.63237153
16.95797641
17.07491432
17.20576257
17.38538855
17.49175636
17.55942836
17.58798896
17.86395321
17.92164247
18.38379632
18.76433857
18.78887363
18.94095016
18.96754410
18.96798790
19.24412002
19.26406577
19.28260848
19.33364979
19.34942990
19.35744401
19.43312487
19.54176011
19.63199787
19.84424092
19.87107452
19.89759755
20.10253057
20.18591029
20.32603434
20.36732366
20.43738810
20.48832254
20.50255968
20.71568523
20.81572164
20.88097385
20.89262161
20.96096907
21.07546279
21.10731664
21.16175911
21.16327175
21.48109269
21.79862433
21.90094412
21.92097688
22.01228398
22.08728945
22.08985475
22.19444817
22.34537061
22.40245290
22.42293517
22.42674438
22.48461802
22.80054755
23.18412339
23.26954130
23.38890109
23.40362435
23.42750868
23.55571494
23.95892723
24.00056963
24.09118321
24.33970991
24.39843168
24.40446011
24.48633846
24.58352259
24.60440771
24.72209194
24.89422775
24.99002986
24.99844821
25.16061001
25.28715927
25.35156586
25.53234055
25.62830573
25.66288404
25.66290126
25.88028410
25.90505399
25.96940046
26.05497742
26.08641069
26.10277803
26.15741842
26.20052867
26.22122690
26.26379792
26.27153923
26.27697484
26.39081748
26.42964456
26.71132476
26.84319239
26.91110388
27.16972122
27.23124572
27.48371722
27.57397152
27.65499974
27.70230718
27.81705788
27.88709500
27.93374573
27.98246865
27.99057377
28.08519068
28.25545466
28.52908967
28.92039686
28.96098811
29.01396478
29.01862723
29.01990329
29.05086174
29.15535172
29.32953648
29.34753508
29.43622874
29.45452103
29.46327738
29.53548109
29.81047010
29.93211279
29.96852057
30.17562699
30.26634561
30.30023027
30.42565832
30.58655254
30.58979603
30.60350281
30.69650871
30.70972707
30.73685198
30.75462040
30.76340883
30.87620745
30.92236505
31.00140819
31.12386697
31.15546397
31.20576321
31.29157334
31.30377056
31.48826378
31.56855933
31.64060297
31.70162133
31.75432532
31.76815634
31.77988271
31.79537169
31.89721017
32.07437210
32.07922088
32.08314143
32.09858929
32.33355520
32.39791388
32.40055395
32.40083489
32.78414057
32.82063351
32.88126491
32.88563341
32.98388297
33.08587296
33.19436388
33.26454256
33.51922199
33.57027342
33.61617317
33.76540965
33.78559914
33.81561770
33.83016715
33.86129316
33.99665029
34.00795250
34.02204874
34.06126392
34.07822357
34.16958576
34.30589990
34.35575229
34.45489506
34.76941218
34.86748838
35.04388453
35.19630650
35.36196026
35.41465722
35.53395399
35.54152155
35.63683158
35.67055969
35.81551451
36.00146352
36.24542541
36.34355070
36.37386163
36.38855815
36.46684624
36.51436585
36.51990782
36.71781831
36.73303858
36.73375090
36.74044289
36.78924932
36.82468648
36.89324708
36.93026157
36.98138047
37.06614076
37.14442217
37.25358929
37.38281389
37.47645848
37.93624615
38.14875336
38.15219456
38.20531660
38.30870055
38.52821484
38.60993932
38.78264945
38.81635995
38.94924413
38.97812460
39.02040400
39.31564145
39.32173276
39.43351804
39.55016412
39.81955342
39.98547215
39.99759133
40.21806954
40.26082975
40.26563846
40.38456506
40.38620676
40.58979770
40.60415711
40.60645221
40.64864539
40.65639804
40.83494660
40.86508499
40.89598530
40.92313729
41.08592912
41.16464986
41.27143674
41.29425255
41.51031352
41.60105198
41.67095638
41.68081780
41.76282908
41.87207431
41.87798465
41.89512593
41.95171165
42.01749946
42.14971966
42.24936333
42.25585635
42.25994672
42.28274500
42.43817895
42.45518978
42.54570956
42.57320600
42.70989861
42.71314507
42.86942077
42.95748175
42.96148798
42.96894264
42.97427446
42.98473653
43.04642891
43.08859421
43.11577494
43.31875203
43.43140779
43.46020592
43.57500545
43.67066050
43.68688653
43.86149245
43.88885786
43.88955771
43.94381692
44.06682361
44.06938958
44.26964574
44.28294637
44.38008288
44.39885244
44.48070148
44.59084240
44.69003602
44.72110737
44.74856046
44.75112020
44.78388755
44.80091045
44.80407401
45.01588200
45.05636160
45.07803710
45.08234651
45.11514529
45.28711857
45.42985139
45.48108878
45.53081009
45.71753720
45.74744850
45.75999993
45.76232234
45.79316827
45.80458303
45.89953629
45.92981068
45.94950161
45.99637586
46.03552527
46.19462990
46.32178505
46.40053432
46.65725983
46.73628104
46.76115183
46.82869651
46.91775655
47.01235847
47.16475238
47.19696414
47.27020956
47.33930113
47.37291891
47.48193500
47.64452813
47.70305560
47.74991104
47.90205876
47.97042094
48.07257736
48.32559883
48.35134057
48.39646219
48.52512862
48.54319510
48.56244705
48.74723946
48.96354208
48.98235259
49.06299041
49.33161942
49.40900973
49.45216968
49.46123888
49.59880081
49.59926990
49.63475231
49.65981791
49.66263735
49.72397904
49.75094840
49.76824355
49.78087033
49.97478361
50.15479382
50.21893729
50.63514644
50.78348589
50.81400875
51.01785929
51.10872841
51.33242286
51.43283233
51.49034987
51.49744115
51.60682596
51.74991722
51.75450724
51.76371399
51.89436362
51.93087501
51.93368189
51.99935108
52.01823209
52.04459674
52.07685197
52.14054761
52.18532972
52.29831913
52.30889990
52.40017947
52.52749874
52.53830477
52.57788390
52.65735836
52.87782513
52.89951283
53.11812632
53.29574629
53.44793998
53.50739189
53.58114772
53.64891486
53.71200631
53.71354338
53.78976989
53.94434776
53.97008728
53.99197085
54.04751723
54.14010648
54.20948000
54.24377640
54.30520793
54.31037101
54.38764771
54.57888951
54.58519097
54.92382569
55.23498264
55.42880759
55.42955498
55.73221513
55.81903792
55.82839584
55.86319152
55.87627356
55.88209169
55.96113912
56.02903309
56.05260915
56.08254279
56.52186704
56.57133733
56.60851825
56.62985323
56.67042540
56.68787311
56.76827766
56.80767976
56.89654142
56.97197238
57.10138325
57.41745285
57.46990807
57.48084175
57.60012306
57.68617762
57.82798885
57.83641063
57.83978420
57.87587283
57.98017714
57.99516767
58.02847422
58.13636306
58.15637199
58.23278063
58.41226886
58.45030745
58.46945002
58.52624244
58.60772563
58.81613514
58.85362020
58.85611829
58.89517835
59.21143064
59.52845275
59.79518467
59.96899822
60.14493291
60.33867158
60.35176559
60.46534199
60.47031916
60.51083251
60.58933826
60.69511815
60.70577278
60.71565463
60.73323852
60.79443018
60.98035011
61.02260624
61.12134759
61.15888339
61.19910040
61.20526925
61.21710222
61.46750182
61.55033957
61.59778251
61.70439658
61.72044059
61.81849707
61.84573678
61.92549739
62.03343915
124.00000000
