0.05590541
0.05806541
0.07557411
0.10031064
0.14250298
0.35679373
0.49344508
0.54224616
0.58734871
0.62675352
0.72340852
0.76687140
0.85086881
1.00018869
1.04739495
1.19639662
1.30956686
1.55486555
1.60645615
1.70584580
1.74890623
1.75401392
1.85388835
1.98399253
2.00820075
2.05338439
2.10175092
2.20450209
2.21360542
2.25648705
2.35353555
2.35949754
2.37051872
2.52050497
2.55815175
2.56620405
2.74919634
2.82183799
2.91338319
2.97100396
3.04782687
3.10395610
3.14004275
3.17550266
3.32089225
3.46672776
3.48171661
3.52229300
3.55980370
3.64028416
3.82167605
3.90343065
4.09858165
4.13086138
4.29917483
4.35899840
4.50826364
4.52687051
4.57332929
4.57588715
4.93209728
4.96614223
4.98079298
5.15302964
5.27167133
5.53797417
5.59479157
5.63062716
5.64626415
5.74120590
5.78153396
5.90034772
5.96654730
6.15796007
6.18706290
6.66276229
6.74940874
6.86212708
6.86855827
6.94664540
7.03519976
7.08832303
7.09640257
7.18035872
7.20347744
7.21612900
7.27914908
7.33352749
7.35407539
7.45292260
7.54380866
7.56648549
7.67365397
7.74626995
7.91178020
7.96862062
7.96985471
8.25581722
8.37166602
8.50612082
8.52284912
8.58606866
8.72059772
8.82944617
8.89033084
8.97638028
9.18146479
9.20406069
9.25363717
9.29072861
9.36693800
9.36986805
9.38465088
9.38897717
9.68793559
9.70816197
9.76497965
9.88203089
9.95127625
10.03041482
10.15749242
10.18569363
10.19777881
10.24248901
10.42426948
10.56599460
10.66454369
10.69284811
10.75911118
10.84152710
10.97471835
11.05490748
11.13944162
11.20913183
11.41526336
11.57264455
11.61999410
11.64069612
11.65159875
11.65179471
11.69638256
11.70799434
11.90331154
11.93455060
12.02778357
12.03639866
12.19192117
12.19464638
12.44382192
12.45210305
12.55935907
12.56529173
12.64189342
12.71277098
12.75029770
12.79193487
12.86440558
12.89481011
12.94721555
12.96044959
13.13754249
13.18978710
13.22572936
13.29518639
13.41162765
13.52181544
13.63055587
13.75653848
13.76701670
13.90396834
13.98070816
13.98465126
14.00267768
14.13079619
14.61540796
14.71825187
14.98656899
15.14790242
15.36233138
15.37760016
15.48918937
15.58998714
15.61987428
15.65768966
15.68778034
15.70100155
15.70918424
15.70961625
15.76065564
15.81642412
15.84253708
15.87049023
15.89174384
15.89256685
15.97294067
16.28911063
16.39459678
16.53408615
16.54426792
16.65306894
16.69958901
16.81293894
16.82287529
17.08228670
17.13388688
17.32873222
17.43601559
17.47045363
17.57261687
18.15249117
18.20755725
18.24335584
18.54503775
18.58339837
18.69003163
18.72136216
18.83365257
18.93032714
18.95211310
18.95285184
19.00670593
19.00962147
19.12846802
19.45083147
19.46767788
19.53229125
19.55697190
19.70961115
19.71387484
19.87763693
20.06102940
20.17497890
20.24402658
20.61895624
20.69067360
20.89232746
20.89777295
20.92887309
21.05502979
21.11187194
21.14513730
21.19134894
21.39067524
21.47739754
21.71713863
21.93023678
22.02545342
22.09450322
22.16680601
22.19294407
22.20505882
22.22011950
22.25395372
22.25908073
22.33754505
22.49643788
22.79084739
22.90333388
22.94334233
22.97135806
23.04209357
23.18601988
23.20125782
23.43194294
23.50020509
23.51530080
23.54007939
23.76330186
23.79589218
23.80058451
23.93089646
24.01764611
24.12005297
24.17518547
24.18720696
24.19559154
24.21949573
24.24562123
24.30748736
24.32367188
24.43505606
24.48985419
24.67630094
24.68118118
24.73645678
24.77695786
24.80690679
24.92698343
25.03913771
25.09017789
25.11673313
25.12270864
25.13731902
25.19291951
25.23371208
25.37535724
25.44861242
25.57630836
25.65701820
25.69560120
25.73988671
25.96972727
25.97728215
26.02574386
26.06311552
26.14857247
26.26877228
26.47785325
26.55575983
26.55799796
26.60952666
26.69308719
26.74887076
26.92456325
27.02889685
27.19848683
27.22805414
27.23124572
27.32759110
27.43615075
27.45800861
27.51724414
27.59272209
27.78523110
27.93374573
27.94969669
27.99531730
28.10479214
28.24308234
28.36057213
28.39328338
28.46491241
28.63517193
28.65409538
28.68149051
28.73117463
28.86516182
28.87619240
28.94731041
29.07296477
29.18259881
29.31960925
29.36516107
29.46956338
29.48431249
29.56355811
29.60678253
29.64359082
29.65267089
29.69177235
29.84503032
29.92508557
30.00662297
30.01699503
30.29607927
30.33203379
30.41539748
30.41827734
30.44623174
30.46553791
30.65732976
30.68760004
30.85199918
31.01774294
31.08177553
31.11318316
31.13571946
31.24616583
31.25141701
31.35219452
31.41730746
31.46821364
31.47123309
31.49275889
31.54697968
31.59435376
31.70019496
31.78604043
31.93721968
31.93724407
32.01859797
32.10215394
32.19487974
32.25168330
32.25858543
32.27114144
32.28934782
32.31455600
32.49427815
32.55078290
32.56538029
32.61931615
32.64596237
32.65352171
32.68424328
32.70203288
32.79016396
32.81098500
32.82535575
32.84084564
32.87831480
32.92330957
33.04020827
33.12687928
33.18733758
33.19893749
33.22636071
33.35422961
33.36279199
33.37306497
33.47701116
33.54994318
33.72522884
33.73515016
33.77496141
33.98942674
34.12595050
34.15920825
34.17672254
34.19496024
34.20489552
34.28185258
34.30357113
34.43430776
34.55463323
34.63426463
34.93639589
35.02898616
35.23747158
35.28414801
35.60275633
35.77403152
35.78244578
35.84426282
35.87188670
35.88027611
35.96460082
36.00474640
36.04290085
36.19105697
36.26397871
36.29679382
36.33776915
36.37361239
36.41557338
36.65243389
36.89358418
37.05066271
37.06630825
37.09634197
37.16489609
37.18114270
37.20612461
37.27104529
37.33500630
37.36286820
37.37268856
37.37449149
37.50488962
37.51013936
37.62489722
37.85302116
37.98132897
38.08349777
38.14985455
38.18934824
38.22004691
38.26488557
38.29588931
38.41681252
38.45461101
38.48783577
38.56064863
38.80734129
39.04920234
39.05679640
39.12746927
39.15027999
39.44234026
39.46708153
39.47317442
39.55582016
39.61527596
39.71406171
39.71607102
39.76870693
39.77300724
39.85447457
39.85507339
39.94623166
40.05051049
40.07018796
40.12337690
40.38578257
40.50090106
40.57091961
40.66411702
40.69475635
40.79075129
40.79604242
40.81720496
40.82414822
41.07840557
41.60569767
41.62374003
41.64268153
41.79221776
41.85667993
41.98977454
42.03502777
42.40712489
42.55792724
42.55940746
42.64513820
42.66626472
42.72097293
42.76414167
42.82303814
42.83424810
42.90306608
43.08090122
43.12576876
43.20944684
43.28987070
43.31207722
43.38478021
43.43319639
43.54405567
43.61917400
44.04018424
44.22782944
44.35967932
44.55174438
44.55681303
44.72841277
44.73751138
44.81404117
44.88003629
45.04052215
45.08438799
45.13459477
45.14928872
45.18650644
45.34914201
45.35211761
45.36211035
45.39894774
45.55567924
45.60457064
45.65926269
45.66567807
45.80086891
45.97473037
45.97937548
46.00408140
46.02713043
46.10276178
46.17246849
46.19799525
46.22273384
46.49881547
46.55360234
46.81020044
47.11600011
47.26437485
47.27947621
47.44321945
47.45866246
47.60242059
47.65816381
47.66217040
47.66551237
47.68711705
47.72572190
47.94637277
48.01899627
48.12759949
48.17442113
48.18808805
48.19510365
48.25780601
48.40661766
48.48995119
48.51828638
48.58440031
48.85863723
48.88892810
48.94541024
49.02306054
49.25419861
49.25540679
49.27405432
49.38027047
49.40492444
49.40931474
49.43166511
49.43603782
49.57218641
49.64486957
49.70500937
49.72397904
49.80661873
49.89346139
49.98400692
50.00103539
50.00130400
50.01796387
50.04950886
50.21127116
50.23167525
50.23717169
50.66408259
50.74190160
50.77181515
50.95905918
50.97772543
50.99448251
51.06039787
51.18875126
51.29728683
51.35645103
51.41279696
51.59403499
51.65630007
51.71154300
51.76801466
51.86100186
51.97655290
52.22958385
52.26981329
52.28503256
52.30889990
52.31248820
52.42374357
52.49064975
52.50690917
52.55427178
52.71133275
52.74065181
52.76028307
52.79531426
52.85358749
52.85488130
52.92697429
53.00736578
53.02822501
53.10053631
53.17381561
53.17564874
53.17918246
53.42300377
53.43677277
53.44793998
53.57762050
53.63552525
53.68378734
53.72908003
53.78096046
53.86166180
53.96996142
54.16330161
54.24373014
54.25194955
54.34926232
54.39973120
54.47681817
54.55022891
54.56506403
54.56527971
54.64996508
54.71099024
55.07873858
55.26479021
55.35981053
55.42880759
55.47315550
55.60354405
55.62187582
55.69086531
55.78845671
55.85574527
55.89864435
56.03296966
56.07177252
56.09279114
56.25173718
56.25755629
56.57698818
56.69242235
56.72567766
56.74170178
56.94440534
56.96037421
57.49430535
57.55920357
57.74493888
57.98017714
57.98338341
58.12166571
58.18801271
58.28677127
58.40872417
58.52819066
58.56427160
58.69315925
58.73014873
58.93560037
58.94421508
58.98305962
59.05539433
59.11278747
59.15607716
59.43860569
59.48003929
59.49991034
59.54126925
59.56190006
59.57622507
59.70383718
59.73640723
59.76806242
59.85901945
59.92589448
60.11170750
60.12711722
60.19892384
60.33296999
60.39963248
60.56345079
60.68781325
60.71543417
60.72826965
60.82855335
60.91255019
60.95237882
61.16491311
61.18755328
61.23250351
61.27499342
61.37421415
61.59650130
61.68592932
61.68945882
61.72262003
61.93232927
61.96590954
62.04022745
62.11454744
124.00000000
