0.09821533
0.13880344
0.18678404
0.20863526
0.26844656
0.28665457
0.39799350
0.46294257
0.46435057
0.51211388
0.73024675
0.74781657
0.90919750
1.00077448
1.03051565
1.04280724
1.10402686
1.16461383
1.38169626
1.43481167
1.45423111
1.48151464
1.54104418
1.55017454
1.67788924
1.67972120
1.80773270
1.94038095
2.01156056
2.07119243
2.18330537
2.19713087
2.36732711
2.45437341
2.58499286
2.87705324
3.11048256
3.12765914
3.14984811
3.47917550
3.49391829
3.49926035
3.60212041
3.60753204
3.62865846
3.68617296
3.80809077
3.84072904
4.12348070
4.13947671
4.19544660
4.24639323
4.32910558
4.34618440
4.36158070
4.38835015
4.42351862
4.53666363
4.54132370
4.57734813
4.58256798
4.60138320
4.89799169
5.35754356
5.46036647
5.66770074
5.87681408
5.90542286
6.01565512
6.18706290
6.29786911
6.31053738
6.31722940
6.45920407
6.51896725
6.69675351
6.78335212
6.79662747
7.00842976
7.01760433
7.08121235
7.21524680
7.23992597
7.37216981
7.42069369
7.49474893
7.53505763
7.54166909
7.69255178
7.74088681
7.94696936
7.95740126
7.99269072
8.11854750
8.19476052
8.28312310
8.28476966
8.31593404
8.34047464
8.35268792
8.38694420
8.74490532
9.02667961
9.03736989
9.17127465
9.31161595
9.31818129
9.39287922
9.48594214
9.52945389
9.55578119
9.61019120
9.61493231
9.86573472
9.88083980
9.91419430
9.95819331
10.06275432
10.13926602
10.15749242
10.27932918
10.28442484
10.33668995
10.44259700
10.46408031
10.58119608
10.60495058
10.66383575
11.00760559
11.01449159
11.05028986
11.24732384
11.24792630
11.55588035
11.59787042
11.77663777
11.83667140
12.22531907
12.29971098
12.33786789
12.34040028
12.41356451
12.61058698
12.68712247
12.79541677
12.89658385
12.89732189
12.91353548
12.92144637
12.95267819
13.00592899
13.20280192
13.26892759
13.33765524
13.42670274
13.47961003
13.49860090
13.83887564
14.11803867
14.16598709
14.30894499
14.41617952
14.51144006
14.52665546
14.54544613
14.56281699
14.65084636
14.67392662
14.76248715
14.80199652
14.86778970
14.87823480
14.97011669
15.07141664
15.11727919
15.23987626
15.38718113
15.51933293
15.55373539
15.56632824
15.62037161
15.64490219
15.85479407
16.05562408
16.17291097
16.18283989
16.23966060
16.30935007
16.41680255
16.53137578
16.67293145
16.68074385
16.72205079
16.76419755
16.97339344
17.04670375
17.06941192
17.07028079
17.22175971
17.25077607
17.59107495
17.66763063
17.85392105
17.88888059
17.93060060
17.94262702
18.03785597
18.08905888
18.09904360
18.37540887
18.38814474
18.50960485
18.81661026
18.94700462
18.95285184
18.99656250
19.08667536
19.29569525
19.34271938
19.65169070
19.81548646
19.87328313
19.90203712
19.97893576
19.99735554
20.30427057
20.47882564
20.47961451
20.66503627
20.67337161
20.68316486
20.72213774
20.75201284
20.80661847
20.84883226
21.04693695
21.15732526
21.18272953
21.19147992
21.46553544
21.58924633
21.60078744
21.61513804
21.69887637
21.74325080
21.76383851
21.78455229
21.79849028
21.82497597
21.90430761
21.94407741
21.95387323
22.03148690
22.10349733
22.27234218
22.70290281
22.71863250
22.76833645
22.78438377
22.96422047
23.06392593
23.08745158
23.10309931
23.24260194
23.24438534
23.26924374
23.30595116
23.46667250
23.64343780
23.75747351
23.80049199
23.80518261
23.80985547
23.81075230
23.99414989
24.02221375
24.07963301
24.18848268
24.20457258
24.25102976
24.28062789
24.45519507
24.59737925
24.64168926
24.72903476
24.83861397
24.91191601
24.93466214
24.96894609
25.02894117
25.24469396
25.31789621
25.37073391
25.54099798
25.57630836
25.58801793
25.64334750
25.69033891
25.74865218
25.80636686
25.82628354
25.86229508
25.91046380
26.02254526
26.08414127
26.10067269
26.15061468
26.23068394
26.30423259
26.35780802
26.36621096
26.39223351
26.43916463
26.44035967
26.45827163
26.46292378
26.46376603
26.51704214
26.55126407
26.69654996
26.69795872
26.82714825
26.85322813
26.89820337
26.98603849
27.00603655
27.18851383
27.42879826
27.59159421
27.61100936
27.70766535
27.73898452
27.76644544
27.89649988
28.00868011
28.03055277
28.11074325
28.35655977
28.38274261
28.59306449
28.70287935
28.84550308
28.93939514
28.95793008
28.96330400
29.07432169
29.27824293
29.41966121
29.55029227
29.57792565
29.63035467
29.63153506
29.71791596
29.82759769
29.84942074
29.96214054
30.01171569
30.04877423
30.16965098
30.30070015
30.30161450
30.35306696
30.49538433
30.56531803
30.61959359
30.74951530
30.75613103
30.75756240
30.87580339
30.90627370
30.97358188
30.98829441
31.00377314
31.04218108
31.16398257
31.20127234
31.42240437
31.48826378
31.49750848
31.94059502
32.03264868
32.09741750
32.09981320
32.10042084
32.10566331
32.14101421
32.32751187
32.34080495
32.38185548
32.45299764
32.47477104
32.57359445
32.61359045
32.66882022
32.70344518
32.83023170
32.88944296
32.89152985
32.97821933
33.17252219
33.27737145
33.38989659
33.52989133
33.57645688
33.69137533
33.78315033
33.80860773
33.90379419
33.92481447
33.92595655
33.93049229
33.98091076
34.00236595
34.10756474
34.13905885
34.20389514
34.24670847
34.28863435
34.35829885
34.43348363
34.52996312
34.62944208
34.68806643
34.73005184
34.83904311
34.88770057
34.89116108
35.05257829
35.11926985
35.29404369
35.30908395
35.40250034
35.48334908
35.63200480
35.64734912
35.73536447
35.76051634
35.91137733
35.91347708
35.91907759
36.10717345
36.10901024
36.11236981
36.21774783
36.21917514
36.26777822
36.32678825
36.45556468
36.46613084
36.47332686
36.50425238
36.53994492
36.75268397
36.80468384
36.98875334
37.05985230
37.16073280
37.34263462
37.44269131
37.55827065
37.57804593
37.71389464
37.72035876
37.82998748
37.85758672
37.91088213
38.05789402
38.07827694
38.08463691
38.16951416
38.19539086
38.24828816
38.26642896
38.33376040
38.36019988
38.37968133
38.39899829
38.48502751
38.59969599
38.61752126
38.63269682
38.68335977
38.84840232
38.90062090
39.06458261
39.21450428
39.28710685
39.54250931
39.60504254
39.65723736
39.72276841
39.97409372
40.27165841
40.29878982
40.41710885
40.43172551
40.50394104
40.56318457
40.57451640
40.57637575
40.60998988
40.63837595
40.67162981
40.72158505
40.73051924
40.74168327
40.96101687
41.01765930
41.15922460
41.23646036
41.27228745
41.39216942
41.54176701
41.56896634
41.73140453
41.78820540
41.92917377
41.94030797
41.99446329
42.16313262
42.53899057
42.58566691
42.70972667
42.71020504
42.77284953
42.91453314
42.96978246
43.00487341
43.03257065
43.03719006
43.27929734
43.32765282
43.40505575
43.44089471
43.45774828
43.48129995
43.67331689
43.67666185
43.67735462
43.73807102
43.78025825
43.85817282
43.86149245
44.03881658
44.12131385
44.31705083
44.73573544
44.75883213
44.78714577
44.82497501
44.92053324
44.96131068
45.02255152
45.03514346
45.16617001
45.33308186
45.76991675
46.00861927
46.33370659
46.37807501
46.41282225
46.44472396
46.47117173
46.50981989
46.51649094
46.55506238
46.71825467
46.94703191
47.15400916
47.19658252
47.48168625
47.54273857
47.75754543
47.91402670
47.96615025
47.99823178
48.04632435
48.12537895
48.21014026
48.24230941
48.29582327
48.30290728
48.34690913
48.64606547
48.66005514
48.66966587
48.67488701
48.74183081
48.86853170
48.88560655
48.93262082
49.14703707
49.27074678
49.49269083
49.57218641
49.60561182
49.72334072
49.77302844
49.78846162
49.88544453
50.01487070
50.07390006
50.21127116
50.22999913
50.25376851
50.26387879
50.36486622
50.48021369
50.49159667
50.92909397
50.93443057
50.96890054
51.05569278
51.23016692
51.25895941
51.34904212
51.38517890
51.41985973
51.49199057
51.49816987
51.52993679
51.58173153
51.63834240
51.71940577
51.74209578
51.81543489
51.85663489
51.88538331
52.06286223
52.12728976
52.24144882
52.35136920
52.36064780
52.45063402
52.95317612
52.95644836
52.97691549
53.20613575
53.32674863
53.38176518
53.40006925
53.59997591
53.61345492
53.65242061
53.74225615
53.83031956
53.86134505
53.97195247
54.00865984
54.17631061
54.29227283
54.31037101
54.41231933
54.44738034
54.47777675
54.56570191
54.57783554
54.71349103
54.88423471
54.92353039
54.94701399
54.99331284
55.01739669
55.02009358
55.08493749
55.11371879
55.14077404
55.24102579
55.36568971
55.42880759
55.52750893
55.63867091
55.90475426
55.95522516
56.01825444
56.06152966
56.07305250
56.09776053
56.30999049
56.43064834
56.45982940
56.53393623
56.60491064
56.62423786
56.72871987
56.92706738
56.99390781
57.00167356
57.02040865
57.03759192
57.21939133
57.22357502
57.25995889
57.28797763
57.30498424
57.51646434
57.57217303
57.63697142
57.65159695
57.96718582
58.22771839
58.46578547
58.53343009
58.54905754
58.58869824
58.66181916
58.79052520
58.83727726
58.90073572
58.92532246
59.06630795
59.08128175
59.14962289
59.44808799
59.48340322
59.58595062
59.60999772
59.64434999
59.67433644
59.67960270
59.83970989
59.99724113
60.09359957
60.12718298
60.12956246
60.27113892
60.31752877
60.49323707
60.50440369
60.56037468
60.59600985
60.62598096
60.64504749
60.66761139
60.68389294
60.94165274
61.05815567
61.06080504
61.09975716
61.20599238
61.25204695
61.40045583
61.82159291
61.94393835
61.96312545
61.98407008
62.18431953
124.00000000
