0.08224984
0.18834341
0.20994042
0.24298448
0.28847779
0.46981749
0.49071556
0.85316243
0.96483935
1.17083623
1.25826503
1.49830642
1.53516272
1.56323533
1.75316933
1.76343235
2.00342159
2.00392716
2.01728691
2.02498303
2.05644418
2.06141383
2.09194187
2.12097763
2.15397805
2.30110761
2.32303353
2.34804978
2.68636896
2.71152885
2.78540687
2.85993192
2.97239073
3.30351699
3.49560237
3.63537140
3.64139252
3.76076834
3.83281365
4.02220676
4.14591175
4.50554747
4.58256798
4.81644485
5.00971855
5.07813722
5.09869073
5.15302964
5.19276420
5.30639376
5.34860293
5.46088597
5.47101152
5.58519945
5.59027621
5.80735317
5.81941314
5.83167352
6.07048307
6.08862495
6.12261486
6.12473670
6.21577434
6.25136722
6.47665880
6.53886671
6.54089036
6.55777012
6.62269163
6.63276010
6.71455369
6.75943210
6.90756681
6.91730165
6.98740722
7.01760433
7.11264108
7.12988015
7.15211252
7.24054760
7.34461935
7.37732249
7.39998494
7.40734512
7.66691944
7.88586235
8.05678272
8.12629685
8.12679913
8.17095524
8.20807725
8.31125242
8.38244733
8.38859922
8.52677641
8.54715797
8.70055498
8.81991816
8.82424239
8.85520879
8.94977336
9.13106274
9.18572852
9.27127058
9.42598750
9.48343765
9.82775886
10.03647802
10.04867031
10.13330723
10.29190441
10.44259700
10.49429847
10.50461866
10.53180754
10.54203474
10.56570405
10.63363723
10.71711872
10.76972596
10.89580937
10.90681695
11.00418714
11.03159076
11.05724196
11.08458443
11.09672788
11.26404621
11.30044446
11.40718316
11.47298353
11.52806221
11.54129693
11.85248770
11.90331154
12.06796892
12.08344911
12.09902967
12.17524118
12.17701810
12.32016972
12.39993619
12.44026294
12.46030412
12.59082322
12.64635976
12.65892387
12.72396292
12.84487256
12.92884762
13.04611528
13.05601025
13.30409688
13.34886264
13.52560545
13.53217537
13.56413219
13.75927666
13.76428490
13.76665206
13.79557205
13.82374360
13.99776565
14.15860494
14.25354738
14.31027897
14.44181674
14.50323207
15.09930388
15.17595592
15.20595504
15.24528556
15.24780153
15.32181484
15.57939227
15.63516544
15.67907037
15.80538446
15.87620788
15.88964939
16.06158510
16.08312317
16.13923169
16.26258133
16.28589539
16.35425785
16.59683918
16.61869178
16.61912527
16.63239880
16.70329934
16.71350032
16.87418622
16.89117796
16.97652780
17.00288924
17.02373299
17.12257803
17.19311420
17.19577019
17.22004164
17.33145505
17.43292501
17.47045363
17.47360133
17.47577729
17.73087511
17.88543961
18.04635505
18.14898901
18.18110000
18.18505323
18.19012584
18.27992206
18.34730861
18.35160270
18.35184378
18.42592726
18.64107201
18.65834157
18.91698450
18.92448531
18.92593912
18.92722311
19.00457202
19.02714688
19.06665348
19.11448900
19.16228297
19.20746713
19.26890952
19.33403127
19.34051805
19.34328182
19.40069525
19.44620163
19.47720033
19.60314235
19.95145946
20.02289639
20.11279676
20.12180027
20.13014345
20.32680919
20.34082618
20.35011207
20.36588317
20.45646709
20.49775818
20.55688066
20.71630342
20.73035805
20.80540095
20.90166108
20.93257455
21.09321490
21.23392008
21.28830252
21.31270734
21.32818869
21.34249179
21.37979010
21.41954256
21.45225627
21.47739754
21.48084120
21.48109269
21.76685054
21.90594261
21.91660946
21.92474688
22.29022049
22.33176717
22.60853509
22.64936624
22.71842668
22.95152209
22.98567762
23.02725766
23.14028768
23.14433952
23.15288431
23.23240540
23.24744780
23.31585090
23.33969659
23.38447912
23.41609098
23.49608165
23.51621063
23.77284647
23.78030282
24.17356528
24.27181609
24.28527201
24.40424538
24.64045483
24.65308283
24.84026209
25.04213743
25.04507829
25.09435136
25.15082731
25.15323866
25.42831467
25.62646860
25.63198290
25.70143493
25.71352875
25.77144073
25.92473807
25.97243529
26.20100287
26.23510669
26.26582492
26.30140361
26.33738391
26.37625128
26.56038315
26.61918135
26.66736401
26.73441589
26.78896713
26.83083434
26.92279963
27.15019819
27.18405241
27.31920996
27.37779529
27.42780803
27.45521325
27.70766535
27.71500066
27.74128383
27.83572503
27.93374573
27.93663940
27.98945136
28.19298771
28.27166032
28.28150184
28.30914018
28.36057213
28.39304385
28.45881821
28.53550307
28.61409738
28.68730845
28.77101360
28.80807766
28.97415494
29.14033071
29.24176759
29.36009872
29.48431249
29.54602288
29.54819653
29.56229965
29.61381193
29.65148367
29.65367503
29.80080244
29.85765297
29.96496985
29.99592052
30.03788742
30.14877824
30.18033160
30.25348612
30.27418890
30.30345910
30.32640658
30.44364541
30.47139189
30.49964418
30.60239906
30.70875781
30.73450062
30.87011733
30.93552569
30.97358188
31.04224874
31.04642398
31.26733083
31.28293994
31.62235015
31.66400793
31.68374790
32.04524162
32.12507186
32.20766007
32.26337443
32.27404155
32.44209863
32.60467917
32.61359045
32.61384990
32.64233382
32.65352171
32.66275339
32.78794273
32.87386822
32.94552434
33.05830730
33.07971722
33.09663181
33.10822031
33.10880752
33.15149861
33.24268129
33.30919246
33.35250450
33.45696444
33.48155302
33.57693266
33.89222000
33.98994851
34.18678411
34.19019362
34.40847801
34.53151910
34.80806923
35.08789912
35.13122183
35.14817960
35.23082975
35.30928426
35.34254485
35.35516109
35.47010531
35.55351562
35.56502067
35.58002221
35.66553152
35.99349418
36.02379397
36.15272523
36.33889163
36.37177448
36.42891613
36.57570805
36.65524381
36.66396153
36.72893857
36.80667206
36.88263921
36.89878660
36.94034560
36.96292650
37.04749468
37.07541952
37.36819341
37.38321630
37.45648665
37.57057315
37.65882742
37.66933828
37.83665882
38.07445769
38.11408387
38.44089055
38.46425651
38.78074165
38.85023755
38.87201210
38.87902168
38.97885444
39.03815492
39.04591398
39.07482945
39.21450712
39.32080888
39.57605303
39.63158004
39.66901514
39.68004951
39.68828148
39.72548118
39.75916646
39.88625437
39.99589404
40.29016119
40.30515409
40.30568817
40.35597295
40.36646022
40.38997304
40.48439181
40.85558108
40.90416854
40.97240242
41.07795195
41.10879176
41.12039235
41.19646214
41.33686076
41.40268669
41.42461828
41.47139853
41.52104720
41.89480324
41.96476102
41.98880687
42.05011522
42.08944773
42.14008696
42.16019138
42.25493081
42.25585635
42.30447664
42.44726689
42.91875329
43.07488534
43.08320060
43.22207803
43.36941333
43.38359689
43.52577180
43.58823188
43.68878019
43.71622837
43.85573078
44.12561551
44.14063189
44.25338157
44.37823269
44.39440968
44.49073949
44.52157107
44.56115834
44.86750087
44.91266666
45.16466680
45.21545839
45.48373324
45.51693869
45.53837564
45.55914841
45.60895987
45.75264894
46.06231230
46.06328806
46.13669022
46.33246442
46.35026811
46.36217606
46.46253883
46.47097324
46.62155453
46.64795036
46.71809574
46.75570207
46.75987061
46.81473264
46.97148978
46.98608383
47.05176582
47.11333638
47.12670579
47.13037747
47.31164017
47.31746060
47.38759391
47.44287739
47.64414947
47.88572751
47.92297705
47.92415587
47.98499805
47.99591307
48.10443402
48.29767704
48.53102458
48.68221096
48.69828017
48.88622054
48.90402327
49.08571321
49.12386397
49.17949891
49.19056398
49.23218287
49.25401821
49.31962030
49.36706526
49.43638310
49.48110056
49.52082197
49.69757999
49.77345710
49.78817907
49.84492634
49.98716223
50.12607261
50.17197707
50.29137294
50.46894959
50.64006912
50.67407942
50.87631640
50.87932281
50.95390447
50.98540132
51.00435720
51.10728514
51.16171572
51.34204917
51.39015696
51.48312581
51.52993679
51.58334517
51.63109467
51.68156943
51.68691742
51.73616182
51.79202360
51.79684043
51.89738436
51.97177972
52.21584421
52.23271432
52.29491703
52.37419536
52.47171561
52.53676594
52.53830477
52.68743530
52.74525295
52.88712997
52.95855329
52.97612719
53.01950135
53.10735330
53.11968928
53.12273863
53.22321110
53.38944302
53.41843401
53.63624327
53.85066806
53.90973424
54.00934496
54.07243813
54.07543171
54.16150906
54.26072862
54.28873834
54.48458969
54.49131189
54.54013916
54.63632370
54.76405728
55.01739669
55.05377797
55.21442627
55.27432366
55.29546660
55.32555350
55.63250097
55.64176307
55.75713263
55.83909875
55.96762009
56.04350933
56.17796266
56.27810981
56.44576922
56.46957957
56.57540044
56.66644509
56.78654269
56.86301556
56.95123827
57.04555819
57.09523326
57.12436013
57.23448643
57.39997716
57.43629573
57.64177375
57.82979287
57.83115756
58.06994260
58.17020695
58.20121491
58.29252559
58.39898247
58.46827492
58.58563845
58.65359357
58.69021573
58.69152318
58.70977310
58.72128249
58.72141703
58.97028194
59.03673696
59.06335556
59.09076487
59.24568733
59.27995560
59.29996437
59.44734203
59.56067775
59.56252597
59.73979832
59.80456749
59.84105891
59.91650347
60.09496644
60.21357694
60.31789067
60.49829228
60.51760420
60.53072005
60.57264740
60.57982939
60.60698255
60.65523876
60.80097227
60.84117043
60.84966365
61.11588218
61.22765282
61.28649118
61.55238530
61.64162567
61.76793690
61.95675531
124.00000000
