0.16236527
0.22017288
0.25197371
0.26137290
0.44547116
0.45416136
0.51422138
0.82027100
0.92063595
1.16330622
1.27804584
1.40970597
1.56876751
1.94599094
2.01185479
2.07537760
2.19200582
2.20171260
2.33658525
2.44989435
2.53249937
2.63393776
2.63690105
2.88060376
3.03877127
3.14545120
3.17236071
3.22857018
3.35357820
3.36258664
3.46672776
3.48171661
3.53042771
3.56932776
3.64028416
3.68687913
3.69475089
3.84582079
3.89167313
3.91362736
4.01836912
4.04650959
4.04833521
4.06786094
4.22013150
4.37291283
4.44067845
4.49672149
4.49791102
4.57970683
4.70997353
4.79385776
4.86504239
4.91257524
4.93869665
5.01316710
5.05085924
5.17557807
5.22767473
5.32554658
5.38186621
5.49529512
5.50934653
5.57564824
5.65270239
5.67228825
5.72784895
5.81223052
6.08608448
6.10581675
6.16653602
6.28447142
6.46255441
6.49088204
6.63988264
6.86855827
6.89899067
6.96685875
7.04612871
7.19273071
7.32569272
7.32992707
7.37034596
7.54645030
7.78531124
7.78591811
7.88461623
8.07996122
8.23483517
8.34123856
8.45076867
8.63690916
8.69428845
8.82284747
8.83774493
8.98652600
9.13285367
9.18400149
9.27005970
9.40210179
9.47645618
9.62902510
9.65269067
9.68793559
9.79256066
9.83582690
10.11780311
10.15451609
10.22689256
10.27463909
10.45656365
10.61025702
10.63283665
10.63330795
10.66883050
10.71634241
10.71667050
10.75280469
10.75664649
10.90572210
11.06583068
11.06897393
11.15965009
11.22367815
11.45348313
11.56456936
11.56795099
11.68291694
11.69522340
11.79155180
11.99865259
12.04781930
12.14599400
12.24312090
12.33490360
12.45271423
12.65062511
12.67643395
12.74968165
12.83019396
13.10335402
13.11939611
13.13686172
13.13719797
13.15024209
13.24387525
13.24671146
13.29518639
13.32542530
13.34886264
13.67386354
13.70745192
13.71412234
13.81962129
13.87520994
13.89708611
13.96315258
14.20438114
14.21757940
14.46605917
14.58652490
14.60715339
14.64286432
14.69908895
14.75291684
14.75852380
14.84897123
14.88364959
14.99022817
14.99819379
15.06442095
15.10368512
15.14436340
15.16298417
15.32772067
15.33815906
15.52907922
15.74081028
15.98135078
15.99155950
16.04504782
16.23877408
16.58960517
16.65306894
16.83211256
16.87452411
16.88591778
17.06089013
17.14184546
17.26446456
17.34980620
17.40264471
17.49076309
17.51370251
17.54485579
17.61744229
17.64167987
17.74169228
17.80090195
17.81094630
18.19059431
18.22033769
18.22210603
18.35465556
18.37841215
18.57638407
18.66681317
18.95498382
18.98065229
18.99606990
19.07485887
19.14486244
19.21528850
19.33612430
19.52814192
19.59068149
19.60726103
19.68681460
19.68714510
19.75351102
19.78091005
19.90203712
20.01579975
20.01891797
20.11654806
20.18279260
20.37042601
20.52257897
20.80796827
20.89326977
20.89777295
20.96634431
21.07916422
21.07985814
21.08945348
21.13721545
21.22034075
21.25200013
21.31956581
21.33835634
21.57460687
21.67637707
21.67890714
21.73672504
21.80583730
21.85621176
22.00324636
22.03221957
22.08096030
22.12175384
22.25637648
22.26214832
22.32513593
22.34261964
22.54690921
22.60231343
22.64349320
22.64936624
22.72125112
22.91593969
23.10452503
23.16568993
23.26197325
23.42954855
23.45805326
23.47709258
23.64631909
23.72998215
23.85187411
24.06548487
24.13926737
24.22001166
24.35136139
24.36182542
24.42622387
24.49118098
24.59507101
24.65899235
24.70128504
24.82773237
25.00438615
25.36779422
25.40958384
25.48710719
25.63977686
25.71008721
25.78750308
25.90597887
25.98566777
25.99765070
26.03573423
26.27739964
26.54802486
26.62318442
26.65750394
26.69308719
26.70050853
26.72839918
26.82447998
26.83163853
26.83637688
26.94251571
26.96409850
26.96446401
27.00968879
27.02774732
27.03416568
27.19846680
27.25507824
27.29391377
27.29520827
27.33676891
27.41396705
27.44936466
27.51790520
27.74355758
27.78204639
27.81429140
28.04852128
28.29031668
28.39217517
28.59678408
28.71740924
29.01489583
29.24176759
29.27068450
29.28572759
29.33544740
29.40003800
29.54411894
29.54819653
29.56515772
29.65220934
29.69658829
29.71335981
29.83928575
29.99592052
30.08269803
30.13097678
30.16636133
30.17254514
30.17270453
30.42205498
30.44388998
30.47582485
30.56110006
30.58936185
30.76729298
30.80141618
31.02221250
31.18336400
31.22912049
31.44766747
31.48633095
31.52126373
31.57143619
31.57684904
31.65043068
31.67624178
31.74665369
31.83559015
31.87442743
32.00809969
32.03114803
32.16226387
32.16626057
32.17539101
32.21571865
32.32685892
32.50635976
32.53403253
32.62040686
32.63065054
32.64094667
32.64741523
32.71820328
32.77825559
33.05673608
33.13483532
33.15166635
33.28419950
33.30276012
33.38192093
33.42329023
33.54911718
33.59312457
33.69203345
33.72297571
33.75384358
33.84740762
34.12168264
34.18446628
34.19675228
34.32776836
34.33473711
34.48960787
34.49309608
34.71243164
34.90297454
35.00973594
35.16220412
35.18505466
35.19333889
35.20462272
35.36431215
35.37041949
35.41610960
35.54822857
35.68648450
35.79330549
35.81197694
35.91731246
36.08659204
36.10836751
36.11511051
36.12990194
36.13553267
36.24602750
36.25615565
36.57128490
36.71360619
36.73277570
36.73303858
36.75469066
36.78915988
37.11767664
37.12196272
37.15580996
37.20898908
37.44228001
37.59184900
37.60307531
37.63974415
37.67734702
37.68162372
37.69559363
38.06200190
38.09933666
38.33129800
38.45015918
38.50149849
38.51271723
38.53797478
38.80636185
38.81942599
38.82385559
38.95532017
39.14043337
39.16202584
39.45201426
39.47966913
39.52343360
39.86257631
39.88625437
39.91231050
40.15514073
40.18325526
40.27165841
40.31325699
40.44069717
40.46550406
40.48143170
40.48303498
40.62932508
40.67293270
40.78236891
40.78353763
41.10311311
41.12527787
41.42843652
41.52580787
41.63494286
41.74047570
41.74253751
41.79218099
41.83811482
41.89366985
41.93259327
42.01988888
42.02727758
42.07266621
42.46951672
42.48400181
42.50474468
42.77711693
42.78644960
42.88993332
42.97427446
43.02229714
43.07689211
43.12225350
43.28605321
43.38359689
43.49813604
43.52804158
43.54587865
43.56073635
43.58177725
43.59795835
43.67759669
43.68688653
43.77664981
43.81746903
43.83716705
43.90986923
43.93199905
43.97369431
43.99698749
44.04753348
44.16054655
44.17094852
44.19355514
44.40498030
44.42295216
44.47442448
44.56216409
44.57639989
44.62312478
44.65353830
44.69746616
44.69758261
44.93552518
45.16362757
45.17064357
45.18651280
45.39508740
45.48863085
45.70806906
45.77192933
45.80176325
45.93897511
46.20775890
46.22467934
46.32317252
46.35271820
46.44004123
46.46360327
46.50781939
46.54982619
46.57044828
46.69258433
46.85659486
46.92525770
47.23206910
47.39108592
47.39603350
47.46242819
47.50267274
47.67813288
47.74861294
47.75421718
47.92164530
47.98503152
48.23704300
48.29235437
48.29964945
48.46459812
48.47388858
48.88186159
49.00099722
49.00143992
49.33469112
49.33621933
49.43829741
49.47275427
49.55861814
49.73832704
49.80938222
49.93635451
50.02578075
50.08835789
50.14954703
50.34088899
50.36992928
50.51253539
50.51808298
50.53331041
50.74986233
50.81929792
51.07846310
51.10119270
51.20043281
51.25499075
51.26910986
51.41690330
51.68504352
51.69248330
51.74640659
51.82871731
51.97655290
52.03524655
52.03813159
52.04073601
52.11947242
52.21966924
52.23032746
52.49220334
52.52344132
52.78732268
52.79776129
52.89094389
52.91540755
52.96936499
53.02822501
53.22321110
53.32055680
53.48815866
53.53510610
53.54402552
53.57296319
53.60425212
53.85530669
53.86198699
53.91691814
54.12471975
54.22668090
54.35588743
54.55498379
54.61300826
54.71528681
54.72814809
54.88467851
54.91502730
55.04278927
55.14563550
55.26313987
55.29195308
55.41952227
55.44275093
55.45130043
55.61241182
55.82651658
55.89704119
56.00697796
56.07177252
56.18081342
56.30857672
56.53911283
56.56604020
56.61854215
56.64338983
56.72076612
56.80186560
57.04129272
57.13137352
57.25446685
57.37865669
57.52313268
57.56670310
57.62237699
57.79944558
57.87962046
57.92369989
57.99224222
58.02030836
58.11027120
58.13129610
58.15018469
58.16858672
58.18141055
58.19383654
58.20520668
58.37304480
58.40939897
58.46795443
58.68059681
58.81923150
59.01680385
59.12538830
59.24978774
59.26026686
59.28804321
59.58336289
59.58423805
59.60771075
59.62676900
59.65777682
59.88597663
60.02426953
60.14199065
60.17519182
60.25293172
60.36725133
60.44441246
60.48610752
60.48699702
60.60746652
60.60991262
60.62833342
60.72674617
60.75350869
60.88588237
60.89627500
60.92093240
60.99124980
61.09682581
61.11391161
61.19106130
61.21120431
61.24429034
61.35847816
61.38428382
61.52106738
61.53154687
61.55238530
61.57813059
124.00000000
