0.03555069
0.05774446
0.12972940
0.20724242
0.40943142
0.45344210
0.55575312
0.67056379
0.71524927
0.86685116
1.11496278
1.13557413
1.13721674
1.13792324
1.20293451
1.21335607
1.21533123
1.22658907
1.41700368
1.41980668
1.55475176
1.67898741
1.69195048
1.77197800
1.80236286
1.87950968
1.90804769
2.03023392
2.14350349
2.28866761
2.40341879
2.58118089
2.60390378
2.69414460
2.78540687
2.98431555
3.08966870
3.09638966
3.11786210
3.17808737
3.18488602
3.46063520
3.48820186
3.77748746
3.81941137
3.84017836
3.88004244
4.38030458
4.42380355
4.47156671
4.57341360
4.63557866
4.73661474
4.76350490
4.76462454
4.88796335
4.90690959
4.97162593
5.04714017
5.29665365
5.32594055
5.38490076
5.63008753
5.66194586
5.74120590
5.75248825
5.78502422
5.79698577
5.87886109
5.89795971
6.07673481
6.10047199
6.12191092
6.22923512
6.34623642
6.39355470
6.42355133
6.48040827
6.58254548
6.61288181
6.69504315
6.73725478
6.75983798
6.77894897
6.82164774
6.85265662
7.04411319
7.20819629
7.58894793
7.70350571
7.87588315
8.10931608
8.24858439
8.31357429
8.38590003
8.41882990
8.42142442
8.44021527
8.52284912
8.62260250
8.67064258
8.70730458
8.72946832
8.77515115
8.85561271
8.89811919
9.04307902
9.20406069
9.25363717
9.46378490
9.54535490
9.62737820
9.65054576
10.03807943
10.05030226
10.09088356
10.28472403
10.40879627
10.46460087
10.49450335
10.50232073
10.65190833
10.88140258
10.94248648
10.99900885
11.05597572
11.13654750
11.15928480
11.25969421
11.28173989
11.42876156
11.52921749
11.53918149
11.56860908
11.71475913
11.77936648
11.81914345
12.09030182
12.15509008
12.30472952
12.31126482
12.34249869
12.34990189
12.49043427
12.58045160
12.60561761
12.76957002
12.94357535
13.06994233
13.27168386
13.31638477
13.38680330
13.43020981
13.45338676
13.52795084
13.62456676
13.67937060
13.69569173
13.82147888
13.88337897
13.90022982
13.96644669
13.99820627
14.05278394
14.08438568
14.14427124
14.20263581
14.20483535
14.43356347
14.54938893
14.57528008
14.62720005
14.65219722
14.68478486
14.77170453
14.89667219
14.89692256
15.02926523
15.03100895
15.45581284
15.53225951
15.54853374
15.60294277
15.68778034
15.75443540
15.77660935
15.79996315
15.87083645
15.91591093
16.18283989
16.18851657
16.37991169
16.38348726
16.56463279
16.65265735
16.65838386
16.70465446
16.75900805
16.76733160
17.01975190
17.06448394
17.07567404
17.11042848
17.25702594
17.29613340
17.41839386
17.42340837
17.42498734
17.42940750
17.48152212
17.54434835
17.81364218
17.90841552
18.08075360
18.08751310
18.16535827
18.17412954
18.31470760
18.32211345
18.34130943
18.48297393
18.48446326
18.50960485
18.51767805
18.58793011
18.62256962
18.71220400
18.74185708
18.76265791
18.76353047
18.79819859
18.85785934
18.89972970
18.91385875
18.91925918
19.10535413
19.25772505
19.33403127
19.34163057
19.35102544
19.37567543
19.43312487
19.44225457
19.63022314
19.75464578
19.94993024
20.07651374
20.09724651
20.10846038
20.11501768
20.17960188
20.22620120
20.41204295
20.43595714
20.50112630
20.57486431
20.65712297
20.67159503
20.84159214
20.88777468
20.92207074
20.96123970
21.18739546
21.19147992
21.22494513
21.29106969
21.41846961
21.48934397
21.51118157
21.51605938
21.54249019
21.55108903
21.67375531
21.69055739
21.70348578
21.82497597
22.05329317
22.12176251
22.20250696
22.26957912
22.29072062
22.36996206
22.37032637
22.40816250
22.42477083
22.61903889
22.71238375
23.00830139
23.15288431
23.16296596
23.28390234
23.35829784
23.40204437
23.51899266
23.52592831
23.52919979
23.54109762
23.60984778
23.64199198
23.66236747
23.68487867
23.68699290
23.69792928
23.72602207
23.79365698
23.84072716
23.90274391
24.04403636
24.13201355
24.13895057
24.13991907
24.14417545
24.14460320
24.47524374
24.72660653
24.95199435
24.97710795
25.20340981
25.28567407
25.36472763
25.38871093
25.51971309
25.68296511
25.70971545
25.72357379
25.77283563
25.81257814
25.82126764
25.84062076
25.84219031
25.98093920
25.98814629
26.04763755
26.05468274
26.08160682
26.15443312
26.20484506
26.22080533
26.23841314
26.35013313
26.44486385
26.57127272
26.66046387
26.87353994
26.94119063
27.02124502
27.04884526
27.17133669
27.33333331
27.34726581
27.66915418
27.83601236
27.97706111
28.04376610
28.06594114
28.19392716
28.24871225
28.28876496
28.35229821
28.36575112
28.52015581
28.54088142
28.70579377
28.83012065
28.84039329
28.86516182
28.93650539
28.98900038
29.13107744
29.15422476
29.15599045
29.22720442
29.34271115
29.37634696
29.56320243
29.59083069
29.61095894
29.61152950
29.67129792
29.79616818
29.81012506
29.96371626
29.97470427
29.97759656
30.05651266
30.07905224
30.23921622
30.27644919
30.28094644
30.29274670
30.36176036
30.38267230
30.47448287
30.52332572
30.55356947
30.56531803
30.69851807
30.71260194
30.72872826
30.77240059
30.87303997
30.93359000
30.93788000
30.96227434
31.00363359
31.11025754
31.15273233
31.22499712
31.24589110
31.31490970
31.42166576
31.49422801
31.63221243
31.72135457
31.97057439
32.04104771
32.17337103
32.21744555
32.29562681
32.30561854
32.33403174
32.44265391
32.44914959
32.55420460
32.79377215
32.87030551
32.92079368
32.96248338
33.11750578
33.36353741
33.79084362
33.89378520
33.93749712
34.17829310
34.18446628
34.26326606
34.65642378
34.78331227
34.83268590
34.86110648
34.87280817
34.88908630
34.98678026
35.04388453
35.23747158
35.29245378
35.30387014
35.36431215
35.41729331
35.54095586
35.58499613
35.61971804
35.72393682
35.87017180
35.87823419
35.98041191
36.08753910
36.23752359
36.27724665
36.28947710
36.41635370
36.46268598
36.57132087
36.57236601
36.58660472
36.75009038
36.75469066
36.76620773
36.77442597
36.83848496
36.88923839
36.95343548
37.09510755
37.23477125
37.26321188
37.32561786
37.33465699
37.34263462
37.34380028
37.36222369
37.41178553
37.53777374
37.63299775
37.65074850
37.68888979
37.82234033
37.85618050
37.91586528
38.02922083
38.04440173
38.10604040
38.17496867
38.36833900
38.38727472
38.59970764
38.60542138
38.60631495
38.73538746
38.82428412
38.88387283
39.00140348
39.02670204
39.05643298
39.23819763
39.65307924
39.69080661
39.70781395
39.71494622
39.77621707
39.88724040
40.01908876
40.02008910
40.13065992
40.20765476
40.28318350
40.63534281
40.66758669
40.67693417
40.77757029
40.81219518
40.85140055
40.85421185
41.09847003
41.11104040
41.29974002
41.30249530
41.36991899
41.37653552
41.50485117
41.63845171
41.69719093
41.72393983
41.72493667
41.73036420
41.87207431
41.96311231
42.03684265
42.07361565
42.10061216
42.21689577
42.27301327
42.41682948
42.56890156
42.60421071
42.70764960
42.73271476
42.73322198
42.77120905
42.78569304
42.80914267
42.85364371
42.93766091
42.95267287
43.10957438
43.14674271
43.17715386
43.17869739
43.21373259
43.25961953
43.27768291
43.43285593
43.71746985
43.76148791
43.79051744
43.88278931
43.94368985
44.11863055
44.12909300
44.17324633
44.33445009
44.63279377
44.67699850
44.73751138
44.87423751
44.90169366
44.97331906
44.98368867
45.06563341
45.30436493
45.34939000
45.49484263
45.65633156
45.65730693
45.73472675
45.79015665
45.85058920
45.95697156
46.26769089
46.28315965
46.29991923
46.32741376
46.44291088
46.53157588
46.70677601
46.82436166
46.87929341
46.88056794
47.06317591
47.08756364
47.13767714
47.22898532
47.24875810
47.39829795
47.43289199
47.69714553
47.78321083
47.81769917
47.91834092
47.92590060
47.99702345
48.07224377
48.16182240
48.19682359
48.20360652
48.56296191
48.71372965
48.77484641
48.86830441
48.98208601
49.09401865
49.19527338
49.29423941
49.43166511
49.50448224
49.62934454
49.65454159
49.67348595
49.69500671
49.81753657
50.20121162
50.22088388
50.28569121
50.29822738
50.39279908
50.58419445
50.61394968
50.63805436
50.94544480
51.13104624
51.15438560
51.27164123
51.38468135
51.50384142
51.58159012
51.60902565
51.67739489
51.71058545
51.89727112
51.94882502
52.12666219
52.14092025
52.14359679
52.21637287
52.26751513
52.31531121
52.34187142
52.34824374
52.45996471
52.70291180
52.71319604
52.84287829
53.05887971
53.09630480
53.27702456
53.44793998
53.52875542
53.53314860
53.63887210
53.71200631
53.82711495
53.85712229
53.87613634
53.91748822
53.94672409
54.01301552
54.16459712
54.36433766
54.50691995
54.64531403
54.71143170
54.76983024
54.87919478
54.93960322
55.05140170
55.08722822
55.31345552
55.47025425
55.48538626
55.49174003
55.49715572
55.51324132
55.56183813
55.57333783
55.67370446
55.72535347
55.72778851
55.75689864
55.83173349
55.88384017
55.92897660
55.97834393
56.01440284
56.06287387
56.16819836
56.20634354
56.36303201
56.50716543
56.58068887
56.68542749
56.77760887
57.07735046
57.10898528
57.27536434
57.34197892
57.37212338
57.37712118
57.47783849
57.52811706
57.53622836
57.69052989
57.69131125
57.99800301
58.02777092
58.13023278
58.17746034
58.18536277
58.19519835
58.20788928
58.30633471
58.39470588
58.48241144
58.54418600
58.76475208
58.78153018
58.79386234
58.89353972
58.93321352
58.94429806
58.99645467
59.00108425
59.13198777
59.37955662
59.54631762
59.58482981
59.58813412
59.73293322
59.84533445
60.02428626
60.23768160
60.32498154
60.55183233
60.61615226
60.73079742
61.11315036
61.16950334
61.18568096
61.19261463
61.19854847
61.22828015
61.35204268
61.35240827
61.42524047
61.48244620
61.54655997
61.56719868
61.57604183
61.61861902
61.68285513
61.78975262
61.83875846
61.96098444
62.03494804
124.00000000
