0.01394139
0.06302088
0.32966854
0.41997730
0.43449026
0.57447624
0.66854333
0.76300094
0.82959801
0.86882011
1.12360994
1.40583694
1.62878087
1.64513357
1.64898372
1.76548765
1.77114499
1.89365976
1.93564123
2.22391187
2.24292342
2.26920452
2.27452233
2.30322575
2.35491799
2.36306499
2.71792243
2.73711805
2.75423498
2.80759951
2.89501131
2.92734574
3.14235277
3.18488602
3.18958447
3.24392734
3.31064516
3.34678582
3.42013179
3.45256060
3.47359457
3.48171661
3.74580586
3.77748746
3.80093037
3.81122034
3.86224953
3.89187254
3.90879182
3.95879821
4.02220676
4.10482702
4.13578175
4.20149663
4.21232341
4.23048041
4.23179624
4.33243865
4.33399247
4.37162329
4.38746761
4.48662264
4.52144158
4.56497597
4.64797461
4.66757090
4.99231395
5.00016245
5.17005223
5.25105280
5.25244605
5.31175402
5.32554658
5.49677493
5.63245391
5.63368373
5.64248767
5.78843717
5.88059445
5.96239741
5.96654730
6.32772190
6.34066206
6.42740745
6.48884925
6.61386955
6.62495060
6.63224161
6.69709202
6.74118729
6.74127695
7.03273113
7.14618940
7.15211252
7.18542077
7.25647109
7.32899472
7.39924293
7.45234668
7.47269508
7.48867470
7.58816580
7.61744073
7.63332559
7.67823863
7.71842528
7.77779127
7.84632414
7.91317014
7.96486937
8.28337896
8.58404559
8.62673882
8.64668411
8.71385917
8.89829393
8.89865842
8.93129127
8.99789547
9.05189993
9.12896974
9.13438345
9.14458953
9.17913001
9.18049966
9.30397863
9.46924429
9.69934941
9.70515319
9.82210010
9.86924917
9.93684526
10.07450549
10.10517996
10.15134160
10.15900461
10.31300418
10.33293284
10.33668995
10.34910011
10.38977667
10.39884220
10.63651010
10.63986146
10.66181489
10.68247519
10.70315199
10.71851571
10.99308572
11.05724196
11.19063157
11.21544648
11.26883217
11.39283348
11.39818818
11.51398146
11.52914470
11.94504950
12.17701810
12.23706764
12.25643691
12.44645089
12.46235626
12.61855568
12.63755751
12.65656775
12.73278055
13.14620903
13.17977936
13.24471738
13.31682132
13.58936949
13.59307028
13.63737747
13.71124718
13.78865128
13.99156966
13.99615968
14.15954360
14.20452389
14.21448298
14.29231886
14.32931158
14.33368076
14.37690148
14.46783844
14.65050897
14.69953989
14.73113325
14.73669353
14.98630529
15.07652970
15.20025773
15.40403861
15.41783448
15.42930723
15.97663782
16.09072826
16.11706770
16.18222653
16.21923948
16.27386665
16.47989407
16.60999568
16.61315356
16.61888983
16.88580058
17.03369686
17.05525807
17.07001405
17.22510086
17.27056865
17.29132007
17.29605626
17.32090036
17.34462910
17.35510613
17.49310527
17.70782307
18.03870689
18.09029598
18.10681628
18.17665476
18.37766412
18.40495611
18.46482846
18.47780018
18.48297304
18.53403741
18.59553246
18.61500737
18.61922119
18.70471546
18.73542904
18.82057261
19.13435259
19.16081340
19.33623001
19.36127107
19.42360979
19.56246148
19.62455360
19.68014092
19.79641079
19.81369913
19.88569563
19.88994343
20.44889481
20.45586323
20.52580764
20.52617116
20.53510926
20.61911117
20.68324494
20.68690467
20.81283884
20.82610791
20.84707070
20.89313089
21.03617162
21.06976051
21.08429905
21.19917575
21.22315297
21.26572677
21.32992526
21.33704013
21.34581608
21.38668063
21.51048581
21.51238734
21.59316442
21.73875529
21.81048991
21.89046650
21.94898066
21.95818267
22.05401537
22.19294407
22.32338249
22.33880957
22.37542674
22.49796039
22.50012045
22.59083098
22.59555176
22.74467382
22.77488322
22.82028917
22.95160579
23.24847565
23.26954130
23.27046101
23.28215137
23.36004379
23.36833740
23.62090831
23.98271095
24.01558814
24.19034196
24.21063774
24.26323362
24.32369596
24.53377424
24.57872605
24.57883661
24.58198158
24.63540381
24.70459506
24.77475846
24.79327045
25.05207894
25.15347764
25.19849945
25.23772886
25.36401351
25.54274307
25.54533601
25.58384501
25.64845736
25.72688463
25.90889190
26.01153216
26.09890452
26.14699208
26.14949706
26.22718640
26.40844131
26.56428058
26.58934298
26.72485977
26.86062401
27.07759271
27.11334671
27.40265658
27.42401420
27.57551630
27.69219703
27.72282761
27.76123038
27.77335682
27.79234355
27.97639026
27.97994909
27.98274231
28.01582928
28.13913404
28.18984724
28.55581768
28.66797300
28.73109116
28.74472987
28.75304135
28.75629673
28.96220001
29.24571469
29.26370596
29.29782768
29.30704609
29.34478337
29.41865273
29.49196175
29.57908426
29.71655549
29.75321888
29.86119914
29.96555098
30.05769407
30.24702332
30.26232550
30.28094644
30.31966686
30.39777417
30.48379536
30.64287917
30.69088393
30.87506191
31.01700480
31.09921983
31.22141278
31.31730659
31.34463359
31.41774404
31.55909793
31.68690799
31.71747746
31.76377832
31.78931217
31.81688963
31.83436148
31.92570612
32.01966583
32.03264868
32.04219795
32.07372683
32.11922690
32.43834009
32.45583720
32.46902743
32.60997593
32.61931615
32.62802252
32.76843412
32.77825559
32.78108062
32.82149369
32.90131547
32.99715782
33.09397863
33.17836505
33.59712491
33.61787861
33.74718506
33.76996457
33.84689494
33.85765355
33.86729782
34.14688446
34.24221937
34.32025511
34.42097435
34.45377809
34.55541626
34.77846431
34.81631894
34.84401126
34.86110648
34.86348382
34.87343618
35.06955564
35.09057089
35.23035820
35.28089907
35.50017892
35.50995573
35.51698891
35.69051853
35.69298694
35.70875779
35.84061990
35.84972136
35.87017180
35.90164833
35.92990163
35.93353268
36.13876756
36.19702640
36.20622064
36.26600244
36.34172253
36.43055007
36.76683562
36.79240962
36.79536678
37.13973933
37.21671779
37.25825365
37.41353681
37.58399251
37.58665209
37.62496891
37.87940134
37.88837812
37.92788525
37.98139847
38.00339988
38.00491962
38.03018777
38.16263043
38.25119135
38.37684780
38.53135090
38.53826759
38.59649160
38.66586155
38.83234305
38.84897617
38.91262652
38.95133450
39.06354827
39.10076713
39.15027999
39.18841271
39.24402649
39.51272441
39.54701633
39.66595530
39.68890687
39.75971461
39.76164581
39.79501523
39.84846966
39.92692263
40.03546788
40.08454149
40.10318697
40.13001648
40.20427920
40.21872964
40.23962952
40.31112935
40.32928066
40.36436232
40.50839813
40.68400808
41.09307486
41.11112227
41.14352969
41.17139241
41.20817712
41.23482611
41.30180493
41.30199633
41.39306515
41.70990386
42.06077441
42.18241093
42.29950764
42.33223971
42.34933109
42.58719105
42.63965062
42.82035295
42.99910769
43.10220793
43.11928309
43.13545559
43.17554826
43.27476651
43.27773168
43.37092122
43.40022873
43.41065071
43.43600518
43.44348306
43.45910531
43.48080772
43.71746985
43.82980778
43.90451484
44.03204044
44.05426182
44.17907502
44.30301425
44.41274946
44.56209137
44.74920781
44.81050003
44.86750087
44.87062643
44.91266666
45.03723090
45.06926452
45.10147503
45.20015416
45.21656117
45.25621869
45.44924839
45.54992446
45.89131077
46.03176338
46.05655695
46.12567722
46.17754572
46.58040788
46.65045746
46.69047583
46.71112863
46.85284578
46.87772001
46.90976353
46.92976975
47.03317720
47.13204451
47.34587352
47.73231932
47.82260684
47.92297705
48.00522520
48.17177923
48.23335174
48.49759097
48.74010606
49.00663918
49.10008680
49.16947727
49.34455055
49.50154910
49.57667470
49.65136922
49.79684660
49.83108130
49.92914856
49.98620483
50.04008181
50.13850020
50.15054199
50.19220063
50.26701494
50.26896972
50.30524185
50.40167169
50.69364777
50.76401687
50.80781053
51.02412145
51.05732331
51.07846310
51.14168728
51.15369155
51.19041073
51.25246025
51.27916170
51.54441188
51.71344903
51.78122578
51.80947787
51.92115532
52.15000342
52.16100397
52.22908768
52.34271197
52.44458761
52.67664235
52.80082075
52.84562112
52.84783631
52.92697429
53.07858810
53.27649469
53.39786430
53.61439254
53.71030585
53.76975371
53.79151810
53.84827754
53.99151018
54.09395793
54.15296547
54.20294719
54.22082905
54.22177015
54.24878481
54.35154697
54.35271295
54.48752127
54.53827736
54.79569797
54.79948712
55.05446901
55.23074510
55.27164409
55.36323338
55.39469911
55.41652100
55.58259527
55.62507149
55.73334769
55.74183476
55.78918683
55.83713048
55.96981408
56.23276351
56.44254377
56.61593888
56.90843137
57.36532441
57.36749525
57.40550672
57.52712008
57.53417888
57.58608508
57.66310933
57.67910152
57.71064715
57.73372616
57.88239637
58.00986519
58.04165755
58.15059938
58.15204667
58.16623692
58.32219252
58.32791454
58.36328291
58.43726343
58.45667795
58.52131337
58.54817932
58.66966639
58.69152318
58.78626149
58.80085693
58.87615053
58.88672241
59.06019123
59.14355464
59.20962565
59.27995560
59.30559355
59.40634210
59.52821548
59.55351376
59.60220491
59.63138839
59.65894686
59.91650347
59.95980374
60.04261031
60.07365148
60.16259501
60.20289432
60.30607020
60.48888280
60.71811543
60.73542040
60.75350869
60.79084510
60.91220897
61.04150468
61.12600623
61.17545872
61.18668204
61.39902716
61.49831293
61.55598092
61.65831194
61.70144313
61.76691569
61.92651601
61.99086272
61.99409247
62.07395767
62.09476076
62.13357477
124.00000000
