0.00788234
0.36495915
0.39995893
0.51262189
0.53426697
0.67594057
0.71985736
0.72636152
1.08113112
1.08686488
1.14204483
1.14718113
1.17986373
1.23491575
1.24786978
1.43858516
1.43875644
1.45119462
1.52762827
1.53516272
1.58619607
1.79091325
1.81522326
1.83174627
1.84813982
1.94038095
2.05349201
2.09419702
2.09998844
2.20877783
2.22963238
2.23561355
2.37827478
2.40559586
2.46879882
2.51132842
2.53631419
2.68727345
2.78413440
2.93579897
2.94405484
2.97006687
3.17402839
3.17875441
3.21921221
3.34275848
3.48067842
3.65679464
3.69924358
3.73334442
3.80282446
3.91612050
3.93884759
4.00472809
4.04092022
4.13473615
4.16525973
4.22504973
4.23356458
4.30105287
4.30202403
4.37503969
4.39078893
4.48619036
4.61005273
4.84341497
4.96858085
5.01095910
5.08317737
5.10882912
5.14915765
5.17288878
5.22142933
5.25044999
5.25693929
5.31860713
5.55872114
5.63062716
5.73098087
5.74621969
5.74894772
5.76882441
5.79613656
5.94033038
5.95860789
5.96850701
6.01392202
6.05884675
6.28571786
6.47261621
6.62269163
6.70405754
6.72858820
6.85299154
6.98877761
7.10673578
7.13342139
7.37953763
7.48607961
7.50322952
7.62666197
7.64125851
7.68398377
7.69258050
7.69324762
7.79888057
7.85361069
7.88054217
7.93127079
7.96960348
8.12000791
8.12885187
8.16680934
8.23665959
8.26920268
8.34160262
8.37945050
8.39406900
8.49061509
8.64480092
8.72774305
8.89001290
9.03871441
9.14398085
9.16538689
9.23569929
9.39501593
9.48159083
9.48915054
9.53370343
9.69909500
9.80013339
9.86504907
9.94363236
10.09557954
10.20069078
10.26347284
10.48319863
10.58865947
10.81529621
10.86296126
10.91342205
11.12596495
11.39818818
11.55705709
11.57105008
11.89384098
12.10331214
12.16607103
12.38132628
12.47630547
12.54393219
12.90298070
12.94771300
12.97908740
13.00778941
13.03827276
13.05017014
13.16636541
13.33097769
13.33829902
13.38164615
13.38346815
13.41162765
13.44125976
13.54853966
13.59124045
13.64241574
13.69996379
13.77533855
13.80654287
13.96515465
13.96644669
14.02239810
14.05209047
14.19893021
14.23296215
14.59759999
14.63521481
14.68249859
14.68722130
14.79425166
14.86228513
14.91963268
14.99745252
15.15603940
15.57621643
15.69220418
15.88215504
16.05092443
16.07267070
16.08568271
16.11955992
16.18283989
16.21398025
16.28605453
16.33052663
16.33316492
16.33386796
16.43679909
16.53408615
16.61342949
16.64916456
16.69139501
16.72369220
16.84475674
16.92464642
17.04158800
17.09255129
17.16606973
17.23124892
17.23824741
17.35365327
17.36257878
17.37100771
17.45846012
17.53756655
17.57159447
17.60656149
17.75752204
17.82068219
17.83258068
17.96365299
18.01685364
18.09951786
18.11138122
18.23589507
18.26195499
18.36866475
18.40110267
18.40729050
18.47438168
18.53185473
18.63935201
18.66233585
18.67644198
18.68803439
18.90223321
18.98125717
18.99669824
19.00047415
19.04244711
19.15329190
19.21993430
19.32510167
19.43464999
19.45483218
19.47270072
19.51852779
19.75753015
19.79724193
19.94528766
19.97893576
20.03364458
20.04750099
20.05251477
20.13094800
20.42467126
20.50224472
20.55135314
20.59755426
20.80661847
20.92293267
20.95919697
21.11796784
21.11939145
21.22978945
21.32454656
21.34249179
21.37393116
21.48109269
21.53051900
21.55499547
21.71389369
21.79452942
22.04036974
22.19587704
22.21934563
22.24345827
22.25957091
22.34184918
22.37966728
22.39794419
22.49281727
22.65939521
22.74732157
22.78699383
22.83386584
22.98635608
23.01228840
23.11947082
23.16986886
23.21772493
23.35908875
23.37776901
23.55571494
23.73532579
23.80985547
23.83357020
23.93640715
24.10828652
24.12938848
24.27919399
24.36779153
24.45512913
24.48985419
24.50892814
24.64424303
24.72134718
24.77111217
24.82754073
24.84096595
25.02624890
25.06537096
25.07478362
25.14657807
25.23584104
25.23866489
25.24136751
25.66025385
25.96996618
26.12925880
26.14914948
26.17798380
26.38640648
26.47696825
26.60727192
26.63889441
26.69872548
26.77935338
26.82380825
26.92993804
26.97546752
27.02889685
27.15541205
27.18003555
27.19296856
27.30904269
27.43622835
27.53853522
27.70894871
27.77483304
27.79120325
27.91745816
28.04350191
28.12011655
28.27605324
28.30590168
28.52908967
28.56621807
28.70015311
28.74472987
28.77281315
28.81314508
28.82473701
28.93833676
29.01703062
29.06798222
29.12568069
29.30704609
29.44880630
29.53525125
29.54330138
29.56582075
29.76319165
29.76520002
29.83829703
29.86393278
29.87444435
29.94316076
30.00662297
30.26685765
30.59589119
30.70823717
30.76340883
30.77957832
30.87858508
30.88374841
31.05268750
31.07012875
31.12762460
31.16261475
31.22605669
31.25429584
31.28031479
31.36404869
31.40132556
31.48143309
31.59127405
31.80041379
31.81515656
31.93817117
31.94288014
31.98276894
32.01724866
32.02484207
32.04552921
32.21785281
32.39435877
32.40315486
32.46476375
32.49034161
32.67285035
32.82339616
32.96022284
32.96773332
32.99599136
33.00019743
33.04218138
33.27652217
33.41255468
33.51073677
33.59668192
33.59712491
33.64955408
33.70463230
33.79268122
33.95778224
34.00236595
34.09002735
34.13905885
34.20478239
34.26418054
34.28627640
34.43906966
34.62835694
34.63748828
34.65610810
34.71943825
34.76024335
34.80057455
34.89250983
34.94854718
35.05645365
35.19388622
35.36082939
35.49064579
35.62380428
35.73351030
35.80758047
35.93596217
35.93944866
36.11824220
36.19719284
36.23869350
36.25634561
36.28826977
36.51987643
36.71360619
36.72893857
36.73736876
36.74295906
36.80871579
37.00174423
37.02904373
37.08093590
37.62210221
37.69918098
37.72056297
37.74676572
37.98830752
38.04132439
38.18886328
38.22370177
38.46872049
38.60993932
38.62073109
38.85483851
39.19980030
39.21636594
39.42829529
39.43384455
39.45678287
39.68924791
39.81862667
39.82157835
39.97990274
40.09558692
40.20427920
40.32575766
40.52509740
40.56897187
40.60287150
40.68551350
40.72440843
40.79044056
40.79426361
40.87076000
41.03809634
41.16834931
41.17102780
41.23002575
41.28112402
41.31418119
41.55623880
41.65108593
41.72393983
41.84362822
42.15543184
42.16620877
42.39799486
42.39988633
42.49480699
42.61611741
42.73322198
42.76004486
42.80161966
42.90284679
42.94562685
42.99883060
43.00467124
43.01308560
43.11142481
43.11424094
43.13581481
43.34078600
43.43285593
43.72689357
43.82097319
43.86450196
43.89109107
43.97746660
43.99220547
44.06072626
44.06565869
44.08288655
44.09465913
44.23735957
44.31705083
44.32410407
44.43699053
44.61938688
44.65346827
44.69431180
45.02695607
45.03850563
45.04261619
45.37171752
45.67208846
45.84830065
45.91865608
46.02649476
46.27982073
46.29304226
46.34772679
46.43839291
46.56163019
46.56360882
46.57376824
46.57728082
46.61102909
46.72034092
46.79540291
46.83435043
46.92976975
47.03116342
47.05132096
47.24480932
47.30138880
47.34820335
47.37176675
47.46239731
47.49256883
47.50398396
47.61667601
47.69371540
47.84741631
47.86989587
47.89442445
47.92297705
47.95671199
47.97140295
48.06171452
48.24084507
48.32272630
48.35980439
48.36234309
48.43822257
48.55559866
48.62021438
48.62033662
49.05696448
49.32190119
49.53397586
49.54554158
49.55894146
49.60110974
49.94707852
50.04008829
50.14144414
50.22510291
50.25709600
50.30484399
50.40054602
50.47314999
50.64100281
50.65704050
50.69364777
50.76937136
50.92228742
50.94741533
51.12995597
51.16056154
51.27139016
51.31031885
51.59325217
51.76234312
51.77484821
51.82695428
51.85157891
51.86039218
51.94975339
52.01075674
52.06233204
52.19652475
52.27873960
52.30436696
52.45400124
52.62591935
52.71862998
52.74185984
52.75750552
52.81266384
52.82799648
52.83212455
52.84715115
52.88434130
52.96384443
53.17381561
53.20908991
53.31178015
53.34931646
53.44793998
53.45046193
53.47159492
53.53665330
53.56540496
53.58658437
53.59660258
53.63562642
53.78038759
53.78745542
53.88497284
54.02211120
54.06050281
54.07989163
54.09619051
54.15302840
54.16972509
54.29227283
54.57428618
54.70821003
54.86260151
54.87304619
54.90115927
54.90240288
55.12535113
55.29474046
55.33471944
55.49961252
55.59303463
55.62413977
55.65164872
55.69644712
55.97172908
56.09681636
56.49969102
56.52757009
56.67422887
56.67765172
56.71205870
56.71229090
56.79913849
56.82908624
56.89569522
56.95846167
57.04348489
57.22392504
57.27314262
57.30117917
57.35944339
57.63008766
57.87743066
57.96282233
57.97513104
58.01803389
58.02030836
58.04146770
58.05730947
58.07207575
58.24356468
58.26837331
58.32708330
58.36748912
58.45320185
58.50990728
58.65934338
58.95722742
59.06519240
59.12282646
59.13145001
59.22289087
59.38169703
59.56278636
59.58423805
59.59218380
59.82379659
59.87467536
59.92235507
60.02426953
60.17135307
60.21363833
60.30789836
60.50756747
60.58824057
60.58933826
60.64168471
60.65750725
60.67049853
60.82855335
60.85168615
60.93916874
60.95747563
61.00780345
61.20388499
61.23008630
61.33475803
61.35333781
61.62278463
61.70539131
61.82200320
61.85811645
62.03572225
62.04203683
62.13357477
124.00000000
