0.02064290
0.10020916
0.11880462
0.12162687
0.13362896
0.13689693
0.14095367
0.16589719
0.32205485
0.33144250
0.37409966
0.38817415
0.39402167
0.39507240
0.57814663
0.59325784
0.75578548
0.92750320
0.95422542
1.05036772
1.12113355
1.16971092
1.18546071
1.22884138
1.23407423
1.35288756
1.36710584
1.37850473
1.38477096
1.48151464
1.64263879
1.69585380
1.71275374
1.80035410
1.88892582
1.93758166
1.97275785
2.04881024
2.17935339
2.27066454
2.40821191
2.47229727
2.47403785
2.51027493
2.53291743
2.63291075
2.63844649
2.69249166
2.80254404
2.85290127
2.94168245
3.08662827
3.09236688
3.11458157
3.12568503
3.19937360
3.29297840
3.43755587
3.53023787
3.65048605
3.76076834
3.78995018
3.88681446
3.91311005
4.13210459
4.13676814
4.28996064
4.34033173
4.48034770
4.52939311
4.54933428
4.58599180
4.65093994
4.70252001
4.83253538
4.95341265
4.95528422
5.08335833
5.10620678
5.21131378
5.28230346
5.29409465
5.32708779
5.35587189
5.42450471
5.65198700
5.70637915
5.70973847
5.72068705
5.77168249
5.84326834
5.94571281
6.01377081
6.09083745
6.15412402
6.25398667
6.27944644
6.28056837
6.43313517
6.56304148
6.62210737
6.66237238
6.71769035
6.73228563
6.84527795
6.84778186
6.86846331
6.98340252
7.03767484
7.14607601
7.26876370
7.29214959
7.31890468
7.34536494
7.39381796
7.43074754
7.85119830
7.97905221
7.98363551
8.02434533
8.29246490
8.29770511
8.43131616
8.54757190
8.56313153
8.68847725
8.69913291
8.90784353
8.91261431
8.93099723
8.96192094
9.01987024
9.04981448
9.05555441
9.19894601
9.33576324
9.36610450
9.40266427
9.43989333
9.46818629
9.47696666
9.59002618
9.64107084
9.65054576
9.79946952
9.81272733
9.83459048
9.99987619
10.03428697
10.04004384
10.21775752
10.45062499
10.50296847
10.55411794
10.61099569
10.66883050
10.75889675
10.85099212
10.88142376
10.95320870
11.07420257
11.12434820
11.12596495
11.19437515
11.25369005
11.40718316
11.44357849
11.52823842
11.56265226
11.56795099
11.61638614
11.64677784
11.66190808
11.78175460
11.78829151
11.86358776
11.96425848
11.98199128
11.99820416
12.24143659
12.36495870
12.41190265
12.43187330
12.48331025
12.64475343
12.70127854
12.84919055
12.91809396
12.95275134
13.16072751
13.18577274
13.25856065
13.43174978
13.45077213
13.48161285
13.55595023
13.74360971
13.74598243
13.74921100
13.76074255
13.96951833
14.02571363
14.06405689
14.07149804
14.15009353
14.19830491
14.50000564
14.59524588
14.61452032
14.61582821
14.74632170
14.91569727
14.92977076
15.01097570
15.01282901
15.09105659
15.11528894
15.20780616
15.23660194
15.34197286
15.43705861
15.49712175
15.52287472
15.59113623
15.66005519
15.67817914
15.88487303
15.97663782
15.99155950
16.12590387
16.16613843
16.25140943
16.41289015
16.45596991
16.59920342
16.66477536
16.76786441
16.90617833
17.03583707
17.04741382
17.12092909
17.19011532
17.26691753
17.29047515
17.36558217
17.37039774
17.46186318
17.49363652
17.50794749
17.59291388
17.78867197
17.81716758
18.02978438
18.06013243
18.35805069
18.48071295
18.50937374
18.69492501
18.75383605
18.99442859
19.15104646
19.17208921
19.25659846
19.29569525
19.33820074
19.78650923
19.97385562
20.17039932
20.18723676
20.30145995
20.32273254
20.33024550
20.44999191
20.46549366
20.50224472
20.60758226
20.71121450
20.91208226
20.95712368
21.01039583
21.19605377
21.22360575
21.32475386
21.47620364
21.47905461
21.67812671
21.92357241
21.96574456
21.98750898
21.98787643
22.02545342
22.03982751
22.04268361
22.21111492
22.28245402
22.33897836
22.38174304
22.40529095
22.45293660
22.53388642
22.55053862
22.69601351
22.71155742
22.79075838
22.82666451
23.05903961
23.07556321
23.10581955
23.11816376
23.12119928
23.18601988
23.21292221
23.22544881
23.26821128
23.27378246
23.55255400
23.58298563
23.60986163
23.73283326
23.78691923
23.80518261
23.81633282
23.86311486
24.19130183
24.24635890
24.26803747
24.28725574
24.31645114
24.32367188
24.36182542
24.43713234
24.59673772
24.63948043
24.66642098
24.72660653
24.78402147
24.81934551
24.89742979
25.02480839
25.10246033
25.31146295
25.44047860
25.62034789
25.79058322
25.84696714
25.85050828
25.91551618
26.11075032
26.16899624
26.17798380
26.35216616
26.66669401
26.79950491
26.80341391
27.12886898
27.16849780
27.28691081
27.32151437
27.42998158
27.54865043
27.73671403
27.75768535
27.78699988
27.85114416
27.86083869
28.02836206
28.05224906
28.21243736
28.23733364
28.39913947
28.48402769
28.70274801
28.89922998
28.97415494
29.01436637
29.08225400
29.16685276
29.22417646
29.46472736
29.55029227
29.57346911
29.57908426
29.59657820
29.65413873
29.73628619
29.77903641
29.79805649
29.84857292
30.06038263
30.16533964
30.23327823
30.23462201
30.23865014
30.34019555
30.39700661
30.40182338
30.52176874
30.65295230
30.78336405
30.86505949
30.91686439
31.07012875
31.09124624
31.17908042
31.33372473
31.33592317
31.39122235
31.55950040
31.61802630
31.62538909
31.81515656
31.91239375
31.97996374
32.04544730
32.19271332
32.20927104
32.23216314
32.24579256
32.30561854
32.37009894
32.38155143
32.43766275
32.57622110
32.57817449
32.67475002
32.86444324
32.91739207
33.02421509
33.06204207
33.23652934
33.31948299
33.40504422
33.49054371
33.71768400
34.03913551
34.10238396
34.23230293
34.40076828
34.51399754
34.75573900
34.77573940
34.99735912
35.06626139
35.31945715
35.35943287
35.38724736
35.40267944
35.47488777
35.54278540
35.59418588
35.66486539
35.73351030
35.82783458
35.89585383
35.95459577
36.06897869
36.08020512
36.10717345
36.23582422
36.34965736
36.55261106
36.74295906
36.78013462
36.79536678
36.80667206
36.89188843
36.89795518
36.99107594
36.99804748
37.00492408
37.10258878
37.17455601
37.20850866
37.22969592
37.24651528
37.45546260
37.77416221
37.84469902
37.88687438
37.95411457
37.97520657
38.09423735
38.11786333
38.14189251
38.22694360
38.24591977
38.33596420
38.35426163
38.42955962
38.49865405
38.64869766
38.72952501
38.75210886
38.90675035
38.93941430
38.95033973
38.97650528
39.00460544
39.10961552
39.29419950
39.40828310
39.41028863
39.41393774
39.51272441
39.51467390
39.57565921
39.68004951
39.74047629
39.85304068
40.23962952
40.45192018
40.59192313
40.67293270
40.69449228
40.77070525
41.01674859
41.09123263
41.24348168
41.39639238
41.41881165
41.44840059
41.56177926
41.72905758
42.02008668
42.20255710
42.21960830
42.42698642
42.44769735
42.83076488
42.86744505
42.87966252
42.91412197
43.02685968
43.05596765
43.10234329
43.11319793
43.13061685
43.17656079
43.24030828
43.25918620
43.63917985
43.74929444
43.81570634
43.87940653
43.91398445
43.91420933
43.92173867
43.99345209
44.28140545
44.29098529
44.31007762
44.46458094
44.46686650
44.47954946
44.51791108
44.68262382
44.77412947
44.77911508
44.86152197
44.89771845
45.08314518
45.14665221
45.27217991
45.35345059
45.38652199
45.69003030
45.95480520
45.96956081
46.02792507
46.05155882
46.08528041
46.16024301
46.23959609
46.38156546
46.41282534
46.58461099
46.59896766
46.62112948
46.66983975
46.67167745
46.71112863
46.81533205
47.01171234
47.04480455
47.05149213
47.12670579
47.40849435
47.60959004
47.61592035
47.69714553
47.74099153
47.97042975
47.99595426
48.03230153
48.08636172
48.32205557
48.47062300
48.48147087
48.63689303
48.67265008
48.74354439
48.75155858
48.75468958
48.77888503
48.96764473
49.06881495
49.35493752
49.36645063
49.47100554
49.58606882
49.63901281
49.94722357
49.94908458
49.99800313
50.00285031
50.02740121
50.09572887
50.17569968
50.44847681
50.50900742
50.74287533
50.75937412
50.79539674
50.84684285
50.99012258
51.24637358
51.25382182
51.26496649
51.33410307
51.39781806
51.44635790
51.51117957
51.56805890
51.73282384
51.90642844
51.92346808
51.92997049
51.96122998
52.01060834
52.31948942
52.38540669
52.41625696
52.46281822
52.48512782
52.54126989
52.64864973
52.68141339
52.74525295
52.74789695
52.90908975
52.97622465
53.03554623
53.13754693
53.19043215
53.22897165
53.27511812
53.49196862
53.54869209
53.58632806
53.60567745
53.62188519
53.65494213
53.66613276
53.77607218
53.82711495
53.83353280
53.89856742
53.94246971
53.98779060
54.02454872
54.04547142
54.09603585
54.22345045
54.23089315
54.41795382
54.54139874
54.69453623
54.89999631
54.90914970
54.91047187
54.93651000
55.08722822
55.26623147
55.35897114
55.39285069
55.41487122
55.50280656
55.51324132
55.55723555
55.73369327
55.83300776
55.84967006
55.86382480
55.87961676
55.88032830
55.89015394
56.07226733
56.14568819
56.16865533
56.20783963
56.27783527
56.54411334
56.57871301
56.58164462
56.58750337
56.60665375
56.65353283
56.73054239
56.73384610
57.08267926
57.11129493
57.49531251
57.51646434
57.56539956
57.63427623
57.63569471
57.73567641
57.93510514
57.95032697
57.99429708
58.01479167
58.15966386
58.30738472
58.32219252
58.34855522
58.41462816
58.46740212
58.47106465
58.48700599
58.52122917
58.58332126
58.60297565
58.85151364
58.90091765
59.47929309
59.48003929
59.51155083
59.60293740
59.72679455
59.77281104
59.82161268
59.92394401
59.93195481
60.16722113
60.25942739
60.27264145
60.32403943
60.33291828
60.35160836
60.47090192
60.51095501
60.56954278
60.58984833
60.67546648
60.70955211
60.79650383
60.89949239
60.97929694
61.05394608
61.07090868
61.12796718
61.14633342
61.25162055
61.38171099
61.39575251
61.47223453
61.51495438
61.67569548
61.69017093
61.73109228
61.76036467
62.00322053
62.08991385
124.00000000
