0.08072273
0.11524506
0.12778679
0.27586436
0.52319693
0.52831612
0.53596811
0.67916001
0.82959801
0.94107914
0.98372100
1.14027147
1.24486135
1.26003177
1.27190254
1.30429533
1.46243806
1.48492695
1.51303450
1.58619607
1.69585380
1.70086300
1.78906983
1.86311022
2.04622148
2.13019797
2.22638351
2.28105766
2.29740379
2.32303353
2.43759161
2.57681641
2.67214557
2.84351326
2.86092228
2.96592061
3.17159444
3.22022184
3.40892489
3.59431562
3.66300410
3.72427713
3.81420106
4.02194063
4.04833521
4.06037550
4.07558684
4.12582708
4.23327509
4.27675657
4.29716105
4.29778779
4.33713080
4.34085026
4.37648709
4.63591757
4.74815125
5.00584554
5.03751571
5.08262903
5.11112436
5.11582151
5.23058897
5.27475121
5.37078715
5.43843366
5.49998112
5.75973274
5.78843717
5.87763626
6.05493279
6.13871687
6.18210639
6.26623317
6.28013204
6.46318939
6.48188631
6.49250269
6.62210737
6.64512202
6.78444884
6.98239988
6.98906910
7.04228476
7.08832303
7.14220692
7.33352749
7.34008868
7.41124274
7.42598832
7.47269508
7.54140232
7.54982781
7.58008892
7.68996652
7.71112861
7.75629545
7.87202095
7.87379423
8.01089576
8.17899833
8.19328154
8.21839894
8.39235786
8.39999855
8.64248166
8.77646874
8.83645829
8.85890581
8.87047806
8.90082533
9.04079660
9.07016751
9.19705786
9.27968553
9.40082498
9.43919361
9.46359135
9.50438875
9.52559952
9.75723012
9.82632708
9.82998346
9.84671841
9.95293965
10.52812762
10.90518215
11.01419295
11.09729667
11.14545467
11.15594243
11.25030882
11.28392589
11.30866982
11.37960259
11.40103861
11.51009495
11.62693904
11.67814511
11.91113638
12.01364882
12.02919660
12.04915011
12.09679296
12.18651450
12.23342075
12.26753121
12.27404135
12.29956451
12.32459010
12.34133414
12.34835670
12.41533751
12.46391254
12.58243966
12.62421152
12.64120628
12.69198588
12.70875503
12.77642123
12.82445221
13.02303729
13.04450106
13.18823786
13.24980423
13.35434173
13.38247489
13.48333268
13.58748103
13.63300564
13.67880569
13.83064468
13.98465126
14.03179899
14.12206922
14.13644129
14.14888706
14.34783018
14.36956537
14.38209681
14.38259405
14.56145897
14.57473205
14.58353904
14.69513215
14.70661203
14.82173456
14.87823480
15.04538772
15.05506225
15.16371696
15.17198540
15.18116552
15.33852055
15.47588854
15.51265056
15.54227006
15.60866793
15.69031666
16.00349291
16.13909288
16.18359104
16.38300050
16.44453477
16.46061392
16.48690120
16.52715463
16.55893869
16.57051113
16.74516697
16.96345421
17.10899275
17.18824783
17.27564546
17.43498725
17.50022481
17.52385728
17.59587924
17.80203167
17.80618110
17.81234022
17.87554516
17.90748400
17.98707937
18.01091443
18.03519560
18.05199983
18.09828647
18.18110000
18.23618643
18.29361648
18.35977624
18.54839868
18.75415055
18.84952093
18.86589299
18.90872334
18.97970519
19.40324712
19.47683842
19.48959493
19.56275494
19.63742710
19.72766778
19.75448151
20.05706349
20.06890896
20.17783608
20.28634447
20.34665453
20.40775581
20.46549366
20.63115867
20.83302056
20.87032380
20.95251403
20.96096907
21.05504719
21.16379937
21.35532733
21.38924913
21.39466677
21.70155727
21.73673318
21.79453837
21.88011037
21.98004996
22.12033244
22.12684910
22.13331465
22.13524498
22.18311127
22.59807116
22.62796598
22.64980023
22.78597214
22.80694778
22.81392987
23.02678401
23.26072091
23.42360227
23.48322271
23.58673988
23.61937299
23.73615701
23.80786436
23.86658290
23.99783396
24.27731225
24.28696485
24.61844295
24.62969708
24.67445831
24.67482864
24.84067982
24.86593971
25.13324220
25.17662004
25.21681327
25.24593648
25.26285809
25.30540056
25.32396711
25.37073391
25.44093777
25.48305387
25.62034789
25.72180211
25.78335627
25.92455048
25.92561347
25.98093920
26.23416682
26.52981306
26.54968826
26.67150505
26.72848274
26.74396982
26.83683998
27.09348830
27.11334671
27.18851383
27.31719729
27.34112411
27.34999919
27.37974838
27.52973888
27.62550211
27.68864998
27.77816893
27.78812334
28.02718063
28.07199000
28.12932324
28.26495952
28.31707864
28.35040337
28.44477664
28.57249700
28.59024018
28.64022226
28.64125493
28.64953320
28.76628396
28.77672084
28.78576705
28.79093233
28.81314508
28.93045659
29.09187379
29.25999200
29.34120961
29.47583162
29.76304394
29.76377501
30.04754538
30.47864925
30.55039079
30.60817851
30.65237066
30.66137319
30.69223156
30.94312425
30.96518251
30.98787908
31.00255144
31.02250170
31.04199034
31.05491137
31.07117076
31.12966810
31.13960697
31.22362794
31.24616583
31.26846153
31.28031479
31.28336001
31.48577246
31.50554884
31.59291634
31.62177985
31.67358957
31.91771592
31.97057439
31.97639789
32.03944626
32.12405633
32.12971782
32.31455600
32.66313867
32.75258226
32.77622608
32.91033543
32.96442000
33.02421509
33.05431763
33.07937770
33.15435119
33.17548977
33.27737953
33.38158290
33.52490166
33.58174946
33.62952290
33.64704537
33.73599605
33.76476243
33.92933940
33.95494387
33.95780468
34.00795250
34.14308164
34.20499865
34.24428082
34.39899192
34.55872027
34.58414226
34.62430870
34.83205238
35.06955564
35.11417052
35.12007444
35.17763698
35.19388622
35.20163474
35.21469708
35.41610960
35.88027611
35.88568827
35.94808872
36.32579899
36.37594618
36.39804756
36.54653896
36.57570805
36.59713435
36.66226798
36.74802453
36.81332058
37.00948199
37.07237569
37.15239845
37.23629278
37.27332727
37.31147472
37.34749516
37.45726758
37.69456261
37.75400937
37.75491260
37.97911117
38.00323400
38.48791793
38.54150582
38.64831681
38.92820432
38.95193638
38.96859258
39.20891023
39.32310234
39.32806714
39.47759866
39.48755451
39.62218316
39.71678727
39.80119040
39.81269145
39.85510648
39.86192531
39.90807949
39.93968825
39.95329461
40.03350231
40.14701017
40.17421176
40.34826991
40.36085159
40.50394104
40.70176271
40.76466388
40.92043527
40.93635896
41.35703964
41.39306515
41.65293161
41.65476244
41.78675689
41.81263123
41.90789242
42.06385150
42.11770685
42.11777760
42.17548709
42.25994672
42.26174293
42.37871289
42.42108963
42.52148354
42.56036244
42.56656685
42.71434551
42.82789696
43.20424593
43.22017501
43.24030828
43.28605321
43.35568924
43.43140779
43.45660905
43.49328763
43.51542915
43.59347446
43.74964735
43.81150018
44.11821186
44.16084664
44.21023901
44.37843719
44.44847861
44.48555407
44.60134322
44.63207583
44.64617359
44.65710898
44.75481934
44.81621609
44.95356086
44.98785751
45.03399228
45.10033200
45.11566921
45.15493124
45.18072006
45.27472197
45.35402775
45.40349874
45.44284493
45.59747818
45.78904310
45.91221721
45.91683686
46.00305208
46.03612816
46.03809522
46.07415120
46.33456032
46.46854102
46.52237226
46.65485781
46.92331504
46.96702475
47.06967804
47.08461823
47.09900243
47.16928865
47.41480793
47.60393857
47.66452177
48.07968421
48.10224554
48.18808805
48.25375684
48.32644578
48.38837880
48.42056338
48.49457483
48.58314213
48.60398899
48.75541566
48.77580310
48.92381425
49.10031144
49.19456206
49.19493677
49.37840497
49.39961566
49.40944317
49.45427805
49.47536273
49.49565980
49.50582692
49.59153204
49.60110974
49.66933067
49.70632461
49.76538877
49.86398410
49.90766579
49.99813080
50.00969124
50.07805920
50.09654105
50.19407220
50.26387879
50.35387056
50.43352709
50.51712149
50.61893309
50.67407942
50.75717425
50.80731954
50.83209297
50.90943589
50.99012258
51.01522344
51.07846310
51.08306743
51.25483370
51.27570635
51.27748322
51.34808637
51.42733189
51.45761578
51.56106414
51.60730501
51.85932894
51.96122998
52.11311167
52.11716149
52.33620363
52.37279131
52.71128234
52.76471660
52.79808318
52.89000045
52.93210912
53.16734784
53.19287245
53.23372592
53.27676741
53.61569789
53.74431983
53.81545477
53.82367720
53.85707232
53.90348371
53.92682948
54.05515404
54.26393945
54.32158181
54.32493208
54.37831365
54.60515895
54.72863532
54.76661422
54.82372266
54.99996810
55.00795342
55.23799833
55.24774027
55.43714169
55.46643155
55.64131052
55.64176307
55.73572701
55.79528497
55.92059384
56.01178603
56.06190052
56.12553739
56.15943335
56.20249959
56.40968458
56.51284801
56.59883462
56.82673356
56.98392009
57.04305166
57.08267926
57.21509193
57.25936439
57.27095980
57.28284474
57.32382931
57.33557117
57.36374977
57.38750693
57.39171669
57.42257796
57.46656385
57.58492315
57.67241117
57.83641063
57.90664277
57.92043115
58.02914323
58.04246282
58.09103765
58.10793211
58.17268765
58.22589982
58.31819610
58.35906862
58.52365456
58.56936379
58.61102901
58.65209032
58.78021925
59.06541624
59.07188724
59.10067155
59.16163189
59.18023497
59.19347633
59.23721543
59.28528522
59.42696567
59.43305179
59.58336289
59.61936062
59.63781482
59.68500359
59.79026298
59.83764665
59.92337993
60.05064401
60.06133321
60.07861434
60.16828123
60.39723194
60.48530666
60.56905976
60.61336098
60.61615226
60.80821726
60.81178456
60.85252739
61.00362635
61.02872852
61.15327800
61.24650924
61.38164113
61.43306583
61.49886861
61.89033263
61.96886409
124.00000000
