0.08460437
0.10135894
0.16285868
0.25453771
0.28731267
0.37485978
0.37979407
0.38756826
0.40749843
0.60872800
0.67706664
0.75537810
0.82943247
0.85143264
0.86812373
0.93903552
0.94488978
1.06202516
1.29904344
1.44155010
1.51642812
1.55042002
1.58225494
1.80776117
1.81167531
1.87918372
1.88233220
1.90046117
2.15995206
2.25784509
2.37553175
2.39072487
2.67542128
2.75491675
2.76222166
3.00482406
3.05933562
3.17236071
3.27499779
3.31793560
3.39852077
3.54023001
3.61274850
3.78352690
3.82168975
3.83187007
4.08677946
4.11523913
4.31050347
4.43943822
4.52144158
4.53547238
4.56950721
4.63054962
4.75688740
4.78519339
4.98596859
5.09204199
5.10620678
5.15252479
5.23378826
5.36106189
5.49750757
5.50767453
5.56959626
5.88059445
6.17952189
6.22556569
6.34869434
6.36536765
6.44488525
6.45594374
6.62998638
6.95908572
6.98136948
7.02203774
7.03609485
7.08832303
7.14154197
7.18264623
7.38006237
7.42583476
7.46127238
7.47904956
7.58816580
7.60170263
7.61387193
7.73121432
7.80395686
7.94060064
8.04908425
8.11984861
8.12440774
8.23212146
8.24113173
8.38694420
8.52303276
8.57985036
8.80409220
8.94396936
8.98276253
9.02390561
9.18400149
9.25809789
9.38804372
9.53370343
9.56538243
9.66314302
9.69397463
9.90026222
9.94732114
9.95581038
10.02306009
10.13264183
10.34819728
10.42214419
10.45109504
10.45997089
10.93515757
11.07774404
11.10280142
11.18229255
11.25205220
11.27688648
11.30140264
11.39482137
11.49038464
11.56782129
11.57852125
11.61638614
11.63677704
11.76644994
11.77030175
11.79400222
11.81965184
11.85280936
11.90626897
11.93969111
12.12482814
12.13020319
12.14924436
12.20854670
12.23734316
12.43991210
12.44222782
12.57040807
12.61264732
12.76957002
13.18804796
13.43393715
13.51066679
13.52465466
13.63037246
13.64827475
13.68910701
13.82717178
14.01136614
14.07869372
14.34855785
14.39371573
14.39660786
14.49408579
14.55050197
14.67353399
14.93375260
14.97268817
15.01832378
15.03100895
15.06229841
15.06826848
15.31253785
15.31980012
15.38179183
15.45706006
15.57448266
15.71220590
15.74572816
15.75462863
15.89489437
16.16334516
16.16741495
16.18461364
16.24243870
16.30941431
16.36317290
16.52204195
16.52255481
16.59626195
16.74222360
17.02018867
17.16851673
17.22510086
17.37462359
17.37907253
17.57157702
17.64167987
17.65528869
17.68619025
17.78822172
17.84524693
17.98622889
18.05346926
18.11262269
18.13990377
18.15038532
18.18529483
18.18545499
18.26323113
18.28787386
18.32359751
18.35160270
18.35192872
18.35264231
18.49440689
18.50302211
18.79389182
18.79554329
18.79660506
18.81513959
18.83461925
19.04244711
19.23796292
19.29415349
19.29808230
19.36155156
19.39993545
19.50586195
19.58325730
19.79654225
19.90550250
20.14055683
20.23930962
20.25173102
20.33492657
20.38835624
20.42383005
20.47219317
20.58937437
21.12870172
21.20992927
21.34637853
21.37979010
21.43413918
21.47673365
21.56284523
21.58087828
21.61611013
21.66371439
21.75989331
21.77374043
21.80635354
21.87333336
21.95182498
22.07467284
22.32497813
22.38298904
22.38700772
22.47790596
22.60231343
22.74868521
22.77271241
22.83386584
22.88754439
23.00896451
23.17804947
23.18950611
23.20815802
23.27320135
23.30288704
23.54448638
23.55615130
23.63968572
23.64568806
23.80825562
23.89069877
23.90612920
23.96599133
24.07581280
24.09451638
24.12595696
24.15614899
24.22739829
24.26612622
24.32205659
24.32726072
24.35457842
24.52503986
24.56981525
24.58577208
24.61042907
24.65544228
24.68492915
24.70028497
24.70670928
24.72209194
24.75741357
24.97710795
25.25586606
25.27202442
25.30200289
25.31881210
25.45314113
25.48738088
25.50300072
25.55447387
25.56822321
25.57850717
25.59726510
25.62480791
25.63784806
25.70881887
25.71732295
25.78390893
25.88791779
25.94987217
26.00669685
26.01297399
26.06311552
26.12191335
26.12885841
26.24247359
26.42094336
26.55060092
26.61747106
26.70052603
26.79950491
26.80341391
26.84849110
26.90774917
27.22639550
27.29656045
27.37470422
27.37644468
27.41215853
27.51211459
27.53543334
27.58705309
27.59681709
27.60593253
27.78204639
27.91588871
28.03153885
28.03783990
28.10029452
28.12932324
28.25276853
28.33960469
28.34590810
28.41786796
28.65806213
28.76437700
28.80638136
28.86289414
28.96285636
28.98910608
28.99728947
29.02476751
29.04939165
29.05086174
29.06717615
29.13872754
29.16813648
29.30704609
29.34753508
29.38614028
29.45357110
29.53663174
29.64887701
29.69865909
29.83928575
29.92147981
29.96281763
29.97706138
29.99005257
30.01271851
30.23921622
30.30070015
30.49030758
30.53998509
30.68810151
30.76340883
30.76794066
30.82670766
30.94634665
31.05268750
31.08441413
31.14523988
31.22246736
31.29096383
31.32929801
31.33372473
31.51586679
31.55950040
31.68457315
31.69244721
31.77636891
31.77667540
31.97905812
32.00502293
32.08901032
32.38313283
32.46189658
32.47014710
32.57817449
32.72399071
32.90529796
32.90989289
33.01562097
33.11607455
33.18012293
33.35471543
33.40012927
33.53335091
33.60287404
33.63318348
33.75928127
33.80282218
33.83912195
33.90379419
34.00749948
34.02444588
34.13190050
34.13465618
34.19921353
34.22434031
34.26801595
34.54763769
34.56976921
34.58370815
34.65537244
34.66408435
34.73574350
34.73860272
34.91531364
34.98844038
35.02772316
35.05811324
35.24881759
35.30553404
35.33850097
35.44231875
35.56872884
35.87250564
35.95822855
36.12998477
36.17936560
36.46819538
36.61213922
36.66809530
36.77410070
36.78013462
36.88268390
36.88361628
36.99236845
37.03575738
37.12169510
37.15908605
37.29799556
37.33025795
37.56183163
37.63389296
37.71702310
37.91363132
37.92361585
38.04129232
38.16299673
38.28685766
38.29418226
38.30923730
38.31895291
38.60160985
38.61165838
38.72952501
38.95865308
39.18493820
39.19680635
39.28894496
39.41028863
39.49663469
39.52366522
39.56480055
39.63345983
39.63777378
39.75117773
39.92462668
39.98711092
40.00524235
40.09558692
40.26894991
40.34511998
40.48846615
40.51257812
40.67780940
40.68331326
40.75654364
40.76458554
40.76898521
40.81554305
40.82062990
40.85558108
40.89186701
40.97240242
41.04787297
41.05044561
41.05256376
41.13142743
41.29466953
41.29797405
41.46842574
41.46880097
41.51031352
41.52024133
41.73077268
41.77758313
41.80930624
41.82347038
41.83160280
41.84045439
41.85985171
41.94187156
41.94945016
41.96530347
41.97084289
41.99641094
42.05974068
42.07632287
42.10762272
42.30477759
42.32271082
42.33111341
42.39077367
42.42203669
42.46914407
42.56854821
42.65605624
42.85138928
42.94562685
43.07827960
43.11143317
43.19639038
43.36643985
43.43974435
43.56725949
43.71507060
43.76492119
43.78440531
43.89329350
44.07123885
44.18144347
44.22700480
44.24456866
44.25091871
44.38087983
44.50262808
44.57379776
44.58980072
44.68812681
44.85516200
44.94087146
44.95486845
45.10383350
45.22926411
45.28203362
45.28284604
45.28625797
45.35104617
45.50595379
45.52304346
45.59953007
45.63687561
45.83369696
45.98139417
46.01582507
46.03349919
46.04424313
46.13270904
46.44380424
46.52709909
46.61102909
46.61986572
46.66932733
46.76751206
46.78325601
46.83382228
46.89281038
47.06122727
47.06466660
47.09587615
47.18503033
47.18553850
47.20868052
47.22411146
47.23206910
47.44845470
47.57448386
47.59500829
47.68441217
47.87670357
47.89736064
48.08254089
48.17023757
48.21398627
48.33807975
48.46584198
48.52373475
48.54156762
48.56826784
48.64303211
48.71811711
48.75276528
48.75813015
48.78400160
48.99274156
49.02306054
49.04909338
49.22302056
49.31799167
49.38083308
49.44040700
49.49180563
49.49331137
49.50582692
49.58086923
49.59608003
49.63475231
49.72265663
49.75243040
49.81298673
49.95171430
50.00982499
50.04021836
50.07980876
50.10350190
50.13480732
50.27004341
50.64588966
50.73533728
50.79640953
50.82646110
50.84081027
50.91703619
50.92187555
50.97337230
51.13272777
51.16819489
51.23247029
51.26017575
51.33798826
51.36798705
51.46121539
51.47530983
51.50217269
51.55322093
51.56797642
51.57504078
51.63678246
51.66576487
51.74890281
51.75151205
51.75460073
51.76192854
51.86102115
51.88538331
51.98718201
52.01773238
52.05879005
52.17082636
52.28184820
52.28920141
52.31539498
52.59042810
52.83566465
53.34786730
53.40354026
53.45720033
53.47297084
53.50290122
53.54883200
53.61821203
53.66025499
53.66882965
53.72306412
53.75926284
53.84807831
53.89769892
54.08938120
54.21678153
54.27759484
54.31344325
54.43511238
54.52730794
54.61586620
54.62328598
54.68559558
54.75643469
54.77663295
54.86521001
54.87802663
54.88819662
54.90352176
54.99155143
55.06884638
55.31889241
55.32832987
55.55795084
55.76252154
55.79153525
55.83593284
55.93058676
55.96279117
56.05049415
56.09681636
56.09945289
56.29346760
56.42855860
56.63561365
56.66097929
56.67487412
56.74217608
56.77755750
56.80320289
57.17770989
57.17835450
57.24688922
57.48092623
57.51333541
57.52688085
57.58492315
57.63660799
57.74300623
57.77394211
57.88922532
57.89177504
58.12187632
58.14433922
58.14452206
58.17481764
58.21897981
58.22430846
58.31620338
58.32049548
58.38419820
58.42210381
58.43341757
58.62411694
58.80668848
58.89353972
58.97329384
59.01947472
59.17358380
59.17840871
59.23462343
59.25914069
59.29943256
59.31079011
59.33972091
59.35999815
59.48764069
59.58595062
59.60063200
59.61156080
59.63321276
59.71650845
59.73900287
59.75753896
59.78884741
59.87026180
59.87383467
60.25293172
60.28615011
60.28690001
60.30607020
60.31470151
60.48888280
60.49757945
60.61423676
60.63578472
60.75538187
60.77930507
60.80629637
60.86741988
60.96592485
60.99183402
61.32577369
61.52106738
61.53519528
61.57813059
61.65827765
61.85267993
61.87800033
61.94091597
61.95680028
61.99097055
62.01259589
62.08646799
124.00000000
