0.08485078
0.16117335
0.17483847
0.22720156
0.31708340
0.32799830
0.35552921
0.38756826
0.55312311
0.55431841
0.64895450
0.66871315
0.82135885
0.91730651
0.98875223
1.00231410
1.06982104
1.12712074
1.36450738
1.40940595
1.42009038
1.42786206
1.51496758
1.56876751
1.71483104
1.88916918
1.89377835
1.96738857
1.99055858
1.99200735
2.05007793
2.48304451
2.51435011
2.59978464
2.65826785
2.83968563
2.93579897
2.97523266
3.21844649
3.24062881
3.54758066
3.66568851
3.69451036
3.76815233
3.78148544
3.91004854
3.99781514
4.11523913
4.27737599
4.31288136
4.31863993
4.35631003
4.38415199
4.44683471
4.48034770
4.75187642
4.75511317
4.87551844
4.88270679
5.09898239
5.17550643
5.19573329
5.27404372
5.31573164
5.42403658
5.69843697
5.82246702
5.95866818
5.98086886
6.02846285
6.04705811
6.07017602
6.12033461
6.17877556
6.39355470
6.49669395
6.73652754
6.81617110
7.03293945
7.14831232
7.15083171
7.25322293
7.40045677
7.52021288
7.59753746
7.64767462
7.73392550
7.75060669
7.82193538
7.84875769
7.98579610
8.11984861
8.17095524
8.18952550
8.19896218
8.23013485
8.23860843
8.24073935
8.31325564
8.45322545
8.50201853
8.77291552
8.83295517
8.86390833
9.08346016
9.16233044
9.18680808
9.50273287
9.55367993
9.79946952
9.95815398
10.05050785
10.07347535
10.14274697
10.18564228
10.22689256
10.43083612
10.58548227
10.78340126
10.88885320
10.91895166
11.01033212
11.10025838
11.18059443
11.18060840
11.20936584
11.24711545
11.25824151
11.30355629
11.32155741
11.36395073
11.40274793
11.45762983
11.53074715
11.54935001
11.56083281
11.67658495
11.79388400
11.88572391
12.03084919
12.03501213
12.13020319
12.22165855
12.42212959
12.45761668
12.52092548
12.57298114
12.60007903
12.69198588
12.86660814
12.89481011
12.92490278
13.10183220
13.19612810
13.29663100
13.31828186
13.49346944
13.63390731
13.65641088
13.70663518
13.82051608
14.07794144
14.14230161
14.24778873
14.29051073
14.44302645
14.70097175
14.70977738
14.77297546
14.78888295
14.88097841
14.97441170
15.18116552
15.18449235
15.35583430
15.40272358
15.46870254
15.47114944
15.48537759
15.60963708
16.02177403
16.35234027
16.40745453
16.42473758
16.44002927
16.44615703
16.58932616
16.59215266
16.81293894
16.92848917
16.95422293
16.97652780
17.07048476
17.12933514
17.35108153
17.39255569
17.43824008
17.43896361
17.47045363
17.60656149
17.76672061
17.81977579
17.82463584
17.88348500
17.91167072
17.96639934
18.00033421
18.01685364
18.03688760
18.06913327
18.10866090
18.26828198
18.38994253
18.50712107
18.90414609
18.97444671
18.99442859
19.01183650
19.07070582
19.34347416
19.39273162
19.68138844
19.68556310
19.74567803
19.74741067
19.77687691
19.84507941
19.86674484
19.92741226
19.98202625
20.19265041
20.29668903
20.32006426
20.34849219
20.35486285
20.50485440
20.65024121
20.70896588
20.88726004
21.01779606
21.14159818
21.16300477
21.38016282
21.41027933
21.43994498
21.46627611
21.67020099
21.67833021
21.70852042
21.72630992
21.80111542
21.89150218
21.90094412
21.95818267
22.04014997
22.31461936
22.35739668
22.45286923
22.49011500
22.53879388
22.63803188
22.65349729
22.77689234
22.88093888
22.92326610
22.93331887
23.20083891
23.40204437
23.47067200
23.51520217
23.55915430
23.76317622
23.94070273
23.98215007
24.03495070
24.07411718
24.22078382
24.35928505
24.44653391
24.46615282
24.50520912
24.58623972
24.58979906
24.60440771
24.69030323
24.74333216
24.78427823
25.14057475
25.31257000
25.32225535
25.44737497
25.49326808
25.84094330
25.89423589
25.99923082
26.01153216
26.01297399
26.02273980
26.05497742
26.13836906
26.26300427
26.39689704
26.45731565
26.50878310
26.57772022
26.61397180
26.74176298
26.75644551
26.81200054
26.82714825
26.92085232
27.06259711
27.16010515
27.29021607
27.58430700
27.58803046
27.59204860
27.61284450
27.75987480
27.77538921
27.78354075
27.81429140
27.83147621
28.11785795
28.12945114
28.27648552
28.28221856
28.29066033
28.33876067
28.40123252
28.53801500
28.55390225
28.56564855
28.58303213
28.60133651
28.70764238
28.71458216
28.72206638
28.72223901
28.79439232
28.81076262
28.84687922
28.86482013
28.88970770
28.96285636
28.96330400
29.07712947
29.23354200
29.28856504
29.29782768
29.41171166
29.48667064
29.59899910
29.63079687
29.76786700
29.91141727
29.98073297
30.00377246
30.12840088
30.13508875
30.16537076
30.16636133
30.22088301
30.22950589
30.25348612
30.25746331
30.37587462
30.42865745
30.53081056
30.64696059
30.69223156
30.69851807
30.73803157
30.75022133
30.91520024
31.05240257
31.31500442
31.37013610
31.40707204
31.55909793
31.61375117
31.77518329
31.84353045
31.93721968
31.98899782
32.02441760
32.12676428
32.13018369
32.16159503
32.22383274
32.24994780
32.36766857
32.41611383
32.55893059
32.56284480
32.64500358
32.71757661
32.90906697
32.99715782
33.02309459
33.06204207
33.07244799
33.07566074
33.20690448
33.24767359
33.49540483
33.80835010
33.81414785
33.86731328
33.90872504
33.94981520
33.99339149
34.09189780
34.10744205
34.21618858
34.33415186
34.57117778
34.58551404
34.61800823
34.63385073
34.74110575
34.87532601
34.92451025
35.00487525
35.04767020
35.04821248
35.05932682
35.08717950
35.12862432
35.23823153
35.48358490
35.67055969
35.84426282
35.88086725
35.91585031
35.97263603
36.03114683
36.23444365
36.24012390
36.34181273
36.37361239
36.40574258
36.42678801
36.65641550
36.78791484
36.81407949
36.82932506
36.93295799
36.99236845
37.29096046
37.40876327
37.49317122
37.54187037
37.57804593
37.65002693
37.65755406
37.70055198
37.70713670
37.93612737
37.95891678
37.97861788
38.05434797
38.06635479
38.09408945
38.18886328
38.25759081
38.31030621
38.35887867
38.43156858
38.49494739
38.49535587
38.52601749
38.54821058
38.64495720
38.67088247
38.80556828
38.83231266
38.87829847
39.10961552
39.18103356
39.33223405
39.34147949
39.43351804
39.49004763
39.55317129
39.56480055
39.60027111
39.60400001
39.65544586
39.76936289
39.88422884
40.03889906
40.08413038
40.16215228
40.27927372
40.28506500
40.40561336
40.54749755
40.65446120
40.78209113
40.85927807
40.88808664
41.02916455
41.13142743
41.24489267
41.26884559
41.27228745
41.30671499
41.45369814
41.52803500
41.56938295
41.62843477
41.93449046
42.02307069
42.14986333
42.18930624
42.24613128
42.57409025
42.63845185
42.66256500
42.84520723
42.92883442
42.95526078
42.97427446
43.00807999
43.25894086
43.28082035
43.33256717
43.36030628
43.36205673
43.49328763
43.79152346
43.79294181
44.15291766
44.15844902
44.17983898
44.26267710
44.34763883
44.45959226
44.70626211
44.78388755
44.81556375
44.85583145
45.04212540
45.04814642
45.40224070
45.42484088
45.55148171
45.63978104
45.65926269
45.67208846
45.79160545
45.79235360
45.82713309
45.88573283
45.92606446
46.04004716
46.04872757
46.10239951
46.20157834
46.30054981
46.35264876
46.39027127
46.44992085
46.58545640
46.64393516
46.76335464
46.80504932
47.08412879
47.50407040
47.51476136
47.69070588
47.92270082
47.92415587
48.03362175
48.26509404
48.28122806
48.28824000
48.32219848
48.37159156
48.42928975
48.60736487
48.61806089
48.74973653
48.84075000
49.09311700
49.21258584
49.23218287
49.31799167
49.35910665
49.48799470
49.53804123
49.62758389
49.71423243
49.76336120
49.98748628
50.07447129
50.10350190
50.44222506
50.51022422
50.57952346
50.61001397
50.65296969
50.75937412
50.76525537
51.03597935
51.14564703
51.27916170
51.32036926
51.48404119
51.50122461
51.51402617
51.61650894
51.68691742
52.08613196
52.21680983
52.23950875
52.33175640
52.34435313
52.66896347
52.68675452
52.81280341
53.04760222
53.08102320
53.46854433
53.50330660
53.59660258
53.79603728
53.80782626
53.88936567
53.90776398
53.93646593
53.94121433
54.00806946
54.30147448
54.39994688
54.51932952
54.55682056
54.57888951
54.60305588
54.60443245
54.62059040
54.80080698
54.88094568
54.95192966
55.00790241
55.13052733
55.16502910
55.40179734
55.44664633
55.48514927
55.55064857
55.60986450
55.71434793
55.72535347
55.78753413
55.84019355
55.86975082
55.94119119
55.95765651
55.97287346
55.98162179
56.01986864
56.10443282
56.12523878
56.16323085
56.18581993
56.23461962
56.24532391
56.27137664
56.35112828
56.54546412
56.58716006
56.68542749
56.73712758
56.85910722
56.95100205
56.96355807
56.96539681
56.96814141
57.01177536
57.05962168
57.18295646
57.21408634
57.22825670
57.25882269
57.34300789
57.36078480
57.38654732
57.42605661
57.45181937
57.47881862
57.54391402
57.57364260
57.58608508
57.71091818
57.77033286
57.85771985
57.89270457
57.91773814
57.97889002
58.08685426
58.11345790
58.13835600
58.16482906
58.18801271
58.24356468
58.77782450
58.92218211
58.96568902
58.98413834
59.02421573
59.04644061
59.11402985
59.13198777
59.21334410
59.23696804
59.31273045
59.36153334
59.36786995
59.51819379
59.57138698
59.59550609
59.63404756
59.65119231
59.71710376
59.75937062
59.91060853
59.94682798
60.12403450
60.17350510
60.25137507
60.30608342
60.34403389
60.34591637
60.36417608
60.39276515
60.41677579
60.52350942
60.95815099
61.01549981
61.04198202
61.14197186
61.33474506
61.43225833
61.48500422
61.59778251
61.73963001
61.79811697
61.92010614
61.92489520
61.93935941
62.00262906
62.04203683
62.13153899
124.00000000
