0.05175806
0.07883764
0.09866428
0.11407746
0.12021076
0.20204214
0.28919359
0.31889705
0.38756826
0.48190451
0.76937917
0.79905031
0.84469671
0.85162949
0.85781693
0.89077138
0.89130070
0.92827324
0.98629984
0.98798210
1.00595131
1.04719010
1.18043946
1.24252942
1.30826299
1.49053803
1.49830642
1.63634836
1.64126415
1.64405344
1.64558148
1.67646969
1.72947401
1.85179115
2.00325524
2.04307966
2.15929774
2.36682094
2.38193696
2.39072487
2.56620405
2.60390378
2.75066656
2.83968563
2.86356259
3.08693378
3.20827955
3.26892963
3.27471113
3.27937844
3.35357820
3.41855963
3.43864804
3.53197335
3.61582252
3.68337049
3.91419384
4.05777733
4.09704200
4.18357010
4.31396918
4.37534218
4.38691934
4.39408773
4.50996116
4.66757090
4.71963527
4.73144680
4.79239460
4.92266587
5.04574244
5.08324287
5.41769784
5.44702311
5.46125005
5.50202996
5.53256661
5.54833129
5.68602387
5.71113061
5.71910101
5.75624900
5.89509646
5.94851490
5.99362057
6.13902434
6.22293727
6.30800078
6.33050031
6.48187137
6.49776189
6.50896326
6.52273094
6.65939369
6.66863401
6.70311272
6.75047921
6.85386303
6.89554491
6.90198388
6.97700926
7.21729684
7.33140189
7.38310992
7.42069369
7.74626995
7.78720285
7.88250597
7.95438672
7.96559353
8.01349012
8.08808266
8.19403443
8.22664384
8.23928167
8.28958024
8.33826683
8.37450034
8.42051451
8.43310397
8.53430151
8.67736042
8.70018016
9.06601081
9.12762496
9.16764345
9.30273040
9.36700966
9.56519345
9.64173091
9.68422101
9.85014870
9.96752390
10.08787359
10.12957596
10.29929950
10.34899836
10.41082898
10.41228237
10.41736223
10.45409525
10.56252060
10.64690425
10.66910824
11.03614542
11.05103226
11.10280142
11.14476445
11.19328049
11.21127880
11.24271971
11.24379336
11.42545665
11.43035981
11.47233360
11.48388180
11.51717247
11.71057874
11.84066407
11.86660085
11.96916423
12.14172303
12.32462708
12.47041865
12.62620839
12.62781781
12.78587271
12.81796392
12.90298070
12.99728272
13.10031921
13.15967975
13.33276331
13.39028233
13.40661166
13.40847492
13.58121777
13.59217878
13.64219852
13.68731458
13.77822991
13.80181444
13.84277059
13.90770658
14.08037863
14.09057103
14.19893021
14.29830935
14.42452631
14.48470178
14.56887618
14.61982897
14.65422317
14.68279593
14.77249567
14.82298073
14.86092614
14.86305703
15.27657037
15.44672582
15.46843700
15.54358877
15.56322188
15.66817279
15.71594758
15.74549889
15.79013735
15.79996315
16.06182571
16.14310175
16.21332632
16.23464383
16.27549926
16.52103671
16.83616626
16.97839560
17.00444346
17.27198223
17.36849008
17.44835108
17.53368772
17.69590724
17.73650493
17.78822172
17.98836026
18.09997463
18.20481617
18.29926524
18.34020017
18.35094466
18.52405531
18.53555181
18.64005258
18.71126480
18.75605815
18.76893441
18.93032714
18.99656250
19.05513815
19.07474736
19.27037160
19.31768749
19.39539458
19.39563464
19.63715287
19.80510336
19.83789606
19.85394234
19.93168602
20.11279676
20.25207943
20.31055183
20.37897598
20.39041251
20.46549366
20.53631347
20.57232974
20.58593460
20.68367341
20.71905915
20.74511905
20.75205956
20.83441856
21.13348729
21.18644618
21.30430930
21.62811498
21.78017789
21.87142900
21.96653356
21.99398002
22.02268517
22.08145620
22.14670857
22.25683073
22.26604308
22.32502689
22.47790596
22.54083087
22.59758637
22.76572202
22.79127261
22.93112421
22.96422047
23.03213839
23.04309893
23.13336591
23.23448509
23.26923262
23.28011511
23.37708202
23.47911724
23.48318146
23.69710100
23.75689978
23.79062182
23.89236212
23.93502725
23.95914987
24.04047439
24.19405187
24.30479679
24.30748736
24.36779153
24.52307257
24.61417929
24.64430695
24.73520392
24.84884593
24.93849662
25.06378436
25.07958082
25.08386794
25.14247706
25.14363043
25.44223257
25.50200115
25.54604323
25.64343218
25.81292298
25.84876690
25.87413304
25.91812197
25.93751922
26.07113273
26.22907756
26.31720047
26.38211273
26.45433207
26.64675969
26.67399980
27.18951454
27.27416824
27.63434558
27.76904467
27.76948322
27.81148843
27.81726136
27.81757966
27.82251414
27.97706111
27.99952704
28.04388793
28.07285011
28.27011805
28.35098285
28.38200425
28.38274261
28.39100304
28.53842749
28.55887937
28.61409738
28.68730845
28.73974264
28.87490563
28.96330325
28.98068485
29.08047552
29.28646043
29.34726804
29.37634696
29.51361723
29.55128231
29.68519236
29.77145603
29.88073083
29.90570770
30.03439330
30.03609287
30.07733121
30.23921872
30.29445254
30.29942524
30.41827734
30.42986152
30.51897017
30.66662283
30.78452469
30.82670766
30.92379691
31.16018907
31.25404350
31.33693188
31.35933060
31.43050206
31.50056416
31.55884343
31.78744928
31.92092575
31.96877673
32.06812163
32.07922088
32.16552889
32.34566093
32.82082051
32.89857413
32.91033543
33.16840194
33.21886982
33.23959666
33.27548219
33.27838026
33.28064630
33.30141252
33.31617691
33.36749012
33.55787561
33.59235173
33.62903010
33.72297571
33.72522884
33.78697084
33.82785214
33.98177004
34.01002113
34.19917559
34.32257095
34.43348363
34.56428346
34.60035504
34.60484190
34.65506114
34.83298122
34.88394311
34.97313666
34.98678026
35.23035820
35.30908395
35.33091123
35.36772166
35.38599591
35.40638915
35.48765190
35.58832544
35.59444996
35.71606024
35.85806715
35.93476152
35.95452915
35.97263603
35.97733496
35.99137628
36.05497143
36.07659775
36.07807722
36.10085228
36.12200888
36.13531257
36.13876756
36.26231115
36.28617896
36.35966226
36.36394265
36.65401945
36.70371720
36.88923839
36.95892612
36.98280094
37.06953278
37.45368843
37.47732678
37.52406864
37.64221117
37.81747958
37.91363132
38.20531660
38.22650642
38.26058178
38.28668062
38.39862804
38.40101736
38.43891801
38.60693397
38.72697413
38.82522352
38.99521205
39.00993690
39.06671547
39.07191194
39.08462131
39.10398071
39.14731208
39.34252994
39.50250899
39.56433895
39.57162779
39.65510870
39.65617358
40.03566892
40.13281298
40.16215228
40.20137970
40.27358008
40.27632690
40.33826730
40.35930696
40.41584420
40.43697646
40.54551388
40.59192313
40.62168322
40.77098272
41.00228801
41.00934616
41.05910311
41.37248654
41.43640375
41.45890874
41.48795742
41.51015887
41.80563718
42.09143969
42.09632006
42.09879821
42.16712142
42.20255710
42.23747154
42.29627806
42.32061426
42.41034597
42.41239584
42.45012644
42.52770713
42.64137346
42.69768205
42.99291058
43.04419972
43.06662193
43.07627806
43.08810665
43.11969939
43.21767738
43.28841044
43.30438813
43.32723223
43.33143979
43.44580396
43.45910531
43.55215701
43.58929000
43.66098642
43.76031973
43.85048143
43.97236281
44.00351720
44.18405981
44.19651621
44.24535818
44.60932314
44.61139461
44.66760133
44.68843902
44.87062643
45.08813493
45.08959280
45.19591176
45.20888917
45.26123994
45.34710578
45.37452557
45.53738401
45.85591627
46.02152453
46.13546187
46.21521262
46.28315965
46.30715798
46.37004112
46.46854720
46.47978463
46.62141813
46.71825467
46.72316825
46.84659851
46.85234921
46.87183379
47.00589127
47.16475238
47.22478460
47.27643169
47.39500330
47.59055961
47.65542876
47.66065049
47.72945051
47.79612817
47.80637573
47.80969783
47.86724515
47.90763236
47.91295200
47.94743396
48.04007937
48.06459108
48.18598928
48.19756429
48.29804918
48.30173766
48.45945821
48.64945964
49.14636829
49.17611068
49.25326179
49.26215069
49.26599352
49.39719209
49.44737356
49.45427805
49.62934454
49.73233919
49.75202029
49.79869737
49.97660075
50.02699202
50.08975724
50.19949192
50.23799642
50.23828109
50.24714636
50.28052413
50.45697730
50.48599347
50.54783212
50.60004740
50.73765428
50.86991854
50.90717656
50.98750760
51.24127070
51.48669294
51.50138304
51.51998250
51.52364233
51.54814699
51.62862987
51.67199114
51.70583196
51.72163336
51.72873865
51.74799117
51.94207192
51.94463701
51.98055753
52.02679073
52.02848325
52.19948897
52.24144882
52.28184820
52.50735592
52.51058956
52.53598184
52.54836902
52.77088905
52.81448251
52.83566465
52.95741712
53.25577383
53.37408057
53.44082071
53.46014113
53.61291468
53.63723616
53.71142369
53.74064471
53.75533016
53.81090654
53.81255546
53.82367720
53.86178292
53.93586136
53.97591461
54.06881420
54.13061831
54.27673456
54.35138931
54.36433766
54.41323605
54.52361293
54.61434164
54.72630210
54.80694273
54.97162265
55.13373009
55.19278085
55.22022348
55.44746357
55.57513643
55.64176307
55.71624589
55.76092923
55.89991868
55.93188497
55.94312287
55.97041692
56.04567540
56.07305250
56.10324600
56.26112485
56.39226992
56.61854215
56.76827766
56.85566617
56.97733218
57.00841703
57.11247919
57.11672188
57.16635577
57.17917225
57.23433621
57.36503438
57.37179923
57.38295553
57.56317461
57.57237073
57.62991258
57.95072968
57.96671804
58.09862346
58.14517488
58.19994047
58.25311000
58.26944823
58.31881111
58.38027124
58.44791433
58.46578547
58.62031472
58.66966639
58.78743470
58.98919771
59.04474104
59.08256303
59.14595863
59.15889676
59.21890595
59.22230849
59.28720205
59.40112972
59.45391012
59.58884663
59.68006071
59.73615122
59.83277097
59.86004208
59.86127813
60.08506923
60.10644902
60.13245632
60.17260345
60.22570400
60.27264145
60.36423406
60.41459063
60.56954278
60.65790238
60.68430835
60.84117043
60.87649710
60.91202799
61.05277844
61.08103176
61.28202308
61.28823392
61.30054875
61.34988456
61.35751955
61.49645686
61.61408724
61.63191737
61.76036467
61.78990534
61.85142907
61.87188599
61.90671682
61.94034554
61.94885671
62.33092388
124.00000000
