0.18695534
0.22720156
0.33144250
0.34795162
0.41235217
0.43633530
0.47723980
0.49955010
0.57870992
0.70919146
0.81737977
0.93016995
1.24445173
1.34306188
1.39308732
1.44875531
1.58564652
1.63915831
1.78308274
1.90804769
2.14681487
2.22166902
2.22874331
2.24292342
2.27195913
2.29669565
2.41821746
2.45738923
2.46009348
2.47101363
2.60793603
2.61033780
2.61989494
2.63607078
2.70317412
2.73011843
2.76908369
2.84351326
3.11497563
3.14218830
3.23648542
3.33969600
3.37701629
3.38051080
3.55348740
3.68416860
3.74012062
3.88004244
4.03570130
4.15317874
4.34401093
4.51196716
4.64627600
4.99136995
5.09104897
5.09368783
5.25675693
5.27475121
5.28191607
5.29709569
5.35587189
5.54188719
5.54293060
5.55062599
5.56590145
5.56592588
5.59079091
5.63256873
5.66729008
5.82285091
5.95102134
5.98309388
6.01594071
6.05171618
6.55334972
6.55997122
6.56757539
6.76370078
7.12275354
7.14658781
7.17623390
7.20347744
7.39031720
7.43493225
7.46047328
7.57367407
7.58773823
7.61258858
7.65548336
7.73748874
8.00044795
8.09663695
8.12883674
8.17785768
8.20696729
8.26920268
8.28090971
8.28990582
8.34047464
8.51550901
8.55442412
8.64668411
8.70290658
8.81446108
8.82864743
8.99475171
8.99740157
9.03422575
9.12610271
9.35089100
9.70859644
9.74990705
9.89162262
9.94794125
10.02214051
10.14491040
10.27206328
10.27932918
10.42095832
10.43543758
10.47015358
10.57290647
10.59983103
10.87682683
10.92747048
11.07757804
11.10511581
11.15040590
11.20913183
11.30600814
11.56886975
11.67132816
11.75650154
11.94925612
12.12365893
12.17222274
12.18651450
12.24172494
12.26018595
12.39053435
12.48618054
12.56728228
12.58880153
12.68711477
12.75937265
12.83542311
12.90770323
12.92490278
12.94250127
12.98204374
13.01685529
13.04525111
13.12199551
13.20142464
13.24011800
13.36779148
13.41432962
13.43227286
13.47422948
13.56176541
13.57789966
13.57826140
13.71754069
13.84816816
13.94510409
13.96099619
14.26546214
14.45018000
14.51895559
14.57042182
14.58283502
14.61505217
14.69243065
14.80620092
14.82498027
15.10127544
15.14383719
15.19177017
15.20780616
15.21512971
15.32380626
15.33946435
15.55096994
15.66348167
15.87563026
15.98487029
16.12597871
16.13975199
16.16950596
16.40132124
16.47800643
16.60975850
16.63679518
16.74219848
16.85011769
16.94489293
17.09904780
17.12600552
17.19876365
17.24082687
17.24763757
17.36338298
17.37498943
17.37790883
17.42070617
17.42340837
17.54102110
17.80731558
17.90113376
17.92330169
17.94262702
17.94519603
18.12358726
18.18048248
18.18699561
18.21739735
18.31768780
18.32165405
18.42731207
18.43430846
18.45731851
18.99860598
19.02653535
19.07474736
19.10535413
19.12687836
19.14953484
19.30466109
19.36779530
19.44964009
19.50898027
19.76805750
19.81548646
20.09373227
20.10443711
20.84707070
20.90437511
20.94770811
20.98931910
21.09301107
21.11959296
21.32527407
21.46463023
21.51118157
21.67700185
21.72620188
21.99398002
22.09530078
22.11041149
22.22024243
22.27329364
22.37637796
22.39338820
22.46148479
22.54542342
22.54640178
22.65546437
22.75396455
22.76265509
22.79134487
22.84076961
22.86965264
22.88754439
23.02639167
23.15753303
23.16296596
23.17360803
23.20125782
23.41693051
23.46192947
23.47709258
23.62724173
23.64729150
23.76856352
23.81379664
23.86086609
23.99311791
24.12595696
24.13041044
24.27557708
24.30314494
24.31693779
24.46089200
24.52497037
24.61336308
24.67694968
24.69130497
24.88783982
24.97566980
25.00419923
25.00438615
25.01482458
25.03877161
25.15889605
25.31984031
25.35396421
25.40427010
25.53845267
25.62561906
25.71008721
25.71766831
25.80245403
25.85770831
25.95470593
25.98568139
26.03031125
26.04565553
26.18180102
26.38417521
26.49473517
26.54066150
26.56821756
26.61484678
26.63821847
26.65765416
26.75677192
26.82022327
26.90644723
26.96714512
26.97194635
27.18605671
27.29365522
27.37212799
27.45376962
27.59800077
27.64840572
27.80837916
27.87502446
27.94000715
27.98096506
28.01582928
28.04758958
28.25779519
28.37638286
28.41894117
28.46167364
28.68317526
28.79719022
28.95019315
28.99728947
29.00682651
29.17702860
29.20323633
29.44200960
29.46674207
29.76651457
29.91518660
29.96066239
29.96299275
29.98073297
30.13167466
30.30023027
30.32904569
30.42805017
30.44659635
30.56567099
30.65190160
30.91577159
30.93788000
31.08091325
31.22246736
31.28478313
31.39372975
31.43433495
31.46989159
31.49672460
31.55062117
31.61160256
31.61462881
31.66012118
31.74804590
31.79367973
31.87788055
31.90687808
31.95307757
31.99765419
32.07722918
32.07854943
32.26576955
32.32462275
32.38298718
32.57721809
32.60531487
32.61775845
32.68248159
32.68771511
32.76939904
32.90812904
32.92557527
33.23994525
33.26385638
33.31958221
33.50871685
33.72277728
33.95896780
33.98069757
34.01523600
34.01851817
34.02444588
34.10468563
34.11155519
34.11954337
34.15266754
34.56856948
34.57710981
34.61963553
34.79690884
34.95717494
35.01002430
35.06709305
35.11662017
35.17763698
35.28606967
35.32529103
35.36626344
35.39704961
35.53977688
35.66068794
35.66180427
35.66253556
35.67055969
35.67745851
35.90596442
36.13801786
36.14698035
36.21193626
36.33247602
36.42251778
36.50816110
36.53063126
36.57567967
36.70249262
36.76550419
36.96885181
36.98215044
36.99209638
37.11541393
37.12196272
37.15908605
37.17232717
37.45466713
37.47888703
37.48315015
37.55332001
37.66557654
37.68371610
37.68655195
37.71981870
37.72983331
37.76851023
37.85275320
37.85582686
37.96510568
38.02706418
38.04313419
38.05430404
38.10872588
38.25735988
38.27230821
38.41622533
38.50924812
38.53029982
38.62073109
38.63087639
38.63101991
39.09190297
39.11683828
39.33727722
39.33949539
39.45291980
39.54722728
39.61563151
39.62013936
39.68033492
39.71108882
39.71149391
39.87526465
39.90099413
40.00243501
40.04801303
40.13225117
40.13615102
40.17424848
40.26299202
40.42071335
40.42147472
40.43316171
40.63377858
40.66571319
40.67360495
40.70252773
40.76703301
40.93703168
41.00578200
41.00801596
41.06281580
41.10694013
41.21582437
41.25186855
41.36806845
41.46324561
41.76041112
41.98649573
42.24369511
42.37742377
42.62745747
42.68367796
42.87955879
43.02983390
43.06547293
43.23613814
43.43882409
43.45915392
43.52394335
43.76495029
43.76881377
43.95402933
44.00837935
44.16436840
44.17411944
44.27872365
44.40560117
44.45729748
44.71840873
44.75209464
44.93495021
45.05541023
45.24624214
45.56341653
45.56421951
45.86104185
45.98444021
46.01451469
46.02999782
46.12946346
46.25699984
46.34054337
46.46294049
46.55634054
46.69764803
46.82742618
46.92742237
46.99841991
47.02947053
47.09587615
47.12345465
47.14223699
47.15490056
47.22612944
47.22737160
47.24128663
47.27045764
47.29842228
47.37663430
47.40752325
47.58964972
47.67684871
47.85011962
47.98840572
48.13187963
48.14335667
48.19756429
48.27091150
48.45980529
48.52268929
48.58737745
48.67265008
48.80223618
48.91841073
48.92179767
49.31472408
49.32031923
49.45216968
49.58875119
49.66833599
49.72813067
49.88118359
49.99191182
50.00631590
50.22999913
50.28529097
50.36314631
50.39252393
50.52932481
50.62000546
50.70684166
50.73644662
50.77393460
50.84045401
50.92416746
51.01522344
51.08570518
51.14564703
51.26338570
51.27139016
51.37715376
51.68091070
51.78716820
51.95244740
51.97257451
52.15203077
52.19258139
52.22710923
52.36035722
52.40017947
52.43373383
52.47568967
52.51729062
52.54823754
52.57862276
52.63057940
52.76390098
52.83267568
53.08102320
53.08413675
53.23702386
53.31012216
53.31413901
53.58598642
53.63552525
53.86874484
53.89996290
53.97158435
53.98567438
54.20292904
54.24231392
54.35088554
54.53185035
54.84275878
54.96906439
54.97594415
55.00965823
55.01268535
55.14072533
55.17782821
55.39560168
55.50521775
55.51445655
55.62773098
55.72297436
55.72990399
56.05712660
56.26485314
56.55627353
56.63910405
56.66176456
56.77003553
57.02368981
57.04348489
57.06691799
57.07402553
57.31149692
57.41425908
57.47278085
57.55815336
57.71064715
57.91773814
57.91953143
57.92647112
58.07213532
58.07823705
58.30990659
58.47089292
58.54249627
58.69755871
58.79386234
59.04051664
59.06519240
59.11728402
59.22761952
59.23068109
59.25263692
59.25791538
59.25812320
59.31079011
59.33147287
59.35800695
59.58576812
59.67256189
59.77476171
59.84222668
59.86264127
59.92104835
60.00494373
60.16098426
60.19173904
60.30754273
60.51052254
60.51083251
60.52431146
60.53473593
60.58984833
60.68781325
60.78296289
60.82320037
60.93281991
61.00548203
61.01558559
61.05894130
61.10206128
61.19193146
61.23673983
61.24208496
61.29722823
61.33469506
61.37375012
61.51167774
61.59609754
61.76251519
61.96518294
61.97928464
124.00000000
