0.05434769
0.11848960
0.12089883
0.14250298
0.25003070
0.44974253
0.48312025
0.51494160
0.53658940
0.54811099
0.55868364
0.67995545
0.70479674
0.78445482
0.79366926
0.90885171
0.91774733
0.91976850
0.95650943
0.96761052
0.99148965
1.17321779
1.44312610
1.57634665
1.58402486
1.76343235
1.84911109
1.94680710
2.10366104
2.18631861
2.25279115
2.42088147
2.43036811
2.53291743
2.58089165
2.73529498
2.79010572
2.81685186
2.84378183
3.52357619
3.60781608
3.73227668
3.73569852
3.75029512
3.91082779
3.91419384
4.16383123
4.32571618
4.35649175
4.44670654
4.45513851
4.57549721
4.72164531
4.79366397
4.95428394
4.95538952
5.08243014
5.14097662
5.18074136
5.26905362
5.27391904
5.27609559
5.28499897
5.42304297
5.42805449
5.46181152
5.69795434
5.72978162
5.74190799
5.75836314
5.79496420
5.82480939
6.07385081
6.10619369
6.25677697
6.34923030
6.37184004
6.39327121
6.39380056
6.43047477
6.52245184
6.59643398
6.60817424
6.67154549
6.94351840
6.98877761
7.01429714
7.05536312
7.25397312
7.26823652
7.42529350
7.59798474
7.64341536
7.66757721
7.77537944
7.78907878
7.85344175
7.85753591
7.88918714
7.93107136
7.96211443
8.05315867
8.10697454
8.13933069
8.16224904
8.16509855
8.40919449
8.43902538
8.45296959
8.48702383
8.54550576
8.56897263
8.62632148
8.86847038
8.92433958
8.99380222
9.00473642
9.28810393
9.59794523
9.73181101
9.74344195
9.78799998
9.88045506
9.88281503
9.94165090
9.97000173
10.02199863
10.03448301
10.10164812
10.10517996
10.22726234
10.23000970
10.28607055
10.42095832
10.53782265
10.63559267
10.76036644
10.77545095
10.85942656
10.87964766
10.95433986
11.04054134
11.17375901
11.22155943
11.25205220
11.52831823
11.55588035
11.57852125
11.61999410
11.66108013
11.67212104
11.84398379
12.18495741
12.27131997
12.43991210
12.64277750
12.81642825
12.90298070
12.99838660
13.14390914
13.32348565
13.43227286
13.44706885
13.55380367
13.57837542
13.64044071
13.77231198
13.98514412
14.10893272
14.17991540
14.27982787
14.29101774
14.31691959
14.36651671
14.46527436
14.48232293
14.51838024
14.63653471
14.65871397
14.66775732
14.70412736
14.95379368
14.96023292
14.98383554
15.00964557
15.01123401
15.05261024
15.12520183
15.20397048
15.22819809
15.39400241
15.42208188
15.45581284
15.47395905
15.57645892
15.57934576
15.62508137
15.66322990
15.71113941
15.81443474
15.95628886
15.99090551
16.04474462
16.05535650
16.11878163
16.17906820
16.18507270
16.21002043
16.42906795
16.47896395
16.58032564
16.62228207
16.64089214
16.65039299
16.71366722
16.77763697
16.91421677
16.91934845
16.95160551
17.01989296
17.02960222
17.20060545
17.27231562
17.32411154
17.40503774
17.41693909
17.51915328
17.64657061
17.65776087
17.66846108
17.68127987
17.79476373
18.06556534
18.10239993
18.11479100
18.18792635
18.26195499
18.32128483
18.32265100
18.40873540
18.42099705
18.50712107
18.51506993
18.52702858
18.60184415
18.64005258
18.70471546
18.81225580
19.00670593
19.01888025
19.08368563
19.11563883
19.21315344
19.23271856
19.28992745
19.29569525
19.30985875
19.37830703
19.39539458
19.40009112
19.46835595
19.56246148
19.89745243
19.91771636
19.99334126
20.01011925
20.09815372
20.39533184
20.42805630
20.65960951
20.71227588
20.74153859
20.74164537
20.92470975
20.93876676
20.98745566
21.01934764
21.05180730
21.36161624
21.38790551
21.40733495
21.43575475
21.69993751
21.73906396
22.00858827
22.09345200
22.10665636
22.26214832
22.29094716
22.50574161
22.54128502
22.59758637
22.72150318
22.89223000
22.91171487
22.93665125
23.00865823
23.01561038
23.06854127
23.14273292
23.16482575
23.26255829
23.29747797
23.40995209
23.47137426
23.48196378
23.50863034
23.51635921
23.52752921
23.65580142
23.77642127
23.78049924
23.89615309
24.03032061
24.21243459
24.40446011
24.66514103
24.73252131
24.82527561
24.88998375
24.99002986
25.12198385
25.14939825
25.17969661
25.22867982
25.30110153
25.51971309
25.56715438
25.66646600
25.67149269
25.71008721
25.92849239
25.95085365
26.06494801
26.34863752
26.39085504
26.55361451
26.68148987
26.69308719
26.81200054
26.92814665
26.93542507
26.93980462
27.03416568
27.06672615
27.23176863
27.32960657
27.46456374
27.46558200
27.54609639
27.60997367
27.64389313
28.03055277
28.06260395
28.08569782
28.14392489
28.23825305
28.25415693
28.57520875
28.64616890
28.70579377
28.71079865
28.71430401
28.81076262
28.86556634
28.92844939
28.97764936
29.12382045
29.12623901
29.17078874
29.29389496
29.30704609
29.34057991
29.34271115
29.34348060
29.51814366
29.53663174
29.55987740
29.62757655
29.64368934
29.77169424
29.82864820
29.87720604
29.89650790
29.94280697
30.07642823
30.10952472
30.31495449
30.35260831
30.46279304
30.48379536
30.62470036
30.62705144
30.69851807
30.74951530
30.85578950
30.86775434
30.89768652
30.96934068
31.07761964
31.11318316
31.11575272
31.55062117
31.58576788
31.61429601
31.64334501
31.70054372
31.76650146
31.97594941
32.09348692
32.42114369
32.61753430
32.76595846
32.83747697
32.91292335
33.08005073
33.13886254
33.14377583
33.15059260
33.18887323
33.34386890
33.60415556
33.64788578
33.75928127
34.00082954
34.05558111
34.28529882
34.51907821
34.55107272
34.64667475
34.68868931
34.73410456
34.78176870
34.78194344
34.95354220
34.97781574
35.01154987
35.01517605
35.24881759
35.27148734
35.29117266
35.35456684
35.47733497
35.48893386
35.72002444
35.75005779
35.77616509
35.80652730
35.84972136
35.91527503
36.19496273
36.19530269
36.19719284
36.41830791
36.55151907
36.65633293
36.80092060
36.81423689
36.97029032
37.03971274
37.06945645
37.13184443
37.18901590
37.31161064
37.50041230
37.51911443
37.63430209
37.66648639
37.69356576
37.69992797
37.73369564
37.98831302
38.09000841
38.13946508
38.16237725
38.30000381
38.62917663
38.63327605
38.76282479
38.84339233
38.95770458
39.04035803
39.04734228
39.10290046
39.27241370
39.27803503
39.34141513
39.52910010
39.60741472
39.63672151
39.74152213
39.85345504
39.97188484
40.13001648
40.17334452
40.20494640
40.48476015
40.51841592
40.82373451
40.96864375
41.06223913
41.28348019
41.31150434
41.34953358
41.37653552
41.50200237
41.55403541
41.57273211
41.58281603
41.59586860
41.59777233
41.60856984
41.72856139
41.82720303
41.84362822
41.85667993
41.89480324
42.12759710
42.15195517
42.20988361
42.24738513
42.48390322
42.52458319
42.57156159
42.68095918
42.71453387
42.79891367
42.87779899
43.09143356
43.10080985
43.15038456
43.24406690
43.24642392
43.29820930
43.29853765
43.73807102
43.96669760
43.99689006
44.03936349
44.06370094
44.15431342
44.21129968
44.28995554
44.35900773
44.46686650
44.57386884
44.70838067
44.71758690
44.76640031
44.77775062
44.81809076
44.93014217
44.95613766
45.02673255
45.03399228
45.31376628
45.37343273
45.40183613
45.51693869
45.53593175
45.54316138
45.56238003
45.66903015
45.79157031
45.79160545
46.00073696
46.05078000
46.08963079
46.22512585
46.34054337
46.37501649
46.38631375
46.39886475
46.45990064
46.52872243
46.57044828
46.64434295
46.75347762
46.75640082
46.97148978
47.01171234
47.07020523
47.08350568
47.10053028
47.12108082
47.49944754
47.57491469
47.72945051
47.75980277
47.78736586
47.79102126
47.80173547
47.90763236
47.92784564
47.95494175
48.12035591
48.24505180
48.24962464
48.37595775
48.64598840
48.87631234
49.19817439
49.24914280
49.25967842
49.42723825
49.57956055
49.60446096
49.76538877
49.84363117
50.00130400
50.19252568
50.25627961
50.33863465
50.45633642
50.48021369
50.53920806
50.63103357
50.65688044
50.68341672
50.85936162
50.93397330
50.99663157
51.17182770
51.32380936
51.46806747
51.50266904
51.58422875
51.62405243
51.78558078
51.79776074
51.93195277
51.98373242
52.34593668
52.36035722
52.39253118
52.41655307
52.49122874
52.58142785
52.63677620
52.67924702
52.76471660
52.85569490
52.91284145
52.98583308
53.06935933
53.11927592
53.19022170
53.24750161
53.29577248
53.54126432
53.54183681
53.61106421
53.63828099
53.81434915
53.81545477
53.97476073
54.04751723
54.05056871
54.28960808
54.31116481
54.31130556
54.56506403
54.58539492
54.60775010
54.61693961
54.76983024
54.93960322
54.98189077
54.98962442
55.03744426
55.14480455
55.35148235
55.52178571
55.54972899
55.61826991
55.77305768
55.83700236
55.84019355
55.92650184
56.02337252
56.08094583
56.12733611
56.15114292
56.17030739
56.20423687
56.22195596
56.29445417
56.34723779
56.45265909
56.52866282
56.90439044
57.67643307
57.69810354
57.78821127
57.96243226
58.17406395
58.34916164
58.47715982
58.54579393
58.55570135
58.70382926
58.74099626
58.85619333
58.88587558
58.98399258
59.12478062
59.15576124
59.20643285
59.25627378
59.41231134
59.48752177
59.54396992
59.57499421
59.65119231
59.87827346
59.88102283
59.94795034
59.97391518
60.22844179
60.72674617
60.81212177
61.04450706
61.05620812
61.27293412
61.29132325
61.33607064
61.51167774
61.60658450
61.61153830
61.70918024
61.72992409
61.77224536
61.77650422
61.83968757
61.84268715
61.92597323
61.98925947
124.00000000
