0.05850115
0.18636254
0.38174671
0.41962224
0.58193542
0.58876274
0.59634725
0.78491334
0.91183929
0.92781806
0.95431593
1.00002441
1.00758017
1.22486401
1.25348688
1.29003336
1.58911328
1.63224433
1.68326070
1.68364798
1.70592531
1.93942641
2.03973528
2.06141383
2.07696746
2.10732569
2.13863905
2.19967112
2.20047526
2.34821982
2.40559586
2.42059263
2.43974957
2.50351767
2.54159451
2.56386567
2.61817819
2.72188503
2.73226919
2.75303265
2.76222166
2.84106547
2.84108401
2.93299739
2.93999941
3.08162071
3.43604731
3.66812904
3.71184672
3.89999592
3.91887157
4.11946388
4.18357010
4.26897746
4.51105147
4.83642659
4.89375147
5.01875442
5.04121407
5.04826465
5.32621579
5.41301769
5.45424488
5.47639228
5.59551428
5.66382695
5.79613656
5.89330671
5.98461103
5.99435044
5.99760576
6.06633988
6.13902434
6.14399333
6.22539122
6.30049101
6.31053561
6.33799838
6.46215674
6.71633219
6.73324502
6.82492554
6.88603556
7.10479151
7.26215348
7.38310992
7.40327846
7.41873866
7.43187289
7.46319198
7.57228496
7.58536489
7.65587152
7.74241113
8.08288304
8.30980911
8.56660886
8.63255126
8.68920615
8.77515115
8.99273379
9.06694097
9.16233044
9.16750356
9.18049479
9.63775386
9.73591423
9.75458122
9.83581150
9.98642505
10.04095083
10.06732321
10.11804412
10.14947850
10.19556254
10.21068135
10.62264333
10.64704712
10.65068077
10.83460392
10.88149982
11.11069879
11.18229255
11.27693085
11.32273820
11.44907708
11.69192826
11.93490300
12.10912573
12.14708130
12.35271676
12.36148283
12.39185138
12.50153233
12.72344415
12.75116095
12.77833574
12.89658385
12.90720659
12.93755858
12.97043407
13.01131327
13.01564707
13.02232754
13.06952967
13.08226054
13.12456304
13.17180009
13.26576214
13.36284381
13.50524474
13.58269830
13.60533993
13.61237435
13.61537089
13.84277059
13.85916005
14.13774773
14.30011610
14.30073307
14.30301998
14.31691959
14.35007389
14.38562206
14.39792764
14.48986792
14.64792093
14.72344316
14.80442871
14.83315794
14.84120515
15.09873260
15.12520183
15.15890466
15.19688393
15.28253733
15.37153484
15.40065533
15.59036812
15.65874709
15.70507825
15.76986323
15.81279011
15.91637131
15.94789921
15.98015697
16.01775954
16.05562408
16.07264077
16.13923169
16.18817197
16.29256978
16.48865012
16.52270640
16.70921952
16.71298552
16.72508022
16.75213368
16.82912186
16.96026851
16.97839560
17.00341956
17.03105312
17.05326339
17.09368481
17.12027877
17.14129263
17.14837637
17.20459941
17.23910661
17.26419425
17.28049652
17.29264161
17.53183752
17.76245712
17.84876446
17.90113376
17.99797002
18.05990603
18.26311626
18.31098843
18.32722970
18.42731207
18.46401218
18.78033446
18.87643961
18.99860598
19.02865420
19.16424879
19.32750425
19.36863563
19.51754309
19.57534569
19.67327154
19.67643969
19.80048203
19.90295086
19.90707311
20.15863514
20.16542002
20.33714146
20.45088971
20.65627985
20.66296024
20.66804871
20.70886125
20.78435249
21.05512634
21.14191751
21.15495925
21.31270734
21.32571971
21.38945588
21.48760170
21.49443624
21.58143236
21.67159059
21.72340715
21.85664267
21.95182498
22.01127583
22.08574131
22.14444765
22.16445575
22.19587704
22.20093793
22.23450111
22.34726185
22.45466170
22.47793285
22.54873709
22.65006699
22.80871313
22.95131539
23.02948771
23.03172666
23.11808922
23.15690233
23.26570797
23.27378246
23.29711433
23.38697903
23.57361318
23.82137812
24.04944085
24.06548487
24.09598050
24.11885014
24.15233252
24.18481012
24.36433025
24.60716732
24.67992232
24.72004892
24.75041486
24.75987179
24.83388994
24.85061397
24.91014736
25.15323866
25.31300323
25.40427010
25.50671386
25.56013429
25.58410149
25.62024177
25.65720147
25.78390893
25.82376916
25.92483406
26.03786205
26.04122275
26.12063583
26.19165598
26.25968696
26.55128842
26.58787723
26.67402745
26.74540888
27.24377258
27.34676185
27.45794004
27.54385992
27.86474845
28.06130908
28.08225838
28.08569548
28.32012415
28.53181081
28.66621902
28.68149051
28.68602367
28.75477768
28.75753105
28.89000059
29.00388233
29.01591042
29.08808604
29.10974822
29.13598960
29.16357124
29.17078874
29.19437692
29.26789012
29.32684781
29.33638566
29.33929917
29.34348060
29.38299219
29.39893393
29.45932062
29.46821457
29.46968616
29.49586774
29.67170821
29.86999586
29.99802774
30.01687926
30.03609287
30.18418441
30.21720049
30.25348612
30.30023027
30.30719701
30.36704947
30.47690031
30.50987509
30.51451341
30.54238928
30.57396442
30.64695735
30.68574779
30.85578950
30.92434425
30.95815817
30.98144928
31.04329942
31.15540876
31.20496443
31.27989112
31.30002862
31.39762375
31.40923502
31.81688963
31.89550411
32.05997234
32.15403007
32.21923248
32.36726823
32.38185548
32.61634794
32.62205921
32.74467415
32.79223058
32.81197700
33.04970172
33.15670189
33.24229188
33.54000824
33.54624440
33.64086118
33.68391251
33.78559914
34.16165110
34.18143056
34.28186013
34.41156102
34.41419030
34.61091974
34.74989235
34.86110648
34.93528426
35.01418179
35.15576933
35.22175944
35.26303874
35.56654399
35.58002221
35.60882722
35.66578276
35.69250749
35.70686711
35.73446342
35.75878568
35.80705416
35.88086725
36.21717374
36.37397916
36.51436585
36.58348591
36.62381262
36.82932506
36.85250961
36.94625406
36.97085499
36.97501184
36.98585312
37.10811674
37.22969592
37.25028688
37.38321630
37.44407912
37.49206047
37.51960052
37.54187037
37.59148978
37.67215593
38.08686144
38.16951416
38.22931694
38.40907534
38.77755080
38.78919937
38.93568772
38.95503934
39.10441617
39.21384965
39.25828697
39.33036687
39.33179791
39.51272441
39.51822387
39.52589505
39.59416349
39.60249420
39.63184219
39.68759793
39.74085873
39.74684156
39.75916646
39.78567615
39.87918434
39.89788338
39.95782941
39.97400815
39.98195413
40.01029054
40.02537149
40.02843796
40.06982655
40.10040451
40.27296866
40.31376240
40.53413498
40.68331326
40.76322625
40.92316741
40.93785627
40.96173625
41.13864342
41.17874113
41.30180493
41.33706011
41.35332578
41.35603182
41.42339138
41.43013819
41.49046816
41.57724512
41.72963556
41.79027578
41.79889778
41.82009804
41.92557012
41.94118928
41.99666512
42.00036046
42.06846080
42.10810631
42.34543746
42.39191286
42.43817895
42.48126466
42.48374965
42.49434177
42.53451136
42.66767478
42.70843432
42.72640933
43.08375455
43.11370518
43.56154140
43.60016637
43.71575397
43.73449013
43.80789699
43.85379593
43.91275303
43.94629353
44.06200214
44.16054655
44.18654004
44.22067081
44.28161574
44.35422475
44.36807299
44.41045391
44.49390115
44.54539140
44.57316864
44.64515795
44.65796361
44.76711030
44.79876813
44.94581528
45.07693763
45.14706942
45.15330301
45.22963643
45.25597433
45.26554005
45.32242508
45.38250731
45.43811829
45.46678024
45.56373608
45.58352669
45.76931606
45.80317382
45.87209855
45.91637337
45.95761270
46.30715798
46.32234668
46.37672258
46.41154101
46.47308345
46.55711576
46.57212675
46.64005176
46.82190573
46.87153375
47.15193098
47.26133227
47.27436086
47.45260860
47.45877051
47.48997750
47.80532971
48.02337590
48.05967438
48.06334597
48.26460949
48.30001762
48.50445649
48.60472611
48.68221096
48.71811711
48.86340821
48.98019682
48.98679436
49.00273753
49.45216968
49.50135328
49.62442244
49.63547476
49.67157950
49.69535338
49.76923314
49.77973190
50.09425856
50.14977116
50.21482960
50.28555332
50.41159451
50.62385024
50.68941236
50.72551552
50.73625424
50.95371025
50.98595367
51.05875001
51.13078237
51.40680579
51.47228430
51.51389984
51.53989820
51.54791280
51.56934670
51.57014916
51.62666903
51.76371399
51.83502682
52.13961164
52.14484227
52.21066941
52.33927779
52.36402381
52.36489274
52.37514284
52.37619182
52.59000779
52.60674356
52.64430206
52.68903157
52.74525295
52.87231122
52.90725404
53.00031879
53.21847210
53.25740732
53.28545933
53.72697021
53.98779060
54.11093076
54.20570427
54.20609630
54.21800832
54.24430654
54.32101715
54.57644774
54.75122660
54.93763127
54.93960322
54.94986518
55.10122659
55.14688867
55.28697958
55.36323338
55.69739120
55.80173039
55.84258123
55.87121420
55.88209169
56.27709987
56.35942528
56.62790957
56.64514512
56.79858413
56.81684584
56.95144983
56.95346639
56.98671513
57.01187042
57.26855828
57.36503438
57.36836761
57.67534511
57.71346961
57.83411137
57.87298682
57.88197719
58.05782260
58.06247987
58.12655683
58.20563235
58.28227149
58.43477750
58.43559890
58.45536832
58.54400518
58.63476267
58.65622576
58.66966639
58.72681075
58.78698785
58.86016864
58.86131623
58.87486266
58.90099222
58.93636479
58.94414184
58.94501903
59.03455603
59.11220261
59.27160704
59.45248996
59.59733609
59.60666662
59.61261143
59.62871210
59.68333569
59.83116431
59.85442152
59.87710273
60.05082621
60.35160836
60.41276854
60.45643165
60.56191466
60.56729248
60.59186378
60.72976056
60.78115964
60.83465154
61.16491311
61.23056534
61.23703980
61.27248928
61.39075782
61.47827416
61.51814674
61.55892502
61.63852701
61.63884025
61.64756328
61.75682519
61.84182574
61.87789393
61.91235121
61.98925947
62.02200015
124.00000000
