0.14005938
0.16151347
0.20204214
0.21581588
0.21816318
0.27769047
0.43335854
0.77711446
1.01780635
1.02449489
1.13343587
1.14174788
1.19517011
1.34873849
1.41781497
1.57708781
1.58886652
1.60633124
1.69010417
1.78747742
1.96249382
1.96738857
2.00840828
2.05338439
2.05564159
2.10578575
2.17313946
2.28913992
2.29633256
2.35353555
2.37433247
2.37518448
2.39064531
2.45720055
2.50937414
2.58622414
2.60007282
2.64855144
2.77308906
2.78447303
2.85427466
2.87145332
2.87874051
2.90358774
2.97841981
3.05874306
3.13646200
3.16609507
3.44606590
3.45301800
3.54724717
3.69054638
3.80809077
3.84445157
4.07248174
4.11722754
4.12307293
4.13351968
4.17348163
4.24488302
4.27487529
4.38111222
4.49491310
4.50554747
4.63020148
4.63801753
4.65151799
4.73151395
4.86248700
4.89289661
4.97674801
4.98566958
5.01698699
5.10194215
5.16841029
5.20451420
5.21375887
5.22682153
5.24518411
5.25851749
5.28697034
5.30937987
5.46014525
5.60955445
5.64806295
5.66382695
5.75323102
5.76468435
5.91669305
5.98432215
6.08156307
6.14187282
6.15568081
6.23704175
6.28013204
6.28206276
6.37184004
6.41917541
6.46031383
6.47459124
6.68792935
6.69172649
6.69995679
6.71762951
6.77714193
6.77724632
6.80553995
6.90067977
7.02758471
7.10479151
7.30281657
7.39998494
7.51177335
7.55257172
7.67925622
7.76496145
7.79753259
7.97071249
7.98312877
8.10942908
8.12611762
8.21672589
8.51214096
8.53172178
8.58090754
8.58668747
8.65945229
8.96364624
9.16584734
9.27966867
9.33695147
9.35320813
9.40931976
9.53235028
9.60928496
9.65364761
9.66631435
9.77758134
9.78490650
9.81279221
9.84380804
9.85393363
9.89927451
10.15912697
10.18628273
10.22962164
10.27077312
10.73783204
10.85172831
10.85942656
10.96428564
11.01663668
11.04459585
11.04964968
11.19749157
11.34278325
11.42077139
11.60671948
11.61252652
12.35682880
12.43308795
12.43701307
12.48527952
12.56960376
12.75173357
12.81428049
13.04040884
13.04525111
13.07524783
13.08161063
13.25078594
13.27091265
13.37034999
13.40905505
13.41210160
13.41639743
13.46946442
13.69204377
13.87138958
13.94619559
14.01626476
14.05698220
14.18091410
14.22407257
14.26383989
14.26546214
14.34940897
14.47820547
14.69218350
14.78489080
15.00768200
15.04213895
15.09510330
15.12940348
15.53934086
15.82526601
15.86193170
15.87739163
16.07999027
16.35907920
16.43056236
16.44059642
16.44495279
16.45734121
16.50206756
16.61858711
16.62353357
16.64548114
16.72029024
16.76884853
16.77818073
16.80079657
16.85747451
16.92797208
16.96078738
16.97768877
17.14337167
17.20943970
17.26263225
17.28358252
17.28920749
17.29264161
17.47772883
17.58964551
17.59381584
17.62857896
17.64211117
17.69590724
17.79669793
17.89959299
17.90790558
17.92061444
17.94262702
17.97290877
18.05320683
18.09574969
18.13281084
18.29548636
18.31470760
18.32368146
18.35439879
18.39041487
18.44918716
18.45329771
18.48446326
18.49586755
18.49745651
18.58339837
18.61158517
18.70471546
18.73542904
18.90179892
19.10854917
19.15149967
19.31478655
19.33172937
19.43074884
19.51881701
19.61738333
19.65128766
19.65209988
20.03262955
20.11220534
20.11557146
20.31961431
20.36365047
20.45329928
20.45951878
20.56401703
20.65542913
20.70460495
21.06930644
21.10731664
21.17459397
21.17645022
21.22940070
21.34318861
21.38649751
21.39067524
21.40727028
21.46796939
21.51238734
21.66854519
21.72840122
21.88413027
21.88530693
22.09323500
22.11631022
22.14670857
22.19519722
22.32086258
22.37253126
22.44214386
22.54597445
22.68141053
22.69815268
22.91301971
23.22035502
23.27320135
23.43070680
23.46192947
23.47709258
23.69217208
23.69257259
23.69816057
23.76317622
23.85452794
24.40314821
24.63084809
24.67279936
24.72092081
24.82545453
24.91024725
24.92004003
24.95347677
24.99688639
25.02089927
25.07635680
25.13424014
25.22813370
25.38871093
25.46033613
25.60343186
25.60549965
25.84090910
25.86817154
25.90889190
25.98833665
26.01545263
26.02025436
26.22675874
26.26367120
26.33029088
26.39109184
26.51373608
26.51898676
26.55126407
26.56107479
26.67007892
26.79225198
26.96682474
26.96837998
27.11798971
27.44303414
27.45376962
27.59389029
27.63045516
27.73614388
27.74842907
27.83116322
27.86014212
27.87396966
28.05732417
28.16868724
28.23733364
28.33303436
28.34590810
28.56737704
28.56898909
28.58463111
28.60362467
28.65907987
28.69871964
28.70015311
28.74867788
28.88083804
28.90009085
28.90870901
28.93477415
29.01747654
29.09337082
29.14894655
29.38614028
29.44632413
29.56041503
29.63352147
29.69658829
30.13503157
30.15643682
30.24629316
30.42392284
30.43422552
30.52194512
30.65643659
30.88560411
30.99390787
31.00856606
31.02094115
31.02562142
31.13569279
31.34499949
31.43050206
31.46373464
31.73586906
31.74344992
31.84024615
31.94876297
32.03819679
32.15970232
32.17746049
32.19374312
32.19585803
32.33443114
32.33821301
32.53213221
32.54617324
32.56820031
32.59102538
32.60407545
32.60856013
32.71046071
32.75200324
32.84362536
32.98388297
32.98409625
33.00813105
33.02923804
33.03818140
33.05260894
33.12044217
33.14170937
33.17732437
33.25350192
33.34437290
33.36279199
33.37553600
33.42140644
33.63578302
33.67231205
33.79042448
33.82159852
34.08511111
34.11014905
34.63426463
34.65642378
34.66989106
34.79797838
34.82555816
34.89116108
34.94645556
35.13253446
35.18353981
35.31601938
35.36431215
35.41334307
35.44231875
35.46474899
35.56872884
35.60460133
35.65103223
35.66980260
35.67170447
35.80652730
35.82881912
35.94142924
36.06340838
36.25531423
36.41322489
36.42285811
36.46989876
36.53650884
36.55082630
36.65517797
36.68976317
36.70175374
36.77219744
36.87337744
36.93505090
37.02676599
37.07618807
37.13873564
37.39157130
37.61009412
37.67159046
37.86642704
37.87258643
38.03894154
38.08492705
38.14264300
38.30000381
38.40047532
38.61985475
38.80342668
38.96322574
38.98197516
39.01037856
39.04854566
39.09729067
39.11864879
39.12258157
39.15466296
39.17482589
39.20421472
39.22588295
39.40029447
39.41589583
39.55311959
39.55950340
39.64695841
39.68049205
39.76674640
39.81181860
39.83140379
39.83570512
39.84931243
40.09540418
40.25606335
40.27358008
40.38997304
40.42538303
40.43770497
40.69369963
40.73583024
40.75654364
40.77433144
40.81038196
41.08701650
41.12336949
41.14822453
41.28726221
41.34887559
41.44288439
41.44374743
41.50485117
41.52762959
41.55403541
41.84286755
41.94302183
42.28320675
42.29627806
42.40324219
42.44715181
42.46005050
42.50836122
42.54570956
42.69522955
42.76188501
42.82852874
43.01674124
43.09924433
43.10352101
43.15206636
43.28628217
43.29201206
43.38415273
43.52683685
43.56154140
43.58929000
43.87018796
44.04915719
44.09758067
44.30657412
44.37705412
44.38975677
44.43338942
44.44121440
44.50928682
44.55657356
44.57989377
44.62985863
44.67293264
44.76893252
44.77537566
44.85816893
44.87227473
45.12656604
45.16362757
45.23698110
45.29087389
45.31442253
45.37218134
45.44225783
45.48594747
45.60593413
45.61304753
45.63097929
45.74784221
45.83628900
45.95315918
45.98645695
46.32178505
46.35867430
46.37647831
46.44550553
46.46360327
46.55860219
46.62091959
46.75350955
47.04332255
47.04746149
47.17567383
47.33169151
47.34388521
47.45411236
47.52753075
47.58728381
47.69561278
47.75330130
47.86640469
47.88580744
48.04007937
48.27149047
48.29722383
48.33288338
48.39430195
48.88560655
48.91806575
48.92810024
49.13659646
49.14977990
49.15616109
49.27154736
49.35268026
49.39193245
49.40976619
49.56382492
49.58725418
49.63124721
49.67547653
49.68859169
49.70214344
49.74689367
49.75525914
49.77273738
49.78204332
49.78438541
49.82242621
49.86487087
49.89238794
49.94413179
49.97330113
49.97821311
49.99813080
50.06199156
50.06971503
50.62841281
50.80662480
50.92084023
51.00283456
51.06972664
51.21269397
51.33472475
51.40680579
51.43251474
51.43677655
51.44061836
51.45468928
51.47075612
51.47224734
51.51017281
51.53615485
51.60348023
51.62707312
51.66576487
51.68558554
51.68716305
51.69977483
51.71058545
51.78071499
51.78482885
51.83986922
52.02204837
52.08205716
52.11685900
52.13158266
52.16237090
52.16842786
52.24875225
52.31419463
52.38234532
52.38540669
52.54131879
52.59083326
52.60676459
52.68675452
52.92386937
52.99951044
53.02579031
53.08130919
53.25291967
53.32678174
53.43694889
53.46856677
53.47714115
53.51533000
53.56210781
53.56710928
53.78332723
53.84187497
53.87667403
53.96588990
54.14213836
54.20592795
54.29227283
54.62591269
54.73844696
54.80411148
54.84467594
54.94369849
55.08851461
55.19278085
55.19563311
55.38123373
55.42344232
55.70020680
55.78845671
55.79153525
56.28122364
56.33061389
56.33724582
56.36749094
56.49884824
56.50958006
56.57133733
56.63561365
56.66859498
56.68995713
56.69233717
56.85457257
56.96040022
57.06822782
57.08892124
57.21971023
57.23448643
57.30384170
57.38750693
57.53538748
57.64763724
57.66315711
57.74977968
57.85042938
57.92253526
58.03620979
58.10518022
58.13911786
58.19393170
58.19868860
58.23892100
58.24886864
58.34129394
58.43553381
58.56594998
58.58277440
58.62336752
58.66043212
58.69512555
58.97412542
59.15576124
59.21886750
59.30896794
59.34633447
59.40213539
59.43763109
59.52976013
59.54108810
59.60905184
59.67885535
59.80456749
59.82120054
59.88693311
60.08004203
60.14081922
60.22443251
60.38028834
60.38598721
60.53465263
60.61645218
60.72779867
60.81135630
61.04154605
61.12205028
61.15271973
61.25052591
61.25239855
61.31621465
61.34207418
61.48495645
61.67042948
61.82318322
61.85333280
61.93275639
61.97522906
62.32142720
124.00000000
