0.06302088
0.11524506
0.22894356
0.37966221
0.44368973
0.44547116
0.46026779
0.51363285
0.55312311
0.55575312
0.56714728
0.66236653
0.77777982
0.78617674
0.93903552
0.97327714
1.14468805
1.52191254
1.58564652
1.59464089
1.80584860
2.14243611
2.36329977
2.37397347
2.42929681
2.47961988
2.51027493
2.54868098
2.55828914
2.66530822
2.77831234
2.78239705
2.80520706
2.92588729
3.03464329
3.17243017
3.18630773
3.35339760
3.41374333
3.45766959
3.53121772
3.54724717
3.61274850
3.85295730
3.87287115
3.93043011
3.94048557
4.00303117
4.08278089
4.10676736
4.12919395
4.22532928
4.31038933
4.34348781
4.49075223
4.49491310
4.54894661
4.63984969
4.67928465
4.72725680
4.77746156
4.99887321
5.11465295
5.15903090
5.24607383
5.28230346
5.40841310
5.52025276
5.68333637
5.72311570
5.76907772
5.81069865
5.82382972
5.85843873
5.96182529
5.96807267
6.19958742
6.33306218
6.35387775
6.45851731
6.54445941
6.59415679
6.65086028
6.65096959
6.67722993
6.78653833
6.83625426
6.85312150
6.94127531
6.96946935
7.04411319
7.14753953
7.20780244
7.25647109
7.47307143
7.48385807
7.51746928
7.68057221
7.84463359
8.01260919
8.01791943
8.05004413
8.19377071
8.19886756
8.34466727
8.46615330
8.72875364
8.78574602
8.82421885
8.93060651
8.99691636
9.04302374
9.05097984
9.20356818
9.27535803
9.27750589
9.39600504
9.48594214
9.56091404
9.63791146
9.67770221
9.68555366
9.81272733
9.86732541
9.96343468
9.96752390
10.02214051
10.09946857
10.14274697
10.27804572
10.32970156
10.40851135
10.63788416
10.67904660
10.86827263
11.01782087
11.22315729
11.22679483
11.26993685
11.30401614
11.34506700
11.41668122
11.45606790
11.59787042
11.75156081
11.84900514
11.93426274
12.12152581
12.28492747
12.54433762
12.57453138
12.59746109
12.60007903
12.61855568
12.63440742
12.64120628
12.68944008
12.71691488
12.79854747
12.85007601
12.89658385
13.32689976
13.49601656
13.50971339
13.76287278
13.96712715
14.05698220
14.08438568
14.16497920
14.36640023
14.62046790
14.97009824
15.02822038
15.05022993
15.24439903
15.39764398
15.39772189
15.49671920
15.84754882
15.93725065
15.96533924
15.98094852
16.09843382
16.15512572
16.21073154
16.45755380
16.82287529
16.96901074
17.17269429
17.20060545
17.51355957
17.57054189
17.62327466
17.67358884
17.67468792
17.76609439
17.78337831
18.04976954
18.20637768
18.20782103
18.26938331
18.30193145
18.35752632
18.36219180
18.38101681
18.44057738
18.47438168
18.48007745
18.50937374
18.76433857
18.99681437
19.12681915
19.42665515
19.45806961
19.56246148
19.76518774
20.05402559
20.14379301
20.22632747
20.23095781
20.25666562
20.27122247
20.31111997
20.44889481
20.46224108
20.47876307
20.48727727
20.55926615
20.69076764
20.74704626
20.77003491
20.84682597
20.86971521
20.91223648
20.93956283
20.98736959
20.99131443
21.02022126
21.03268506
21.08945348
21.13436460
21.19353701
21.30796137
21.37477205
21.42368166
21.50136974
21.54527890
21.56685195
21.73672504
21.82418991
22.05401537
22.24091444
22.28535789
22.34488020
22.35698527
22.40285409
22.43890751
22.53776003
22.71863250
22.83770720
22.98776175
22.99942330
23.24929921
23.27178355
23.37621938
23.37776901
23.40559980
23.48182147
23.60737469
23.67387430
23.74259390
23.83244766
23.96160573
24.03484247
24.12710983
24.13775555
24.13989554
24.14017740
24.15946167
24.27886160
24.32544279
24.37553063
24.43014280
24.48633846
24.49508795
24.91108830
24.97065685
25.00892155
25.33200922
25.39882312
25.67961934
25.68208034
25.74207146
25.76916554
25.78750308
25.79845702
25.92473807
25.96193118
25.97791367
26.07573840
26.19881123
26.22829453
26.40945638
26.46489809
26.49429063
26.58405516
26.99025185
26.99057029
27.03449161
27.32932514
27.33454782
27.44462565
27.48493192
27.67869075
27.71215148
27.74128383
28.07285011
28.30794118
28.35282277
28.48180411
28.57486520
28.81372113
28.92581948
28.94265911
29.11098331
29.14341005
29.15965980
29.22231716
29.26680258
29.27087476
29.33513232
29.51128002
29.53531776
29.59417780
29.76765738
29.83626816
29.87550387
29.94414052
30.09647402
30.25095583
30.27330901
30.34695660
30.38654479
30.68944356
30.78791359
30.84364104
30.91987762
31.00143704
31.11885843
31.13750064
31.15026008
31.16312590
31.16398257
31.16630346
31.24106750
31.32761154
31.59913297
31.74664955
31.77176129
31.81688963
31.86435024
31.94139071
31.98967367
32.09399666
32.27221282
32.39451363
32.44626039
32.46273884
32.51371165
32.69923037
32.87950976
32.89384005
32.93203102
32.96348071
32.98683436
33.06791337
33.09057703
33.10055172
33.13037349
33.34433697
33.37935111
33.41585703
33.42185195
33.46291596
33.54994318
33.63578302
33.64813508
33.69849837
33.73994305
33.78315033
33.83016715
33.84666471
33.93098221
33.97340419
34.30589990
34.39472097
34.40385183
34.53390350
35.02313804
35.41050006
35.61148152
36.10924497
36.11115862
36.14541308
36.14983703
36.19305138
36.19702640
36.19957847
36.23796844
36.26624961
36.28021768
36.48374423
36.56651619
36.57570805
36.67177561
36.72521945
36.96197059
37.03971274
37.06614076
37.21999538
37.34589562
37.43046714
37.58525670
37.61568406
37.89937856
37.92788525
38.01813884
38.13341047
38.15300777
38.20131627
38.24824470
38.35377957
38.41582215
38.42021370
38.53895643
38.55178395
38.61752126
38.67447654
38.73153885
38.76030376
38.91663893
38.98079076
38.98317505
39.01886716
39.10321752
39.11135227
39.14596708
39.27241370
39.30746178
39.33210245
39.34574807
39.42776460
39.54700127
39.72850446
39.74547460
39.76301108
39.95354305
40.20526133
40.21379515
40.21580185
40.23962952
40.29819789
40.37259300
40.41912877
40.52495993
40.57637575
40.60287150
40.72475409
40.75581620
40.82036133
40.87091022
40.93889464
40.94859086
40.98205441
41.01202076
41.26197815
41.30505101
41.31256921
41.43557039
41.61164591
41.64893533
41.73036420
41.82009804
41.92917377
42.02628221
42.18254389
42.19526834
42.33931245
42.37071936
42.50966726
42.58307923
42.64137297
42.65722137
42.81043818
42.82852874
42.91293333
42.94562685
42.95887449
43.01674124
43.15206636
43.16583535
43.20267351
43.38599605
43.42545091
43.42574055
43.43660698
43.73992564
43.75347157
43.85288137
43.85378979
43.93472522
43.99220547
44.01526721
44.06200214
44.16007863
44.17907502
44.38219758
44.42733209
44.44872817
44.73751138
44.93488822
44.95945877
44.99793794
45.04094225
45.09772079
45.11769759
45.16596451
45.22052655
45.30463593
45.44253543
45.75286246
45.80809488
45.85417349
46.03046414
46.12310926
46.17203885
46.24103251
46.30391996
46.31306699
46.32618085
46.36188667
46.45769959
46.51840664
46.53157588
46.57376824
46.67878759
46.77182450
47.15561835
47.20029263
47.30932146
47.33354861
47.40468973
47.45445921
47.51416574
47.54569590
47.78347714
47.98503152
48.04368837
48.21574916
48.30606454
48.36321134
48.44820145
48.48740392
48.49588846
48.61442392
48.77244165
48.91728526
49.00759180
49.23669227
49.27864847
49.33264438
49.39413674
49.45985460
49.63901053
49.83368608
49.84492634
49.86542327
49.88983185
49.89258056
49.89426621
49.94257796
50.04558162
50.06035458
50.26372477
50.44062913
50.66408259
50.68629014
50.70085368
50.77948846
50.81880133
50.90717656
50.97372591
50.97447211
51.06647969
51.15369155
51.15819359
51.28884839
51.79340577
51.85615431
51.85663489
51.89368972
51.97119593
52.06736360
52.07965060
52.12096631
52.21557831
52.30465656
52.30597616
52.32217632
52.35690349
52.38265459
52.71899962
52.77742477
52.83212455
52.85772353
52.91281183
53.01219671
53.21401576
53.23557902
53.33616494
53.38604706
53.49254257
53.58865532
53.62188519
53.63723616
53.64532669
53.72839662
53.82759382
53.85066806
53.96588990
54.19418108
54.21541534
54.23708261
54.29107117
54.49131189
54.50636753
54.70064127
54.75586000
54.78477367
55.12029094
55.24875932
55.35189278
55.40930947
55.53809094
55.54866411
55.55723555
55.61758655
55.77129439
55.85652988
55.88123035
55.93698012
55.96398099
55.98527960
56.19887339
56.35295089
56.35482957
56.40067182
56.48366350
56.54667808
56.63662407
56.64338983
56.67767218
56.73693393
56.83255036
57.02869685
57.18405402
57.38173454
57.40378213
57.46234470
57.55788340
57.68815247
57.69318639
57.72580120
57.78682315
57.80213268
57.83411011
57.93655881
57.97587075
57.99516767
58.03851244
58.06584698
58.07508991
58.17260096
58.18273386
58.18745792
58.23409835
58.30445592
58.30480191
58.49679789
58.63262579
58.63906517
58.79990006
58.83613429
59.11832877
59.14927910
59.17601211
59.24443795
59.25203659
59.27995560
59.35692304
59.37213002
59.42142409
59.43418021
59.50842091
59.56251993
59.65775096
59.80201502
59.83855275
59.84225197
60.36197682
60.36725133
60.43402788
60.46534199
60.56241027
60.68781325
60.74976909
60.79443018
60.82682309
60.95815099
61.00697337
61.15819454
61.19430403
61.24650924
61.25227486
61.28202308
61.29647027
61.33651361
61.37009543
61.46265598
61.72375263
61.82526629
61.83968757
61.94348340
62.07045995
124.00000000
