0.02075320
0.07335635
0.16304732
0.25074350
0.30792785
0.34370142
0.41157038
0.44454515
0.54494846
0.71817891
0.92225079
0.95901672
1.01830566
1.05952497
1.22486401
1.47015261
1.53135028
1.61100156
1.69687073
1.70335437
1.72725142
1.81684966
1.88322130
1.95527461
2.14663492
2.19591714
2.22391187
2.30129557
2.42572767
2.59042523
2.63393776
2.66957048
2.78564056
2.82183799
2.82301326
3.01423107
3.03281165
3.10525112
3.48327394
3.67224679
3.82773781
3.91637772
4.13118019
4.19127318
4.29852710
4.33399247
4.49013870
4.51810194
4.52753374
4.56296747
4.63984969
4.68268221
4.99178595
5.01875442
5.17014131
5.27822217
5.29665365
5.31419443
5.42796870
5.60138601
5.63436320
5.68978511
5.78431062
5.90092286
6.06085414
6.09542388
6.13902434
6.18799856
6.42628233
6.61264432
6.79682004
6.80638820
7.03002367
7.03166201
7.03679684
7.05015562
7.31938297
7.32588327
7.40045677
7.53067962
7.55598954
7.55771967
7.62440709
7.66117029
7.73121432
7.86253631
7.87379423
7.89244175
7.95243519
8.02940222
8.06371417
8.11630219
8.14630180
8.19148668
8.20638217
8.22550578
8.22912958
8.34197668
8.36949438
8.42865402
8.45952273
8.46345250
8.49669572
8.54928721
8.56897263
8.64813782
8.66236371
8.74854227
8.75076282
8.80035754
9.10470777
9.12841789
9.13209502
9.25735941
9.31608270
9.39023958
9.44035667
9.46378490
9.46753758
9.50398628
9.58497405
9.66504349
9.69331198
9.71589917
9.78799998
10.14733549
10.16775017
10.19653118
10.19907317
10.46548368
10.51722269
10.55633493
10.70113480
10.81314434
10.96794525
11.16617813
11.26288618
11.33086856
11.36612293
11.40685256
11.44982389
11.46245043
11.49072343
11.50839383
11.57924589
11.61252652
11.66267234
11.81665166
11.82576640
11.83667140
12.00405238
12.10946355
12.26110734
12.39753709
12.56071924
12.62025239
12.81523923
12.87403615
12.89387392
12.96044959
13.00021548
13.11460525
13.42592009
13.71305067
13.76393973
13.76428490
13.77005014
13.90655570
13.91055977
13.97345421
14.03321118
14.04220535
14.08006433
14.09744803
14.23226183
14.26961202
14.27154294
14.29117744
14.30496059
14.33368076
14.43420956
14.47099241
14.48805750
14.76632445
14.93144316
15.01077924
15.07141664
15.15376366
15.22764923
15.31253785
15.31698219
15.35499634
15.36717664
15.37302102
15.37605989
15.37760016
15.49491088
15.57621643
15.67741306
15.67962240
15.69946820
15.73191735
15.74549889
15.77543039
15.77943437
15.97292761
15.98396945
15.98443061
16.09441329
16.14438236
16.16324991
16.20169455
16.35713873
16.37039472
16.50204243
16.55459982
16.65613245
16.66022749
16.77701248
16.81223981
16.88591778
17.15614041
17.21044003
17.22440692
17.45846012
17.53040506
17.72068594
17.72122937
17.74771529
17.79468095
17.81364218
17.85982178
17.95536187
17.98707937
18.03221245
18.05462194
18.07212436
18.08748460
18.25169201
18.38101681
18.38155165
18.38381689
18.38416499
18.46460834
18.58873276
18.60747140
18.80814985
18.83273062
19.13275861
19.20789732
19.31768749
19.46569664
19.47683842
19.65209988
19.77570236
19.81136215
19.90517277
20.01329040
20.16124893
20.22115527
20.27553329
20.58124963
20.60172767
20.67818187
20.76527430
20.78716502
20.84883226
20.93876676
21.07546279
21.20319629
21.32142456
21.40413084
21.50077358
21.51118157
21.53739467
21.61728332
21.62325711
21.64010570
21.90018417
21.99398002
22.08571058
22.18714794
22.20167622
22.29473849
22.37542674
22.38267786
22.44711955
22.83298976
22.84536627
22.88093888
22.96885396
23.03224244
23.07346032
23.12612556
23.27379265
23.50306478
23.57523923
23.88973792
23.91127691
24.09387845
24.10273031
24.21153848
24.21851820
24.26445690
24.42931674
24.44598122
24.44723526
24.57883661
24.67558934
24.78236399
24.79948308
24.94356014
24.95153379
25.04931635
25.18412961
25.46033613
25.54469806
25.68208034
25.92236396
25.95327021
26.02821813
26.46116338
26.53436573
26.71132476
26.71367532
26.75219324
26.77484689
26.85553438
26.96144315
26.98074017
27.06665960
27.09395244
27.20171904
27.27742641
27.34999919
27.37348414
27.39689670
27.40615354
27.52002671
27.57932811
27.61841170
27.65562260
27.69043388
27.80263584
27.81757966
27.87158475
27.87276208
28.24782597
28.47618323
28.54221604
28.74856049
28.77471114
28.80408391
28.92492272
28.93833676
29.44745373
29.54872058
29.65584629
29.94329659
29.95609799
30.06993580
30.24739298
30.27699632
30.27944483
30.28142732
30.36704947
30.47310559
30.58282803
30.58573759
30.59589119
30.76671113
30.77240059
30.83327542
30.90863749
30.95405568
30.96270664
31.01382406
31.19429067
31.28312851
31.30072200
31.30377056
31.30401214
31.35454675
31.37852492
31.47709685
31.73809776
31.81195318
31.83436148
31.89550411
31.95723201
32.07686244
32.32305608
32.35190198
32.39055472
32.41585332
32.44189631
32.54617324
32.60407545
32.61384990
32.63604223
32.66882022
32.69923037
32.76878463
32.77825559
32.82526280
32.97297966
33.16709321
33.48527722
33.60795701
33.67782628
33.81511247
33.83152833
33.84012467
34.20287391
34.23055094
34.23888413
34.33535470
34.35251411
34.43729133
34.52810477
34.83516761
35.00509105
35.01037642
35.12050863
35.34625771
35.36027623
35.47474228
35.61727039
35.63705494
35.80180826
35.87776105
35.93807150
35.96460082
36.16394555
36.23444365
36.31426203
36.47662514
36.80613813
36.86174972
36.89481072
36.95248793
36.96087943
37.06614076
37.16642499
37.27332727
37.30798466
37.33025795
37.33950091
37.55746453
37.67122234
37.70681480
37.72458717
37.86740874
37.88064047
37.89866514
37.93336387
37.94783079
37.96042268
38.06877616
38.12720755
38.20863681
38.22292391
38.29670823
38.35581257
38.41571588
38.43898492
38.57405078
38.58013055
38.63447058
38.63799163
38.82085630
39.09092904
39.41265730
39.48951970
39.54126679
39.94652926
40.06603785
40.07842497
40.12050611
40.16413043
40.21279795
40.33397810
40.55015595
40.55305294
40.60760212
40.63714823
40.65902841
40.69453018
40.69782676
40.74510985
40.82360228
40.86349050
40.86806499
40.87370106
40.89008985
40.89710189
40.91872468
40.95111757
40.97474391
41.04627962
41.08615813
41.10506853
41.39032864
41.55826518
41.57925411
41.72856139
41.82657775
41.90789242
41.95612284
42.16019138
42.28075121
42.28582820
42.29927372
42.39470637
42.40506307
42.47511383
42.62087276
42.66557299
42.73360739
42.95624169
43.02983390
43.10499924
43.12716696
43.28995461
43.35413648
43.38668820
43.39961987
43.45647176
43.48286948
43.53084889
43.63435276
43.76493444
44.02961500
44.06307469
44.07409183
44.09883370
44.16047669
44.27112944
44.36259423
44.39498589
44.44011196
44.49398335
44.59775929
44.59892480
44.60932314
44.63037598
44.91934600
45.08521428
45.15034799
45.17728944
45.38422743
45.53413140
45.57172985
45.83628900
45.86854906
45.99942411
46.04806336
46.05282782
46.13034594
46.22493147
46.24294069
46.31297953
46.51423553
46.70650028
46.75677089
46.97831949
46.99201236
47.10349284
47.12411806
47.14518834
47.19989441
47.21513901
47.25163964
47.34388521
47.39829795
47.55973571
47.59719424
47.72583740
47.80380647
47.94035662
47.99736051
48.01418058
48.05730672
48.17698592
48.21393106
48.25782233
48.26946622
48.35134057
48.35654687
48.36722812
48.54508937
48.55169028
48.71752567
48.85959995
48.89493069
48.98899986
49.14947248
49.19120146
49.23917099
49.37521391
49.37801729
49.47547972
49.51645463
49.54510724
49.69465266
49.70500937
49.88956818
49.90882388
49.94417936
50.01146468
50.02740121
50.11888711
50.18083821
50.21566317
50.30449191
50.39002214
50.39469363
50.44337320
50.49159667
50.65566862
50.71246542
50.80491901
50.84540522
50.91703619
50.94232484
50.96988560
50.98167833
51.19703954
51.27971205
51.29914397
51.35382282
51.36167923
51.42167631
51.59943220
51.63234131
51.72597688
51.81595117
51.84207750
51.94722908
51.95832801
52.27332494
52.29902871
52.50092006
52.50987970
52.67375845
52.70647622
52.78852395
52.81901271
52.86208659
52.90471333
52.98234885
53.09303879
53.12061197
53.26585034
53.29768291
53.36072745
53.38823441
53.45658711
53.50340356
53.67127883
53.92192147
53.94088199
53.96630967
53.96893481
54.14150774
54.26178892
54.30147448
54.37728052
54.38733711
54.50801370
54.57783554
54.67762777
54.68388773
54.68808743
54.81786268
54.88724362
54.98483910
55.17262036
55.31692831
55.42844589
55.58166614
55.71500770
55.76190319
55.95058414
55.96835233
55.99320819
56.02127099
56.13713042
56.14531420
56.16065847
56.19863286
56.31834535
56.40290114
56.42496178
56.49884824
56.58766697
56.64032333
56.66934662
56.74576628
56.81817277
56.87934529
57.07402553
57.28133111
57.37840110
57.43032947
57.48583579
57.56373934
57.62363550
57.66233998
57.74178643
57.90459132
58.08607835
58.11027120
58.28728833
58.32708330
58.54817932
58.63626216
58.65595948
58.68289199
58.79685638
58.84112786
58.89677861
59.12365514
59.20700043
59.33329404
59.33739507
59.52441440
59.59757449
59.62436413
59.63394208
59.63726276
59.65737614
59.67050953
59.71577330
59.72721600
59.74914225
59.77366074
59.86582677
59.92709440
60.20644995
60.31789067
60.34532987
60.41886525
60.42083247
60.45237619
60.52914115
60.56037468
60.59505319
60.62833342
60.91635603
60.95638427
61.04198202
61.09682581
61.16275476
61.27806031
61.38514393
61.54850199
61.66661112
61.69794446
61.80542414
61.96524475
124.00000000
