0.04074520
0.26100775
0.55312311
0.62410818
0.76300094
0.85316243
0.91079106
1.01245824
1.09818821
1.21533123
1.26786532
1.30055619
1.33021496
1.37138249
1.51922459
1.62447181
1.65943016
1.70511215
1.73897447
1.74302322
2.26854696
2.27046258
2.37079739
2.42910909
2.46018917
2.53631419
2.61388569
2.69414460
2.73460346
2.77569869
2.77886299
2.80922414
2.81690354
2.84371398
3.04438060
3.15526692
3.16496866
3.17374139
3.25449112
3.47903200
3.59516700
3.60780085
3.65842160
3.71383417
3.73586483
3.83187007
3.88396827
3.92343657
3.96599403
3.97494383
4.08278089
4.10522237
4.13748458
4.24649811
4.30852927
4.38536587
4.59726290
4.62922574
4.63253426
4.81971545
4.85517613
4.89799169
4.92989902
5.01751280
5.22767473
5.26207299
5.53286948
5.59362703
5.89971070
5.92159515
5.97272369
5.97498408
6.00124175
6.02056722
6.11338568
6.14561811
6.22747590
6.27967810
6.38989314
6.39999393
6.50314106
6.67320186
6.68567530
6.69076639
6.73031737
6.78629431
6.87455801
6.92538768
6.92561479
7.00440632
7.00501500
7.04419934
7.06786344
7.14984962
7.20780244
7.31959877
7.33001695
7.37651076
7.39470806
7.44038067
7.84811535
7.88054217
7.99385276
8.25357213
8.36211370
8.46345250
8.61874088
8.64813782
8.64856387
8.71324255
9.14879081
9.20665528
9.31161595
9.37742684
9.61873492
9.62190552
9.63018919
9.64061395
9.65330583
9.69555741
9.74028195
9.84637911
9.92661178
9.93684526
10.02789950
10.21068135
10.26833480
10.27306430
10.27422098
10.29723983
10.36587837
10.49412705
10.50881085
10.53102729
10.66137734
10.68892240
10.71198627
10.77908769
10.80476966
11.01762162
11.07774404
11.18442993
11.26544330
11.61556007
11.71665441
11.83069224
11.86428902
11.91296395
11.98027307
12.03309240
12.07800422
12.10218851
12.18220844
12.18812221
12.21095505
12.34017525
12.52142910
12.57453941
12.63463125
12.68120088
12.77570208
12.80829952
12.92746912
13.01065800
13.03015818
13.03345957
13.29203367
13.41370139
13.41752547
13.47369437
13.56650757
13.72507706
13.73337676
13.75489533
13.76200245
13.78865128
14.03757137
14.14407014
14.18091410
14.26876407
14.33368076
14.36917982
14.39792764
14.40650723
14.50579109
14.58194533
14.69939821
14.74351788
14.75291684
14.79079694
14.79642826
14.85981720
15.08073405
15.45729510
15.46349493
15.53716670
15.57235724
15.67150103
15.86262727
15.96175384
16.04132701
16.22659120
16.38300050
16.43419727
16.45755380
16.49933310
16.69985187
16.82055190
16.92045242
16.97965447
17.08103484
17.10463269
17.16012897
17.25616671
17.29905983
17.38799835
17.80360243
17.87224096
17.94577167
17.98613397
18.10381503
18.13678140
18.23279491
18.35082708
18.36102065
18.51506993
18.75389780
18.81247106
18.89781702
18.99132236
19.05497352
19.11714966
19.12387860
19.16595461
19.20819064
19.23796292
19.26406577
19.26890952
19.28448180
19.33718186
19.36155156
19.37980584
19.39326453
19.43350596
19.52804864
19.69469269
19.84499519
19.89641899
19.90838770
19.95772087
19.97916442
20.05464620
20.17193722
20.30806220
20.60766012
20.67151124
20.89326977
21.08029169
21.14159818
21.34564565
21.37891943
21.52314613
21.72840122
21.75851138
21.91541571
21.92340784
21.97496275
21.98550862
22.02575696
22.02683202
22.14452881
22.17458305
22.36441307
22.50243743
22.50785569
22.65255147
22.71340266
22.79134487
22.80278638
22.83298976
23.02230861
23.26021230
23.30661334
23.31267796
23.49214040
23.64343780
23.82584700
23.82878318
23.91302478
24.04023050
24.10418603
24.17763898
24.25644858
24.30942086
24.44553540
24.48776704
24.62523007
24.69155447
24.78410066
24.83315061
24.99629013
25.01866783
25.03877161
25.09744074
25.11848011
25.17933950
25.19689896
25.27272327
25.29274528
25.30046018
25.39579467
25.55266847
25.56055717
25.64212223
25.83923163
25.87973916
25.91551618
25.96453817
26.07140757
26.25917052
26.26490766
26.28046451
26.42179502
26.49944021
26.50110146
26.65750394
26.75914966
26.77332613
26.80046424
26.86575252
26.95794068
26.97151646
27.02774732
27.11104675
27.34726581
27.42449333
27.45146541
27.59158680
27.59184719
27.63434558
27.82593061
27.89929158
27.94678464
28.00504468
28.18692039
28.22360730
28.30651245
28.39419307
28.48548428
28.64953320
28.68272599
28.73094744
28.77281315
28.98254269
29.15879734
29.22648446
29.34478337
29.39056391
29.40283017
29.51133928
29.53340407
29.54411894
29.60816317
29.65367503
29.84458272
29.96468301
30.04483319
30.07790876
30.08371499
30.11746376
30.21202785
30.22691636
30.27325573
30.31495449
30.44659635
30.64613215
30.67799329
30.83802279
30.86416066
30.98787908
31.00588399
31.04150139
31.09275494
31.21842039
31.30773436
31.31053286
31.50746160
31.50774476
31.57684904
31.59127405
31.64818478
31.74067270
31.77798287
31.78648898
31.82914444
32.01115150
32.17915104
32.22934145
32.27221282
32.39082567
32.44265391
32.49577879
32.50635976
32.65238992
32.67285035
32.67765046
32.69517297
32.80403927
32.82535575
32.88835097
33.05431763
33.08332816
33.12044217
33.12904860
33.21555065
33.34631249
33.38875033
33.48211923
33.49137048
33.53992264
33.66737664
33.71175299
33.77484548
33.96934807
33.99463378
34.01716456
34.02201314
34.10468563
34.12549530
34.13734609
34.14918321
34.17243372
34.17846550
34.24258952
34.24338646
34.27730212
34.44018075
34.57332618
34.74917210
34.75936750
34.79052455
34.79355123
34.90597815
34.94858464
35.02622620
35.05986765
35.06607207
35.19930065
35.20201559
35.29815855
35.32624820
35.39153471
35.46297752
35.57291619
35.59148183
35.65413051
35.69298694
35.76364513
35.90677632
36.12998477
36.26231115
36.28826977
36.34911189
36.35124613
36.67875490
36.74203120
36.96921898
36.97116895
37.19394072
37.19535670
37.30392679
37.33446005
37.39707866
37.40163659
37.61590524
37.74820684
37.86355939
37.89253797
37.96583581
37.97899348
38.00323400
38.21538396
38.22370177
38.42338052
38.51827065
38.77275808
39.14608822
39.19150191
39.22699126
39.37436010
39.46432273
39.51044079
39.59386235
39.65618368
39.71078806
39.99605504
40.02717051
40.06982655
40.23057688
40.35597295
40.43079891
40.65831418
40.68551350
40.69096124
40.69782676
40.74052654
40.95800901
40.96468407
41.03212916
41.04787297
41.08615813
41.14385030
41.27143674
41.29425255
41.36994014
41.41831143
41.42628631
41.45958327
41.51980067
41.62325871
41.72804924
41.84379509
41.89394339
42.14869834
42.17956630
42.25048204
42.25074011
42.27949299
42.27984480
42.57343784
42.57736866
42.80766946
42.81594772
42.85096395
42.87187786
42.92923311
43.33380110
43.36861706
43.40550929
43.42854252
43.44403625
43.46135474
43.50310241
43.56645130
43.95258244
43.96669760
44.12669637
44.17834873
44.37139880
44.38219758
44.47505382
44.63858359
44.78237058
44.83274026
44.84586294
44.86871871
44.90464124
45.13693421
45.18991393
45.25929696
45.35104617
45.48505568
45.53906944
45.59666925
45.62975081
45.65633156
45.69746546
45.87552448
45.90849613
45.90938792
45.94129802
46.00940988
46.03046414
46.04922403
46.07721296
46.13744508
46.31784887
46.45618202
46.54821886
46.75989389
46.86869735
47.21513248
47.26904082
47.44845470
47.52854876
47.57448386
47.64328296
47.67423117
47.92091346
48.06208286
48.06459108
48.07459912
48.17698592
48.31508024
48.37868662
48.45140011
48.51318447
48.63828528
48.71372965
48.76250824
48.81939385
48.89493069
48.99084460
49.12396362
49.21550255
49.22161950
49.49629753
49.65401992
49.75879907
49.90823479
49.92791620
49.96749251
50.15035134
50.19557481
50.23306706
50.28458305
50.30953773
50.32164316
50.34425927
50.40054602
50.44927769
50.61207371
50.62000546
50.62129088
50.71233036
50.87321301
50.94732147
50.96344538
50.97862677
50.99558822
51.16922920
51.23616044
51.24933145
51.46601685
51.50309251
51.57678984
51.62941452
51.73616182
51.80037588
51.87075724
51.91748308
51.94406633
51.97384166
51.98718201
52.03813159
52.07685197
52.27071953
52.34187142
52.34384681
52.59369866
52.62600586
52.64012970
52.74027100
52.80746767
52.84783631
52.87231122
52.91557714
52.94365702
53.00869903
53.13498518
53.16511427
53.26147276
53.31120779
53.44997416
53.53062246
53.54038698
53.58171622
53.62188519
53.71473767
53.77040803
53.80614427
53.80834144
53.86437410
53.86619020
53.92682948
53.93362171
53.95876816
54.30071151
54.38733711
54.48540962
54.50638060
54.50865043
54.54454136
54.59775431
54.67885378
54.82297835
54.85430986
55.10051579
55.21436827
55.23573120
55.28617836
55.31898329
55.43924334
55.53990284
55.55223667
55.62496171
55.71264464
55.85381542
55.86260383
55.87389012
56.26378574
56.26553451
56.42750205
56.43916549
56.45265909
56.54278666
56.54718957
56.56800337
56.74746298
56.81817277
56.82053762
56.82506390
57.02559445
57.15169142
57.24837894
57.32382931
57.43791174
57.60759447
57.64375601
57.79752077
57.84164828
57.90010457
58.02914323
58.04367063
58.21842503
58.22795666
58.25641153
58.32801802
58.33266662
58.37526500
58.47089292
58.58401488
58.65082534
58.79386234
58.81870916
58.89961141
58.92088283
59.06335556
59.06484595
59.16592249
59.19581362
59.32293926
59.40807516
59.45391920
59.48764069
59.56974230
59.59971767
59.67447963
59.87710273
59.95980374
60.05972235
60.10852406
60.12629421
60.34246012
60.43832316
60.62936132
60.68048906
60.70587769
60.81212177
60.81447516
60.86766931
60.87308950
61.12297830
61.13503905
61.15726162
61.28823392
61.44905013
61.47430820
61.50331647
61.66816522
61.84113328
61.98546024
124.00000000
