0.08931764
0.11276889
0.19457120
0.21816318
0.37789230
0.49407497
0.67931772
0.71014875
0.84785894
1.28912564
1.47014187
1.67428069
1.70086300
1.85131958
1.86309485
1.95527461
1.98449783
1.98974378
2.40445740
2.46144315
2.75505432
2.76573465
2.79761961
2.81226921
2.85993192
3.03015703
3.03680248
3.21801562
3.22646468
3.36160548
3.40085939
4.00570076
4.06668789
4.14591175
4.14722104
4.19657051
4.23204828
4.27249119
4.30287008
4.33601135
4.51517418
4.55346178
4.57011229
4.77889317
4.93173744
5.02596068
5.12114674
5.37885728
5.42062471
5.49487850
5.58599686
5.61071988
5.79698577
5.91040040
6.03204848
6.07052680
6.15323059
6.24360856
6.24399265
6.28386322
6.35016690
6.37023531
6.39211913
6.48527564
6.60229199
6.64766548
6.67751519
6.82448102
6.83146234
7.06426443
7.16193202
7.23710137
7.34128339
7.46601020
7.52505337
7.54982781
7.65047561
7.66175018
7.69483703
7.83213660
7.84490143
7.91109191
8.08243566
8.08652664
8.08826623
8.21578842
8.25078217
8.26053209
8.28035684
8.41626129
8.51504822
8.55970463
8.67460995
8.69351674
8.79277489
8.83295517
8.95853737
8.98276253
9.03540138
9.12016402
9.20406069
9.23326113
9.23381777
9.26225213
9.27127058
9.39600504
9.57945223
9.70077020
9.77556642
9.78799998
9.83563241
9.87325934
10.04473060
10.76433842
10.89680004
10.99510549
11.00003252
11.14476445
11.18059443
11.26148174
11.32665948
11.40685256
11.46245043
11.47793461
11.48974265
11.59606694
11.63356196
11.64856554
11.66416153
11.75648546
11.86776269
12.04212871
12.21453207
12.30318985
12.36567406
12.38739301
12.46750863
12.50329360
12.58146059
12.63440742
12.69198588
13.06104457
13.09659615
13.09959050
13.15836840
13.37323348
13.43613139
13.49601656
13.63055587
13.80326233
13.85850849
13.91305669
13.98883136
14.00915732
14.05144616
14.09649198
14.13937751
14.16598709
14.18358218
14.38092813
14.43047663
14.53403894
14.53555834
14.56096534
14.96587280
14.97187466
15.01616633
15.06141306
15.20342093
15.50190460
15.90389945
15.91310081
15.94035347
15.98894637
15.99719768
16.06661069
16.08568271
16.14777133
16.16759647
16.21923948
16.22073372
16.32016560
16.32567152
16.35748803
16.36668294
16.46834435
16.49306274
16.73076902
16.75948172
16.76678176
16.83158600
16.91421677
16.95547582
17.05047539
17.11283027
17.13582406
17.32804879
17.34036474
17.47032841
17.54536227
17.56005504
17.68955770
17.72937671
17.81323892
17.84524693
17.89612474
17.92372186
18.18922391
18.34812572
18.36219780
18.46267249
18.52773071
18.59531862
18.61055976
18.73048188
18.75826124
18.88985945
19.03303340
19.04267915
19.08818010
19.14835555
19.45370562
19.48959493
19.72766778
19.74741067
19.96875742
20.16234447
20.38029444
20.39098885
20.70822446
20.88963790
20.91223648
21.09736467
21.12095616
21.31386912
21.32626397
21.34637853
21.53794663
21.59049848
21.66875560
21.72916283
21.73815014
21.81985294
22.04461114
22.04865715
22.20248572
22.24204773
22.34237806
22.38700772
22.48994895
22.48998027
22.73161930
22.79526880
22.82666451
22.84944966
22.88914905
22.95771515
23.10581955
23.11947082
23.17330938
23.46375567
23.60568609
23.64233133
23.68198388
23.99611619
24.03495070
24.08005536
24.10799744
24.17405718
24.21241474
24.26736114
24.33593710
24.35215843
24.55220949
24.65899235
24.75429180
24.76170699
24.86525705
24.86678233
24.92723294
25.10630303
25.14036773
25.15889605
25.16207840
25.28272936
25.44737497
25.46802062
25.54367564
25.65104720
25.73006103
25.79848018
25.82500605
25.89432020
26.13152295
26.16414795
26.17081780
26.28786166
26.34445975
26.39085504
26.47511961
26.48288928
26.52776354
26.61466233
26.72308262
26.73304638
26.79192600
26.84229662
26.88167077
26.95941434
26.97194635
27.01245570
27.02972716
27.04000673
27.24651740
27.25507824
27.54416530
27.62673540
27.64487472
27.74776343
27.76259894
27.81170676
27.97114182
28.00519251
28.10662396
28.13190659
28.32947559
28.36446092
28.50216366
28.57724050
28.90580714
28.91755049
28.91786188
28.93939514
29.01747654
29.08461371
29.18657938
29.21699290
29.37901725
29.39056391
29.56313052
29.59136878
29.76377501
29.96259423
29.96371626
29.99883005
30.10788299
30.16537076
30.23574999
30.62734516
30.67054761
30.67889542
30.86332715
30.87785833
31.06953916
31.09166120
31.09826155
31.34658424
31.34662052
31.55836781
31.62396088
31.76026354
31.78604043
31.85739826
31.88520308
32.09399666
32.16226387
32.23852382
32.25307914
32.26961839
32.35578302
32.52584978
32.59269630
32.65768922
32.75431269
32.92396033
33.00831816
33.03831340
33.12168015
33.17499588
33.19071225
33.19296089
33.22270726
33.27436915
33.27928082
33.33401362
33.42355891
33.85441632
34.18610129
34.19006800
34.19982680
34.23071506
34.30926457
34.32905075
34.38276023
34.58638701
34.66013140
34.66840852
34.67851640
34.74392414
34.74917210
34.75151342
35.08356093
35.13122183
35.14669624
35.15369299
35.17193093
35.27648966
35.48220451
35.84061990
35.91137733
35.96652210
35.96912988
35.98623185
36.04332166
36.22737101
36.26940451
36.39803866
36.39900675
36.49519435
36.76854757
36.76861151
36.82885211
36.84893358
37.09330300
37.11767664
37.15192182
37.15683559
37.18901590
37.30115440
37.36819341
37.41267136
37.49796714
37.50077114
37.56183163
37.66557654
37.67455662
37.70055198
37.71605177
37.87963290
37.91571570
37.95737207
37.96328873
37.99638916
38.05789402
38.09566503
38.20761902
38.22838840
38.30493851
38.47952116
38.51919765
38.74555167
39.10321752
39.24341611
39.24778768
39.25941721
39.28989803
39.34848616
39.38531503
39.40204723
39.48454112
39.68832256
39.75411687
39.78155143
39.86242159
40.04092314
40.04613399
40.07666622
40.21580185
40.29687774
40.33826730
40.58979770
40.66538213
40.89980964
40.95158671
41.16327962
41.17549638
41.24274830
41.28112402
41.42339782
41.49593223
41.71035216
41.72493667
41.79879082
41.80623701
41.85014385
41.87345655
42.00123923
42.01988888
42.05349118
42.09434825
42.10791265
42.13123705
42.21215089
42.22282569
42.22790257
42.23899683
42.25438652
42.62161950
42.66767478
42.70710018
42.72128661
42.79988410
42.91967726
42.96902865
43.00269906
43.17350628
43.21485658
43.66903463
43.71783946
43.74940179
43.79617262
43.80805233
43.81710341
43.89822295
44.16396019
44.48864944
44.64170153
44.65024984
44.68686930
44.74396894
44.76711030
44.77360444
44.81423811
44.86871871
44.95799322
44.98441564
45.07883944
45.21556248
45.34621067
45.43049097
45.48594747
45.52744131
45.59719211
45.67785593
45.79261063
45.85729983
46.05474491
46.10239951
46.10789293
46.12027698
46.26359700
46.44677756
46.50199205
46.60532839
46.62091959
46.63669787
46.70943920
46.82742618
46.97291975
47.00846440
47.01074972
47.04096874
47.12117094
47.22411146
47.22589515
47.23980051
47.26659009
47.27020956
47.36097739
47.43141523
47.48312889
47.57424092
47.65350447
47.66217040
47.86896078
47.88347871
47.88426001
47.88619324
48.06710763
48.09191739
48.12687987
48.15040643
48.22718699
48.52238538
48.54867059
48.62728364
48.84329023
48.88600590
48.95175607
49.00273753
49.01921285
49.03423833
49.07448758
49.08585325
49.23185036
49.23381166
49.34173123
49.53017876
49.86542327
49.96414847
50.27221054
50.27257912
50.29253141
50.52202219
50.63503376
50.66928591
50.67560217
50.72864433
50.80063512
50.85614747
50.87631640
50.97947191
50.98540132
51.01669132
51.11578902
51.19335096
51.20460412
51.24637358
51.44251861
51.50021811
51.68662267
51.73969777
51.78331456
51.87939688
51.88191582
51.91960093
51.97331611
52.00179898
52.13762102
52.25214602
52.31539498
52.36765708
52.38234532
52.40182314
52.45400124
52.52200893
52.57884605
52.64497807
52.71629324
52.78990936
52.82490347
52.85219402
53.17316421
53.21778043
53.21856843
53.30143734
53.35603633
53.41827436
53.44997416
53.73950347
53.78038252
53.82493427
53.92568355
53.93676856
53.95134009
53.96787693
53.97339707
54.22322854
54.33370027
54.34246571
54.41668591
54.41950860
54.55205001
54.84696470
55.02102017
55.21438534
55.21442627
55.31316246
55.41001186
55.41982552
55.42789606
55.43213138
55.49858488
55.50410610
55.57857004
55.58165081
55.63848364
55.83300230
55.87427331
55.88542987
56.02213349
56.06255264
56.23516555
56.27993458
56.29628257
56.40424105
56.44579597
56.50805613
56.59142816
56.61593888
56.93955731
57.24935201
57.33865069
57.45042988
57.63697142
57.66413073
57.83092541
57.92789590
57.96099680
58.01111560
58.01479167
58.05199021
58.11845030
58.22589982
58.34090972
58.42891424
58.54635304
58.64506073
58.77860609
58.78153018
58.95565426
58.99803580
59.11832877
59.15889676
59.25735368
59.30328706
59.58301356
59.66321558
59.76691875
60.00494373
60.34246012
60.36046675
60.41751048
60.44341202
60.46637274
60.65773757
60.81157355
60.96317629
60.99133473
61.06048911
61.06075638
61.30608131
61.31335812
61.32021318
61.37960557
61.38171099
61.38260493
61.41790288
61.49886861
61.57604183
61.68308433
61.68570728
61.75151509
61.82159291
61.82738543
61.89237085
62.12468749
124.00000000
