0.05806541
0.09050989
0.15983202
0.25161183
0.37979407
0.39746753
0.48601213
0.78169252
1.03285515
1.10700151
1.11214798
1.15966764
1.16572226
1.18012860
1.32223496
1.42619691
1.48092011
1.49535036
1.58861724
2.06141383
2.08912629
2.37238020
2.50064890
2.51339647
2.57347177
2.80230553
2.82301326
2.84108401
2.89528990
2.91834007
3.16519135
3.29102861
3.37960194
3.44518749
3.48211459
3.53710610
3.82555805
3.86865869
3.99580169
4.01951668
4.19127318
4.25168405
4.29605803
4.30922526
4.36526444
4.42303145
4.43162899
4.45610620
4.51105147
4.59176717
4.63634310
4.68650372
4.84248925
4.84355959
4.86673038
4.90343553
5.01059977
5.14915765
5.20798522
5.28833109
5.29649656
5.49090286
5.56590145
5.88546476
5.97350849
6.06620354
6.15517273
6.19832342
6.21203760
6.27921829
6.37027389
6.46031383
6.55254636
6.59332879
6.62138501
6.71138678
6.88831462
6.90236563
6.98391163
7.09488135
7.10498428
7.10743631
7.11913197
7.21603856
7.21729684
7.30539437
7.32078568
7.33539812
7.33988268
7.39728201
7.54380866
7.59136269
7.63708283
7.64047205
7.70384629
7.70960529
7.73121432
7.95740126
8.05778162
8.10509434
8.16406944
8.25315740
8.30291182
8.31357429
8.33673567
8.43331605
8.49393843
8.60614224
8.68057459
8.70048572
8.91271580
9.10887598
9.15027624
9.16723854
9.30675366
9.36260211
9.38261132
9.40695941
9.42306272
9.55006470
9.58242525
9.61493231
9.67750382
9.71329546
9.94389488
9.97493633
10.11171190
10.15397791
10.29644981
10.40286771
10.44868737
10.52211643
10.53600276
10.55633493
10.72906703
10.78134208
10.78813017
10.82400826
10.82490023
10.86296126
10.92044219
11.16766411
11.26586727
11.35295870
11.44436161
11.50631887
11.61681926
11.61809640
11.73367273
11.73461008
11.75356906
11.79468095
11.80087485
12.05359526
12.14924436
12.24177753
12.29948596
12.71023621
12.87468859
12.94382366
12.97828284
13.09090689
13.11402357
13.22356326
13.38680330
13.53504474
13.58936949
13.74383275
13.88337897
13.90770658
14.01626476
14.06280729
14.07968445
14.22964742
14.29051073
14.38767632
14.41223502
14.45018000
14.59900669
14.72362872
14.81540810
14.90583447
15.10230398
15.27419663
15.30637184
15.45906066
15.45969169
15.49005734
15.65802648
15.76964063
15.77202217
15.85896545
15.93078325
16.00689262
16.04079331
16.04433911
16.07127253
16.07826864
16.09777447
16.27386665
16.46448267
16.47538965
16.80119956
16.82265850
16.83672381
16.87183728
16.87452411
16.90617833
17.08992360
17.14184546
17.35657625
17.37054083
17.47976406
17.54474800
17.54507141
17.55523157
17.56379921
17.59291388
17.60368539
17.68103735
17.82324372
17.90480625
17.99444958
18.01572637
18.06554209
18.18048248
18.21022169
18.24335584
18.26729885
18.37528806
18.38165447
18.43991300
18.45310092
18.48370444
19.03582777
19.07421239
19.14437345
19.19828110
19.26750327
19.30563452
19.67132764
19.80017279
19.80464669
19.95946293
19.98203358
20.38718267
20.46160313
20.62338962
20.75508078
20.83407481
20.87458189
21.33863874
21.52400547
21.56721712
21.63562695
21.66521401
21.88749131
21.93734812
21.96225721
21.99914105
22.15136045
22.16680601
22.24345827
22.25250481
22.33813617
22.36754908
22.63303708
22.64917735
23.02339187
23.05977459
23.07310456
23.10581955
23.16266714
23.17466917
23.18375548
23.18582138
23.42360227
23.49214040
23.57906877
23.58373498
23.75485906
23.77118292
23.78382142
23.78958430
23.94947870
24.00056963
24.10418603
24.11898922
24.15103894
24.22609706
24.23840826
24.28286779
24.32367188
24.41853021
24.52012820
24.61802147
24.67763251
24.67988875
24.75987179
24.82512967
24.85917271
24.86593971
24.89604987
24.98216975
25.02480839
25.09961476
25.17923315
25.22532660
25.23948677
25.31146295
25.31789621
25.33434012
25.37807132
25.48583806
25.69281001
25.95470593
25.98954781
26.05574778
26.30717528
26.36023724
26.46734373
26.48941341
26.50302819
26.52220675
26.63805841
26.79910923
26.98603849
27.05236967
27.07712818
27.10072916
27.16378076
27.18605671
27.22639550
27.22728969
27.31922548
27.40221520
27.44919838
27.49757558
27.57288790
27.81757966
27.88104034
28.02291622
28.11291822
28.20037011
28.28742253
28.29190035
28.32947559
28.36746063
28.37765231
28.56359082
28.60362467
28.68259133
28.72038366
28.87490563
28.90815116
29.00388233
29.12563830
29.25183741
29.42076057
29.43156129
29.46419784
29.46956338
29.47024672
29.58604931
29.62971628
29.65148367
29.67104882
29.81047010
29.81230294
29.96358081
29.99205121
29.99468523
29.99703313
30.05651266
30.18186695
30.34695660
30.39843629
30.60918749
30.62314716
30.66861263
30.70875781
30.81352857
31.00708490
31.22485349
31.25141701
32.03114803
32.05974642
32.07742299
32.10893273
32.14026168
32.14747714
32.15043571
32.16886563
32.18075313
32.19156686
32.20927104
32.24819076
32.35878723
32.36740020
32.37382389
32.38559371
32.40083489
32.45600509
32.47707018
32.65364547
32.85967011
32.93060703
32.97366551
33.15107320
33.20096524
33.20229375
33.37553600
33.39630989
33.42004796
33.49054371
33.66661932
33.79268122
33.82785214
33.95896780
34.21422210
34.22397259
34.26352525
34.28863166
34.29142186
34.30230772
34.33884288
34.43348363
34.51205591
34.60555172
34.62386720
34.67596666
34.70785468
34.74740124
34.76534376
34.77196244
34.88444919
34.93461323
35.00973594
35.06186006
35.20773615
35.23634512
35.26303874
35.27926626
35.41788324
35.45901651
35.76874906
35.81883897
35.82854086
35.84972136
35.85996523
35.88086725
35.89273355
36.05573129
36.14148389
36.16107603
36.21836927
36.22737101
36.32459558
36.39812450
36.43715194
36.52970440
36.57154091
36.59620203
36.69616977
36.72906018
36.74264969
36.90499888
37.15205334
37.16271740
37.25554226
37.37127942
37.40048795
37.45721524
37.45771307
37.50975410
37.62295577
37.67468687
37.71821680
37.73017133
37.73727539
37.81338127
37.82310401
37.83237745
37.85540877
37.98574637
38.02354825
38.07165057
38.47223995
38.59649160
38.62345242
38.63215359
38.63839527
38.77551943
38.87114848
38.87833270
38.89378782
38.98790402
39.08184320
39.08513849
39.24809166
39.39947533
39.45533753
39.48899470
39.50525281
39.57768257
39.76301108
39.76674640
39.79696454
39.93942841
40.19362949
40.46623965
40.54475559
40.71261187
40.73749468
40.73916586
40.98569659
41.08079704
41.14531043
41.22895553
41.64418667
41.78756629
41.79265936
41.81545756
41.90053659
41.99065529
42.25493081
42.26121287
42.40822245
42.41811052
42.62177237
42.67932635
42.70764960
42.73827097
42.79178832
42.82852874
42.92585159
43.05473660
43.10220793
43.36940980
43.39058967
43.42545091
43.52834301
43.59865183
43.60019488
43.86328230
44.04015661
44.32646993
44.32757545
44.35647805
44.53291347
44.60219234
44.74301048
44.83954070
44.85131041
44.87898052
45.05337069
45.10045089
45.23612264
45.28342800
45.31624531
45.37471222
45.39894774
45.40349874
45.52744131
45.58604062
45.71006711
45.71602582
45.77859710
45.83055472
45.97774169
46.06740744
46.12993477
46.29744821
46.39866865
46.52528712
46.73403967
46.74131147
46.75949844
46.76320107
46.80679718
46.82939500
46.84217225
46.84317235
46.86509093
46.92812205
46.95620863
47.05666875
47.16928865
47.20743690
47.20874916
47.27095845
47.29989726
47.37934297
47.43005012
47.52059253
47.52606904
47.54456891
47.67989514
47.80532971
47.94637277
47.97304789
48.03415085
48.26383146
48.38658280
48.57029325
48.61230565
48.73315329
48.77303631
48.78856592
48.92810024
49.46042011
49.50670091
49.73832704
49.88023615
49.92201543
49.94864026
49.96597933
50.08782593
50.15796359
50.27806458
50.29817408
50.32634240
50.37047839
50.41343827
50.42028987
50.65715426
50.78568480
51.00705712
51.01081078
51.01494325
51.01800633
51.16774139
51.18608539
51.22585919
51.23780120
51.24587904
51.34002269
51.60189888
51.60284392
51.65630007
51.70562377
51.85485764
52.02852981
52.14406088
52.16391416
52.38270413
52.52841887
52.57995830
52.85834367
52.87782513
53.04560033
53.12273863
53.19688175
53.19738003
53.34535855
53.60789996
53.62924698
53.62961656
53.63039987
53.67289170
53.68234226
53.69601317
53.92837092
53.97999985
54.05760856
54.10390882
54.13800543
54.20592795
54.25876706
54.30595262
54.40344090
54.52603043
54.75536140
54.84292829
54.88490331
54.94196706
55.03805404
55.14928683
55.17407641
55.29634289
55.34791785
55.35014257
55.48007840
55.51911092
55.58002926
55.65021318
55.65544924
55.83589947
55.98527960
56.00642109
56.05027623
56.07362981
56.15176326
56.18325389
56.34382791
56.35112828
56.57086168
56.69504800
56.69952747
56.72429940
56.74454581
56.81387979
56.88179660
57.02559445
57.12338507
57.17784346
57.27586888
57.29244646
57.34197892
57.35656313
57.39293570
57.43202666
57.43986846
57.51397772
57.68187002
57.72854215
57.75738763
58.06247987
58.22793811
58.24950702
58.55007050
58.59366630
58.65359357
58.69773616
59.01680385
59.14355464
59.17162383
59.17840871
59.21833532
59.34990525
59.37914426
59.43860569
59.53227697
59.54478750
59.57890451
59.59044946
59.75747333
59.76579428
59.79787801
59.80201502
60.14703810
60.21900750
60.24264337
60.35534140
60.52883799
60.55347010
60.59746963
60.78712606
60.79711191
60.90187146
61.10488834
61.15271973
61.15819454
61.21745987
61.23549715
61.27293412
61.31335812
61.32693224
61.41048972
61.49516903
61.61270734
61.67112789
61.68870323
61.98059872
61.98980481
124.00000000
