0.08072273
0.14209152
0.25003070
0.36761957
0.38256572
0.62753840
0.69091415
0.69313612
0.80212570
0.91802480
1.22057306
1.23765420
1.30826299
1.35301876
1.42194076
1.56052553
1.56313570
1.75198622
1.92215401
1.93758706
2.13934623
2.22155209
2.27545228
2.60902473
2.65774550
2.76195188
2.98059418
3.02810330
3.08749622
3.14218830
3.26892963
3.37142949
3.38228527
3.40556250
3.63489975
3.65559339
3.71446211
3.78813683
3.81907892
3.83013062
3.85271519
3.95816562
4.04650959
4.11310283
4.20328639
4.25200529
4.25368290
4.36400538
4.40871669
4.41789089
4.66938821
4.67342279
4.96238862
5.08461093
5.35928619
5.43500486
5.45094638
5.65191600
5.72173040
5.72223952
5.78453681
5.83315874
5.86396693
5.89631419
5.94571281
5.95982430
5.96195045
6.36044023
6.43313517
6.47153512
6.48451413
6.54010945
6.58744623
6.61230936
6.70012958
6.82492554
6.87675247
7.03735984
7.16220322
7.17654974
7.30642923
7.55844425
7.75725480
7.80496154
7.93471495
7.96514799
8.17095524
8.18727865
8.24711825
8.51504822
8.53242588
8.53992412
8.55097520
8.59416881
8.79722218
8.85283874
8.93060651
8.97922568
8.98308713
9.04302374
9.16756715
9.20456709
9.23085877
9.29992781
9.36092803
9.44115264
9.52384061
9.54535490
9.66256416
9.69934941
9.72285298
9.85035445
9.86846249
10.02214051
10.03428697
10.14947850
10.27351332
10.42584659
10.45997089
10.54554727
10.73252508
10.82256749
10.90176015
10.93335715
11.07045843
11.18034276
11.26544330
11.34185989
11.50440709
11.51916413
11.55200099
11.56468879
11.73367273
11.74868692
11.86792350
12.03982501
12.23342075
12.24143659
12.24206789
12.42169723
12.44395294
12.57087569
12.71932704
12.72924141
12.81523923
12.92590601
12.95157152
12.99573102
13.23349044
13.42593803
14.12627487
14.21527862
14.36477012
14.50000564
14.51838024
14.73283674
14.77294154
14.77297546
14.80026931
14.83634746
14.88803910
14.92928263
15.14079301
15.14862360
15.25343951
15.29988934
15.43553327
15.45312493
15.57871709
15.59113623
15.63237462
15.70640985
15.80103577
15.88010291
15.89462790
16.01489529
16.03079795
16.07151617
16.08174188
16.08568271
16.10903446
16.13041750
16.18733160
16.30935007
16.35819231
16.52534153
16.57924740
16.70711234
16.72335972
16.76733160
16.77759117
16.85803078
16.95685938
16.96125486
17.01086499
17.09613951
17.16653794
17.26263225
17.47772883
17.47838682
17.48822316
17.64657061
17.72569361
17.76464447
17.78421145
17.85000038
17.86776857
17.87997176
17.92010469
17.92796439
17.93516530
18.11948290
18.12116631
18.14577743
18.15834559
18.16813610
18.25303781
18.38452530
18.46347262
18.55005570
18.79005082
18.93607232
18.99656250
19.04741504
19.05990147
19.19207373
19.19841445
19.20459086
19.21705214
19.59716614
19.62660559
19.62965323
19.67983521
19.71542749
19.73705139
19.83114476
19.96627139
19.98275877
20.10779263
20.11343488
20.18280834
20.29375034
20.32874898
20.37309752
20.54735252
20.55195028
20.78982979
20.91004561
20.91338252
21.09019591
21.14184158
21.23392008
21.31386912
21.46326732
21.52220451
21.61611013
21.73906396
21.82763471
21.95182498
22.20496653
22.35402840
22.39506270
22.44170343
22.49359398
22.62803011
22.65828855
22.66668288
22.73267392
22.76021635
22.77203167
22.88509253
23.00625538
23.01026580
23.03254403
23.24081884
23.26072091
23.36993962
23.41530067
23.51643944
23.52709516
23.55176555
23.64301892
23.75790230
24.03597139
24.10799744
24.13001992
24.37999608
24.40561200
24.64708476
24.66668587
24.92147886
24.92456242
24.94147139
24.99590893
25.06122716
25.08020203
25.08203804
25.20977009
25.29161167
25.36472763
25.42151680
25.42272731
25.55266847
25.56346897
25.69971818
25.71245283
25.77270749
26.06298440
26.07299618
26.08414127
26.09940192
26.71371007
26.73763038
26.97813554
26.98603849
27.03453146
27.10205787
27.16769573
27.18332869
27.20363723
27.24356088
27.28619230
27.35766418
27.41215853
27.59272209
27.62225395
27.64432059
27.68900457
27.82364167
28.00336482
28.04642923
28.16177621
28.20400880
28.28882029
28.37573302
28.43057733
28.47747399
28.51017103
28.82270067
28.83435632
28.87210879
28.88337826
28.88791700
28.90384678
28.97890758
29.10989070
29.11502114
29.13320713
29.13598960
29.15944588
29.21013195
29.24491469
29.62403856
29.63035467
29.66579233
29.76377501
29.80660119
29.88716473
29.89787073
29.91525326
30.22950589
30.23722197
30.27593702
30.29942524
30.30023027
30.34879469
30.35260831
30.42371706
30.66137319
30.71786595
30.86416066
30.91560369
30.93949315
31.11318316
31.11802933
31.20699352
31.32761154
31.42754765
31.61462881
31.62180891
31.62543828
31.77752297
31.99688907
32.06830521
32.36688404
32.43074815
32.54098748
32.55893059
32.62175281
32.73877574
32.84117478
32.87566329
33.00649397
33.18370543
33.34370344
33.46321963
33.51073677
33.51691592
33.52086489
33.57583649
33.58598394
33.58843612
33.64118209
33.65749311
33.73779740
33.76540965
33.84486739
33.94731817
34.00082954
34.00749948
34.08659916
34.15125304
34.18143056
34.22228179
34.24093214
34.38408971
34.40294045
34.47564992
34.48621785
34.59276172
34.65150625
34.70785468
34.76545042
34.85734043
34.89244128
34.92451025
35.05421057
35.44526943
35.60460133
35.66578276
35.87356558
35.92381887
35.92542482
35.98041191
35.98204690
36.13876756
36.16394555
36.25354806
36.39129880
36.59987965
36.75009038
36.77820831
36.82666157
36.85308563
37.10782090
37.10895713
37.16069480
37.25451880
37.53891804
37.69918098
37.69992797
37.78915360
37.78934276
37.81412697
37.84097830
37.84357473
37.94298866
38.04243741
38.10051673
38.36833900
38.40907534
38.41582215
38.64127614
38.75666006
38.76285869
39.13868132
39.15168676
39.20692158
39.26311614
39.34482452
39.34659059
39.52343360
39.52448632
39.55317129
39.66755808
39.95354305
39.95658695
40.01029054
40.03409227
40.09038411
40.09195387
40.14158175
40.15062600
40.24181643
40.52217227
40.65355973
40.72960804
40.90287022
40.94835361
40.98205441
41.04885970
41.11413862
41.45759113
41.57670390
41.76970327
41.92555094
42.09895051
42.14986333
42.16313262
42.19351983
42.20127179
42.30406322
42.52371641
42.52901727
42.54789048
42.55235609
42.56467167
42.56845766
42.60018607
42.69282163
42.70710018
42.75361611
42.88783765
42.95437795
43.00487341
43.04642891
43.24696060
43.34078600
43.39319637
43.70298966
43.82094838
43.91336457
43.95713108
43.99698749
44.04393108
44.16398621
44.20084759
44.34618171
44.46686650
44.50855839
44.57056222
44.72110737
44.78140174
44.83171068
44.97753095
45.15732353
45.16242397
45.39809471
45.45666894
45.49013169
45.54010549
45.54316461
45.72514058
45.74230732
45.77976712
45.83306938
45.90882582
45.93724746
45.97774169
46.00940988
46.01446731
46.07139521
46.07719129
46.10313265
46.26088010
46.37647831
46.48000879
46.69296924
46.73628104
46.77568517
46.85979707
47.06108783
47.06998787
47.15400916
47.21513901
47.23980434
47.29876169
47.41969714
47.53300025
47.74800482
47.83212694
47.97042975
48.08835842
48.12560423
48.16213642
48.22860397
48.27668152
48.33789191
48.35980439
48.63174688
48.63828528
48.70143950
48.72020703
48.82908227
48.85019390
48.92452030
49.02229870
49.04926382
49.17946122
49.23853063
49.27152253
49.34699994
49.40064679
49.44954148
49.46353299
49.62348451
49.62352662
49.69067375
49.73584710
49.77388619
49.79517723
49.88956818
50.00090261
50.14910494
50.26424330
50.30484399
50.75436776
50.76610227
50.81400875
50.91385095
51.01669132
51.05787859
51.13045146
51.15810802
51.43384507
51.61373187
51.64897148
51.67098996
51.70930650
51.80037588
51.86728220
51.93706959
52.02127281
52.03432137
52.09780361
52.11100446
52.13359549
52.23164617
52.40026817
52.41607861
52.57957673
52.60674356
52.63677620
52.92539639
53.00397250
53.02191275
53.07660270
53.11927592
53.33375809
53.35887038
53.35945358
53.62754181
53.68815435
53.75111784
54.00264323
54.02159717
54.04751723
54.06438518
54.10390882
54.12088153
54.19443535
54.22082905
54.43983779
54.45401050
54.54210203
54.73464747
54.81661983
54.81829394
55.00829229
55.16834809
55.18863647
55.20866900
55.27526135
55.61826991
55.74329637
55.83300230
55.84683899
55.89882346
56.08258336
56.22780171
56.27818338
56.33262023
56.36749094
56.65908613
56.74746298
56.96207967
56.97586178
57.06058112
57.15213078
57.16450845
57.18405402
57.52504067
57.74108409
57.76043506
57.90010457
58.01200600
58.17901203
58.27409392
58.46945002
58.62411694
58.70074199
58.74361203
58.78626149
58.82125451
58.83911768
58.95447493
59.19266516
59.19581362
59.22746150
59.26213803
59.30736012
59.35822033
59.35962151
59.35999815
59.36543199
59.37791991
59.75664719
59.78720293
59.86011782
59.91713530
60.12433951
60.12657198
60.22352419
60.56840182
60.70020443
60.71484938
60.76364028
60.92337146
61.11315036
61.15819454
61.23835197
61.28890918
61.46927064
61.53934190
61.57782107
61.59418130
61.67876494
61.82526629
61.88095014
61.92700742
61.93807373
61.96343805
124.00000000
