0.00804781
0.08460222
0.19035874
0.22495015
0.28276505
0.32205485
0.51610018
0.59465313
0.83167815
0.92249833
1.15199343
1.22365764
1.36984186
1.37145341
1.40761332
1.42906968
1.47593218
1.60224346
1.64205749
1.67972120
1.75198622
1.80884359
1.98332645
2.04460330
2.05223306
2.14244231
2.30562683
2.38595243
2.66934452
2.73011843
2.78564056
2.81696545
2.86204703
2.94012872
3.00850835
3.13198145
3.21989744
3.35866644
3.38570001
3.52105109
3.56555832
3.67633075
3.76292505
3.79297969
3.80545727
3.82738776
3.90498281
4.17929186
4.35851515
4.37941717
4.41627152
4.45177034
4.47381281
4.56693020
4.67392419
4.71906332
4.72746580
4.80135526
4.96568541
5.07550556
5.23148606
5.25693929
5.25831558
5.27259173
5.30934290
5.37990240
5.77053430
5.92754370
6.10491228
6.25677697
6.31053738
6.42276597
6.45490856
6.57305215
6.69645172
6.71678450
6.74641924
6.79682004
6.99168633
7.05106808
7.18114186
7.37374159
7.40734512
7.47269508
7.55274780
7.75861470
7.79827749
7.96661016
8.01349012
8.18067270
8.24858439
8.33102517
8.33651451
8.46759161
8.48029611
8.72677146
8.78414816
8.79803749
8.90654225
8.91357604
8.97396066
9.04307883
9.07519022
9.07968076
9.08880185
9.15578564
9.21799629
9.46147919
9.55103234
9.61393696
9.95760621
10.30708652
10.37483607
10.66429641
10.68135570
10.85172831
10.91334832
11.02500619
11.12375328
11.13842328
11.17277463
11.23220016
11.43785450
11.54046150
11.60671948
11.74991490
11.75260992
11.77035081
11.77654100
11.81761028
11.98225759
11.99854548
12.09385166
12.12197759
12.49084321
12.55935907
12.62620839
12.84575132
12.86527018
12.89264941
12.99767015
13.03248176
13.10776940
13.13409623
13.18577274
13.18776264
13.30480233
13.53350081
13.65981796
13.68721749
13.74486644
13.81962129
13.81968630
13.95656499
14.00777825
14.01885309
14.12206922
14.20571105
14.23191002
14.24950292
14.33130281
14.43356347
14.51895559
14.53213335
14.56703385
14.83068169
14.83115479
14.93573858
15.02534783
15.02753474
15.08073405
15.20263347
15.21910833
15.32000719
15.36067434
15.38798112
15.42111840
15.42579377
15.56657909
15.59530179
15.65309606
15.66817279
15.68305274
15.70453906
15.73152346
15.73632574
15.75852019
15.83435004
15.85479407
15.86847142
15.87372980
15.89174369
15.96867893
16.07617041
16.09539764
16.14954109
16.35603304
16.43503121
16.54426792
16.55589612
16.64187325
16.77564297
16.83616626
17.02436421
17.30701438
17.33670532
17.44014317
17.61289824
17.64099592
17.94519603
18.00965592
18.01770675
18.08748460
18.15038532
18.19219993
18.20637768
18.29548636
18.34971813
18.37141692
18.38814474
18.44831457
18.63706994
18.64474978
18.90949741
18.93772332
19.08255595
19.12091119
19.18671282
19.19403949
19.25659846
19.48920545
19.49106764
19.50159588
19.56970315
19.68016864
20.11854370
20.14024095
20.23930962
20.48727727
20.57486431
20.62835222
20.65850889
20.67337161
20.72005417
20.78316120
20.78435249
20.80796827
20.82232317
20.84110595
21.01193447
21.03961329
21.05679521
21.29969221
21.67437457
21.68836744
21.81914929
21.88623422
21.90033933
21.90332100
21.91793547
22.20988556
22.27389131
22.31627092
22.42319744
22.46281486
22.49528968
22.76118092
22.81031605
22.94210913
23.03043562
23.27320135
23.32241054
23.40559980
23.46667250
23.47689516
23.53570806
23.69801059
23.76824729
23.79301326
24.07259984
24.10688850
24.13678411
24.24282747
24.29291414
24.33646000
24.48278280
24.52705225
24.58198158
24.65917019
24.75796484
24.77847717
24.83934272
24.86525705
24.88881368
24.99793938
25.01866783
25.05883537
25.11651622
25.13209975
25.54223700
25.54338884
25.60683370
25.64665899
25.66646600
25.84090910
25.85333378
26.13702964
26.19964594
26.25755177
26.53978866
26.57772022
26.79953165
26.96682474
27.12964351
27.14365111
27.17073985
27.18605671
27.33383618
27.41215853
27.61185301
27.80011208
28.05732417
28.07929850
28.10613604
28.22579397
28.24551530
28.35262988
28.46885749
28.55763563
28.57326168
28.65312538
28.96220001
29.01626482
29.08359561
29.08618719
29.24816696
29.26439768
29.27355884
29.27935805
29.45049648
29.50627054
29.56122998
29.67129792
29.84520042
29.95410688
30.07953938
30.08325084
30.37755426
30.65387759
30.67144477
30.68836930
30.72609596
30.75338225
30.82934360
30.86595130
30.91074453
30.93949315
30.94634665
30.96599420
30.99670689
31.00310982
31.08177553
31.08579373
31.10054127
31.18572544
31.25897948
31.48471975
31.52011293
31.76198859
31.88294599
31.95478529
32.01194722
32.01231233
32.01479339
32.10566331
32.16226387
32.17746049
32.18184893
32.44116538
32.49180573
32.51213904
32.54098748
32.73771967
32.83686533
32.85026138
32.89343413
32.99715782
33.13517393
33.25625662
33.34150758
33.37306497
33.41477473
33.49247751
33.61787861
33.62372346
33.65960409
34.06670736
34.13602613
34.25363240
34.43982190
34.45764233
34.60427576
34.62888384
34.74110575
34.93592333
35.02204695
35.34420487
35.43554080
35.44977144
35.49834012
35.53900893
35.62427451
35.88084423
35.91731246
35.93676964
36.07466745
36.09699556
36.14642166
36.17838092
36.19703442
36.32673230
36.39598365
36.39803866
36.43611292
36.47332686
36.55013021
36.60772120
36.76948902
36.77074679
36.94625406
37.04174463
37.06877180
37.11541393
37.19394072
37.36239186
37.36704095
37.41861768
37.55235250
37.56183163
37.90477325
38.05811144
38.19783109
38.22838840
38.47023002
38.50034997
38.51519612
38.62182706
38.74699077
38.76285869
38.78085805
39.04411183
39.09729067
39.10610640
39.19843436
39.20561105
39.36129236
39.49004763
39.56480055
39.57598674
39.59238997
39.59952309
39.64704795
39.84986017
39.87129167
39.91031184
40.01261439
40.05870611
40.27632690
40.49608682
40.52217227
40.57451640
40.60411872
40.61348350
40.62939391
40.72810635
40.77498910
40.81779451
40.84737671
40.93264166
40.98800257
40.99561391
41.02390566
41.16649734
41.18848150
41.19108579
41.22782513
41.47332585
41.48179948
41.60404147
41.82895902
41.87366540
42.01194829
42.11506518
42.37182673
42.40687203
42.42972630
42.53584414
42.54299475
42.64654435
42.77120905
42.82066305
42.97978177
43.10268762
43.12554834
43.12858926
43.21891120
43.41148198
43.49230210
43.51965948
43.64587776
43.69791759
43.69848845
43.71968506
43.72171589
43.75563038
43.78155973
43.81995320
43.89109107
43.95337015
44.08880977
44.23390220
44.40402754
44.47775480
44.59238980
44.62863209
44.64411476
44.68382897
44.81621609
44.90700238
44.93336618
45.00846125
45.04621580
45.04779026
45.05722382
45.20313404
45.28342800
45.44588570
45.44924839
45.59521664
45.68649871
45.74112716
45.77484199
45.82349408
45.99691912
46.12877807
46.23881819
46.25004945
46.32469632
46.53682369
46.64493904
46.74446445
46.81444351
46.87989498
47.02988775
47.03923910
47.20784272
47.23435079
47.32266402
47.36826063
47.68883778
47.73231932
47.78347714
47.89368836
47.92226075
48.00499493
48.14016426
48.16040693
48.24220563
48.24665294
48.28459376
48.29829999
48.30173766
48.30960789
48.39753750
48.43214666
48.70310376
48.70456285
48.80974990
48.85863723
49.11461218
49.18660431
49.33057086
49.44386867
49.62086884
49.65147142
49.76041835
49.78204332
49.80215622
50.37909145
50.61893309
50.64851679
50.95320013
51.12871587
51.25429988
51.51937719
51.72275954
51.78459113
51.84960925
51.85615431
51.91093779
51.92554932
51.99935108
52.32744507
52.49335449
52.63525447
52.67420627
52.78980573
52.78990936
52.81910118
52.93444937
53.04455109
53.10955399
53.27142172
53.31154442
53.34492518
53.51349869
53.60567745
53.64757164
53.67127883
53.86068482
53.86518948
54.14676293
54.25128782
54.37980735
54.47800029
54.47926265
54.73966005
54.80623801
54.81599167
54.82800609
54.83681443
54.91723985
55.11925342
55.44546671
55.45343565
55.45430227
55.47315550
55.64594624
55.71986650
55.79928626
55.82463268
55.83955575
55.89572381
55.97080926
56.07258133
56.08837220
56.43916549
56.45265909
56.61062016
56.71756362
56.86368603
56.96022565
57.09974512
57.18987470
57.33429116
57.34325342
57.38895287
57.43365744
57.48092623
57.51312202
57.72648862
57.73034241
57.83641063
57.88112903
57.91963197
58.02027493
58.09167331
58.09862346
58.14683159
58.15229503
58.29252559
58.41785162
58.47038260
58.49922617
58.70956661
58.74723273
58.78086451
58.93434598
58.97894189
59.13942187
59.21087615
59.38397405
59.43305179
59.46927508
60.07282845
60.08336621
60.48699702
60.50541713
60.56651253
60.65637705
60.66067246
60.68329769
60.69599557
60.86269035
60.90376645
61.16059995
61.45280004
61.47223453
61.59741748
61.60368540
61.77165543
61.84268715
62.03540465
62.03898790
62.05694704
124.00000000
