0.00788234
0.09317588
0.13255512
0.18262398
0.39746753
0.43361590
0.45748862
0.48003706
0.52535925
0.52831612
0.59628077
0.65756226
0.71524927
0.77824225
0.78219795
0.80384864
0.80602508
0.84383970
1.00129344
1.01610373
1.08576476
1.11290864
1.17114155
1.28523224
1.29934945
1.36932721
1.46254503
1.56323533
1.63018907
1.71891980
1.98887579
2.04566248
2.05349201
2.08662492
2.15827776
2.19457954
2.22585034
2.42700546
2.57656815
2.60040751
2.73665536
2.99074534
3.12837332
3.16464504
3.19090024
3.38497381
3.40892489
3.41374333
3.57919229
3.63577431
3.70581119
3.74936805
3.87087741
3.93753978
4.02194063
4.05777733
4.15068939
4.23464518
4.27675657
4.30987644
4.40975127
4.64009957
4.72649044
4.81148673
4.92989902
4.93585341
5.07813722
5.16810583
5.41560014
5.47057055
5.56763006
5.64266545
5.73063085
5.77935100
5.83182965
5.87904278
6.09245411
6.25038694
6.34296045
6.35386423
6.46762315
6.54179786
6.65390424
6.74428453
6.84315280
6.88121693
6.89289554
7.05898475
7.11842296
7.14220692
7.35797829
7.41921187
7.46304432
7.52582090
7.55771967
7.87063320
7.95438672
8.02576945
8.11904907
8.16008904
8.27693857
8.35403995
8.86390833
8.91164355
8.91788219
8.96996351
8.97638028
9.12896974
9.17180664
9.18324988
9.29685739
9.42680328
9.68775886
9.76086155
9.76915984
9.93955029
10.17328696
10.21283310
10.49703751
10.65977684
10.71053507
10.77457445
10.83402086
10.84994910
11.03959158
11.19512802
11.23665250
11.41053333
11.41668122
11.49072343
11.64913721
11.67366911
11.73103967
12.01364882
12.09172913
12.11093660
12.13705839
12.32167247
12.34679665
12.34835670
12.55569067
12.60696224
12.61066070
12.68970231
12.74158192
12.87574207
12.88856428
12.92656627
13.03792522
13.05430082
13.14588318
13.17690618
13.23452566
13.26377406
13.34363285
13.56111681
13.63461192
14.06405689
14.12027595
14.20085953
14.27785253
14.51838024
14.55543417
14.65219722
14.74654795
14.76801628
14.86720444
14.96421097
14.99204281
15.04640242
15.12424771
15.24076713
15.30763912
15.39054179
15.60339692
15.61477467
15.66881251
15.70100155
15.72972967
15.82287785
16.06310475
16.33199169
16.43666652
16.47094309
16.53256561
16.63517120
16.63991692
16.75621657
16.80744768
17.07048476
17.29373116
17.33422547
17.50022481
17.51335889
17.53291856
17.55742047
17.56295922
17.66334651
17.69667964
17.85392105
18.00171869
18.03411657
18.04385949
18.04715171
18.43871706
18.45461213
18.49088662
18.78043884
18.98097699
18.98125717
19.40009112
19.41427059
19.46473871
19.47580951
19.58595768
19.59621332
19.68193238
19.73669289
19.77022785
19.77570236
20.17193722
20.22620120
20.29856871
20.33308587
20.36166125
20.46381557
20.48132461
20.56902053
20.61646033
20.75069545
20.77386232
20.90384383
20.96007200
21.06674305
21.26458024
21.47019719
21.66106472
21.79411270
21.82033109
21.86232270
21.87219932
21.90018417
21.96228981
22.03490319
22.28245402
22.35185634
22.48461802
22.59618708
22.74581780
23.02948771
23.08121923
23.10708989
23.13726476
23.18582138
23.22608461
23.29905217
23.32052864
23.44244888
23.48765894
23.61087791
23.62441404
23.64568806
23.93761375
23.94679189
24.03357821
24.09598050
24.13101716
24.22464737
24.40616767
24.47524374
24.47600899
24.48715250
24.55150661
24.64286690
24.70587407
24.84490623
25.03297492
25.05830490
25.31255170
25.37203573
25.38658966
25.62646860
25.67149269
25.71476301
25.71611456
25.81261187
25.84696714
25.84709997
25.84838640
26.03353469
26.03734471
26.04837864
26.33780827
26.46663815
26.47383787
26.49922106
26.57447873
26.58934298
26.60583089
26.71191141
26.93521337
27.02169562
27.03999222
27.08009575
27.15285192
27.15839075
27.16001580
27.16378076
27.17516388
27.19980351
27.47011860
27.50624117
27.53647168
27.58430700
27.68900457
27.94995386
27.95013468
28.11101831
28.15835704
28.38298187
28.39217517
28.42567122
28.61755392
28.68359703
28.72398805
28.75402105
28.75803604
28.87490563
28.91882684
29.01489583
29.06536086
29.14894655
29.16729408
29.17932947
29.30645786
29.32898238
29.39893393
29.47024672
29.55394395
29.69761247
30.22677932
30.25001329
30.35506177
30.41751385
30.44921562
30.50630233
30.51182640
30.52268231
30.52425223
30.60371166
30.61090809
30.78187799
30.78363224
30.83867613
30.87238081
30.88865735
30.91686439
30.95048621
31.05595947
31.07152765
31.07202506
31.21182105
31.26168994
31.29980723
31.36398248
31.40189545
31.58938646
31.77979770
31.79094219
31.86769051
32.03183833
32.04625770
32.12394578
32.13907991
32.23944861
32.37023510
32.40578534
32.40654734
32.46902743
32.54376713
32.55708826
32.63997911
32.64523670
32.76026089
32.85201389
32.86195357
32.89633649
32.91978414
32.93203102
33.07224836
33.20692689
33.24245212
33.38989659
33.51815052
33.75838991
33.83284476
33.92857121
34.18187119
34.38408971
34.60890650
34.69893023
34.83243960
34.84214746
34.89753086
34.90313957
35.09721946
35.12873660
35.39728194
35.70234236
35.74425350
35.79986967
35.80358840
35.83965523
35.87234211
35.89163554
36.30956992
36.34442006
36.36120555
36.45556468
36.47445688
36.57570805
36.66459494
36.70371720
36.95248793
37.13143834
37.14931859
37.28242913
37.32219807
37.33025795
37.37268856
37.42253428
37.42392543
37.43051100
37.61424182
37.64129457
37.73358330
37.76732912
37.89854167
38.10040621
38.12830370
38.13420291
38.18881319
38.24571445
38.51529757
38.62969921
38.65013295
38.84706039
38.91262652
38.93532558
38.98135107
39.02670204
39.20506368
39.36365709
39.42084748
39.58212227
39.70210636
40.11178064
40.11539446
40.21257296
40.32575766
40.42064119
40.42694333
40.64479550
40.66411702
40.67162981
40.75654364
40.81052613
40.81720496
40.83238465
40.84737671
40.87091022
41.15011700
41.17369078
41.33932311
41.36108632
41.46813127
41.46880097
41.47969541
41.66313639
41.72636184
41.76493653
41.76748078
41.79695874
41.90661460
42.19351983
42.22973157
42.45824504
42.47783071
42.48484407
42.53106937
42.62992987
42.68278195
42.75714268
42.76059110
42.89744043
43.11347445
43.17392870
43.31321658
43.43552933
43.53915696
43.60016637
43.63564232
43.68089236
43.72085671
44.02101037
44.03565728
44.24037032
44.30287456
44.32266248
44.50362108
44.56555146
44.64257500
44.67643526
44.70193038
44.72657823
44.72968238
44.90169366
45.05573112
45.21409052
45.24428423
45.47735139
45.55148171
45.68560250
45.95914505
46.03990876
46.04483045
46.10365385
46.31896603
46.35216957
46.42043222
46.46854102
46.62675203
46.76779233
46.80074964
46.84517590
46.88299197
47.18553850
47.21514814
47.22440967
47.31746060
47.60049879
47.89512429
47.95888793
48.07225713
48.20726366
48.26175038
48.36030901
48.38151166
48.46899518
48.56641608
48.57644774
48.88883346
48.98401284
48.99274081
49.12639782
49.16416502
49.17744467
49.35493752
49.45663617
49.47226211
49.58630516
49.62454711
49.67119994
49.78223470
49.89131146
49.91361658
50.08835789
50.25627961
50.28311045
50.36497863
50.40209166
50.52997111
50.53196690
50.67056120
50.72856115
50.75831806
50.79909999
50.85288380
50.91385095
50.94741533
51.01908328
51.05875001
51.10452983
51.16141165
51.40680579
51.48459652
51.53641443
51.67836132
51.74799117
51.82898082
51.88238934
51.89087816
51.93706959
52.11716149
52.14183024
52.15482136
52.16919950
52.17868690
52.27071953
52.29712197
52.32315885
52.33082034
52.34384681
52.34609207
52.39240171
52.46470271
52.50690917
52.51675687
52.54823754
52.57608057
52.70647622
52.74200181
52.75587010
52.78234020
52.91150447
52.95312698
53.28442885
53.30943450
53.45698946
53.59944849
53.79049753
53.81712145
53.96787693
54.19265971
54.20257113
54.20292904
54.20592795
54.25955228
54.34854949
54.39434736
54.43498951
54.48267256
54.49908392
54.51727335
54.52018206
54.68793025
54.71528681
54.79043327
54.83261478
54.87487105
54.87652041
54.89999631
54.90863958
55.09192109
55.22422036
55.37626950
55.38530033
55.40446735
55.47758946
55.50874334
55.57560262
55.59475241
55.61506388
55.75360335
55.84544102
55.97238643
56.04300329
56.05421074
56.34328720
56.47912165
56.48403781
56.56139930
56.66934662
56.68889787
56.69072451
56.76169160
56.96801264
57.05587366
57.08380053
57.24957453
57.27428280
57.31691507
57.39158078
57.41289708
57.46474760
57.66315711
57.68863839
57.82402138
57.88167004
57.93593287
58.04146770
58.14177602
58.32601390
58.45305962
58.56078125
58.60262190
58.61963176
58.62976392
58.63018853
58.81060933
58.81153324
58.89552621
58.95722742
58.96890890
59.00201980
59.06251033
59.23462343
59.39302401
59.56190006
59.60293740
59.68102072
59.72826033
59.86127813
59.98714908
60.17316652
60.35527125
60.46345858
60.50756747
60.66537367
60.90808387
61.11229408
61.12566726
61.12600623
61.12711379
61.19854847
61.20095100
61.38438447
61.48308583
61.67112789
61.77181712
61.78690834
61.80307002
61.84696831
61.90163048
62.00262906
124.00000000
