0.02565472
0.33571995
0.60485348
0.78355490
0.80665507
0.84953614
0.85442882
0.87983390
0.89711419
0.90887321
1.02711708
1.07904727
1.08240200
1.12700207
1.33911071
1.35071827
1.42619691
1.47729899
1.56635454
1.58619607
1.68374315
1.74944051
1.86368235
1.94599094
1.99097670
1.99305805
2.01393865
2.02251348
2.13721651
2.41821746
2.51147088
2.52430836
2.53431618
2.53610019
2.61101723
2.64400068
2.71722131
2.72055214
2.73981965
2.84504442
2.84666397
2.94405484
2.98059418
3.01112605
3.04502453
3.12983941
3.13734712
3.33294507
3.37908008
3.38927506
3.39922575
3.41167750
3.42663504
3.57344686
3.62317487
3.68617296
3.84095530
3.85295730
3.88062604
3.91086298
3.93757812
3.94495915
4.11411139
4.12582708
4.13351968
4.16228300
4.17274086
4.20905464
4.21232341
4.27737599
4.28611978
4.30583541
4.35008194
4.45485562
4.66660668
4.70871466
4.85095445
4.89375147
5.17288878
5.75836314
5.76468435
5.78502422
5.78766130
5.86673522
5.92696848
5.97548701
6.09077108
6.41537326
6.51595518
6.55997122
6.60997481
6.79469059
6.83406662
6.87044728
6.96946935
6.97623196
7.16619604
7.21295418
7.31964527
7.33461923
7.41766647
7.48385807
7.48631730
7.52050773
7.54139345
7.69418360
7.86586245
8.15684457
8.22627194
8.25429456
8.26053209
8.45076867
8.96381381
9.03736989
9.16730721
9.36178860
9.37319842
9.52331747
9.62220636
9.66297048
10.21307944
10.37572750
10.41351280
10.41941933
10.54554727
10.64704712
10.66454369
10.79346449
10.83376893
10.84750385
10.99583050
11.01550780
11.01869965
11.22679483
11.36612293
11.45855178
11.56900225
11.58914752
11.61999407
11.71775379
11.90217032
11.90977654
11.96183924
11.96425848
12.15090643
12.20420316
12.40751367
12.44605052
12.45210305
12.58569510
12.66366216
12.71396154
13.01779475
13.12325282
13.17067709
13.23816134
13.26228119
13.29841333
13.30327204
13.43565394
13.45077213
13.56296060
13.56520697
13.64674773
13.74486644
13.75927666
13.96951833
14.06962744
14.07075095
14.13459818
14.30461836
14.39863112
14.56657908
14.75154635
14.76275735
14.91852468
14.99409598
15.00338510
15.00964557
15.02926523
15.20342093
15.22293188
15.37836450
15.55377898
15.59036812
15.59818368
15.66817279
15.69031666
15.70039726
16.05021985
16.11955992
16.16759647
16.20126662
16.32016560
16.40132124
16.41399066
16.46949903
16.53572184
16.55459982
16.59163253
16.69354932
16.88354366
16.92315247
17.12449576
17.14893577
17.26669404
17.28604470
17.29939203
17.35739571
17.49117480
17.65776087
17.68336156
17.75413417
17.93296132
17.93841505
18.06556534
18.23541561
18.34910135
18.72274433
18.78831362
19.05990147
19.21794631
19.29446512
19.53646757
19.55242695
19.56770183
19.57717852
19.57909477
19.60431777
19.65031522
19.68757779
19.72766778
19.77664914
20.09596821
20.16431147
20.19309239
20.19584166
20.19951788
20.21274582
20.44818857
20.82772621
20.84946827
20.89524127
21.13958239
21.22360575
21.30641778
21.36007464
21.37866722
21.51477999
21.56721712
21.66751676
21.68292748
21.69887637
21.70688123
21.79305194
21.97176630
21.98420808
22.00016708
22.02268517
22.09826502
22.11385800
22.27861863
22.35895139
22.38865525
22.42638876
22.52220742
22.57419223
22.65833557
22.94466004
22.99712806
23.28342814
23.38907653
23.40995209
23.50428241
23.53494434
23.53511101
23.64568806
23.67009947
23.68499086
23.80860327
23.84389999
23.93089646
24.09787710
24.09907829
24.16739985
24.30180155
24.34786795
24.53214218
24.60935851
24.62969708
24.88825527
24.90340769
24.90891640
25.02101147
25.05497683
25.12270864
25.29483878
25.33879586
25.36524224
25.54877422
25.62034789
25.76256784
25.90102820
25.90975061
25.94122782
25.99042060
26.01706525
26.20987521
26.26972487
26.27373246
26.43480764
26.49056352
26.60019444
26.64736567
26.69605338
26.72848274
26.87615784
26.95388295
27.06365817
27.12886898
27.35484375
27.45342370
27.53822144
27.67894339
27.68695958
27.69813540
27.71782046
27.78104703
27.88104034
28.02291622
28.03977617
28.11291822
28.12166571
28.12578004
28.15826964
28.26233622
28.28537635
28.31013674
28.34390930
28.43954288
28.47618323
28.47926597
28.53140720
28.62846685
28.68863799
28.89638905
28.92674148
28.95777643
29.02625553
29.12968890
29.14552669
29.15052711
29.28935771
29.41814160
29.49088177
29.54124102
29.54872058
29.56595588
29.63854620
29.65249143
29.69817565
29.70236428
29.70530351
29.76931950
29.79616818
29.95138763
29.97905688
30.02602825
30.07905224
30.08269803
30.33834963
30.43869510
30.93352072
31.28487510
31.38767566
31.51359450
31.62505042
31.62585427
31.66979544
31.72215464
31.74470054
31.99765419
32.04219795
32.20312475
32.23638478
32.40578534
32.49231130
32.58535380
32.61577494
32.71691457
32.81937345
32.82812800
32.93060703
32.96998106
33.03688529
33.15973928
33.20690448
33.27377501
33.28543385
33.44991680
33.47155927
33.47638149
33.65258844
33.69128267
34.15564284
34.24258952
34.37980113
34.40136650
34.43933395
34.54530786
34.56986532
34.70102570
34.99832515
35.00973594
35.08967794
35.24019430
35.27901705
35.49214704
35.56890860
35.57056077
35.60882722
35.64646503
35.71506096
35.84061990
35.88385882
35.90948063
35.95696995
35.98795341
36.06897869
36.08004538
36.15085063
36.31811791
36.48374423
36.87577329
36.94528623
37.16903452
37.31082151
37.42656681
37.54019941
37.58665209
37.63302560
37.70713670
37.93624615
37.96794894
38.01813884
38.04440173
38.05789402
38.13835678
38.50772913
38.81514785
38.95487114
38.96528400
39.01970940
39.09108329
39.11662634
39.15027999
39.15674550
39.17080254
39.20660922
39.65170081
39.71406171
39.76870693
39.80161059
39.91711270
39.93463437
40.02654912
40.03116987
40.04714462
40.04740450
40.11539446
40.23829951
40.24940608
40.40391320
40.45333516
40.55536360
40.67693417
40.70033137
40.77498910
40.77888957
40.84397791
40.88369892
41.00780782
41.01032546
41.12741401
41.17874113
41.26177365
41.37182546
41.42084528
41.42445157
41.50815647
41.53306967
41.55343939
41.62344073
41.72752740
41.77132967
41.82173072
41.84362822
42.07869069
42.17291402
42.24330264
42.32620972
42.41238011
42.42405813
42.60012793
42.61045461
42.64137346
42.66711044
42.69724309
42.74666652
42.82005874
42.84964076
42.95867911
43.23723963
43.57140181
43.58823188
43.66267407
43.67732357
43.81570072
43.87033513
43.91856952
43.92108877
43.98006037
44.04393108
44.07398084
44.07606157
44.11361521
44.12294033
44.12945767
44.15149390
44.24779833
44.31642039
44.48629709
44.58273653
44.63784306
44.69003602
44.76425566
44.79715133
44.80385888
44.82942902
44.93905878
44.95559230
44.96399875
45.00846125
45.20794440
45.23245982
45.25337395
45.30868966
45.62949564
45.63117436
45.73213865
45.75863477
45.87743124
45.88534438
46.06130986
46.13826954
46.19595468
46.43647873
46.51066056
46.52969620
46.54089790
46.69107242
46.70406020
46.75347762
46.77229141
46.85395561
46.85828464
46.87153375
47.13204451
47.16009904
47.32603299
47.45884667
47.49659322
47.50278458
47.51575163
47.55024701
47.58681584
47.67989514
48.03754911
48.09420975
48.15171104
48.28944107
48.34782261
48.42637814
48.45339681
48.49027466
48.60682423
48.63124940
48.64454346
48.76374526
48.86234392
48.86340821
48.88731770
49.01261840
49.13933336
49.17535199
49.24914280
49.58991228
49.62352662
49.64175209
49.68859169
49.69927999
49.72074866
49.87854149
50.11627910
50.15234373
51.28102958
51.37295275
51.52518117
51.56106414
51.68807564
51.78815153
51.86837530
51.99691382
52.07810911
52.10305377
52.14708812
52.26751513
52.32237920
52.49309047
52.77130070
52.85475295
52.90955430
52.98278426
53.19178852
53.22334110
53.22596730
53.28442885
53.30943450
53.31646677
53.34596471
53.43626605
53.44178468
53.54903897
53.74271661
53.77607218
53.78826156
53.84701103
53.86602123
54.03395374
54.05760856
54.09456124
54.13634037
54.13900763
54.15580877
54.21871038
54.27459845
54.29440035
54.43473848
54.44299863
54.46334938
54.50007935
54.81439602
54.85911132
54.88527292
55.10691776
55.17475370
55.19126440
55.24231554
55.24362828
55.24875932
55.26309109
55.32156833
55.35151945
55.41001186
55.45430227
55.55064857
55.57257663
55.60969873
55.69404740
55.75689864
55.79576771
55.90277547
56.00642109
56.02337252
56.06690186
56.07393051
56.10283254
56.11285145
56.18115468
56.29715740
56.32258830
56.37502517
56.53124671
56.54503739
56.71447254
56.80300522
56.94049707
56.95126881
57.08117950
57.08265989
57.08726753
57.35189956
57.38578497
57.47501910
57.63356094
57.79989867
57.84990559
57.92533659
58.10281100
58.11230374
58.12337786
58.12471714
58.41703705
58.46710394
58.50029089
58.54905754
58.54958402
58.65934338
58.87390363
58.92147434
59.05891356
59.14595863
59.15338209
59.15458131
59.22289087
59.37072538
59.37341611
59.45690160
59.52688638
59.66515274
59.76879795
59.81604915
59.83374748
59.95983842
60.10094388
60.14190318
60.16569767
60.19904927
60.21900750
60.30608342
60.37528786
60.47534204
60.53412682
60.56478192
60.57301801
60.61971438
60.64138521
60.67358354
60.97744852
60.99942796
61.01417738
61.06737757
61.09577861
61.19481650
61.38297981
61.42059123
61.44808996
61.49420287
61.54369917
61.64500812
61.70560855
61.70563047
61.72174110
61.75321545
61.79442671
61.97261034
124.00000000
