0.05806541
0.48312025
0.59325784
0.74382621
0.99030373
1.03804809
1.10338992
1.19993184
1.25650540
1.28406173
1.43051399
1.55451809
1.62480686
1.75829619
1.98998372
2.07417085
2.16641520
2.23561355
2.28913992
2.31232688
2.37021875
2.37820468
2.41996801
2.56646623
2.61711301
2.64196226
2.70893486
2.75063930
2.86092228
2.97100396
3.17875441
3.18490590
3.33049421
3.37069361
3.52105109
3.52229300
3.53552646
3.60632366
3.78813683
3.91589505
3.92385893
3.94306003
4.06512906
4.19544660
4.23305968
4.29920887
4.41165508
4.47802817
4.58256798
4.64667275
4.67392419
4.70761527
4.73041796
4.75482206
4.90025263
5.01721276
5.12553452
5.12914093
5.23527867
5.29115270
5.32142643
5.62037546
5.69353147
5.78272103
5.81695715
5.82179066
5.84632757
5.85719230
5.94575590
5.98313842
6.06091903
6.11609619
6.27968156
6.47211853
6.62383767
6.84763489
6.95650410
7.04567456
7.06426443
7.26911225
7.33301880
7.38441293
7.50122661
7.54048146
7.61383738
7.74639748
7.91767692
7.93578841
7.98099397
8.01351254
8.18067270
8.21654186
8.22869503
8.27768848
8.27872557
8.45439330
8.58404559
8.70048572
8.75605088
8.85555352
8.99273379
9.40695941
9.41530915
9.54776668
9.74976544
9.83977117
9.90805068
9.90994599
10.02596576
10.25675330
10.28534163
10.55633493
10.59526131
10.61570691
10.74856449
10.75476545
11.00700251
11.09553637
11.09729667
11.17931161
11.25369005
11.54639116
11.57566041
11.68366274
11.69501927
11.72750082
11.95988700
12.00511167
12.01005507
12.03979486
12.09172913
12.27131997
12.29301299
12.29859374
12.42474189
12.50184059
12.60286841
12.60818687
12.64515284
12.74377983
12.92733341
13.06794281
13.13607348
13.28131470
13.32505345
13.41954737
13.45378750
13.47411898
13.53379001
13.56801522
14.03746106
14.22218752
14.29898498
14.37213666
14.40690005
14.55409975
14.59984926
14.81884661
15.03199440
15.14450628
15.21377755
15.33815906
15.36604696
15.48567261
15.52364943
15.55511576
15.61229311
15.67349207
15.80118527
15.85896545
15.88560295
15.92582086
15.98443061
16.02175568
16.11842061
16.12590387
16.16780430
16.29288364
16.29929524
16.30152944
16.34317038
16.36411248
16.40959298
16.50843862
16.50963555
16.56631710
16.97839560
17.12505842
17.21619695
17.27762533
17.35986698
17.38949568
17.43170083
17.55159200
17.57297599
17.59389114
17.61244300
17.66116057
17.69490471
17.80662539
17.81218152
17.83923288
17.86870026
17.92164247
18.14202434
18.19809378
18.26436816
18.57723177
18.62548628
18.66647594
18.92722311
18.94448133
18.98404210
18.99105116
19.08818010
19.12758711
19.16934230
19.27075510
19.39239829
19.40324712
19.54621458
19.59860618
19.64303109
19.68476106
19.78047516
19.80048203
19.90838770
20.07589998
20.52822762
20.56132925
20.58045404
20.62368419
20.65542913
20.71121450
20.76351804
20.86330270
20.95251403
20.99642177
21.01934764
21.18167709
21.23371437
21.24406650
21.32363984
21.41771121
21.66854519
21.71415279
21.74453631
22.17285940
22.18591826
22.29072062
22.36441307
22.37637796
22.46148479
22.60789272
22.82266807
22.83625861
23.01492077
23.01615395
23.10708989
23.21962691
23.27561859
23.36044656
23.42416852
23.44777881
23.48765894
23.52168834
23.54448638
23.79171318
23.93852733
23.95614606
24.13413118
24.22001166
24.34213194
24.40187731
24.41188093
24.73748857
24.84538202
24.97710795
25.27268521
25.35234333
25.36350130
25.38126517
25.42373093
25.52065147
25.90597887
25.92236396
25.93715221
26.24948001
26.26972487
26.71367532
26.76494862
26.79529314
26.95656841
27.02909213
27.07539440
27.14009154
27.16129496
27.20044311
27.20962618
27.34686086
27.41966390
27.45376962
27.45685954
27.51689703
27.54813048
27.56414351
27.64878650
27.69813540
27.74527566
27.82171590
27.83780516
28.01797188
28.04977838
28.05184352
28.08052196
28.08990843
28.16209254
28.24575454
28.26724814
28.27011805
28.33966262
28.45933578
28.55295600
28.57326168
28.80438159
28.91558195
28.99744716
29.03919079
29.08862243
29.11762295
29.14542317
29.34233074
29.38731248
29.39935465
29.43343566
29.52435853
29.56265457
29.73204571
29.75299868
29.75869851
29.82985243
30.00793600
30.02744288
30.07426421
30.07790876
30.09616799
30.10904649
30.18033160
30.21665489
30.24030438
30.27944483
30.29274670
30.31217765
30.37104747
30.38146641
30.42058526
30.44923873
30.46965830
30.58917258
30.60350281
30.60817851
30.63220348
30.74376149
30.75394502
30.82934360
31.04150139
31.08772146
31.11025754
31.35379188
31.48325869
31.54500879
31.61092465
31.62951219
31.80572604
31.87788055
31.94194693
31.94564873
31.99697773
32.01352633
32.04559509
32.15264214
32.31455600
32.32172224
32.32276257
32.41963814
32.72137114
32.74165208
32.78409904
32.81596123
32.87744172
32.88079103
32.88814853
32.93834171
32.97789603
33.00949491
33.07566074
33.08457479
33.27098392
33.32868493
33.48399699
33.51905174
33.60287404
33.66737664
33.76340881
34.06126392
34.14351595
34.19986416
34.27149622
34.45956233
34.49581996
34.65039351
34.69067602
34.78238916
34.83519693
34.97313666
35.03705961
35.15309989
35.36027623
35.52760436
35.56343008
35.62427451
35.67764518
35.68359013
35.77431444
35.81049475
35.94539898
36.00146352
36.05813103
36.15448016
36.45184902
36.45691018
36.60403912
36.64872146
37.05590369
37.18560729
37.37502029
37.44871447
37.47939960
37.50800115
37.52503279
37.63302560
37.64534449
37.68100190
37.80338249
38.02209487
38.12112665
38.26931336
38.33436288
38.35695290
38.51519612
38.56593337
38.69069718
38.89007008
38.89479886
38.95487114
39.01275467
39.13305047
39.25528644
39.29607824
39.32806714
39.42506271
39.43188275
39.47759866
39.62997175
39.92041230
39.95347792
39.97663741
40.08454149
40.12036942
40.12337690
40.15319703
40.21728717
40.34511998
40.45333516
40.46941007
40.48481266
40.61029925
40.77357169
40.84765997
40.93703168
41.06281580
41.06306791
41.15297311
41.19843521
41.26657481
41.27804663
41.31938422
41.39306515
41.42339138
41.46551818
41.51257887
41.55651757
41.72130536
41.89134596
41.92687065
42.13371989
42.14146076
42.29857601
42.30477759
42.42252879
42.48640806
42.49415422
42.82380308
42.86058309
42.91184812
43.13545559
43.41384082
43.45642369
43.50061743
43.54471395
43.60323737
43.76495029
43.80801147
43.81570072
43.81719636
43.92428586
44.01340898
44.04280476
44.06244512
44.12817455
44.17834873
44.25711061
44.28633191
44.36408684
44.44140754
44.55350383
44.71938838
44.85981208
44.86878881
44.88971354
44.95215400
45.07154198
45.10147503
45.31747255
45.34138878
45.37714017
45.46711563
45.69415462
45.71753720
45.72880256
45.80781325
45.81231372
45.88648335
45.91203544
45.93375486
46.00180961
46.04505825
46.14738617
46.17694301
46.23428580
46.32486111
46.39294704
46.42631798
46.50842345
46.59896766
46.65045746
46.74404488
46.94289215
46.94840449
47.00345887
47.04287351
47.19272549
47.24664821
47.25286248
47.42438096
47.49133493
47.57858255
47.68764975
47.80173547
47.80637573
47.80973525
47.81087827
47.82224485
47.98829940
48.17284227
48.23734484
48.42650705
48.49210068
48.61806089
48.78312329
48.91210327
48.92581804
48.92612309
48.98235259
49.20351529
49.20934885
49.21657838
49.22238150
49.29509356
49.30487315
49.57633285
49.58657420
49.59922611
49.73832704
49.82203499
49.98660631
50.06173029
50.06798586
50.16481003
50.31646883
50.37135506
50.39199934
50.47562955
50.52153995
50.56126757
50.74802746
50.75837959
50.84120487
51.03080539
51.04917173
51.04948971
51.09207956
51.23616044
51.26572109
51.27232510
51.32821159
51.38786957
51.45750434
51.49700744
51.59680307
51.69572863
51.70241321
51.70562377
51.84704664
51.97804061
52.14277029
52.23195817
52.29686039
52.39296089
52.59042810
52.70381729
52.71654319
52.72989029
52.78589021
52.88487512
52.92083139
52.96325229
53.04953182
53.21847210
53.24995756
53.31012216
53.41324687
53.48338778
53.60140675
53.75813254
53.79621257
53.86166180
53.86685293
53.87339490
54.00430756
54.02454872
54.03145126
54.03707440
54.11846689
54.26246102
54.28464032
54.28894369
54.46376701
54.48752127
54.51316758
54.56168561
54.75685927
54.87064057
54.93763127
55.08487470
55.15845370
55.15942265
55.35255492
55.38044991
55.45334058
55.48538626
55.52821649
55.61170184
55.71746928
55.74329637
55.76675137
55.93010516
55.93445282
56.13128466
56.18622144
56.23558180
56.36990270
56.39226992
56.50509890
56.51077689
56.70909835
56.71225715
56.74947168
56.77158896
56.86469805
56.98158844
56.99390781
57.08267926
57.10462112
57.14763198
57.19528189
57.20592594
57.38524968
57.43055045
57.50935905
57.62276439
57.93681818
58.05503515
58.17406395
58.22192203
58.22724393
58.54011243
58.54606070
58.57182929
58.61068684
58.62625163
58.63626216
58.69836339
58.83613429
58.85501545
58.86222843
58.87580046
58.98839209
59.02904363
59.05066840
59.05891356
59.10532981
59.10579162
59.11370260
59.34680049
59.51216800
59.54526501
59.56725417
59.86721810
59.92361885
59.94099160
59.95195829
60.06668546
60.09268699
60.12298848
60.14893523
60.24771054
60.32582050
60.33867158
60.37323238
60.56729248
60.60103209
60.62961613
60.78010266
60.90134383
60.94247117
61.04154605
61.08974611
61.16312553
61.17395064
61.23269778
61.30608131
61.31511210
61.36930973
61.54070996
61.61845899
61.62454632
61.68285513
61.88497329
61.90988868
61.92726479
124.00000000
