0.05655342
0.05769061
0.15124929
0.16680570
0.36432091
0.52651698
0.53596811
0.54082519
0.60335879
0.80279077
0.90561320
0.92781806
0.94979712
0.95422542
1.02205892
1.15655708
1.22884138
1.25088942
1.25398160
1.35900896
1.41588724
1.50227820
1.51074164
1.51496758
1.51642812
1.52055060
1.65032154
1.65619201
1.90328066
1.97947029
1.99456076
2.05496155
2.09035191
2.16877823
2.23717415
2.29502159
2.33048797
2.38407670
2.49647817
2.51585268
3.01522743
3.05360886
3.09284064
3.18139616
3.20110569
3.28483616
3.34650710
3.52750666
3.57729445
3.82773781
3.86677694
4.16525294
4.26074508
4.26909767
4.28097148
4.29978110
4.38368224
4.54120992
4.58292542
4.66932112
4.80457408
4.89375147
4.91842015
4.93500931
4.95428394
5.04826465
5.13392409
5.19686118
5.22274515
5.32055034
5.32486631
5.42450471
5.55371398
5.55481717
5.63110351
5.70420197
5.71113061
5.77810109
5.78843717
5.95398594
6.03693713
6.03986996
6.13980810
6.21795892
6.22290761
6.28345976
6.42667927
6.46192343
6.61832092
6.77454587
6.79132221
6.79449909
6.93284285
7.01861528
7.20837051
7.27491773
7.32895934
7.33859088
7.35385618
7.38724820
7.46984698
7.52250418
7.56579188
7.59477992
7.63331413
7.69060137
7.74241113
7.74309094
7.88561929
7.89724210
8.19886756
8.20776191
8.47829598
8.50185079
8.53645709
8.62632148
8.80165878
8.89083729
8.90317519
9.00065668
9.02157063
9.03871441
9.05252583
9.07968076
9.48123653
9.48296878
9.48483196
9.59537555
9.89854934
9.90432895
10.23818194
10.34899836
10.41691430
10.43446806
10.47209795
10.56060280
10.62414641
10.64173145
10.65972884
10.88359580
11.32441198
11.57729430
11.61638614
11.61732712
11.82318629
11.86438404
11.93969111
12.02972686
12.10701438
12.21844051
12.24177753
12.43991210
12.49470386
12.51201483
12.53297552
12.70694971
12.86412757
12.91321792
12.95390796
12.96214047
12.99891359
13.00432145
13.02648670
13.09090689
13.11277652
13.30434611
13.34831097
13.36706581
13.50927929
13.72881301
13.73080231
13.74071024
13.81288295
13.84051084
13.97297513
14.24042796
14.30068355
14.34855785
14.39291010
14.52311992
14.56014076
14.66845956
14.80997774
14.97226204
14.99022817
14.99409598
15.00187226
15.04705590
15.18859142
15.24810700
15.44672582
15.59892400
15.67497981
15.86181562
15.86203886
15.87739163
15.89174384
16.26033867
16.28605453
16.41289015
16.62150731
16.71400433
16.87858790
16.91421677
16.95422293
17.01686442
17.28764180
17.31729838
17.86957198
18.03870689
18.05137171
18.19059431
18.19618052
18.31933164
18.38333009
18.88322674
18.91559339
19.00309286
19.08990538
19.37879653
19.44316045
19.47811385
19.54221111
19.57027537
19.65675350
19.80413625
20.21597874
20.59563105
20.64309243
20.76942920
20.78716502
20.80163903
21.39924354
21.43781739
21.44089286
21.59822241
21.60211925
21.77746868
21.86833680
21.88490366
22.01463025
22.37637796
22.39703206
22.39794419
22.45810302
22.49123002
22.63449441
22.67896246
22.74089413
22.86212327
23.08121923
23.12715863
23.17503388
23.36993962
23.39793260
23.40437483
23.41530067
23.62610192
23.74905464
23.82946768
24.03710767
24.09307127
24.25269522
24.27886160
24.28222091
24.48146632
24.51435949
24.67238834
24.67674667
24.71145036
24.81407715
24.85637903
24.90032499
24.90899540
24.91354727
25.06122716
25.12669017
25.15273717
25.23351408
25.31919541
25.33879586
25.35647290
25.65262472
25.75894688
25.89869037
25.98509142
26.31458005
26.42233057
26.64719178
26.79533527
26.85322813
26.92993804
27.07042619
27.16974042
27.27076647
27.28541317
27.43996837
27.75005954
27.76925206
27.96287979
28.02316530
28.03782135
28.10173569
28.11074325
28.13140377
28.20466041
28.21125314
28.32012415
28.39913947
28.41669169
28.45534355
28.48173221
28.55962341
28.59111539
28.69071069
28.70015311
28.71630828
28.96220001
28.96330400
29.11097391
29.27361864
29.41638468
29.70770810
29.88706441
29.97470427
30.02269265
30.07426421
30.13407806
30.22664411
30.33740189
30.38267230
30.50211214
30.69650871
30.70565557
30.79706914
30.90855875
30.91686439
31.12966810
31.22330385
31.35376368
31.42489603
31.55606187
31.73010331
31.76193284
31.79905716
31.85356821
31.96154632
32.05974642
32.14021914
32.17726611
32.20338033
32.24248385
32.27473043
32.27659122
32.36766857
32.42852821
32.42971874
32.44054143
32.44914959
32.54612711
32.65768922
32.73072884
32.73523721
32.77825559
32.85598646
32.97366551
32.98169067
32.98361563
32.98388297
32.99943874
33.19688162
33.20215304
33.28064630
33.30086881
33.44412256
33.48140416
33.49610293
33.55189874
33.57745140
33.57842055
33.58114445
33.68668515
33.71694719
33.82027886
33.91117572
33.92595655
34.04071659
34.05844254
34.09001481
34.09945919
34.20451759
34.34684247
34.43933395
34.64294097
34.71707217
34.73410456
34.79014944
34.85513683
35.05739895
35.15767611
35.16393025
35.17342715
35.34254485
35.39066369
35.48498434
35.57291619
35.74672569
35.77143685
35.87188670
35.87356558
36.00210460
36.01901497
36.88349794
36.93791436
37.00675754
37.08883299
37.10895713
37.29814361
37.68073536
37.68371610
37.69559363
37.72340664
37.75684811
37.78302735
38.04519435
38.10604040
38.17832360
38.25821311
38.35124220
38.42338052
38.61012168
38.62182706
38.65214421
38.65806350
38.66894525
38.81806123
38.87902168
39.05341263
39.17368156
39.22665259
39.36385756
39.39897556
39.52242453
39.64650208
39.70091965
39.70210636
39.70440572
39.74833027
39.75461549
39.97968941
40.17940447
40.22775008
40.23362918
40.29687774
40.33332309
40.43865445
40.60828500
40.61587583
40.65962819
40.67280521
40.67396258
40.72738634
40.81113191
40.82459103
40.85509837
40.91619405
40.92021859
40.94969141
40.97975859
41.00934616
41.01672726
41.18848150
41.36222131
41.40268669
41.46842574
41.57273211
41.60856984
41.61372082
41.91918114
42.21052208
42.29091092
42.32978766
42.36432726
42.36448792
42.65919064
42.70710018
42.85245592
42.86591589
42.87558818
42.90627389
42.90638605
42.95869670
43.53978171
43.55553998
43.63772932
43.67315590
44.12945767
44.14306273
44.22853168
44.25652591
44.26231682
44.26439681
44.26942628
44.31032185
44.34491963
44.50855839
44.54550889
44.60880839
44.63037598
44.77911508
44.95784629
45.02981460
45.05502381
45.09398297
45.35402775
45.50853894
45.62454466
45.62481724
45.62782563
45.63159069
45.64142806
45.75926763
45.87054949
45.94758582
45.96994987
46.04066686
46.16433356
46.29622635
46.29977675
46.37978599
46.39459188
46.51423553
46.64434295
46.76832173
46.77106473
46.80864458
46.93371185
47.13894409
47.27584014
47.48168625
47.53654034
47.58681584
47.59145278
47.61551947
47.72260965
47.73231932
47.96439089
47.96744173
47.99209328
48.00541246
48.09758710
48.40530984
48.50294765
48.54170267
48.65454277
48.73656351
48.78680607
48.86515875
48.88727503
48.96186136
49.10754413
49.22799049
49.23052133
49.24244432
49.27750426
49.27753749
49.34232244
49.37500241
49.63165180
49.72397661
49.73151733
49.98060988
50.27060467
50.45697730
50.51549549
50.73667531
50.88077309
50.98544735
51.06338637
51.13104624
51.14800398
51.24127070
51.25136996
51.45208830
51.69572863
51.75586420
51.93087501
52.05316160
52.05598565
52.11100446
52.12889465
52.13462754
52.14352285
52.16035275
52.42149792
52.47337119
52.65912675
52.86418015
52.89605327
52.95741712
52.97622465
52.99140867
53.02742512
53.05178671
53.12042671
53.15538230
53.38423744
53.41743646
53.59208003
53.60425212
53.65008196
53.77607218
53.80035453
53.84484060
53.84734887
54.00470237
54.00569125
54.01301552
54.02080910
54.28055439
54.34364786
54.45499651
54.54454136
54.82632409
54.84123947
54.92462944
54.97209450
55.05947940
55.08618112
55.27678270
55.32921564
55.41568076
55.62679808
55.73689811
55.78526774
55.79576771
55.79715031
55.83955575
55.98057227
56.07560470
56.10218738
56.21784024
56.26168798
56.35482957
56.39263407
56.44735457
56.48690197
56.49812525
56.51688284
56.74190857
56.85566617
56.94106551
56.94352064
57.15008755
57.17664128
57.20220608
57.35189956
57.38026134
57.42970134
57.46410167
57.49039477
57.49979459
57.70731634
57.75723453
57.82014264
58.25496982
58.31356800
58.32414919
58.37928521
58.40977305
58.43785662
58.45071452
58.50967513
58.59898985
58.70079147
58.86554586
58.90632357
59.14548437
59.19892441
59.24568733
59.30490822
59.30559355
59.38049755
59.45042642
59.49781605
59.76543432
59.78600492
59.79999117
59.96341699
60.09513688
60.11648165
60.27504661
60.31894241
60.38028834
60.44180351
60.52431146
60.58511607
60.61056560
60.62393578
60.70379816
60.79042517
60.90032174
60.95747563
61.19587425
61.20529829
61.30353537
61.31979674
61.32829282
61.52396420
61.64085908
61.72576570
61.77512132
61.86625887
61.90930483
124.00000000
