0.05487829
0.13362896
0.27918528
0.28180337
0.35237597
0.45118801
0.64620885
0.66978842
0.75695599
0.81306178
0.86993334
0.87902090
0.89183825
0.97693789
1.14580827
1.24252942
1.24882239
1.26276878
1.35608684
1.48972713
1.52096289
1.66177504
1.67646969
1.69607434
1.70527422
1.78985220
1.82586692
1.85821723
1.90766080
2.04622148
2.06959457
2.16213039
2.19967112
2.33151685
2.45437341
2.53140581
2.55304575
2.58672889
2.79193877
2.97226749
3.01286160
3.06386572
3.08911695
3.14269977
3.21921221
3.39377774
3.59621146
3.64028416
3.73750818
3.78725436
3.82532236
3.83780989
3.84445157
3.88062604
4.06744574
4.23305968
4.28766005
4.29064680
4.31984127
4.34099822
4.34662609
4.34972462
4.37369727
4.41044586
4.49235321
4.65035596
4.72746580
4.86248700
4.99308120
5.10782546
5.14372508
5.21729058
5.32407616
5.39326695
5.42197701
5.63883894
5.66394580
5.72501992
5.97393813
5.99124933
6.34869434
6.55821720
6.61230936
6.67221189
7.43213351
7.50817888
7.69060137
7.70998199
7.81499523
7.85088436
7.90135174
8.02196308
8.21105090
8.22285856
8.25078217
8.37017377
8.45296959
8.45983893
8.48343220
8.53874115
8.61961795
8.65137030
8.74155487
8.76804382
8.79798404
8.81991816
8.99475171
9.04348579
9.06193554
9.15119448
9.24185779
9.25573123
9.33724834
9.34128046
9.40011466
9.69539206
9.71332757
9.71491163
9.83775955
9.84195143
9.84614673
9.85657116
9.91395943
9.92283433
9.99396365
10.02937020
10.03779441
10.09050698
10.20563607
10.21307944
10.27158646
10.47787729
10.59806863
10.65147644
10.70786586
10.73357492
10.75447402
10.75705854
10.81619473
10.91199380
10.91921037
10.92567605
10.93276126
10.98870758
11.14654834
11.26544330
11.32273820
11.34344331
11.36616737
11.38959338
11.43200797
11.58761239
11.67881567
11.75057244
11.83660952
11.91936897
12.04685873
12.05957973
12.14231259
12.21844051
12.32260940
12.37416778
12.40248134
12.45362062
12.53799274
12.84365021
13.11274657
13.23986285
13.24228392
13.27185313
13.34729990
13.34886264
13.35800666
13.37034999
13.41457639
13.54205516
13.55269614
13.64902516
13.80654287
13.82683197
13.85070000
13.92551062
14.02313399
14.09758641
14.34130362
14.41735124
14.50650302
14.55373672
14.64100811
14.84182022
14.88707962
14.93155644
14.95573638
14.95827035
15.09105659
15.32062417
15.40471323
15.65134009
15.67741306
15.85630989
16.08709902
16.31634353
16.35713873
16.36970790
16.66022749
16.68857850
16.94538162
17.24377241
17.36092440
17.76980326
17.77826874
17.79988339
17.93429551
18.02745943
18.23297087
18.24122168
18.50054429
18.50937374
18.54797398
18.56572860
18.63173486
18.64107201
18.66215620
18.74740671
18.80814985
18.88099005
18.93388978
19.35330767
19.39326453
19.43011654
19.53489392
19.57137709
19.61816433
19.80619718
19.85110194
19.94588332
19.98202625
20.13014345
20.21274582
20.25245724
20.28947604
20.35566320
20.40706159
20.44818857
20.45522701
20.47876307
20.61347849
20.68132344
20.83489901
21.24656687
21.25200013
21.29402158
21.29620684
21.54729783
21.62000731
21.63280026
21.67020099
21.70095053
21.84380346
22.01092614
22.03447399
22.08019947
22.14797680
22.28433553
22.30103423
22.32174541
22.37637796
22.48141281
22.48650397
22.54198942
22.62535754
22.66830155
22.71526438
22.72324330
22.73389689
22.74254693
22.75805512
22.80278638
22.82494722
22.82750540
22.89356055
23.03224244
23.36719051
23.43064081
23.52352449
23.55958158
23.68344759
23.83147682
23.84110225
23.95892723
24.20268777
24.22464737
24.39318992
24.49765707
24.51628866
24.83388994
24.85301100
24.95955690
24.96069239
25.03004361
25.03427967
25.03782911
25.22026688
25.31954275
25.39121805
25.42749727
25.43461920
25.51590888
25.66800852
25.68035759
25.81827538
25.92236396
25.97243529
26.19525557
26.23282671
26.23841314
26.28046451
26.32098055
26.39683170
26.43795091
26.64533876
26.65210714
26.81923919
26.87342366
26.97228372
26.99555454
27.32116143
27.32349322
27.39562124
27.42915142
27.44109067
27.65381507
27.66915418
27.70372421
27.86059413
28.03413036
28.05224906
28.12932324
28.16916388
28.29590718
28.50216366
28.54221604
28.56972012
28.59678408
28.67179083
28.84167215
28.88435158
28.88604406
29.01240133
29.01436637
29.09337082
29.42578917
29.46743383
29.51467721
29.54257043
29.57312816
29.67272923
29.67952676
29.71742344
29.73446556
29.74702313
29.75813058
29.83605275
29.89125751
29.89542591
30.06051691
30.11431381
30.11663500
30.15212736
30.24717315
30.26104394
30.26704271
30.38267230
30.47884127
30.48092358
30.61367551
30.72934514
30.74335513
30.81288739
30.90855875
31.04329942
31.08335443
31.49279835
31.55839079
31.59291634
31.61418631
31.66979544
31.68776705
31.84024615
31.84217505
31.93949309
32.13421075
32.20312475
32.31229688
32.33701990
32.38185548
32.41709551
32.43124186
32.44598916
32.57190611
32.59053704
32.61775845
32.62802252
32.65003406
32.70991395
32.71768354
32.78719342
32.85201389
32.87831480
32.88556804
32.98349478
33.05627227
33.07971722
33.08110245
33.12032415
33.17930234
33.19893749
33.50799580
33.73994305
33.85441632
33.88073143
33.88134505
34.26735636
34.35701913
34.42989958
34.43722202
34.55914275
34.65731145
34.66730101
34.74459552
34.81134270
35.00487525
35.02313804
35.06423099
35.14071598
35.18000490
35.23559623
35.24277810
35.24422318
35.29848517
35.32357110
35.35456684
35.43050595
35.46773429
35.47747828
35.51036767
35.57167186
35.57458841
35.61602620
35.62825596
35.66159107
35.71895057
35.85618025
35.89283127
35.94364956
35.98012467
36.00395321
36.28592952
36.84893358
37.03344633
37.08476777
37.17800665
37.42910315
37.44001756
37.45721524
37.48032863
37.69672250
37.70924969
37.80310084
37.94783079
38.01682291
38.05434797
38.07652824
38.08463691
38.25925954
38.39957921
38.52227522
38.56161147
38.57592006
38.61170109
38.63513848
38.70693613
38.75331791
38.93782595
39.14486445
39.17130362
39.20155214
39.26113608
39.43384455
39.64039876
39.74547460
39.81540373
39.99894945
40.16055625
40.31951175
40.32170906
40.55513876
40.67293270
40.73749468
40.76458554
40.81861672
40.91707785
40.95561989
41.07980705
41.10067128
41.35385096
41.46807432
41.58110262
41.58739104
41.61221489
41.67914412
42.01697520
42.05349118
42.09977444
42.13318607
42.14617509
42.24092936
42.28028175
42.52415993
42.61918834
42.64384971
42.64663976
42.70843432
42.73924562
42.78241447
42.82066305
42.87795381
42.89744043
43.09444967
43.09716275
43.12415284
43.16583535
43.37725009
43.57881237
43.62731122
43.86409488
43.89378343
43.90839993
43.93199905
43.98034306
44.14148757
44.15821081
44.16557396
44.19560753
44.23462114
44.25338157
44.71484255
44.78814679
44.81621609
44.84796468
44.92457468
44.94087146
44.94486799
44.98404463
45.06950370
45.22369292
45.24313693
45.24624214
45.37529411
45.44450763
45.53738401
45.54401629
45.61238013
45.64460331
45.65507842
45.77637085
45.94025123
46.04460906
46.12877807
46.16469097
46.24769010
46.31916967
46.45760702
46.75648696
46.88056794
46.88279422
47.04332255
47.25163964
47.31810849
47.32711114
47.39983641
47.43948912
47.48634952
47.60026559
47.68675880
47.69070588
47.75754543
47.80380647
48.02654315
48.05788192
48.19756429
48.33288338
48.38151166
48.52399273
48.57281796
48.60735576
48.63689303
48.88640840
48.89610369
48.91505792
48.96103762
49.02306054
49.06361716
49.08138340
49.10035678
49.11287868
49.15791251
49.16502477
49.17438196
49.20287812
49.29796907
49.32277616
49.35268026
49.50582692
49.69987440
49.75787468
49.88771941
49.91226294
50.04163064
50.06173029
50.07004359
50.20278957
50.23828109
50.26355261
50.28490595
50.40479610
50.43020783
50.52157523
50.57266469
50.60947854
50.64588966
50.70085368
50.87803470
50.89596192
51.00846899
51.02489060
51.02530081
51.16534720
51.31576530
51.33878837
51.43245823
51.54472513
51.62989268
51.71014555
51.79684043
51.80232148
51.81884846
51.92997049
51.93322078
51.94722908
52.00082957
52.00459091
52.14216145
52.23259161
52.42374357
52.72972050
52.74846228
52.80303196
52.80987100
52.81286104
53.04774826
53.06917117
53.12061197
53.12599564
53.17436673
53.17518863
53.23372592
53.26477148
53.33375809
53.60476654
53.69903089
53.74064471
53.82711495
53.84807831
53.84827754
54.11654846
54.19022421
54.21806991
54.30129221
54.43059632
54.43619221
54.50425072
54.58898264
54.61693961
54.76396743
54.80080698
54.83619538
54.86887817
54.99824730
55.07134301
55.35151945
55.41429563
55.42844589
55.65544924
55.71134100
55.80477973
55.83655741
55.87627356
55.88055712
55.88209169
55.88928735
55.92603859
55.99845584
56.10228705
56.19668795
56.23591971
56.42496178
56.44406368
56.44579597
56.55742107
56.66176456
56.76577684
56.86487783
57.04251113
57.06527416
57.14903017
57.24423969
57.32370094
57.36374977
57.51604683
57.53622836
57.60017792
57.63569471
57.64997944
57.74577961
57.89361308
57.99200901
58.03103847
58.05591642
58.07213532
58.08109491
58.11345790
58.33263304
58.34853431
58.41899614
58.48700599
58.52749429
58.56797797
58.56830979
58.58077111
58.67802497
58.84073115
59.03455603
59.12041332
59.29226352
59.40518145
59.58374418
59.62800588
59.65835964
59.73055334
59.87423716
59.88521609
59.89909637
60.05434338
60.20923102
60.31327414
60.40288098
60.42848334
60.51135242
60.51760420
60.56729248
60.63006088
60.86697317
60.90187146
61.05492857
61.10455042
61.12234199
61.12600623
61.22448360
61.23875095
61.29697390
61.36389820
61.38260493
61.38608867
61.49645686
61.61828571
61.61861902
61.79773564
61.82417714
61.88380629
62.00700105
124.00000000
