0.11538360
0.18443803
0.19440365
0.28240635
0.30457180
0.64993819
0.71985736
0.75301577
0.80514721
0.84694106
0.85162949
0.88409861
0.92838277
0.98176611
1.05929489
1.28284705
1.30429533
1.47557033
1.47879432
1.55729313
1.71679438
1.79832716
2.01965915
2.04622148
2.14006015
2.14559899
2.20813833
2.22794785
2.33630031
2.47923511
2.51192869
2.68742044
2.72025418
2.85399572
2.87898777
2.95379783
2.95700293
3.12869693
3.14039546
3.14218830
3.17374139
3.20907173
3.34275848
3.38865682
3.41605845
3.45836296
3.75252208
3.83309139
4.06063907
4.20211174
4.20351827
4.26068127
4.27976618
4.29920887
4.40247186
4.49075223
4.49216426
4.50996116
4.51855669
4.52753374
4.58033699
4.65603435
4.75023700
4.77572569
4.87286724
4.97674801
4.99817820
4.99989113
5.01122791
5.08328538
5.16897346
5.20547643
5.32291096
5.40909417
5.42403658
5.44505957
5.54282690
5.54485991
5.63436320
5.88059445
6.12033461
6.13074231
6.28235474
6.54445941
6.70669902
7.00078822
7.06090767
7.06753347
7.12917035
7.14831232
7.22206699
7.26163268
7.50883577
7.53505763
7.63332559
7.66000544
7.70529622
7.73840168
7.90771821
8.09110682
8.16484799
8.16701827
8.30291182
8.39212693
8.48157853
8.56648864
8.66209173
8.72798055
8.79850200
8.80035754
9.00747794
9.08758898
9.16982074
9.22907569
9.29072861
9.43478652
9.70336089
9.70853695
9.88880280
10.02306009
10.06950301
10.26684379
10.29190441
10.33420585
10.39033626
10.39869763
10.43615096
10.44526660
10.47472870
10.47751850
10.51139200
10.53304687
10.59738943
10.62164843
10.66376056
10.78160855
10.82074568
11.01726079
11.16523429
11.24361814
11.26892934
11.33557658
11.34344331
11.38913885
11.56292752
11.56640518
11.73755720
11.90989183
12.11408104
12.14708130
12.15604347
12.15720185
12.16939092
12.17524118
12.46999484
12.50681390
12.52752236
12.61397791
12.62091450
12.62839877
12.63755751
12.66698004
12.75049328
12.93127987
13.08394874
13.13745890
13.46005771
13.64902516
13.70970296
13.72391686
13.75927666
13.77017914
13.84545579
14.42014911
14.57473205
14.59895038
14.92721225
15.06488412
15.13483801
15.24076713
15.35041390
15.41915684
15.43705861
15.44548760
15.47309448
15.47324054
15.63042581
15.63795393
15.81642412
15.85030133
15.99155950
16.16861626
16.31253788
16.60236518
16.63436743
16.66492476
16.74703392
16.78916818
16.90735513
16.97818189
17.10360902
17.17738908
17.21769946
17.40758453
17.52790805
17.57159447
17.62170478
17.64657061
17.69873298
17.86575261
17.87611885
17.90670084
17.94326142
18.10091277
18.24826685
18.25992197
18.26436816
18.27492594
18.43853173
18.52405531
18.78112074
18.80092353
18.83662420
18.86360100
18.95759770
19.11374465
19.29808230
19.29963952
19.48959493
19.53647354
19.57073551
19.60700649
19.82155359
19.86491864
19.88569563
20.37893344
20.46160313
20.52694036
20.55164303
20.69512710
20.72005417
20.88240460
21.05679521
21.14132544
21.16175911
21.19353701
21.38335973
21.61577450
21.67343421
21.70155727
21.94492087
22.03221957
22.05740789
22.10871740
22.15003905
22.22403193
22.30271824
22.38393686
22.41247226
22.64745152
22.79134487
22.93919896
22.94608588
23.07346032
23.15040235
23.26021230
23.29054607
23.55571494
23.68344759
23.75933378
23.86280506
24.22739829
24.32663260
24.43660643
24.45519507
24.50135819
24.50613671
24.66125640
24.70128504
24.70502894
24.75022477
24.76572862
24.79624164
24.95528801
25.00091368
25.05497683
25.12983379
25.15972163
25.17848074
25.42749727
25.42951505
25.48756090
25.55821881
25.56055717
25.58378188
25.65847379
25.68208034
25.89041125
25.90382554
25.92775623
26.10227325
26.25288796
26.28966832
26.39701416
26.44922620
26.49012904
26.52588214
26.58933979
27.01969781
27.04373115
27.27416824
27.28541317
27.33935886
27.45926363
27.47414103
27.64693260
27.69507939
27.69683577
27.74527566
27.99760174
28.01119132
28.01699816
28.07595281
28.07929850
28.31719243
28.39304385
28.46491241
28.52124874
28.53801500
28.54301992
28.58784741
28.58859815
28.67459262
28.73664197
28.94895565
29.12616914
29.26789656
29.26972757
29.28809347
29.37921173
29.51226729
29.89719185
30.20406508
30.20826037
30.22677932
30.29942524
30.33834963
30.37415563
30.47448287
30.49437454
30.54973618
30.58917258
30.82762574
31.05491137
31.19439656
31.30645402
31.30770989
31.34919020
31.46902836
31.48633095
31.50656989
31.71547480
31.72498070
31.95249084
32.06812163
32.07686244
32.60676425
32.69773468
32.78200257
32.84098736
33.07180570
33.19030033
33.24268129
33.27098392
33.29397271
33.36825771
33.38190568
33.46291596
33.46445115
33.55271844
33.64086118
33.79164612
33.84666471
33.98177004
34.08511111
34.15005886
34.28727696
34.55463323
34.56922369
34.60890650
34.61800823
34.66172579
34.94234732
34.98036919
35.00214466
35.07775354
35.42894872
35.54095586
35.56023033
35.58101348
35.61695340
35.64278390
35.66060834
35.66264147
35.68420539
35.69571502
35.85541604
36.01135238
36.02087976
36.02231372
36.09232325
36.16657153
36.33721966
36.39900675
36.54012045
36.56861852
36.59713435
36.65150833
36.80468384
37.00820532
37.11370603
37.16850813
37.21541882
37.51296251
37.65002693
37.67040393
37.67916464
37.69559363
37.73314996
37.90809382
37.96546942
38.16431814
38.27471686
38.31965272
38.32597487
38.41956869
38.47335170
38.60241567
38.77080492
38.81514785
38.99743539
39.11683828
39.13139800
39.17482589
39.31630533
39.37137063
39.41124795
39.51726978
39.63851092
39.75806151
39.85171259
39.93858968
40.05415306
40.20525641
40.38292484
40.43079891
40.43510079
40.43886588
40.44539297
40.55848980
40.57940570
40.79600572
40.83281113
40.87985454
40.92852098
40.93369787
41.04787297
41.06254623
41.12039235
41.16071888
41.26423005
41.35277224
41.35599029
41.42175441
41.45892230
41.57724512
41.62087132
41.82894383
41.91456717
41.93259327
42.07302550
42.38079582
42.42162248
42.54706142
42.68367796
42.74370979
42.80022337
42.88114075
43.09876523
43.32995434
43.33152033
43.34642368
43.39357551
43.42908353
43.44982940
43.47323700
43.49290957
43.71065024
43.73109435
43.79152346
43.80314344
43.81726496
43.82038669
43.91050481
43.93578363
43.94924798
44.04998009
44.06565869
44.06682361
44.08209802
44.35339760
44.37723309
44.50855839
45.03384550
45.23612264
45.25597433
45.37218134
45.37692499
45.37714017
45.44262707
45.60243700
45.69099372
45.72550203
45.80214755
45.83733548
45.89696544
45.97062773
46.01582507
46.05296379
46.13950159
46.15400505
46.30710232
46.56163019
46.81473264
47.02304663
47.06362599
47.07383954
47.12405480
47.18642193
47.25018961
47.25286248
47.30933945
47.33531083
47.34261105
47.43592653
47.43816628
47.45063234
47.51231640
47.53089641
47.55264414
47.69587368
47.74014972
47.77235660
47.85756928
47.86171724
47.90771378
47.92324396
47.93207868
47.98499805
48.04368837
48.18993510
48.19510365
48.22932208
48.36459115
48.42241238
48.49424534
48.57484429
48.84127033
48.90489298
48.99310622
49.06881495
49.19156086
49.27585337
49.49214720
49.52533109
49.80215622
49.87818931
49.88771941
50.07872846
50.13797933
50.42270210
50.51253539
50.52596378
50.59472092
50.61893309
50.80132158
50.81698415
50.95905918
50.96988560
51.01800633
51.26487390
51.31031885
51.33980731
51.46280445
51.54104008
51.54482409
51.56877290
51.57021313
51.72687891
51.90974577
52.00003792
52.01026500
52.02127281
52.04083472
52.07685197
52.08661635
52.15193195
52.18243237
52.22989217
52.29313402
52.44083755
52.51525819
52.52557097
52.54042307
52.58681347
52.62559533
52.76471660
52.94029659
53.07396509
53.17482525
53.43382834
53.44624669
53.80833713
53.81872702
53.82121523
53.84268051
53.84484060
54.00262710
54.02391908
54.11551848
54.11556021
54.18226554
54.18958287
54.28138548
54.38321635
54.42382301
54.52984528
54.57379971
54.62394122
54.77783531
54.79644927
55.22434713
55.22499465
55.28618266
55.34421363
55.37285081
55.42789606
55.52057541
55.56698679
55.70411105
55.82850818
55.83300230
55.89015394
55.89704119
55.91453948
55.92803329
56.01607737
56.08037784
56.23516555
56.26777165
56.44535144
56.45295240
56.48506766
56.68751719
56.71825464
56.96258938
56.98327877
57.06749140
57.11462747
57.15008755
57.26608749
57.54294265
57.71511209
57.73168502
57.77010535
57.81323899
57.86804650
57.89887401
57.91963197
58.06247987
58.06994260
58.13148939
58.14988789
58.32582889
58.33581262
58.35544686
58.51159263
58.74146693
58.95530254
59.00246728
59.05459024
59.11225822
59.12482614
59.32354325
59.44734203
59.53419665
59.58251856
59.74344760
59.86552966
59.91187335
60.18630262
60.19173904
60.19839964
60.39963248
60.57982939
60.65750725
60.66684410
60.70160833
60.92337146
60.92836948
60.98026420
61.13955066
61.25438662
61.27926062
61.40610769
61.69600389
61.80599868
61.93476323
61.94234690
62.01229025
124.00000000
