0.01500881
0.08867334
0.19947723
0.37966221
0.47424296
0.50880308
0.67708823
0.74887633
1.00231410
1.04280724
1.04575100
1.05002180
1.05036772
1.07870019
1.21256703
1.21533123
1.60779388
1.66087262
2.04616924
2.05496155
2.18330537
2.19842832
2.32014415
2.52398211
2.59382775
2.62451259
2.73077487
2.82263137
3.13912216
3.14948773
3.22919856
3.27937844
3.31480623
3.33337496
3.47308644
3.57739285
3.61490514
3.66798475
3.70684809
3.72183152
3.72676447
3.75075669
3.83281365
3.97268753
4.14572280
4.25016945
4.34236393
4.41165508
4.47562957
4.58667473
4.67392419
4.68650372
4.70342885
4.76535387
5.03930748
5.12508493
5.16127222
5.16754079
5.19276420
5.22134277
5.38448614
5.38549143
5.38654976
5.42452344
5.43239411
5.44627735
5.64616123
5.80168728
5.91248446
5.98629599
6.09367518
6.18210639
6.18908279
6.22179380
6.22658140
6.29497194
6.31050703
6.32661040
6.57174787
6.60817424
6.97334778
7.00533982
7.10306081
7.14872302
7.19252088
7.24266060
7.33461923
7.39996900
7.46615185
7.51179440
7.66691944
7.74309094
8.10083116
8.13334347
8.24166053
8.30761228
8.40707344
8.59222370
8.78408234
8.84668753
8.85868958
8.86390833
9.16202304
9.18049479
9.24389745
9.24976590
9.39223192
9.44316407
9.45969158
9.50618235
9.55116033
9.56462176
9.68696946
9.84195143
10.14901893
10.17852325
10.26593656
10.28419865
10.29138664
10.35047250
10.36141572
10.40851135
10.44125196
10.46148630
10.54434131
10.59623607
10.62115930
10.64173145
10.75616515
10.87326753
10.89888370
10.92098465
10.93785375
11.03959158
11.23608030
11.25228256
11.26993685
11.42431561
11.68176884
11.73901926
11.86012627
11.91813944
11.92732733
12.04941381
12.10285719
12.27923482
12.37192905
12.42188840
12.55018232
12.56896242
12.77570208
13.07649130
13.12025888
13.15663030
13.19083292
13.22810066
13.25965379
13.43020981
13.53234103
13.53250705
13.71956551
13.84154347
13.87520994
14.15326251
14.32931158
14.39608269
14.41617952
14.53767066
14.58353904
14.60565109
14.63137640
14.77233087
14.80896889
14.89474130
14.93155644
14.96179108
14.96377185
14.98313681
15.24810700
15.29528247
15.29642502
15.44261668
15.56148733
15.61982278
15.76216542
15.88010835
15.90715771
16.00672747
16.04351270
16.10890358
16.12652811
16.24305820
16.46161850
16.53083320
16.53801062
16.56391020
16.57924740
16.65368518
16.76868377
16.76884853
16.78618776
16.99391359
17.01545844
17.03488574
17.05712403
17.09974151
17.16653794
17.17135239
17.21634609
17.28806776
17.32968322
17.38096672
17.38373470
17.38799835
17.42103196
17.49311269
17.73650493
17.84920330
18.04208993
18.04715171
18.12286956
18.17646177
18.22033769
18.41328208
18.43866249
18.47438168
18.49041617
18.61644092
18.85078264
18.98404210
19.02023476
19.10057010
19.12885719
19.13380385
19.16424879
19.18673691
19.21043601
19.28582467
19.30012392
19.33681790
19.42116680
19.43310400
19.48871997
19.68556310
19.68772643
19.74142058
19.76805750
19.91141361
19.93114165
20.03524372
20.10734318
20.14417759
20.14836369
20.22792171
20.24076487
20.35011207
20.50159496
20.51456953
20.52489592
20.53848104
20.56766576
20.82772621
20.94887793
20.95850646
20.96394953
20.99509395
21.05273144
21.13145818
21.16811235
21.20027850
21.22547821
21.22754477
21.27997472
21.28433816
21.30796137
21.39466677
21.44119727
21.66521401
21.69609943
21.80128983
21.84380346
21.89130093
22.02159037
22.06186925
22.15376567
22.34848386
22.46232036
22.48461802
22.49905146
22.54378722
22.57306713
22.88754439
23.12517114
23.13714719
23.14028768
23.17180484
23.20528302
23.26570797
23.42026776
23.42847556
23.49694236
23.53973796
23.56314648
23.57191163
23.61085769
23.63723902
23.69816057
23.76264129
23.92557661
23.99169067
24.00959860
24.15721215
24.16804211
24.17405718
24.37948942
24.44346329
24.50274923
24.79774283
24.97445729
25.01136745
25.12770332
25.22126921
25.26499104
25.31985793
25.44910143
25.46033613
25.52806056
25.70718796
25.73012776
25.75709631
25.81804095
25.83769414
25.87047596
25.88805075
25.90079219
25.97787748
25.98285323
26.01515424
26.11075032
26.27885044
26.37457117
26.64675969
26.67723855
26.68912467
26.69526718
26.89241287
26.92456325
26.99621360
27.21316718
27.23345209
27.26105847
27.32759110
27.34989605
27.39944738
27.41283444
27.42879826
27.45926363
27.66386236
27.69325939
27.74128383
27.77630555
28.01797188
28.27498076
28.28055730
28.34174988
28.35187868
28.38609665
28.44260164
28.52138973
28.56898909
28.68125554
28.71349089
28.89337637
28.98108827
29.03330445
29.20000042
29.28926523
29.45643790
29.46537799
29.50449772
29.73880257
29.75876147
29.81636070
29.96496985
30.16866403
30.18300407
30.23472437
30.28094644
30.39431663
30.44667990
30.48092358
30.49046361
30.50479309
30.58384098
30.61317205
30.67276837
30.70808443
30.73998378
30.75394502
30.78765405
30.89158136
30.91074453
30.97374221
31.14409161
31.16127323
31.17908042
31.20127234
31.28487510
31.35245173
31.40703436
31.41223707
31.45018968
31.46496742
31.57633995
31.58833933
31.58867349
31.62538909
31.81423273
31.99939309
32.03394332
32.07069164
32.11860382
32.12608324
32.18497426
32.29660740
32.39245630
32.46302646
32.74467415
32.82086131
32.87334671
32.97473351
32.98409625
33.44092062
33.48438892
33.49816864
33.50083972
33.55787561
33.60506668
33.67179225
33.68390730
33.78094355
33.78569935
33.86234652
33.88239353
33.97340419
34.09780751
34.10756474
34.15872317
34.15895747
34.16542702
34.17331655
34.25044535
34.31361248
34.35441125
34.39097804
34.52037838
34.59529969
34.60626738
34.61448149
34.62944688
34.73433951
34.75098929
34.98844038
35.04844702
35.05986765
35.15588760
35.24019430
35.26212816
35.32476832
35.37281707
35.47335777
35.48741796
35.60460133
35.63759784
35.72471219
35.73351030
35.84015359
35.99951662
36.09390719
36.09410691
36.25885794
36.34978320
36.35360687
36.37386163
36.46136814
36.51227447
36.55738921
36.64858961
36.65113408
36.65288714
36.74044289
36.97501184
36.99447072
37.13981947
37.16903452
37.18237604
37.19019901
37.20270884
37.21541882
37.22028327
37.34662432
37.39994427
37.44325835
37.54432433
37.60943372
37.64739929
37.65037561
37.94376850
37.98453244
38.05789402
38.41681252
38.45015918
38.49496412
38.91217088
39.14624453
39.24841228
39.35438871
39.35654931
39.40369805
39.49445320
39.71373633
39.82193609
39.82723018
39.90060326
39.91308276
40.03116987
40.23057688
40.26082975
40.29056323
40.29921816
40.38877622
40.51841592
40.57338848
40.66735907
40.79044056
40.86837416
40.95800901
41.04258036
41.04769148
41.07430746
41.08279694
41.17102780
41.22174243
41.23489078
41.48674698
41.62571861
41.89683654
41.91641048
42.15242736
42.22149851
42.32978766
42.33931245
42.66896230
42.67364776
42.71983941
42.81251824
42.83531304
43.01308560
43.03778247
43.10435790
43.11856624
43.19639038
43.40727793
43.59908387
43.60019488
43.63917985
43.71750997
43.80610880
43.96888270
44.02758680
44.07262258
44.15291766
44.18654004
44.27171004
44.28161574
44.28435359
44.36408684
44.43968703
44.58337196
44.64515795
44.90461654
45.00348840
45.07154198
45.25337395
45.52422035
45.53988163
45.56560892
45.62687091
45.64656794
45.65507842
45.78535058
45.87054949
46.00498137
46.00861927
46.22214118
46.24988489
46.36532463
46.37647831
46.50150282
46.72571798
46.92082278
46.95257963
47.28239360
47.31810849
47.39108592
47.41533164
47.44407271
47.50836657
47.52675934
47.73506826
47.88619324
47.92310028
48.00665569
48.23704300
48.63564954
48.74973653
48.98976954
49.09035898
49.15742280
49.23298478
49.25326179
49.28637789
49.42663119
49.43130267
49.54299153
49.56499115
49.64486957
49.68859169
49.81779117
50.29817408
50.33362734
50.44224196
50.51127942
50.58137168
50.59280236
50.61394968
50.69744153
50.85908264
50.91137948
50.92431162
51.06659867
51.14669493
51.23512152
51.35996430
51.43417280
51.44452075
51.48464915
51.49353404
51.58334517
51.63234131
51.64719531
51.71792652
51.79262917
51.80023477
51.85115743
51.86260602
52.09216016
52.19156100
52.24406917
52.26053269
52.47242703
52.61246463
52.64929163
52.70446377
52.72660987
52.72972050
52.78397052
53.03724188
53.17482525
53.18434697
53.19487975
53.19829133
53.20236684
53.32073643
53.35258252
53.54196113
53.57953361
53.59896317
53.60185103
53.63723616
53.64597343
53.68068589
53.68815435
54.05133067
54.07878616
54.10060158
54.12010917
54.21501694
54.21806991
54.29525708
54.31116481
54.32657695
54.39821545
54.41785284
54.44519863
54.50450838
54.71552232
54.86445709
55.07283982
55.13935235
55.16256319
55.33358799
55.41487122
55.43676599
55.68819582
55.79474008
55.83655741
55.93152499
55.94231120
55.97884728
56.01304463
56.11592870
56.16923856
56.17937857
56.23478598
56.28400394
56.33433319
56.49502500
56.63111983
56.66067458
56.71307223
56.72821928
56.83650302
56.86387885
56.96052926
57.01576957
57.12983830
57.17734239
57.38044528
57.45049040
57.60012306
57.86306204
57.86937620
57.95435314
57.97889002
58.04988606
58.12655683
58.14617107
58.17516564
58.19229051
58.20788928
58.32796461
58.35790366
58.52254656
58.52960602
58.55849379
58.80660179
58.91598687
59.25627378
59.26162416
59.54810605
59.66566207
59.72030489
59.79427155
59.81516801
60.07952045
60.20035440
60.20077759
60.20268345
60.37780536
60.48888280
60.54780486
60.56191466
60.66259067
60.86006037
60.92107249
60.95827195
61.01800804
61.15616920
61.25239855
61.29065970
61.39889711
61.55524950
61.61153830
61.66453128
61.66666638
61.69176417
62.01111606
124.00000000
